9.07640820 -0.06742637 -0.09551839 -0.02044489 -0.12480732 -0.19388692 -0.26015502 0.17244801 -0.09251758 -0.13619504 -0.14694543 -0.36989226 -0.58864367 
0.79655173 8.96240356 -3.94950002 1.93988788 -1.13260299 0.41977197 -0.62865132 0.40445187 -0.22144527 -0.02530581 -0.22418101 -0.28586684 -0.65252480 
1.22369558 15.54007383 -11.33665480 9.26804537 -8.00319249 6.69457546 -6.25582198 5.38666470 -4.58704715 3.77569761 -3.50378989 2.51874960 -3.01554175 
1.69386530 11.42034859 -6.24822388 3.81884875 -2.56886434 1.48965107 -1.41024501 0.96915953 -0.62665347 0.27099820 -0.44306061 -0.12000093 -0.77631501 
2.01619159 15.60192088 -11.42515080 9.37635503 -8.12529393 6.82525536 -6.39049213 5.52138268 -4.71848809 3.90115164 -3.62106876 2.62618708 -3.11192842 
1.99413321 15.60174138 -11.42489344 9.37603945 -8.12493754 6.82487329 -6.39009776 5.52098757 -4.71810202 3.90078266 -3.62072338 2.62587030 -3.11164390 
2.33758019 12.66646136 -7.62159257 5.12790788 -3.72707882 2.47381355 -2.22235831 1.62545600 -1.14884286 0.68380100 -0.76701752 0.13327348 -0.97176270 
2.86927163 13.44769366 -8.55508671 6.08923009 -4.64381501 3.30978065 -2.96041812 2.26159603 -1.68686716 1.13284451 -1.13697132 0.43462084 -1.21349758 
3.30143221 13.94295828 -9.17619811 6.75928121 -5.31232306 3.94624614 -3.54622787 2.78715390 -2.14875563 1.53227203 -1.47708548 0.72008041 -1.44910757 
3.31696766 14.16699093 -9.46470339 7.07854663 -5.63883604 4.26456570 -3.84600941 3.06211980 -2.39560176 1.75003205 -1.66601654 0.88142978 -1.58450743 
3.33558337 13.98337232 -9.22789386 6.81611812 -5.37008209 4.00221191 -3.59862104 2.83493271 -2.19140908 1.56970123 -1.50939714 0.74754581 -1.47205231 
3.35088620 14.20275452 -9.51119639 7.13046606 -5.69240497 4.31723465 -3.89601969 3.10835526 -2.43742653 1.78719452 -1.69847873 0.90932919 -1.60806209 
3.16392639 15.60742501 -11.43304362 9.38603468 -8.13622736 6.83697847 -6.40259442 5.53350951 -4.73033871 3.91247939 -3.63167324 2.63591450 -3.12066612 
2.97243699 13.67804203 -8.84111849 6.39483903 -4.94584191 3.59470361 -3.22032119 2.49273677 -1.88829032 1.30564190 -1.28299985 0.55632438 -1.31327118 
2.72585175 15.60999040 -11.43672330 9.39054849 -8.14132701 6.84244765 -6.40824168 5.53916935 -4.73587069 3.91776822 -3.63662521 2.64045763 -3.12474762 
2.72585175 15.60999040 -11.43672330 9.39054849 -8.14132701 6.84244765 -6.40824168 5.53916935 -4.73587069 3.91776822 -3.63662521 2.64045763 -3.12474762 
2.47284527 12.80247666 -7.78007455 5.28715249 -3.87529909 2.60585073 -2.33629947 1.72150596 -1.22835344 0.74886093 -0.81964413 0.17544418 -1.00506537 
2.46292750 12.89293329 -7.88641342 5.39492218 -3.97644962 2.69667679 -2.41528145 1.78857906 -1.28426962 0.79490798 -0.85710899 0.20561845 -1.02900936 
2.71040765 15.60999040 -11.43672330 9.39054849 -8.14132701 6.84244765 -6.40824168 5.53916935 -4.73587069 3.91776822 -3.63662521 2.64045763 -3.12474762 
2.71040765 15.60999040 -11.43672330 9.39054849 -8.14132701 6.84244765 -6.40824168 5.53916935 -4.73587069 3.91776822 -3.63662521 2.64045763 -3.12474762 
2.45549839 12.77118478 -7.74346354 5.25021930 -3.84078986 2.57499645 -2.30957967 1.69890530 -1.20958396 0.73345780 -0.80715151 0.16541052 -0.99712439 
2.44548452 12.86225342 -7.85026251 5.35820238 -3.94190952 2.66559747 -2.38820056 1.76553690 -1.26502477 0.77903319 -0.84417309 0.19518582 -1.02072026 
2.43800310 12.73935279 -7.70631287 5.21283124 -3.80593708 2.54390418 -2.28271149 1.67622600 -1.19078628 0.71805907 -0.79468279 0.15541026 -0.98922048 
2.42789130 12.83103848 -7.81356994 5.32101922 -3.90701310 2.63426558 -2.36095677 1.74240287 -1.24574045 0.76315377 -0.83125421 0.18478164 -1.01246484 
2.42035691 12.70696751 -7.66861192 5.17498176 -3.77073803 2.51257404 -2.25569688 1.65347095 -1.17196365 0.70266789 -0.78224077 0.14544573 -0.98135551 
2.05959165 15.60226277 -11.42564098 9.37695608 -8.12597274 6.82598309 -6.39124330 5.52213528 -4.71922345 3.90185448 -3.62172665 2.62679050 -3.11247039 
2.03800934 15.60209460 -11.42539986 9.37666042 -8.12563884 6.82562512 -6.39087380 5.52176507 -4.71886172 3.90150875 -3.62140303 2.62649367 -3.11220379 
1.66411521 10.87479321 -5.69122626 3.32586442 -2.16332057 1.16789213 -1.16165423 0.78048802 -0.48520873 0.16461722 -0.36301118 -0.18074700 -0.73075244 
1.61673079 11.22838086 -6.04916991 3.64006390 -2.41969571 1.36975929 -1.31648803 0.89719646 -0.57213883 0.22966520 -0.41176175 -0.14383515 -0.75837705 
1.58622226 10.66172429 -5.48096426 3.14575838 -2.01982063 1.05734942 -1.07859759 0.71907518 -0.44027731 0.13144317 -0.33839716 -0.19930238 -0.71692973 
0.94425740 15.51816805 -11.30539477 9.22988389 -7.96027629 6.64875017 -6.20870161 5.33962676 -4.54124524 3.73206430 -3.46307241 2.48151110 -2.98218605 
1.48151798 10.87552231 -5.69195276 3.32649250 -2.16382550 1.16828428 -1.16195113 0.78070911 -0.48537154 0.16473800 -0.36310111 -0.18067912 -0.73080307 
2.22367261 12.44826258 -7.37089403 4.87938324 -3.49878601 2.27297385 -2.05111991 1.48276463 -1.03201710 0.58915057 -0.69113877 0.07293672 -0.92445972 
2.21550815 12.30998158 -7.21427040 4.72624290 -3.35999340 2.15242186 -1.94959380 1.39915737 -0.96433186 0.53486124 -0.64800716 0.03889923 -0.89796576 
1.80831928 15.60006225 -11.42248617 9.37308789 -8.12160440 6.82130013 -6.38640976 5.51729277 -4.71449202 3.89733252 -3.61749403 2.62290848 -3.10898379 
1.78383010 15.59981691 -11.42213447 9.37265669 -8.12111747 6.82077817 -6.38587105 5.51675310 -4.71396476 3.89682862 -3.61702240 2.62247594 -3.10859533 
1.75903735 15.59956237 -11.42176958 9.37220933 -8.12061232 6.82023668 -6.38531218 5.51619324 -4.71341778 3.89630589 -3.61653315 2.62202723 -3.10819235 
1.73393340 15.59929817 -11.42139085 9.37174501 -8.12008801 6.81967466 -6.38473215 5.51561218 -4.71285009 3.89576338 -3.61602539 2.62156156 -3.10777414 
2.12367206 12.24660577 -7.14307114 4.65717257 -3.29787327 2.09885693 -1.90479740 1.36251382 -0.93485529 0.51135151 -0.62942269 0.02429386 -0.88664163 
2.11519005 12.10093182 -6.98080210 4.50103963 -3.15856735 1.97963744 -1.80581172 1.28209967 -0.87059066 0.46038834 -0.58933897 -0.00707919 -0.86241011 
1.68276000 15.59873877 -11.42058898 9.37076193 -8.11897796 6.81848481 -6.38350417 5.51438205 -4.71164830 3.89461490 -3.61495049 2.62057579 -3.10688884 
1.65667378 15.59844249 -11.42016427 9.37024127 -8.11839007 6.81785466 -6.38285385 5.51373061 -4.71101187 3.89400672 -3.61438129 2.62005378 -3.10642006 
1.63024283 15.59813436 -11.41972260 9.36969982 -8.11777871 6.81719937 -6.38217759 5.51305319 -4.71035008 3.89337431 -3.61378941 2.61951100 -3.10593261 
1.60345792 15.59781374 -11.41926305 9.36913646 -8.11714262 6.81651759 -6.38147399 5.51234840 -4.70966157 3.89271636 -3.61317365 2.61894631 -3.10542550 
2.01856830 12.02412095 -6.89601879 4.42017700 -3.08703658 1.91891491 -1.75578577 1.24176032 -0.83857908 0.43515778 -0.56960092 -0.02246195 -0.85057673 
2.00974746 11.87035481 -6.72790410 4.26130002 -2.94774409 1.80165796 -1.65995707 1.16507532 -0.77816323 0.38783491 -0.53277861 -0.05103977 -0.82867892 
1.99689001 11.97685512 -6.84411372 4.37091582 -3.04366949 1.88226703 -1.72572448 1.21761999 -0.81949731 0.42016896 -0.55790953 -0.03155264 -0.84359873 
2.29870355 15.60999040 -11.43672330 9.39054849 -8.14132701 6.84244765 -6.40824168 5.53916935 -4.73587069 3.91776822 -3.63662521 2.64045763 -3.12474762 
1.98799875 11.82137785 -6.67480771 4.21152819 -2.90445305 1.76548687 -1.63060703 1.14174808 -0.75990311 0.37361063 -0.52176293 -0.05955833 -0.82217361 
1.97498212 11.92860248 -6.79133441 4.32101540 -2.99990251 1.84541022 -1.69559275 1.19350002 -0.80048896 0.40527641 -0.54631919 -0.04054919 -0.83670419 
2.27956464 15.60999040 -11.43672330 9.39054849 -8.14132701 6.84244765 -6.40824168 5.53916935 -4.73587069 3.91776822 -3.63662521 2.64045763 -3.12474762 
2.27956464 15.60999040 -11.43672330 9.39054849 -8.14132701 6.84244765 -6.40824168 5.53916935 -4.73587069 3.91776822 -3.63662521 2.64045763 -3.12474762 
2.27956464 15.60999040 -11.43672330 9.39054849 -8.14132701 6.84244765 -6.40824168 5.53916935 -4.73587069 3.91776822 -3.63662521 2.64045763 -3.12474762 
1.96601954 11.77138109 -6.62083021 4.16113191 -2.86078899 1.72913691 -1.60121443 1.11846417 -0.74173372 0.35949441 -0.51085554 -0.06797906 -0.81575314 
1.49258035 15.59639208 -11.41722540 9.36663865 -8.11432250 6.81349503 -6.37835491 5.50922416 -4.70660957 3.88980001 -3.61044436 2.61644349 -3.10317796 
1.46387320 15.59599781 -11.41666033 9.36594600 -8.11354053 6.81265696 -6.37749011 5.50835798 -4.70576345 3.88899152 -3.60968777 2.61574970 -3.10255495 
1.43474802 15.59558617 -11.41607037 9.36522288 -8.11272415 6.81178205 -6.37658732 5.50745375 -4.70488019 3.88814756 -3.60889799 2.61502549 -3.10190464 
1.88495784 11.72511543 -6.57108277 4.11486557 -2.82085499 1.69601021 -1.57451894 1.09738482 -0.72533453 0.34678607 -0.50105731 -0.07553148 -0.81000333 
1.87570082 11.56056803 -6.39572338 3.95316679 -2.68244449 1.58208279 -1.48338638 1.02592653 -0.67010665 0.30422243 -0.46839147 -0.10062752 -0.79095626 
1.37519357 15.59470655 -11.41480978 9.36367780 -8.11097990 6.80991278 -6.37465854 5.50552197 -4.70299326 3.88634465 -3.60721086 2.61347848 -3.10051551 
1.83843819 11.61662493 -6.45518832 4.00775581 -2.72896866 1.62022169 -1.51377585 1.04966750 -0.68839152 0.31827363 -0.47914905 -0.09237689 -0.79720815 
1.56490233 5.55806001 -1.65301312 0.54138264 -0.32058339 -0.06822676 -0.33153540 0.21988147 -0.10762119 -0.10772409 -0.16277613 -0.33973982 -0.61085175 
0.79643856 8.73076648 -3.76068714 1.80497199 -1.04240750 0.36017874 -0.58969073 0.37899787 -0.20482802 -0.03691779 -0.21577668 -0.29247395 -0.64754295 
1.25048543 15.59268769 -11.41191680 9.36013223 -8.10697762 6.80562399 -6.37023357 5.50109044 -4.69866489 3.88220927 -3.60334129 2.60993047 -3.09732978 
1.74216063 11.38467634 -6.21098313 3.78518247 -2.54059763 1.46679950 -1.39227612 0.95529610 -0.61610063 0.26296612 -0.43695953 -0.12465582 -0.77280525 
2.07737241 15.60999040 -11.43672330 9.39054849 -8.14132701 6.84244765 -6.40824168 5.53916935 -4.73587069 3.91776822 -3.63662521 2.64045763 -3.12474762 
2.07737241 15.60999040 -11.43672330 9.39054849 -8.14132701 6.84244765 -6.40824168 5.53916935 -4.73587069 3.91776822 -3.63662521 2.64045763 -3.12474762 
1.73243428 11.20796846 -6.02819963 3.62139637 -2.40425556 1.35744951 -1.30693523 0.88991701 -0.56666160 0.22553468 -0.40864742 -0.14620064 -0.75660117 
1.71738120 11.32333031 -6.14720848 3.72776122 -2.49257482 1.42811780 -1.36196447 0.93198590 -0.59841089 0.24953490 -0.42677754 -0.13241462 -0.76696211 
1.70757343 11.14444284 -5.96317826 3.56371931 -2.35671389 1.31966677 -1.27770245 0.86770355 -0.54999151 0.21298917 -0.39920364 -0.15336712 -0.75122576 
1.69230484 11.26055095 -6.08229551 3.66961726 -2.44419232 1.38932837 -1.33170294 0.90881109 -0.58089241 0.23627512 -0.41675064 -0.14004359 -0.76122519 
2.03436000 15.60999040 -11.43672330 9.39054849 -8.14132701 6.84244765 -6.40824168 5.53916935 -4.73587069 3.91776822 -3.63662521 2.64045763 -3.12474762 
2.39060427 12.65172539 -7.60452445 5.11085593 -3.71129629 2.45982926 -2.21035286 1.61538592 -1.14054639 0.67704153 -0.76157119 0.12892401 -0.96833891 
2.39822847 12.77778855 -7.75118237 5.25799878 -3.84805213 2.58148390 -2.31519308 1.70364951 -1.21352090 0.73668638 -0.80976835 0.16751111 -0.99878599 
1.70757343 11.14444284 -5.96317826 3.56371931 -2.35671389 1.31966677 -1.27770245 0.86770355 -0.54999151 0.21298917 -0.39920364 -0.15336712 -0.75122576 
1.69230484 11.26055095 -6.08229551 3.66961726 -2.44419232 1.38932837 -1.33170294 0.90881109 -0.58089241 0.23627512 -0.41675064 -0.14004359 -0.76122519 
1.68241475 11.07943643 -5.89701779 3.50535018 -2.30885568 1.28181785 -1.24855329 0.84564913 -0.53350738 0.20062241 -0.38991717 -0.16040489 -0.74595379 
1.11748164 15.59024165 -11.40841221 9.35583766 -8.10213047 6.80043049 -6.36487577 5.49572528 -4.69342519 3.87720369 -3.59865789 2.60563664 -3.09347470 
1.08280130 15.58954924 -11.40742024 9.35462221 -8.10075875 6.79896088 -6.36335979 5.49420735 -4.69194286 3.87578768 -3.59733312 2.60442214 -3.09238436 
1.04750901 15.58881985 -11.40637534 9.35334196 -8.09931396 6.79741305 -6.36176318 5.49260872 -4.69038179 3.87429651 -3.59593806 2.60314323 -3.09123623 
1.58889016 10.99409931 -5.81074356 3.42972109 -2.24722994 1.23335917 -1.21143408 0.81770590 -0.51271979 0.18508331 -0.37828097 -0.16921089 -0.73936664 
1.57866229 10.80356959 -5.62048690 3.26489788 -2.11445625 1.13004651 -1.13307506 0.75925762 -0.46960888 0.15306350 -0.35441934 -0.18722908 -0.72591929 
0.42972178 6.48508643 -2.17684518 0.80964925 -0.45116703 0.00187670 -0.37091090 0.24320572 -0.12074405 -0.09697459 -0.17120600 -0.33082426 -0.61790984 
0.33125805 6.86680751 -2.41458781 0.94223887 -0.52108332 0.04086978 -0.39327173 0.25651838 -0.12851909 -0.09105625 -0.17577185 -0.32638921 -0.62140847 
0.86105489 15.58451537 -11.40020992 9.34578898 -8.09079150 6.78828401 -6.35234770 5.48318256 -4.68117813 3.86550596 -3.58771496 2.59560555 -3.08446996 
0.82158377 15.58349829 -11.39875337 9.34400491 -8.08877875 6.78612831 -6.35012467 5.48095731 -4.67900567 3.86343126 -3.58577440 2.59382693 -3.08287352 
1.42359151 10.54209863 -5.36470195 3.04761418 -1.94272681 0.99872608 -1.03508174 0.68725848 -0.41724039 0.11455991 -0.32593612 -0.20868202 -0.70995573 
1.41283473 10.33572103 -5.16714463 2.88323682 -1.81540249 0.90312601 -0.96494936 0.63653305 -0.38087753 0.08809018 -0.30648854 -0.22331189 -0.69909133 
1.39474512 10.45981290 -5.28547518 2.98132973 -1.89110995 0.95978416 -1.00638705 0.66641991 -0.40224637 0.10361825 -0.31788407 -0.21473992 -0.70545537 
1.77968116 15.60999040 -11.43672330 9.39054849 -8.14132701 6.84244765 -6.40824168 5.53916935 -4.73587069 3.91776822 -3.63662521 2.64045763 -3.12474762 
1.77968116 15.60999040 -11.43672330 9.39054849 -8.14132701 6.84244765 -6.40824168 5.53916935 -4.73587069 3.91776822 -3.63662521 2.64045763 -3.12474762 
1.77968116 15.60999040 -11.43672330 9.39054849 -8.14132701 6.84244765 -6.40824168 5.53916935 -4.73587069 3.91776822 -3.63662521 2.64045763 -3.12474762 
1.77968116 15.60999040 -11.43672330 9.39054849 -8.14132701 6.84244765 -6.40824168 5.53916935 -4.73587069 3.91776822 -3.63662521 2.64045763 -3.12474762 
1.77968116 15.60999040 -11.43672330 9.39054849 -8.14132701 6.84244765 -6.40824168 5.53916935 -4.73587069 3.91776822 -3.63662521 2.64045763 -3.12474762 
1.77968116 15.60999040 -11.43672330 9.39054849 -8.14132701 6.84244765 -6.40824168 5.53916935 -4.73587069 3.91776822 -3.63662521 2.64045763 -3.12474762 
1.38389823 10.25056540 -5.08674099 2.81720968 -1.76490739 0.86564650 -0.93774677 0.61704980 -0.36703658 0.07807412 -0.29915750 -0.22882735 -0.69499825 
1.36550320 10.37533789 -5.20477218 2.91431064 -1.83929649 0.92094818 -0.97794341 0.64587831 -0.38754175 0.09292452 -0.31003234 -0.22064614 -0.70107003 
2.16261336 12.20098925 -7.09205013 4.60788802 -3.25373223 2.06094459 -1.87321102 1.33676938 -0.91421714 0.49494067 -0.61648447 0.01414792 -0.87879116 
2.17094461 12.34313177 -7.25165877 4.76265017 -3.39285765 2.18085861 -1.97345494 1.41873818 -0.98013072 0.54749568 -0.65801836 0.04678224 -0.90408897 
1.77968116 15.60999040 -11.43672330 9.39054849 -8.14132701 6.84244765 -6.40824168 5.53916935 -4.73587069 3.91776822 -3.63662521 2.64045763 -3.12474762 
2.18260843 12.24251117 -7.13848369 4.65273403 -3.29389164 2.09543202 -1.90193986 1.36018159 -0.93298321 0.50986118 -0.62824654 0.02337080 -0.88592685 
2.19087645 12.38318445 -7.29696593 4.80689434 -3.43290735 2.21560408 -2.00268359 1.44278182 -0.99957517 0.56307722 -0.67038715 0.05653626 -0.91167621 
2.20241128 12.28324870 -7.18419280 4.69702291 -3.33367703 2.12969991 -1.93056740 1.38357495 -0.95178279 0.52484235 -0.64008016 0.03266493 -0.89312874 
2.21061690 12.42247829 -7.34155706 4.85057364 -3.47256474 2.25010730 -2.03178804 1.46678613 -1.01903629 0.57870663 -0.68281843 0.06635563 -0.91932610 
1.82846406 15.60999040 -11.43672330 9.39054849 -8.14132701 6.84244765 -6.40824168 5.53916935 -4.73587069 3.91776822 -3.63662521 2.64045763 -3.12474762 
1.82846406 15.60999040 -11.43672330 9.39054849 -8.14132701 6.84244765 -6.40824168 5.53916935 -4.73587069 3.91776822 -3.63662521 2.64045763 -3.12474762 
1.82846406 15.60999040 -11.43672330 9.39054849 -8.14132701 6.84244765 -6.40824168 5.53916935 -4.73587069 3.91776822 -3.63662521 2.64045763 -3.12474762 
1.82846406 15.60999040 -11.43672330 9.39054849 -8.14132701 6.84244765 -6.40824168 5.53916935 -4.73587069 3.91776822 -3.63662521 2.64045763 -3.12474762 
2.22202546 12.32322264 -7.22919227 4.74076193 -3.37308956 2.16374556 -1.95908890 1.40694405 -0.97061063 0.53987962 -0.65198163 0.04202753 -0.90039477 
2.23016948 12.46103342 -7.38544701 4.89369593 -3.51183176 2.28436624 -2.06076407 1.49074601 -1.03850897 0.59437934 -0.69530838 0.07623739 -0.92703640 
1.85241644 15.60999040 -11.43672330 9.39054849 -8.14132701 6.84244765 -6.40824168 5.53916935 -4.73587069 3.91776822 -3.63662521 2.64045763 -3.12474762 
1.85241644 15.60999040 -11.43672330 9.39054849 -8.14132701 6.84244765 -6.40824168 5.53916935 -4.73587069 3.91776822 -3.63662521 2.64045763 -3.12474762 
1.85241644 15.60999040 -11.43672330 9.39054849 -8.14132701 6.84244765 -6.40824168 5.53916935 -4.73587069 3.91776822 -3.63662521 2.64045763 -3.12474762 
1.85241644 15.60999040 -11.43672330 9.39054849 -8.14132701 6.84244765 -6.40824168 5.53916935 -4.73587069 3.91776822 -3.63662521 2.64045763 -3.12474762 
2.24145443 12.36245306 -7.27349652 4.78395837 -3.41213058 2.19756653 -1.98749992 1.43028371 -0.98946164 0.55496855 -0.66394734 0.05145583 -0.90772289 
2.24953765 12.49886929 -7.42865030 4.93626902 -3.55071048 2.31837915 -2.08960772 1.51465659 -1.05798824 0.61009090 -0.70785329 0.08617862 -0.93480488 
2.26070154 12.40095937 -7.31711965 4.82661946 -3.45080161 2.23116064 -2.01579622 1.45358894 -1.00833092 0.57010481 -0.67597372 0.06094707 -0.91511104 
2.54624445 15.60523588 -11.42990411 9.38218404 -8.13187755 6.83231407 -6.39777874 5.52868367 -4.72562242 3.90797086 -3.62745228 2.63204239 -3.11718777 
2.28773405 12.57245771 -7.51305308 5.01979855 -3.62731203 2.38566094 -2.14688330 1.56231140 -1.09694765 0.64161334 -0.73309344 0.10622796 -0.95050760 
2.29866323 12.47587392 -7.40237719 4.91036433 -3.52704053 2.29766063 -2.07202905 1.50007726 -1.04610537 0.60050247 -0.70019456 0.08010756 -0.93005931 
2.57962434 15.60539174 -11.43012762 9.38245816 -8.13218718 6.83264608 -6.39812150 5.52902713 -4.72595807 3.90829171 -3.62775265 2.63231793 -3.11743528 
2.59610767 15.60546681 -11.43023527 9.38259020 -8.13233633 6.83280600 -6.39828660 5.52919257 -4.72611975 3.90844626 -3.62789734 2.63245065 -3.11755450 
2.88194194 13.37874189 -8.47042648 5.99975557 -4.55632633 3.22808693 -2.88663544 2.19660734 -1.63075698 1.08512366 -1.09696924 0.40152978 -1.18656197 
3.11178927 15.59920787 -11.42126141 9.37158631 -8.11990882 6.81948258 -6.38453391 5.51541359 -4.71265608 3.89557797 -3.61585186 2.62140242 -3.10763121 
2.92840340 13.70315030 -8.87259522 6.42878031 -4.97968647 3.62690583 -3.24993987 2.51928898 -1.91160698 1.32578855 -1.30014005 0.57069779 -1.32512417 
2.69225281 15.60588093 -11.43082916 9.38331858 -8.13315910 6.83368825 -6.39919743 5.53010529 -4.72701172 3.90929892 -3.62869559 2.63318291 -3.11821228 
2.45131541 12.87253886 -7.86237247 5.37049346 -3.95346233 2.67598529 -2.39724570 1.77322796 -1.27144426 0.78432545 -0.84848330 0.19866032 -1.02347965 
2.11947923 15.60999040 -11.43672330 9.39054849 -8.14132701 6.84244765 -6.40824168 5.53916935 -4.73587069 3.91776822 -3.63662521 2.64045763 -3.12474762 
2.11947923 15.60999040 -11.43672330 9.39054849 -8.14132701 6.84244765 -6.40824168 5.53916935 -4.73587069 3.91776822 -3.63662521 2.64045763 -3.12474762 
2.46129705 12.78167478 -7.75572665 5.26258059 -3.85233098 2.58530765 -2.31850285 1.70644773 -1.21584374 0.73859184 -0.81131320 0.16875148 -0.99976736 
2.72330083 15.60600641 -11.43100910 9.38353927 -8.13340839 6.83395557 -6.39947341 5.53038185 -4.72728200 3.90955728 -3.62893747 2.63340480 -3.11841160 
2.73864595 15.60606700 -11.43109600 9.38364584 -8.13352878 6.83408466 -6.39960669 5.53051542 -4.72741252 3.90968206 -3.62905429 2.63351196 -3.11850786 
2.50305741 12.96250974 -7.96871817 5.47883792 -4.05567530 2.76821529 -2.47782846 1.84197247 -1.32900385 0.83191423 -0.88734348 0.23005867 -1.04847073 
2.51275779 12.87346165 -7.86345943 5.37159714 -3.95450014 2.67691882 -2.39805887 1.77391965 -1.27202179 0.78480173 -0.84887131 0.19897318 -1.02372818 
2.52001726 12.99149599 -8.00313869 5.51406196 -4.08905066 2.79845597 -2.50435617 1.86469040 -1.34809576 0.84775214 -0.90031648 0.24056930 -1.05685826 
2.52962728 12.90304323 -7.89834520 5.40706033 -3.98788435 2.70698051 -2.42427195 1.79623891 -1.29067527 0.80019802 -0.86142425 0.20910190 -1.03177955 
2.78398729 15.60624071 -11.43134512 9.38395139 -8.13387394 6.83445478 -6.39998881 5.53089833 -4.72778675 3.91003979 -3.62938920 2.63381919 -3.11878385 
2.79887549 15.60629606 -11.43142450 9.38404875 -8.13398391 6.83457270 -6.40011056 5.53102034 -4.72790599 3.91015378 -3.62949592 2.63391709 -3.11887179 
2.81365368 15.60635019 -11.43150213 9.38414396 -8.13409147 6.83468804 -6.40022964 5.53113967 -4.72802261 3.91026526 -3.62960029 2.63401283 -3.11895780 
3.07061347 13.64851979 -8.80418351 6.35509023 -4.90628224 3.55713274 -3.18582618 2.46186639 -1.86122670 1.28229404 -1.26316518 0.53971390 -1.29959107 
3.08779746 13.90587148 -9.12889325 6.70741437 -5.25975555 3.89544151 -3.49878492 2.74399373 -2.11031497 1.49861350 -1.44808906 0.69548053 -1.42859464 
3.10885521 13.69993706 -8.86856368 6.42442970 -4.97534492 3.62277193 -3.24613491 2.51587560 -1.90860755 1.32319529 -1.29793249 0.56884558 -1.32359596 
3.12575683 13.95153596 -9.18715746 6.77131690 -5.32454058 3.95807183 -3.55728730 2.79722928 -2.15774158 1.54015025 -1.48388074 0.72585188 -1.45392541 
3.14638790 13.74936435 -8.93068487 6.49157876 -5.04246254 3.68677910 -3.30513792 2.56888392 -1.95525307 1.36357753 -1.33235144 0.59775743 -1.34747665 
3.35063280 15.60149257 -11.42453673 9.37560207 -8.12444359 6.82434375 -6.38955118 5.52043996 -4.71756697 3.90027128 -3.62024471 2.62543128 -3.11124958 
3.37302039 15.60168021 -11.42480574 9.37593192 -8.12481611 6.82474310 -6.38996338 5.52085294 -4.71797048 3.90065693 -3.62060569 2.62576236 -3.11154695 
3.21164880 14.05127926 -9.31510265 6.91236741 -5.46825851 4.09768208 -3.68830867 2.91699767 -2.26490929 1.63439695 -1.56540936 0.79528598 -1.51203806 
3.23134761 13.85752795 -9.06742384 6.64022093 -5.19185534 3.83000443 -3.43784589 2.68870346 -2.06119697 1.45570975 -1.41121222 0.66426146 -1.40261505 
3.24736951 14.09132610 -9.36673560 6.96956976 -5.52682251 4.15483466 -3.74218518 2.96646006 -2.30935228 1.67363503 -1.59947848 0.82440159 -1.53648706 
3.04948955 15.60711426 -11.43259794 9.38548802 -8.13560980 6.83631621 -6.40191065 5.53282426 -4.72966899 3.91183914 -3.63107381 2.63536459 -3.12017212 
3.06253294 15.60715150 -11.43265134 9.38555352 -8.13568380 6.83639557 -6.40199258 5.53290637 -4.72974924 3.91191586 -3.63114563 2.63543048 -3.12023131 
3.07549181 15.60718802 -11.43270372 9.38561777 -8.13575637 6.83647340 -6.40207294 5.53298690 -4.72982794 3.91199110 -3.63121607 2.63549510 -3.12028936 
3.50752775 12.05001448 -6.92453992 4.44732422 -3.11100349 1.93922255 -1.77248622 1.25520407 -0.84923022 0.44354093 -0.57615111 -0.01736199 -0.85449640 
3.81857890 15.59802891 -11.41957145 9.36951452 -8.11756949 6.81697512 -6.38194616 5.51282137 -4.71012362 3.89315790 -3.61358688 2.61932526 -3.10576581 
3.69808026 14.58286008 -10.01280605 7.69879726 -6.28715109 4.91003148 -4.46642713 3.64255975 -2.92673838 2.22714175 -2.08713671 1.24692195 -1.89599714 
3.55382920 15.60305173 -11.42677218 9.37834321 -8.12753936 6.82766268 -6.39297703 5.52387235 -4.72092080 3.90347679 -3.62324525 2.62818340 -3.11372147 
3.40617877 14.25952509 -9.58524640 7.21342612 -5.77827015 4.40191289 -3.97665971 3.18312057 -2.50524494 1.84760923 -1.75138188 0.95490118 -1.64662202 
3.02579805 13.74864240 -8.92977586 6.49059447 -5.04147704 3.68583773 -3.30426878 2.56810189 -1.95456389 1.36298007 -1.33184154 0.59732860 -1.34712204 
3.03308503 13.67767902 -8.84066385 6.39434924 -4.94535395 3.59423973 -3.21989488 2.49235490 -1.88795525 1.30535259 -1.28275388 0.55611825 -1.31310130 
3.03892134 13.76569009 -8.95125354 6.51386458 -5.06478910 3.70811793 -3.32485055 2.58663039 -1.97090046 1.37714918 -1.34393927 0.60750702 -1.35554217 
3.04615661 13.69516776 -8.86258161 6.41797602 -4.96890651 3.61664308 -3.24049522 2.51081758 -1.90416401 1.31935435 -1.29466351 0.56610334 -1.32133384 
3.24861569 15.60763317 -11.43334217 9.38640088 -8.13664106 6.83742213 -6.40305249 5.53396858 -4.73078738 3.91290832 -3.63207483 2.63628291 -3.12099709 
3.45608219 14.11978471 -9.40351941 7.01041939 -5.56874262 4.19583674 -3.78092153 3.00209804 -2.34143909 1.70201857 -1.62416788 0.84553721 -1.55426402 
3.79647347 14.40428676 -9.77544748 7.42801070 -6.00188969 4.62389425 -4.18940731 3.38159121 -2.68635000 2.00985546 -1.89421796 1.07856366 -1.75176168 
3.81716704 14.67539984 -10.13699903 7.84179505 -6.43914843 5.06381250 -4.61655270 3.78512807 -3.05908297 2.34764652 -2.19487324 1.34155900 -1.97758168 
3.68184353 15.60388386 -11.42796535 9.37980639 -8.12919194 6.82943451 -6.39480605 5.52570497 -4.72271158 3.90518847 -3.62484756 2.62965311 -3.11504159 
3.54321604 14.39229176 -9.75961207 7.41006328 -5.98310330 4.60516577 -4.17138359 3.36470982 -2.67088645 1.99595184 -1.88193555 1.06789564 -1.74266360 
3.37485157 15.60791254 -11.43374286 9.38689237 -8.13719631 6.83801758 -6.40366730 5.53458473 -4.73138959 3.91348403 -3.63261385 2.63677742 -3.12144133 
3.38594208 15.60793544 -11.43377571 9.38693267 -8.13724183 6.83806640 -6.40371771 5.53463524 -4.73143896 3.91353123 -3.63265804 2.63681796 -3.12147775 
3.39697144 15.60795796 -11.43380801 9.38697230 -8.13728660 6.83811441 -6.40376728 5.53468493 -4.73148752 3.91357765 -3.63270151 2.63685783 -3.12151357 
3.40794031 15.60798012 -11.43383979 9.38701128 -8.13733064 6.83816164 -6.40381605 5.53473380 -4.73153529 3.91362332 -3.63274426 2.63689706 -3.12154881 
3.59971526 14.27026295 -9.59928679 7.22919288 -5.79462634 4.41807842 -3.99208712 3.19745355 -2.51827196 1.85923587 -1.76158104 0.96370162 -1.65408022 
3.76590076 15.60437530 -11.42867004 9.38067058 -8.13016804 6.83048108 -6.39588644 5.52678752 -4.72376945 3.90619964 -3.62579414 2.63052139 -3.11582151 
3.93523984 14.52670721 -9.93784222 7.61291845 -6.19631508 4.81856269 -4.37754041 3.55852018 -2.84905700 2.15669497 -2.02439538 1.19200806 -1.84882022 
4.08507437 15.60081905 -11.42357112 9.37441811 -8.12310655 6.82291041 -6.38807176 5.51895779 -4.71611880 3.89888722 -3.61894921 2.62424309 -3.11018243 
4.10832966 15.60102927 -11.42387250 9.37478764 -8.12352386 6.82335777 -6.38853349 5.51942038 -4.71657076 3.89931917 -3.61935352 2.62461390 -3.11051547 
4.00388948 14.80644195 -10.31425519 8.04743910 -6.65934361 5.28816673 -4.83707300 3.99593179 -3.25601417 2.52804096 -2.35707730 1.48480989 -2.10171115 
3.88140059 15.60498681 -11.42954695 9.38174601 -8.13138277 6.83178354 -6.39723103 5.52813484 -4.72508608 3.90745817 -3.62697232 2.63160212 -3.11679229 
4.04133770 14.61325615 -10.05350944 7.74556483 -6.33675995 4.96012340 -4.51523472 3.68882456 -2.96960889 2.26611089 -2.12192075 1.27743029 -1.92225957 
4.05983583 14.84254694 -10.36337982 8.10475118 -6.72104452 5.35136057 -4.89949954 4.05589714 -3.31229423 2.57982242 -2.40383209 1.52626415 -2.13776682 
3.94093616 15.60527558 -11.42996104 9.38225386 -8.13195642 6.83239863 -6.39786604 5.52877115 -4.72570791 3.90805258 -3.62752879 2.63211257 -3.11725081 
3.95762581 15.60535350 -11.43007278 9.38239091 -8.13211122 6.83256462 -6.39803740 5.52894286 -4.72587572 3.90821299 -3.62767896 2.63225033 -3.11737455 
3.70221592 12.62589605 -7.57465531 5.08106126 -3.68376130 2.43546659 -2.18946658 1.59788993 -1.12615020 0.66532578 -0.75214119 0.12139986 -0.96242106 
3.34308231 15.60999040 -11.43672330 9.39054849 -8.14132701 6.84244765 -6.40824168 5.53916935 -4.73587069 3.91776822 -3.63662521 2.64045763 -3.12474762 
3.34308231 15.60999040 -11.43672330 9.39054849 -8.14132701 6.84244765 -6.40824168 5.53916935 -4.73587069 3.91776822 -3.63662521 2.64045763 -3.12474762 
3.34308231 15.60999040 -11.43672330 9.39054849 -8.14132701 6.84244765 -6.40824168 5.53916935 -4.73587069 3.91776822 -3.63662521 2.64045763 -3.12474762 
3.53043856 14.26003897 -9.58591809 7.21418013 -5.77905208 4.40268544 -3.97739675 3.18380511 -2.50586692 1.84816419 -1.75186857 0.95532102 -1.64697774 
3.38236802 11.90730422 -6.76810540 4.29911448 -2.98074558 1.82931900 -1.68246972 1.18301962 -0.79224776 0.39883178 -0.54131171 -0.04443123 -0.83373264 
2.70498129 13.10019866 -8.13291063 5.64754868 -4.21616932 2.91419041 -2.60635429 1.95243302 -1.42215190 0.90942938 -0.95102124 0.28178343 -1.08984894 
1.83796700 6.58579544 -2.23831881 0.84331168 -0.46860809 0.01150785 -0.37639989 0.24646490 -0.12263261 -0.09551649 -0.17233645 -0.32970568 -0.61879356 
0.35434422 15.03667839 -10.62963875 8.41777759 -7.06055484 5.70157546 -5.24785785 4.39275724 -3.63048271 2.87436159 -2.67131894 1.76472215 -2.34625032 
1.64648115 6.54638167 -2.21415366 0.83002663 -0.46169902 0.00768491 -0.37421849 0.24516907 -0.12188048 -0.09609538 -0.17188808 -0.33014759 -0.61844453 
3.10539985 8.83276439 -3.84324016 1.86356588 -1.08132560 0.38575402 -0.60633301 0.38982801 -0.21187231 -0.03199713 -0.21934050 -0.28966105 -0.64966702 
4.06471141 11.49315774 -6.32459133 3.88819750 -2.62734627 1.53712265 -1.44771825 0.99817680 -0.64881724 0.28791464 -0.45593931 -0.11016062 -0.78374490 
4.62813785 13.79842015 -8.99256491 6.55870335 -5.10978679 3.75119570 -3.36470895 2.62256875 -2.00263518 1.40471252 -1.36750455 0.62735819 -1.37198357 
4.83400437 15.59268769 -11.41191680 9.36013223 -8.10697762 6.80562399 -6.37023357 5.50109044 -4.69866489 3.88220927 -3.60334129 2.60993047 -3.09732978 
4.68940380 14.22050638 -9.53431877 7.15633541 -5.71914474 4.34357116 -3.92106918 3.13155201 -2.45844359 1.80589667 -1.71483858 0.92340821 -1.61996369 
4.10346289 10.27390328 -5.10871192 2.83520160 -1.77862952 0.87580670 -0.94510433 0.62230859 -0.37076531 0.08076918 -0.30112861 -0.22734423 -0.69609879 
2.92147476 -8.06771972 -2.66848014 -1.14608492 -0.61166620 -0.46839617 -0.36490572 0.08443708 -0.15759414 -0.19985645 -0.18667161 -0.41055305 -0.59065104 
