9.70864512 0.34475700 -0.11528201 -0.01239855 -0.12520256 -0.18987316 -0.26194728 0.17419433 -0.09201742 -0.13465830 -0.14694281 -0.36832121 -0.58959578 
3.74974663 12.60060671 -7.54546986 5.05200540 -3.65696026 2.41179626 -2.16920928 1.58094929 -1.11223327 0.65401635 -0.74305009 0.11415422 -0.95672829 
4.28931112 13.41023725 -8.50904228 6.04051147 -4.59612439 3.26520123 -2.92011395 2.22606011 -1.65615655 1.10670231 -1.11503934 0.41646420 -1.19870766 
4.62214397 14.93091767 -10.48414002 8.24622415 -6.87396466 5.50858611 -5.05539626 4.20618709 -3.45383607 2.71047791 -2.52217188 1.63149623 -2.22955073 
4.83568514 15.01734505 -10.60296191 8.38623430 -7.02615272 5.66590023 -5.21219032 4.35809760 -3.59759029 2.84377856 -2.64342796 1.73975960 -2.32434355 
4.94861206 15.59455215 -11.41458852 9.36340661 -8.11067376 6.80958471 -6.37432004 5.50518295 -4.70266211 3.88602826 -3.60691479 2.61320700 -3.10027175 
4.81191987 14.34252800 -9.69406090 7.33592739 -5.90566238 4.52811703 -4.09737713 3.29552296 -2.60762425 1.93916796 -1.83185372 1.02446240 -1.70567574 
4.44838351 13.87438319 -9.08883062 6.66359491 -5.21544937 3.85271868 -3.45897721 2.70785706 -2.07819616 1.47054494 -1.42395264 0.67503870 -1.41157678 
3.76959561 9.10892352 -4.07139631 2.02867530 -1.19306650 0.46033887 -0.65552930 0.42221056 -0.23316041 -0.01710648 -0.23010672 -0.28125686 -0.65598711 
2.25874202 -3.41136937 -0.48645922 -0.13863699 -0.15120795 -0.22922078 -0.25634737 0.15825805 -0.10230130 -0.15101588 -0.15235133 -0.38214305 -0.58364163 
2.90032150 2.10550189 -0.36761232 0.05198220 -0.13744211 -0.17016955 -0.27302472 0.18297861 -0.09180712 -0.12799953 -0.14859607 -0.36093810 -0.59457814 
3.80353428 13.87774240 -9.09310013 6.66826012 -5.22016181 3.85725845 -3.46320337 2.71169010 -2.08160013 1.47351729 -1.42650666 0.67720025 -1.41337507 
3.52387560 8.86085169 -3.86613532 1.87992511 -1.09226146 0.39297870 -0.61105573 0.39291308 -0.21388608 -0.03059004 -0.22035887 -0.28886042 -0.65027072 
2.19435033 -9.97641024 -4.11592514 -2.11637630 -1.22213867 -0.84699013 -0.59314853 -0.06085243 -0.25484220 -0.26901986 -0.23517211 -0.44479360 -0.61082336 
2.97652860 5.91014464 -1.84303789 0.63473805 -0.36422182 -0.04518069 -0.34438509 0.22749930 -0.11181477 -0.10413380 -0.16560610 -0.33661435 -0.61332666 
4.05697753 11.47446333 -6.30493757 3.87031016 -2.61222905 1.52482674 -1.43799346 0.99063284 -0.64304531 0.28350316 -0.45257701 -0.11273156 -0.78180237 
4.07247572 11.75047683 -6.59832874 4.14018351 -2.84268966 1.71410882 -1.58909309 1.10888480 -0.73427529 0.35371073 -0.50639375 -0.07141959 -0.81313278 
3.45158036 14.24183110 -9.56213421 7.18749776 -5.75139834 4.37537886 -3.95135994 3.15963598 -2.48391801 1.82858996 -1.73471025 0.94052603 -1.63444755 
3.06775674 13.72379400 -8.89851906 6.45677987 -5.00765098 3.65355430 -3.27448696 2.54132646 -1.93098597 1.34255470 -1.31442170 0.58268764 -1.33502229 
2.81855558 15.60636797 -11.43152763 9.38417524 -8.13412680 6.83472593 -6.40026875 5.53117887 -4.72806091 3.91030188 -3.62963457 2.63404428 -3.11898605 
3.04762314 13.77692608 -8.96542414 6.52923333 -5.08020075 3.72286138 -3.33848262 2.59891344 -1.98173971 1.38655788 -1.35197859 0.61427564 -1.36114529 
3.43600020 14.16195878 -9.45817122 7.07126245 -5.63133087 4.25719647 -3.83902125 3.05566722 -2.38977179 1.74485788 -1.66150170 0.87755347 -1.58123795 
3.60567353 15.60834060 -11.43435683 9.38764550 -8.13804715 6.83893005 -6.40460945 5.53552895 -4.73231245 3.91436631 -3.63343991 2.63753526 -3.12212216 
3.61555817 15.60835682 -11.43438009 9.38767403 -8.13807939 6.83896462 -6.40464515 5.53556473 -4.73234742 3.91439974 -3.63347122 2.63756398 -3.12214795 
3.46221490 14.25264827 -9.57626028 7.20334127 -5.76781451 4.39158505 -3.96680892 3.17397352 -2.49693564 1.84019680 -1.74488255 0.94929562 -1.64187340 
3.46797379 14.19578562 -9.50212730 7.12032830 -5.68193489 4.30693080 -3.88622705 3.09929379 -2.42922252 1.77989918 -1.69210125 0.90384421 -1.60342813 
3.63518208 15.60838855 -11.43442560 9.38772986 -8.13814246 6.83903226 -6.40471499 5.53563472 -4.73241583 3.91446514 -3.63353245 2.63762016 -3.12219842 
3.48331707 14.27390879 -9.60405642 7.23455164 -5.80018814 4.42357796 -3.99733793 3.20233401 -2.52270962 1.86319807 -1.76505809 0.96670289 -1.65662461 
3.48901122 14.21769422 -9.53065385 7.15223296 -5.71490211 4.33939047 -3.91709092 3.12786631 -2.45510274 1.80292256 -1.71223592 0.92116758 -1.61806892 
3.65461532 15.60841936 -11.43446980 9.38778407 -8.13820371 6.83909794 -6.40478281 5.53570269 -4.73248227 3.91452866 -3.63359192 2.63767472 -3.12224744 
3.66426159 15.60843444 -11.43449142 9.38781059 -8.13823367 6.83913008 -6.40481599 5.53573595 -4.73251477 3.91455973 -3.63362102 2.63770141 -3.12227142 
3.67386155 15.60844929 -11.43451273 9.38783674 -8.13826321 6.83916175 -6.40484870 5.53576873 -4.73254681 3.91459036 -3.63364970 2.63772772 -3.12229506 
3.68341565 15.60846394 -11.43453374 9.38786251 -8.13829232 6.83919298 -6.40488094 5.53580104 -4.73257839 3.91462056 -3.63367796 2.63775365 -3.12231835 
3.69292433 15.60847838 -11.43455445 9.38788791 -8.13832102 6.83922376 -6.40491272 5.53583289 -4.73260952 3.91465032 -3.63370583 2.63777922 -3.12234132 
3.70238802 15.60849261 -11.43457487 9.38791296 -8.13834932 6.83925410 -6.40494406 5.53586429 -4.73264022 3.91467966 -3.63373331 2.63780443 -3.12236397 
3.86816839 14.51853664 -9.92695946 7.60047849 -6.18318512 4.80536839 -4.36474407 3.54644492 -2.83791599 2.14660929 -2.01542786 1.18417164 -1.84209801 
3.88020742 14.67403201 -10.13515740 7.83966802 -6.43688077 5.06151162 -4.61430027 3.78298329 -3.05708687 2.34582456 -2.19324055 1.34012170 -1.97634003 
3.89400012 14.54029254 -9.95595115 7.63363395 -6.21819540 4.84056550 -4.39889393 3.57868354 -2.86767198 2.17355666 -2.03939613 1.20512368 -1.86007673 
3.90589757 14.69308043 -10.16081976 7.86932510 -6.46851708 5.09362907 -4.64575838 3.81295355 -3.08499364 2.37130887 -2.21608772 1.36024324 -1.99372951 
3.76740888 15.60858686 -11.43471005 9.38807878 -8.13853666 6.83945502 -6.40515151 5.53607221 -4.73284343 3.91487395 -3.63391522 2.63797132 -3.12251390 
3.77652739 15.60859960 -11.43472831 9.38810119 -8.13856198 6.83948217 -6.40517955 5.53610031 -4.73287089 3.91490020 -3.63393980 2.63799387 -3.12253416 
3.78560451 15.60861216 -11.43474633 9.38812329 -8.13858695 6.83950895 -6.40520720 5.53612802 -4.73289798 3.91492610 -3.63396404 2.63801611 -3.12255414 
3.94468887 14.58194668 -10.01158427 7.69739495 -6.28566513 4.90853254 -4.46496803 3.64117795 -2.92545911 2.22597988 -2.08610046 1.24601377 -1.89521592 
4.08635448 15.60591285 -11.43087493 9.38337472 -8.13322251 6.83375625 -6.39926763 5.53017565 -4.72708047 3.90936464 -3.62875712 2.63323935 -3.11826298 
4.10187825 15.60597558 -11.43096490 9.38348505 -8.13334715 6.83388989 -6.39940561 5.53031391 -4.72721560 3.90949381 -3.62887805 2.63335029 -3.11836264 
3.98923344 14.75265607 -10.24130350 7.96258455 -6.56825691 5.19513653 -4.74542041 3.90812178 -3.17380680 2.45258390 -2.28909854 1.42466561 -2.04950521 
3.85677549 15.60870680 -11.43488208 9.38828981 -8.13877508 6.83971072 -6.40541554 5.53633682 -4.73310206 3.91512121 -3.63414673 2.63818371 -3.12270472 
3.57964439 12.32636944 -7.23274088 4.74421694 -3.37620792 2.16644347 -1.96135243 1.40880131 -0.97210899 0.54107775 -0.65293091 0.04277496 -0.90097530 
3.57964439 12.32636944 -7.23274088 4.74421694 -3.37620792 2.16644347 -1.96135243 1.40880131 -0.97210899 0.54107775 -0.65293091 0.04277496 -0.90097530 
3.86549640 15.60871794 -11.43489806 9.38830941 -8.13879723 6.83973447 -6.40544006 5.53636140 -4.73312609 3.91514418 -3.63416824 2.63820344 -3.12272244 
4.01840332 14.64012419 -10.08956147 7.78706871 -6.38086853 5.00474235 -4.55878611 3.73017714 -3.00799017 2.30105339 -2.15315646 1.30486443 -1.94590688 
4.02963954 14.78035073 -10.27883242 8.00619848 -6.61503430 5.24287301 -4.79241285 3.95310972 -3.21589343 2.49118778 -2.32385353 1.45539594 -2.07616364 
3.90000464 15.60876109 -11.43495995 9.38838533 -8.13888300 6.83982645 -6.40553504 5.53645659 -4.73321913 3.91523313 -3.63425152 2.63827985 -3.12279108 
3.90853946 15.60877153 -11.43497493 9.38840370 -8.13890376 6.83984872 -6.40555803 5.53647963 -4.73324165 3.91525466 -3.63427168 2.63829835 -3.12280770 
3.77587421 14.54188701 -9.95807769 7.63606784 -6.22076744 4.84315319 -4.40140644 3.58105709 -2.86986422 2.17554323 -2.04116415 1.20667009 -1.86140440 
3.61719480 15.60999040 -11.43672330 9.39054849 -8.14132701 6.84244765 -6.40824168 5.53916935 -4.73587069 3.91776822 -3.63662521 2.64045763 -3.12474762 
3.61719480 15.60999040 -11.43672330 9.39054849 -8.14132701 6.84244765 -6.40824168 5.53916935 -4.73587069 3.91776822 -3.63662521 2.64045763 -3.12474762 
3.61719480 15.60999040 -11.43672330 9.39054849 -8.14132701 6.84244765 -6.40824168 5.53916935 -4.73587069 3.91776822 -3.63662521 2.64045763 -3.12474762 
3.61719480 15.60999040 -11.43672330 9.39054849 -8.14132701 6.84244765 -6.40824168 5.53916935 -4.73587069 3.91776822 -3.63662521 2.64045763 -3.12474762 
3.61719480 15.60999040 -11.43672330 9.39054849 -8.14132701 6.84244765 -6.40824168 5.53916935 -4.73587069 3.91776822 -3.63662521 2.64045763 -3.12474762 
3.78074547 14.49428163 -9.89469039 7.56363296 -6.14433777 4.76637106 -4.32696088 3.51082538 -2.80508297 2.11691263 -1.98904569 1.16113533 -1.82235199 
3.78492988 14.54941963 -9.96812718 7.64757339 -6.23292973 4.85539305 -4.41329404 3.59229025 -2.88024202 2.18494980 -2.04953783 1.21399578 -1.86769524 
3.78977776 14.50206899 -9.90504468 7.57544905 -6.15678901 4.77886378 -4.33905847 3.52222457 -2.81558540 2.12640754 -1.99747724 1.16849460 -1.82865770 
3.93392756 15.60880207 -11.43501874 9.38845744 -8.13896448 6.83991383 -6.40562526 5.53654702 -4.73330751 3.91531763 -3.63433064 2.63835244 -3.12285630 
3.80291979 14.56425413 -9.98793406 7.67026737 -6.25693690 4.87957053 -4.43679190 3.61450936 -2.90078240 2.20357920 -2.06613121 1.22852037 -1.88017453 
3.80772155 14.51740737 -9.92545583 7.59876025 -6.18137215 4.80354707 -4.36297819 3.54477902 -2.83637939 2.14521860 -2.01419164 1.18309159 -1.84117173 
3.81185474 14.57155809 -9.99769390 7.68145828 -6.26878404 4.89151014 -4.44840381 3.62549657 -2.91094595 2.21280272 -2.07435137 1.23571956 -1.88636313 
3.65622043 15.60999040 -11.43672330 9.39054849 -8.14132701 6.84244765 -6.40824168 5.53916935 -4.73587069 3.91776822 -3.63662521 2.64045763 -3.12474762 
3.65622043 15.60999040 -11.43672330 9.39054849 -8.14132701 6.84244765 -6.40824168 5.53916935 -4.73587069 3.91776822 -3.63662521 2.64045763 -3.12474762 
3.81663377 14.52496050 -9.93551517 7.61025783 -6.19350629 4.81573956 -4.37480188 3.55593548 -2.84667183 2.15453536 -2.02247487 1.19032953 -1.84738014 
3.82075016 14.57878788 -10.00735962 7.69254675 -6.28052839 4.90335161 -4.45992543 3.63640309 -2.92103905 2.22196592 -2.08252084 1.24287686 -1.89251780 
3.66585901 15.60999040 -11.43672330 9.39054849 -8.14132701 6.84244765 -6.40824168 5.53916935 -4.73587069 3.91776822 -3.63662521 2.64045763 -3.12474762 
3.50637622 14.23557199 -9.55396553 7.17834139 -5.74191649 4.36602351 -3.94244651 3.15136812 -2.47641507 1.82190334 -1.72885269 0.93547835 -1.63017505 
3.50073494 14.29125426 -9.62676561 7.26008444 -5.82670717 4.44981802 -4.02240784 3.22565061 -2.54392378 1.88215039 -1.78169904 0.98107426 -1.66881429 
3.65622043 15.60999040 -11.43672330 9.39054849 -8.14132701 6.84244765 -6.40824168 5.53916935 -4.73587069 3.91776822 -3.63662521 2.64045763 -3.12474762 
3.65622043 15.60999040 -11.43672330 9.39054849 -8.14132701 6.84244765 -6.40824168 5.53916935 -4.73587069 3.91776822 -3.63662521 2.64045763 -3.12474762 
3.65622043 15.60999040 -11.43672330 9.39054849 -8.14132701 6.84244765 -6.40824168 5.53916935 -4.73587069 3.91776822 -3.63662521 2.64045763 -3.12474762 
3.65622043 15.60999040 -11.43672330 9.39054849 -8.14132701 6.84244765 -6.40824168 5.53916935 -4.73587069 3.91776822 -3.63662521 2.64045763 -3.12474762 
3.49597519 14.22488615 -9.54002813 7.16272798 -5.72575736 4.35008876 -3.92727262 3.13730052 -2.46365533 1.81053723 -1.71890032 0.92690560 -1.62292174 
3.49030230 14.28088696 -9.61318903 7.24481608 -5.81084532 4.43411947 -4.00740606 3.21169504 -2.53122397 1.87080244 -1.77173322 0.97246615 -1.66151176 
3.48552020 14.21407763 -9.52594168 7.14695941 -5.70944954 4.33401865 -3.91198023 3.12313239 -2.45081257 1.79910402 -1.70889488 0.91829173 -1.61563735 
3.47981535 14.27039951 -9.59946541 7.22939354 -5.79483458 4.41828430 -3.99228367 3.19763622 -2.51843804 1.85938415 -1.76171115 0.96381391 -1.65417541 
3.47501069 14.20314453 -9.51170407 7.13103371 -5.69299137 4.31781188 -3.89656841 3.10886313 -2.43788644 1.78760357 -1.69883639 0.90963685 -1.60832207 
3.46927354 14.25979001 -9.58559267 7.21381483 -5.77867325 4.40231115 -3.97703966 3.18347345 -2.50556557 1.84789531 -1.75163277 0.95511760 -1.64680539 
3.62702283 15.60999040 -11.43672330 9.39054849 -8.14132701 6.84244765 -6.40824168 5.53916935 -4.73587069 3.91776822 -3.63662521 2.64045763 -3.12474762 
3.46444611 14.19208490 -9.49731317 7.11494888 -5.67638116 4.30146714 -3.88103621 3.09449210 -2.42487658 1.77603574 -1.68872485 0.90094108 -1.60097606 
3.45867628 14.24905656 -9.57156866 7.19807793 -5.76235960 4.38619864 -3.96167301 3.16920605 -2.49260614 1.83633574 -1.74149805 0.94637730 -1.63940182 
3.61719480 15.60999040 -11.43672330 9.39054849 -8.14132701 6.84244765 -6.40824168 5.53916935 -4.73587069 3.91776822 -3.63662521 2.64045763 -3.12474762 
3.61719480 15.60999040 -11.43672330 9.39054849 -8.14132701 6.84244765 -6.40824168 5.53916935 -4.73587069 3.91776822 -3.63662521 2.64045763 -3.12474762 
3.61719480 15.60999040 -11.43672330 9.39054849 -8.14132701 6.84244765 -6.40824168 5.53916935 -4.73587069 3.91776822 -3.63662521 2.64045763 -3.12474762 
3.61719480 15.60999040 -11.43672330 9.39054849 -8.14132701 6.84244765 -6.40824168 5.53916935 -4.73587069 3.91776822 -3.63662521 2.64045763 -3.12474762 
3.61719480 15.60999040 -11.43672330 9.39054849 -8.14132701 6.84244765 -6.40824168 5.53916935 -4.73587069 3.91776822 -3.63662521 2.64045763 -3.12474762 
3.61719480 15.60999040 -11.43672330 9.39054849 -8.14132701 6.84244765 -6.40824168 5.53916935 -4.73587069 3.91776822 -3.63662521 2.64045763 -3.12474762 
3.61719480 15.60999040 -11.43672330 9.39054849 -8.14132701 6.84244765 -6.40824168 5.53916935 -4.73587069 3.91776822 -3.63662521 2.64045763 -3.12474762 
3.45382587 14.18089676 -9.48276678 7.09870288 -5.65961719 4.28498309 -3.86538268 3.08001870 -2.41178266 1.76440041 -1.67856030 0.89220455 -1.59359951 
3.44802300 14.23819720 -9.55739120 7.18218078 -5.74589187 4.36994539 -3.94618270 3.15483332 -2.47955934 1.82470524 -1.73130695 0.93759309 -1.63196487 
3.60731824 15.60999040 -11.43672330 9.39054849 -8.14132701 6.84244765 -6.40824168 5.53916935 -4.73587069 3.91776822 -3.63662521 2.64045763 -3.12474762 
3.60731824 15.60999040 -11.43672330 9.39054849 -8.14132701 6.84244765 -6.40824168 5.53916935 -4.73587069 3.91776822 -3.63662521 2.64045763 -3.12474762 
3.60731824 15.60999040 -11.43672330 9.39054849 -8.14132701 6.84244765 -6.40824168 5.53916935 -4.73587069 3.91776822 -3.63662521 2.64045763 -3.12474762 
3.60731824 15.60999040 -11.43672330 9.39054849 -8.14132701 6.84244765 -6.40824168 5.53916935 -4.73587069 3.91776822 -3.63662521 2.64045763 -3.12474762 
3.60731824 15.60999040 -11.43672330 9.39054849 -8.14132701 6.84244765 -6.40824168 5.53916935 -4.73587069 3.91776822 -3.63662521 2.64045763 -3.12474762 
3.60731824 15.60999040 -11.43672330 9.39054849 -8.14132701 6.84244765 -6.40824168 5.53916935 -4.73587069 3.91776822 -3.63662521 2.64045763 -3.12474762 
3.60731824 15.60999040 -11.43672330 9.39054849 -8.14132701 6.84244765 -6.40824168 5.53916935 -4.73587069 3.91776822 -3.63662521 2.64045763 -3.12474762 
3.44314939 14.16957809 -9.46806268 7.08229365 -5.64269774 4.26835840 -3.84960686 3.06544232 -2.39860436 1.75269746 -1.66834278 0.88342740 -1.58619263 
3.43731310 14.22720992 -9.54305807 7.16612129 -5.72926828 4.35354999 -3.93056770 3.14035459 -2.46642478 1.81300362 -1.72105946 0.92876504 -1.62449468 
3.76255832 14.47846513 -9.87367801 7.53967348 -6.11911024 4.74107858 -4.30248628 3.48778002 -2.78386501 2.09774254 -1.97203293 1.14629472 -1.80964298 
3.76677758 14.53427605 -9.94792915 7.62445490 -6.20849779 4.83081124 -4.38942531 3.56974064 -2.85941403 2.16607496 -2.03273885 1.19930194 -1.85507933 
3.60731824 15.60999040 -11.43672330 9.39054849 -8.14132701 6.84244765 -6.40824168 5.53916935 -4.73587069 3.91776822 -3.63662521 2.64045763 -3.12474762 
3.60731824 15.60999040 -11.43672330 9.39054849 -8.14132701 6.84244765 -6.40824168 5.53916935 -4.73587069 3.91776822 -3.63662521 2.64045763 -3.12474762 
3.60731824 15.60999040 -11.43672330 9.39054849 -8.14132701 6.84244765 -6.40824168 5.53916935 -4.73587069 3.91776822 -3.63662521 2.64045763 -3.12474762 
3.60731824 15.60999040 -11.43672330 9.39054849 -8.14132701 6.84244765 -6.40824168 5.53916935 -4.73587069 3.91776822 -3.63662521 2.64045763 -3.12474762 
3.60731824 15.60999040 -11.43672330 9.39054849 -8.14132701 6.84244765 -6.40824168 5.53916935 -4.73587069 3.91776822 -3.63662521 2.64045763 -3.12474762 
3.44314939 14.16957809 -9.46806268 7.08229365 -5.64269774 4.26835840 -3.84960686 3.06544232 -2.39860436 1.75269746 -1.66834278 0.88342740 -1.58619263 
3.43731310 14.22720992 -9.54305807 7.16612129 -5.72926828 4.35354999 -3.93056770 3.14035459 -2.46642478 1.81300362 -1.72105946 0.92876504 -1.62449468 
3.59739266 15.60999040 -11.43672330 9.39054849 -8.14132701 6.84244765 -6.40824168 5.53916935 -4.73587069 3.91776822 -3.63662521 2.64045763 -3.12474762 
3.59739266 15.60999040 -11.43672330 9.39054849 -8.14132701 6.84244765 -6.40824168 5.53916935 -4.73587069 3.91776822 -3.63662521 2.64045763 -3.12474762 
3.76255832 14.47846513 -9.87367801 7.53967348 -6.11911024 4.74107858 -4.30248628 3.48778002 -2.78386501 2.09774254 -1.97203293 1.14629472 -1.80964298 
3.76677758 14.53427605 -9.94792915 7.62445490 -6.20849779 4.83081124 -4.38942531 3.56974064 -2.85941403 2.16607496 -2.03273885 1.19930194 -1.85507933 
3.44314939 14.16957809 -9.46806268 7.08229365 -5.64269774 4.26835840 -3.84960686 3.06544232 -2.39860436 1.75269746 -1.66834278 0.88342740 -1.58619263 
3.43731310 14.22720992 -9.54305807 7.16612129 -5.72926828 4.35354999 -3.93056770 3.14035459 -2.46642478 1.81300362 -1.72105946 0.92876504 -1.62449468 
3.43241607 14.15812682 -9.45319862 7.06571909 -5.62562107 4.25159172 -3.83370781 3.05076235 -2.38534135 1.74092679 -1.65807234 0.87460977 -1.57875562 
3.61887452 12.40515102 -7.32187647 4.83127909 -3.45503226 2.23484149 -2.01890116 1.45614981 -1.01040713 0.57177224 -0.67729997 0.06199467 -0.91592719 
3.75763961 14.52658568 -9.93768029 7.61273330 -6.19611961 4.81836621 -4.37734980 3.55834028 -2.84889098 2.15654464 -2.02426169 1.19189121 -1.84871997 
3.59739266 15.60999040 -11.43672330 9.39054849 -8.14132701 6.84244765 -6.40824168 5.53916935 -4.73587069 3.91776822 -3.63662521 2.64045763 -3.12474762 
3.59739266 15.60999040 -11.43672330 9.39054849 -8.14132701 6.84244765 -6.40824168 5.53916935 -4.73587069 3.91776822 -3.63662521 2.64045763 -3.12474762 
3.59739266 15.60999040 -11.43672330 9.39054849 -8.14132701 6.84244765 -6.40824168 5.53916935 -4.73587069 3.91776822 -3.63662521 2.64045763 -3.12474762 
3.59739266 15.60999040 -11.43672330 9.39054849 -8.14132701 6.84244765 -6.40824168 5.53916935 -4.73587069 3.91776822 -3.63662521 2.64045763 -3.12474762 
3.59739266 15.60999040 -11.43672330 9.39054849 -8.14132701 6.84244765 -6.40824168 5.53916935 -4.73587069 3.91776822 -3.63662521 2.64045763 -3.12474762 
3.76255832 14.47846513 -9.87367801 7.53967348 -6.11911024 4.74107858 -4.30248628 3.48778002 -2.78386501 2.09774254 -1.97203293 1.14629472 -1.80964298 
3.76677758 14.53427605 -9.94792915 7.62445490 -6.20849779 4.83081124 -4.38942531 3.56974064 -2.85941403 2.16607496 -2.03273885 1.19930194 -1.85507933 
3.60731824 15.60999040 -11.43672330 9.39054849 -8.14132701 6.84244765 -6.40824168 5.53916935 -4.73587069 3.91776822 -3.63662521 2.64045763 -3.12474762 
3.60731824 15.60999040 -11.43672330 9.39054849 -8.14132701 6.84244765 -6.40824168 5.53916935 -4.73587069 3.91776822 -3.63662521 2.64045763 -3.12474762 
3.77167245 14.48641405 -9.88423526 7.55170819 -6.13177857 4.75377632 -4.31477041 3.49934406 -2.79450965 2.10735773 -1.98056431 1.15373540 -1.81601376 
3.77587421 14.54188701 -9.95807769 7.63606784 -6.22076744 4.84315319 -4.40140644 3.58105709 -2.86986422 2.17554323 -2.04116415 1.20667009 -1.86140440 
3.61719480 15.60999040 -11.43672330 9.39054849 -8.14132701 6.84244765 -6.40824168 5.53916935 -4.73587069 3.91776822 -3.63662521 2.64045763 -3.12474762 
3.45382587 14.18089676 -9.48276678 7.09870288 -5.65961719 4.28498309 -3.86538268 3.08001870 -2.41178266 1.76440041 -1.67856030 0.89220455 -1.59359951 
3.25256043 15.60764244 -11.43335547 9.38641720 -8.13665949 6.83744189 -6.40307290 5.53398903 -4.73080737 3.91292743 -3.63209272 2.63629933 -3.12101183 
3.04471183 13.61308123 -8.75995401 6.30760237 -4.85912802 3.51244708 -3.14488591 2.42530320 -1.82923561 1.25474627 -1.23980321 0.52018085 -1.28352863 
2.77654361 15.59493384 -11.41513552 9.36407703 -8.11143059 6.81039577 -6.37515690 5.50602110 -4.70348079 3.88681046 -3.60764675 2.61387817 -3.10087440 
2.49830172 12.63515597 -7.58535648 5.09172898 -3.69361387 2.44417891 -2.19693148 1.60413971 -1.13129002 0.66950665 -0.75550494 0.12408280 -0.96453050 
2.10928201 15.54500262 -11.34369440 9.27664619 -8.01287249 6.70491931 -6.26646570 5.39729699 -4.59740672 3.78557266 -3.51301029 2.52718672 -3.02310296 
2.72273381 10.38145686 -5.21059643 2.91913035 -1.84300996 0.92372298 -0.97996986 0.64733794 -0.38858408 0.09368134 -0.31058745 -0.22022858 -0.70138000 
3.31558881 14.09729345 -9.37444231 6.97812157 -5.53559167 4.16340543 -3.75027652 2.97389903 -2.31604549 1.67955201 -1.60462227 0.82880252 -1.54018664 
3.99454797 11.37048800 -6.19620287 3.77184854 -2.52942485 1.45778404 -1.38519960 0.94984555 -0.61195819 0.25981718 -0.43457009 -0.12647768 -0.77143243 
4.45553354 14.86425403 -10.39297423 8.13934467 -6.75835672 5.38964411 -4.93738375 4.09234853 -3.34656030 2.61139745 -2.43238312 1.55161281 -2.15984287 
4.57887865 15.60004214 -11.42245735 9.37305256 -8.12156450 6.82125736 -6.38636561 5.51724855 -4.71444881 3.89729122 -3.61745538 2.62287303 -3.10895196 
4.21282854 10.58911988 -5.41024795 3.08593893 -1.97273740 1.02148166 -1.05192819 0.69954552 -0.42611657 0.12105477 -0.33072453 -0.20507852 -0.71263410 
3.01160395 5.85903007 -1.81477255 0.62055806 -0.35746174 -0.04877431 -0.34237679 0.22631041 -0.11115310 -0.10468774 -0.16516999 -0.33708587 -0.61295316 
0.98015495 -9.91636758 -4.06547162 -2.07930068 -1.19674392 -0.83008430 -0.58221480 -0.05361824 -0.24993297 -0.26557428 -0.23276661 -0.44311242 -0.60975525 
0.36788181 14.21786609 -9.53087782 7.15248365 -5.71516134 4.33964590 -3.91733395 3.12809145 -2.45530680 1.80310421 -1.71239488 0.92130441 -1.61818463 
1.37636027 -9.65181999 -3.84698628 -1.92132447 -1.09021000 -0.76013770 -0.53759907 -0.02436980 -0.23018369 -0.25171563 -0.22309745 -0.43635217 -0.60551222 
2.87633553 8.05358287 -3.23603379 1.44734365 -0.81384375 0.21451374 -0.49731522 0.32011972 -0.16728156 -0.06319001 -0.19662633 -0.30799518 -0.63571808 
3.74061542 12.58326320 -7.52548825 5.03214498 -3.63867023 2.39566717 -2.15542599 1.56943883 -1.10278993 0.64635154 -0.73689540 0.10925347 -0.95288124 
4.28231046 13.39981381 -8.49625213 6.02700210 -4.58292262 3.25288087 -2.90899278 2.21626966 -1.64770798 1.09952037 -1.10902177 0.41148831 -1.19465896 
4.61618346 14.92751270 -10.47947333 8.24074161 -6.86802235 5.50246055 -5.04930717 4.20030277 -3.44828138 2.70533916 -2.51750779 1.62734060 -2.22591939 
4.73600672 15.59672048 -11.41769607 9.36721559 -8.11497387 6.81419313 -6.37907528 5.50994571 -4.70731442 3.89047351 -3.61107465 2.61702147 -3.10369697 
4.57854415 14.06569507 -9.33367178 6.93292097 -5.48928283 4.11818235 -3.70761797 2.93471085 -2.28081274 1.64842772 -1.57758346 0.80568335 -1.52076359 
4.15836024 13.44017876 -8.54583834 6.07943391 -4.63421534 3.30079808 -2.95228898 2.25442178 -1.68066140 1.12755739 -1.13253216 0.43094317 -1.21049976 
3.74845993 14.51881477 -9.92732981 7.60090172 -6.18363171 4.80581705 -4.36517909 3.54685534 -2.83829457 2.14695193 -2.01573245 1.18443776 -1.84232625 
3.58741758 15.60999040 -11.43672330 9.39054849 -8.14132701 6.84244765 -6.40824168 5.53916935 -4.73587069 3.91776822 -3.63662521 2.64045763 -3.12474762 
3.75340272 14.47043376 -9.86301733 7.52752751 -6.10633161 4.72827684 -4.29010768 3.47613263 -2.77314861 2.08806676 -1.96345135 1.13881319 -1.80323961 
4.04238600 14.65845251 -10.11419405 7.81546977 -6.41109691 5.03536419 -4.58871665 3.75863453 -3.03443678 2.32515985 -2.17473059 1.32383351 -1.96227461 
4.05349859 14.79634708 -10.30054220 8.03146534 -6.64217234 5.27060524 -4.81974883 3.97931293 -3.24043673 2.51372616 -2.34416709 1.47337580 -2.09177649 
3.64781342 12.46232548 -7.38692020 4.89514558 -3.51315379 2.28552130 -2.06174235 1.49155600 -1.03916808 0.59491042 -0.69573203 0.07657286 -0.92729835 
3.26434818 15.60766994 -11.43339490 9.38646557 -8.13671414 6.83750049 -6.40313341 5.53404967 -4.73086663 3.91298408 -3.63214576 2.63634799 -3.12105555 
3.05770405 13.63091941 -8.78220251 6.33147475 -4.88281799 3.53488350 -3.16542992 2.44364051 -1.84527127 1.26854774 -1.25150205 0.52995803 -1.29156526 
3.03604963 13.84202173 -9.04775385 6.61876806 -5.17022480 3.80920291 -3.41851426 2.67119886 -2.04567647 1.44217743 -1.39960077 0.65444712 -1.39446030 
3.41572104 14.20484343 -9.51391573 7.13350680 -5.69554635 4.32032707 -3.89895953 3.11107635 -2.43989079 1.78938639 -1.70039529 0.91097791 -1.60945531 
3.57739250 15.60999040 -11.43672330 9.39054849 -8.14132701 6.84244765 -6.40824168 5.53916935 -4.73587069 3.91776822 -3.63662521 2.64045763 -3.12474762 
3.74420525 14.46231880 -9.85225190 7.51526899 -6.09344150 4.71537009 -4.27763380 3.46440128 -2.76236000 2.07833009 -1.95481939 1.13129072 -1.79680364 
4.03442353 14.65239955 -10.10605556 7.80608230 -6.40110142 5.02523467 -4.57881210 3.74921405 -3.02567891 2.31717429 -2.16758166 1.31754595 -1.95684777 
3.92313159 13.01999967 -8.03706168 5.54885155 -4.12208361 2.82844641 -2.53071538 1.88730618 -1.36713584 0.86357294 -0.91329500 0.25109849 -1.06527129 
3.60731824 15.60999040 -11.43672330 9.39054849 -8.14132701 6.84244765 -6.40824168 5.53916935 -4.73587069 3.91776822 -3.63662521 2.64045763 -3.12474762 
3.28494519 11.61496117 -6.45341931 4.00612823 -2.72757854 1.61907981 -1.51286423 1.04895404 -0.68784108 0.31785004 -0.47882437 -0.09262611 -0.79701916 
2.79148681 15.59515612 -11.41545405 9.36446746 -8.11187134 6.81086810 -6.37564427 5.50650922 -4.70395758 3.88726602 -3.60807305 2.61426906 -3.10122540 
3.00967035 13.80875370 -9.00562858 6.57290428 -5.12405943 3.76487904 -3.37738739 2.63401573 -2.01275639 1.41351408 -1.37503811 0.63371117 -1.37725068 
3.19255647 15.60749736 -11.43314738 9.38616196 -8.13637115 6.83713267 -6.40275363 5.53366906 -4.73049465 3.91262847 -3.63181281 2.63604254 -3.12078115 
3.57964439 12.32636944 -7.23274088 4.74421694 -3.37620792 2.16644347 -1.96135243 1.40880131 -0.97210899 0.54107775 -0.65293091 0.04277496 -0.90097530 
3.86549640 15.60871794 -11.43489806 9.38830941 -8.13879723 6.83973447 -6.40544006 5.53636140 -4.73312609 3.91514418 -3.63416824 2.63820344 -3.12272244 
3.87417944 15.60872894 -11.43491384 9.38832876 -8.13881909 6.83975791 -6.40546427 5.53638566 -4.73314980 3.91516685 -3.63418946 2.63822292 -3.12273994 
3.88282494 15.60873979 -11.43492941 9.38834786 -8.13884067 6.83978105 -6.40548816 5.53640961 -4.73317321 3.91518923 -3.63421042 2.63824214 -3.12275721 
3.89143324 15.60875051 -11.43494478 9.38836672 -8.13886197 6.83980390 -6.40551175 5.53643325 -4.73319631 3.91521132 -3.63423110 2.63826112 -3.12277425 
3.75763961 14.52658568 -9.93768029 7.61273330 -6.19611961 4.81836621 -4.37734980 3.55834028 -2.84889098 2.15654464 -2.02426169 1.19189121 -1.84871997 
3.59739266 15.60999040 -11.43672330 9.39054849 -8.14132701 6.84244765 -6.40824168 5.53916935 -4.73587069 3.91776822 -3.63662521 2.64045763 -3.12474762 
3.43241607 14.15812682 -9.45319862 7.06571909 -5.62562107 4.25159172 -3.83370781 3.05076235 -2.38534135 1.74092679 -1.65807234 0.87460977 -1.57875562 
3.42654598 14.21609269 -9.52856702 7.14989735 -5.71248705 4.33701102 -3.91482699 3.12576916 -2.45320206 1.80123073 -1.71075557 0.91989328 -1.61699143 
3.58741758 15.60999040 -11.43672330 9.39054849 -8.14132701 6.84244765 -6.40824168 5.53916935 -4.73587069 3.91776822 -3.63662521 2.64045763 -3.12474762 
3.75340272 14.47043376 -9.86301733 7.52752751 -6.10633161 4.72827684 -4.29010768 3.47613263 -2.77314861 2.08806676 -1.96345135 1.13881319 -1.80323961 
3.75763961 14.52658568 -9.93768029 7.61273330 -6.19611961 4.81836621 -4.37734980 3.55834028 -2.84889098 2.15654464 -2.02426169 1.19189121 -1.84871997 
3.59739266 15.60999040 -11.43672330 9.39054849 -8.14132701 6.84244765 -6.40824168 5.53916935 -4.73587069 3.91776822 -3.63662521 2.64045763 -3.12474762 
3.59739266 15.60999040 -11.43672330 9.39054849 -8.14132701 6.84244765 -6.40824168 5.53916935 -4.73587069 3.91776822 -3.63662521 2.64045763 -3.12474762 
3.59739266 15.60999040 -11.43672330 9.39054849 -8.14132701 6.84244765 -6.40824168 5.53916935 -4.73587069 3.91776822 -3.63662521 2.64045763 -3.12474762 
3.43241607 14.15812682 -9.45319862 7.06571909 -5.62562107 4.25159172 -3.83370781 3.05076235 -2.38534135 1.74092679 -1.65807234 0.87460977 -1.57875562 
3.42654598 14.21609269 -9.52856702 7.14989735 -5.71248705 4.33701102 -3.91482699 3.12576916 -2.45320206 1.80123073 -1.71075557 0.91989328 -1.61699143 
3.58741758 15.60999040 -11.43672330 9.39054849 -8.14132701 6.84244765 -6.40824168 5.53916935 -4.73587069 3.91776822 -3.63662521 2.64045763 -3.12474762 
3.58741758 15.60999040 -11.43672330 9.39054849 -8.14132701 6.84244765 -6.40824168 5.53916935 -4.73587069 3.91776822 -3.63662521 2.64045763 -3.12474762 
3.58741758 15.60999040 -11.43672330 9.39054849 -8.14132701 6.84244765 -6.40824168 5.53916935 -4.73587069 3.91776822 -3.63662521 2.64045763 -3.12474762 
3.58741758 15.60999040 -11.43672330 9.39054849 -8.14132701 6.84244765 -6.40824168 5.53916935 -4.73587069 3.91776822 -3.63662521 2.64045763 -3.12474762 
3.75340272 14.47043376 -9.86301733 7.52752751 -6.10633161 4.72827684 -4.29010768 3.47613263 -2.77314861 2.08806676 -1.96345135 1.13881319 -1.80323961 
