7.41498476 2.24919734 -0.40021720 0.06076996 -0.13964450 -0.16820784 -0.27422348 0.18383881 -0.09195005 -0.12741944 -0.14885960 -0.36027043 -0.59505861 
3.40902496 1.89113724 -0.32234217 0.04012367 -0.13460433 -0.17295322 -0.27133348 0.18174638 -0.09164441 -0.12884829 -0.14824152 -0.36191237 -0.59388409 
0.99189589 -7.74699778 -2.45689920 -1.02174901 -0.54288322 -0.43005673 -0.34435226 0.09696684 -0.14913680 -0.19346809 -0.18209741 -0.40720886 -0.58901728 
1.12999639 10.25578985 -5.09165520 2.82123060 -1.76797164 0.86791372 -0.93938750 0.61822180 -0.36786712 0.07867422 -0.29959630 -0.22849717 -0.69524325 
-0.15269669 4.80979182 -1.28543494 0.37461098 -0.24823861 -0.10583970 -0.31059599 0.20732584 -0.10104163 -0.11392456 -0.15791353 -0.34556978 -0.60625293 
1.87651587 -1.97035903 -0.19761064 -0.06228279 -0.13092587 -0.21222432 -0.25542008 0.16479338 -0.09677830 -0.14388243 -0.14879644 -0.37680941 -0.58518795 
3.11319618 11.04129780 -5.85837929 3.47141110 -2.28114674 1.25999018 -1.23180514 0.83302133 -0.52409953 0.19358202 -0.38464059 -0.16439977 -0.74296423 
3.31216534 14.29736344 -9.63477070 7.26909219 -5.83607026 4.45908968 -4.03127257 3.23390127 -2.55143565 1.88886572 -1.78759903 0.98617254 -1.67314100 
2.46743268 3.06090373 -0.61844972 0.12503955 -0.15772892 -0.15518210 -0.28216711 0.18932907 -0.09333175 -0.12391445 -0.15076726 -0.35624742 -0.59802319 
2.20823675 -3.94753728 -0.64050041 -0.18586626 -0.16576188 -0.23770355 -0.25816109 0.15529050 -0.10499460 -0.15413306 -0.15422328 -0.38427304 -0.58334381 
2.26625531 5.62948310 -1.69067762 0.55951385 -0.32889516 -0.06386386 -0.33396340 0.22132350 -0.10840600 -0.10703646 -0.16331850 -0.33912812 -0.61133590 
4.04110920 -2.52212706 -0.28666483 -0.08433842 -0.13624782 -0.21808261 -0.25522198 0.16245874 -0.09863193 -0.14643332 -0.14992110 -0.37880820 -0.58447811 
5.83193576 7.73907686 -3.00620028 1.29902011 -0.72393020 0.15951629 -0.46359666 0.29918503 -0.15428123 -0.07237396 -0.18984404 -0.31373713 -0.63128868 
6.49883861 14.59668488 -10.03130797 7.72004370 -6.30967598 4.93276373 -4.48856524 3.66353416 -2.94616473 2.24479228 -2.10288492 1.26072881 -1.90787789 
6.33706965 12.10403110 -6.98423433 4.50432350 -3.16148121 1.98211821 -1.80786117 1.28375665 -0.87190887 0.46142957 -0.59015507 -0.00644222 -0.86290080 
5.33983929 6.08317030 -1.94042772 0.68436396 -0.38823405 -0.03234176 -0.35157800 0.23175554 -0.11420212 -0.10216690 -0.16715194 -0.33496940 -0.61462962 
3.13535209 1.98328772 -0.34130836 0.04504439 -0.13576186 -0.17177613 -0.27204677 0.18226893 -0.09170712 -0.12848569 -0.14838835 -0.36149665 -0.59417917 
-0.52840602 14.86690995 -10.39659825 8.14358430 -6.76293314 5.39434320 -4.94203721 4.09682913 -3.35077512 2.61528375 -2.43589934 1.55473642 -2.16256469 
2.78319295 2.11603090 -0.36993982 0.05260257 -0.13759495 -0.17002857 -0.27311073 0.18304067 -0.09181665 -0.12795735 -0.14861466 -0.36088959 -0.59461292 
3.47077452 15.60245227 -11.42591268 9.37728924 -8.12634901 6.82638648 -6.39165969 5.52255246 -4.71963109 3.90224410 -3.62209136 2.62712501 -3.11277084 
3.49186376 15.60260921 -11.42613769 9.37756517 -8.12666063 6.82672058 -6.39200455 5.52289799 -4.71996871 3.90256679 -3.62239342 2.62740207 -3.11301969 
3.33964331 14.19097980 -9.49587583 7.11334304 -5.67472355 4.29983668 -3.87948740 3.09305962 -2.42358024 1.77488348 -1.68771797 0.90007545 -1.60024499 
2.94521961 13.64123002 -8.79507586 6.34530171 -4.89655289 3.54790398 -3.17736317 2.45430147 -1.85460208 1.27658497 -1.25831995 0.53565998 -1.29625524 
2.95283276 13.56753985 -8.70328743 6.24693863 -4.79906193 3.45568091 -3.09301544 2.37909707 -1.78890706 1.22009909 -1.21048413 0.49571589 -1.26344890 
3.16392639 15.60742501 -11.43304362 9.38603468 -8.13622736 6.83697847 -6.40259442 5.53350951 -4.73033871 3.91247939 -3.63167324 2.63591450 -3.12066612 
3.38023794 14.03503701 -9.29420427 6.88926063 -5.44464732 4.07468267 -3.66666666 2.89716345 -2.24711778 1.61871399 -1.55181281 0.78368262 -1.50230757 
3.23255845 11.63503751 -6.47478236 4.02579808 -2.74439108 1.63289948 -1.52390428 1.05759980 -0.69451515 0.32298852 -0.48276459 -0.08960082 -0.79931393 
3.00668597 13.64197652 -8.79600829 6.34630361 -4.89754850 3.54884816 -3.17822882 2.45507510 -1.85527942 1.27716859 -1.25881517 0.53607426 -1.29659608 
3.01258909 13.73135831 -8.90802811 6.46706068 -5.01792906 3.66335796 -3.28352584 2.54944846 -1.93813429 1.34874417 -1.31969796 0.58712031 -1.33868408 
2.77148110 15.60999040 -11.43672330 9.39054849 -8.14132701 6.84244765 -6.40824168 5.53916935 -4.73587069 3.91776822 -3.63662521 2.64045763 -3.12474762 
3.01992852 13.65995013 -8.81847424 6.37045967 -4.92156883 3.57164195 -3.19913966 2.47377410 -1.87166025 1.29129044 -1.27080416 0.54610827 -1.30485510 
3.02579805 13.74864240 -8.92977586 6.49059447 -5.04147704 3.68583773 -3.30426878 2.56810189 -1.95456389 1.36298007 -1.33184154 0.59732860 -1.34712204 
3.03308503 13.67767902 -8.84066385 6.39434924 -4.94535395 3.59423973 -3.21989488 2.49235490 -1.88795525 1.30535259 -1.28275388 0.55611825 -1.31310130 
3.03892134 13.76569009 -8.95125354 6.51386458 -5.06478910 3.70811793 -3.32485055 2.58663039 -1.97090046 1.37714918 -1.34393927 0.60750702 -1.35554217 
2.80133240 15.60999040 -11.43672330 9.39054849 -8.14132701 6.84244765 -6.40824168 5.53916935 -4.73587069 3.91776822 -3.63662521 2.64045763 -3.12474762 
3.04615661 13.69516776 -8.86258161 6.41797602 -4.96890651 3.61664308 -3.24049522 2.51081758 -1.90416401 1.31935435 -1.29466351 0.56610334 -1.32133384 
3.24861569 15.60763317 -11.43334217 9.38640088 -8.13664106 6.83742213 -6.40305249 5.53396858 -4.73078738 3.91290832 -3.63207483 2.63628291 -3.12099709 
3.26042664 15.60766083 -11.43338184 9.38644954 -8.13669603 6.83748107 -6.40311336 5.53402957 -4.73084700 3.91296531 -3.63212819 2.63633186 -3.12104107 
3.27216826 15.60768800 -11.43342081 9.38649735 -8.13675004 6.83753899 -6.40317316 5.53408950 -4.73090557 3.91302130 -3.63218061 2.63637996 -3.12108427 
3.09057932 13.83160363 -9.03455091 6.60438169 -5.15573234 3.79527795 -3.40558412 2.65950027 -2.03531199 1.43314729 -1.39185780 0.64790677 -1.38902925 
2.85973071 15.60999040 -11.43672330 9.39054849 -8.14132701 6.84244765 -6.40824168 5.53916935 -4.73587069 3.91776822 -3.63662521 2.64045763 -3.12474762 
2.62267308 13.06178279 -8.08692428 5.60012226 -4.17089035 2.87286630 -2.56984943 1.92095927 -1.39553017 0.88721372 -0.93272447 0.26688717 -1.07790651 
2.61354555 13.14695510 -8.18906503 5.70564506 -4.27180672 2.96511833 -2.65147169 1.99143969 -1.45523259 0.93710219 -0.97386380 0.30041812 -1.10481715 
2.84529022 15.60999040 -11.43672330 9.39054849 -8.14132701 6.84244765 -6.40824168 5.53916935 -4.73587069 3.91776822 -3.63662521 2.64045763 -3.12474762 
3.08487239 13.74623696 -8.92674754 6.48731570 -5.03819458 3.68270262 -3.30137449 2.56549793 -1.95226934 1.36099105 -1.33014418 0.59590122 -1.34594179 
3.47723837 14.14276214 -9.43327424 7.04352273 -5.60277316 4.22917825 -3.81247228 3.03117125 -2.36765533 1.72524256 -1.64439687 0.86287660 -1.56886586 
3.49160700 14.34359339 -9.69546182 7.33750911 -5.90731191 4.52975562 -4.09894862 3.29698993 -2.60896368 1.94036861 -1.83291130 1.02537847 -1.70645497 
3.31845730 15.60779207 -11.43357008 9.38668044 -8.13695689 6.83776082 -6.40340219 5.53431904 -4.73112991 3.91323578 -3.63238141 2.63656418 -3.12124977 
3.32986409 15.60781699 -11.43360582 9.38672428 -8.13700641 6.83781392 -6.40345703 5.53437399 -4.73118362 3.91328712 -3.63242949 2.63660828 -3.12128939 
3.15334936 13.90917577 -9.13310270 6.71202424 -5.26442224 3.89994663 -3.50298735 2.74781276 -2.11371293 1.50158589 -1.45064742 0.69764915 -1.43040151 
3.16014984 13.84245910 -9.04830836 6.61937251 -5.17083393 3.80978840 -3.41905811 2.67169108 -2.04611270 1.44255762 -1.39992686 0.65472264 -1.39468914 
3.16567276 13.92408554 -9.15210948 6.73285248 -5.28552047 3.92032675 -3.52200936 2.76510917 -2.12911075 1.51506221 -1.46225224 0.70749056 -1.43860484 
2.94425033 15.60999040 -11.43672330 9.39054849 -8.14132701 6.84244765 -6.40824168 5.53916935 -4.73587069 3.91776822 -3.63662521 2.64045763 -3.12474762 
2.94425033 15.60999040 -11.43672330 9.39054849 -8.14132701 6.84244765 -6.40824168 5.53916935 -4.73587069 3.91776822 -3.63662521 2.64045763 -3.12474762 
2.94425033 15.60999040 -11.43672330 9.39054849 -8.14132701 6.84244765 -6.40824168 5.53916935 -4.73587069 3.91776822 -3.63662521 2.64045763 -3.12474762 
2.71677053 13.21487508 -8.27099668 5.79077099 -4.35366850 3.04034869 -2.71837532 2.04949665 -1.50464489 0.97857254 -1.00819969 0.32850554 -1.12743696 
2.70810480 13.29674245 -8.37032026 5.89453882 -4.45399730 3.13302740 -2.80120932 2.12172539 -1.56640440 1.03062802 -1.05147137 0.36402990 -1.15614406 
2.93040944 15.60999040 -11.43672330 9.39054849 -8.14132701 6.84244765 -6.40824168 5.53916935 -4.73587069 3.91776822 -3.63662521 2.64045763 -3.12474762 
2.93040944 15.60999040 -11.43672330 9.39054849 -8.14132701 6.84244765 -6.40824168 5.53916935 -4.73587069 3.91776822 -3.63662521 2.64045763 -3.12474762 
2.93040944 15.60999040 -11.43672330 9.39054849 -8.14132701 6.84244765 -6.40824168 5.53916935 -4.73587069 3.91776822 -3.63662521 2.64045763 -3.12474762 
3.16014984 13.84245910 -9.04830836 6.61937251 -5.17083393 3.80978840 -3.41905811 2.67169108 -2.04611270 1.44255762 -1.39992686 0.65472264 -1.39468914 
3.16567276 13.92408554 -9.15210948 6.73285248 -5.28552047 3.92032675 -3.52200936 2.76510917 -2.12911075 1.51506221 -1.46225224 0.70749056 -1.43860484 
2.94425033 15.60999040 -11.43672330 9.39054849 -8.14132701 6.84244765 -6.40824168 5.53916935 -4.73587069 3.91776822 -3.63662521 2.64045763 -3.12474762 
2.94425033 15.60999040 -11.43672330 9.39054849 -8.14132701 6.84244765 -6.40824168 5.53916935 -4.73587069 3.91776822 -3.63662521 2.64045763 -3.12474762 
3.17242809 13.85777420 -9.06773638 6.64056200 -5.19219942 3.83033550 -3.43815372 2.68898233 -2.06144435 1.45592554 -1.41139746 0.66441809 -1.40274524 
3.36369921 15.60788925 -11.43370946 9.38685140 -8.13715003 6.83796794 -6.40361605 5.53453337 -4.73133939 3.91343604 -3.63256892 2.63673619 -3.12140430 
3.19009630 13.95332871 -9.18944885 6.77383426 -5.32709688 3.96054700 -3.55960286 2.79933948 -2.15962420 1.54180127 -1.48530520 0.72706205 -1.45493587 
2.97164802 15.60999040 -11.43672330 9.39054849 -8.14132701 6.84244765 -6.40824168 5.53916935 -4.73587069 3.91776822 -3.63662521 2.64045763 -3.12474762 
2.97164802 15.60999040 -11.43672330 9.39054849 -8.14132701 6.84244765 -6.40824168 5.53916935 -4.73587069 3.91776822 -3.63662521 2.64045763 -3.12474762 
2.97164802 15.60999040 -11.43672330 9.39054849 -8.14132701 6.84244765 -6.40824168 5.53916935 -4.73587069 3.91776822 -3.63662521 2.64045763 -3.12474762 
3.19676308 13.88781793 -9.10591231 6.68226644 -5.23431648 3.87090059 -3.47590861 2.72321836 -2.09184207 1.48246395 -1.43419694 0.68371098 -1.41879335 
3.56978668 14.23996300 -9.55969579 7.18476409 -5.74856707 4.37258497 -3.94869765 3.15716618 -2.48167642 1.82659201 -1.73295982 0.93901745 -1.63317052 
3.58357130 14.42930090 -9.80851417 7.46553542 -6.04121726 4.66314736 -4.22722700 3.41705358 -2.71886895 2.03912384 -1.92009859 1.10106305 -1.77096671 
3.23807482 14.00960209 -9.26152781 6.85318413 -5.40783598 4.03887440 -3.63301670 2.86636411 -2.21952481 1.59441972 -1.53077392 0.76574653 -1.48728141 
3.02534252 15.60999040 -11.43672330 9.39054849 -8.14132701 6.84244765 -6.40824168 5.53916935 -4.73587069 3.91776822 -3.63662521 2.64045763 -3.12474762 
3.24457118 13.94565302 -9.17964033 6.76306070 -5.31615888 3.94995821 -3.54969875 2.79031537 -2.15157476 1.53474322 -1.47921664 0.72189022 -1.45061813 
3.24989340 14.02322781 -9.27902532 6.87249425 -5.42753143 4.05802568 -3.65100683 2.88282418 -2.23426608 1.60739436 -1.54200644 0.77531966 -1.49529914 
3.03854389 15.60999040 -11.43672330 9.39054849 -8.14132701 6.84244765 -6.40824168 5.53916935 -4.73587069 3.91776822 -3.63662521 2.64045763 -3.12474762 
3.25634850 13.95966115 -9.19754505 6.78273142 -5.33613422 3.96929987 -3.56779345 2.80680559 -2.16628671 1.54764552 -1.49034858 0.73134755 -1.45851485 
3.26164319 14.03668251 -9.29632035 6.89159912 -5.44703567 4.07700801 -3.66885374 2.89916693 -2.24891414 1.62029681 -1.55318451 0.78485281 -1.50328854 
3.05165869 15.60999040 -11.43672330 9.39054849 -8.14132701 6.84244765 -6.40824168 5.53916935 -4.73587069 3.91776822 -3.63662521 2.64045763 -3.12474762 
3.05165869 15.60999040 -11.43672330 9.39054849 -8.14132701 6.84244765 -6.40824168 5.53916935 -4.73587069 3.91776822 -3.63662521 2.64045763 -3.12474762 
3.47735777 12.04916711 -6.92360560 4.44643402 -3.11021682 1.93855538 -1.77193708 1.25476165 -0.84887942 0.44326464 -0.57593510 -0.01753025 -0.85436702 
3.78410992 15.60447644 -11.42881508 9.38084845 -8.13036895 6.83069649 -6.39610882 5.52701035 -4.72398719 3.90640777 -3.62598899 2.63070011 -3.11598205 
3.65230239 14.49021843 -9.88929012 7.55747279 -6.13784904 4.75986318 -4.32066115 3.50489144 -2.79961772 2.11197327 -1.98466085 1.15730924 -1.81907455 
3.66786661 14.33724487 -9.68711546 7.32808730 -5.89748793 4.51999846 -4.08959260 3.28825756 -2.60099171 1.93322372 -1.82661866 1.01992849 -1.70181969 
3.68105464 14.51492662 -9.92215312 7.59498663 -6.17739092 4.79954798 -4.35910127 3.54112198 -2.83300655 2.14216632 -2.01147866 1.18072156 -1.83913928 
3.35325696 14.13849876 -9.42774959 7.03737232 -5.59644645 4.22297584 -3.80659951 3.02575652 -2.36276999 1.72091255 -1.64062339 0.85964064 -1.56613959 
3.15359158 15.60999040 -11.43672330 9.39054849 -8.14132701 6.84244765 -6.40824168 5.53916935 -4.73587069 3.91776822 -3.63662521 2.64045763 -3.12474762 
3.15359158 15.60999040 -11.43672330 9.39054849 -8.14132701 6.84244765 -6.40824168 5.53916935 -4.73587069 3.91776822 -3.63662521 2.64045763 -3.12474762 
3.35936268 14.07823624 -9.34984206 6.95083628 -5.50762541 4.13608363 -3.72449379 2.95020463 -2.29473474 1.66071967 -1.58825649 0.81480483 -1.52842331 
3.53507842 15.60821999 -11.43418384 9.38743330 -8.13780742 6.83867294 -6.40434398 5.53526290 -4.73205241 3.91411771 -3.63320715 2.63732172 -3.12193031 
3.54531728 15.60823801 -11.43420969 9.38746501 -8.13784324 6.83871137 -6.40438366 5.53530266 -4.73209127 3.91415486 -3.63324193 2.63735363 -3.12195898 
3.55550399 15.60825577 -11.43423515 9.38749624 -8.13787853 6.83874920 -6.40442273 5.53534181 -4.73212954 3.91419145 -3.63327619 2.63738506 -3.12198722 
3.39754928 14.18579549 -9.48913447 7.10581301 -5.66695244 4.29219438 -3.87222927 3.08634790 -2.41750755 1.76948668 -1.68300289 0.89602241 -1.59682257 
3.40351143 14.12692569 -9.41276137 7.02069571 -5.57930106 4.20617601 -3.79070054 3.01110474 -2.34955690 1.70920663 -1.63042632 0.85089954 -1.55877804 
3.40847198 14.19726953 -9.50405803 7.12248612 -5.68416304 4.30912318 -3.88831029 3.10122116 -2.43096723 1.78145041 -1.69345712 0.90501017 -1.60441305 
3.21475842 15.60999040 -11.43672330 9.39054849 -8.14132701 6.84244765 -6.40824168 5.53916935 -4.73587069 3.91776822 -3.63662521 2.64045763 -3.12474762 
3.41439928 14.13874097 -9.42806341 7.03772164 -5.59680573 4.22332802 -3.80693292 3.02606389 -2.36304728 1.72115829 -1.64083752 0.85982425 -1.56629427 
3.58575648 15.60830743 -11.43430925 9.38758713 -8.13798122 6.83885934 -6.40453644 5.53545578 -4.73224093 3.91429794 -3.63337590 2.63747653 -3.12206939 
3.76139073 14.42472135 -9.80245594 7.45865559 -6.03400196 4.65594100 -4.22027937 3.41053499 -2.71288787 2.03373760 -1.91533326 1.09691822 -1.76742707 
3.77403084 14.59177805 -10.02473901 7.71249804 -6.30167392 4.92468572 -4.48069621 3.65607679 -2.93925601 2.23851359 -2.09728165 1.25581522 -1.90364889 
3.78862109 14.44924931 -9.83492683 7.49555539 -6.07272686 4.69464281 -4.25761487 3.44558600 -2.74506733 2.06273261 -1.94099921 1.11925310 -1.78650977 
3.80110545 14.61330057 -10.05356900 7.74563333 -6.33683268 4.96019691 -4.51530642 3.68889258 -2.96967197 2.26616828 -2.12197201 1.27747529 -1.92229833 
3.65461532 15.60841936 -11.43446980 9.38778407 -8.13820371 6.83909794 -6.40478281 5.53570269 -4.73248227 3.91452866 -3.63359192 2.63767472 -3.12224744 
3.66426159 15.60843444 -11.43449142 9.38781059 -8.13823367 6.83913008 -6.40481599 5.53573595 -4.73251477 3.91455973 -3.63362102 2.63770141 -3.12227142 
3.67386155 15.60844929 -11.43451273 9.38783674 -8.13826321 6.83916175 -6.40484870 5.53576873 -4.73254681 3.91459036 -3.63364970 2.63772772 -3.12229506 
3.68341565 15.60846394 -11.43453374 9.38786251 -8.13829232 6.83919298 -6.40488094 5.53580104 -4.73257839 3.91462056 -3.63367796 2.63775365 -3.12231835 
3.69292433 15.60847838 -11.43455445 9.38788791 -8.13832102 6.83922376 -6.40491272 5.53583289 -4.73260952 3.91465032 -3.63370583 2.63777922 -3.12234132 
3.70238802 15.60849261 -11.43457487 9.38791296 -8.13834932 6.83925410 -6.40494406 5.53586429 -4.73264022 3.91467966 -3.63373331 2.63780443 -3.12236397 
3.71180714 15.60850665 -11.43459500 9.38793765 -8.13837722 6.83928402 -6.40497495 5.53589526 -4.73267048 3.91470860 -3.63376040 2.63782928 -3.12238630 
3.72118210 15.60852049 -11.43461485 9.38796200 -8.13840473 6.83931353 -6.40500541 5.53592579 -4.73270032 3.91473712 -3.63378711 2.63785378 -3.12240831 
3.73051333 15.60853413 -11.43463442 9.38798601 -8.13843185 6.83934262 -6.40503545 5.53595589 -4.73272974 3.91476525 -3.63381345 2.63787795 -3.12243002 
3.73980122 15.60854759 -11.43465372 9.38800968 -8.13845860 6.83937130 -6.40506507 5.53598558 -4.73275876 3.91479300 -3.63383942 2.63790178 -3.12245143 
3.74904618 15.60856086 -11.43467276 9.38803304 -8.13848498 6.83939960 -6.40509428 5.53601486 -4.73278737 3.91482035 -3.63386503 2.63792528 -3.12247254 
3.75824860 15.60857395 -11.43469153 9.38805606 -8.13851100 6.83942750 -6.40512310 5.53604373 -4.73281560 3.91484734 -3.63389030 2.63794846 -3.12249336 
3.76740888 15.60858686 -11.43471005 9.38807878 -8.13853666 6.83945502 -6.40515151 5.53607221 -4.73284343 3.91487395 -3.63391522 2.63797132 -3.12251390 
3.62514813 14.40992371 -9.78289391 7.43645542 -6.01073439 4.63271669 -4.19790243 3.38955216 -2.69364606 2.01641870 -1.90001857 1.08360403 -1.75606207 
3.63042651 14.35797269 -9.71438031 7.35888061 -5.92961120 4.55191809 -4.12021376 3.31685009 -2.62710546 1.95663754 -1.84724747 1.03780120 -1.71702585 
3.78560451 15.60861216 -11.43474633 9.38812329 -8.13858695 6.83950895 -6.40520720 5.53612802 -4.73289798 3.91492610 -3.63396404 2.63801611 -3.12255414 
3.94468887 14.58194668 -10.01158427 7.69739495 -6.28566513 4.90853254 -4.46496803 3.64117795 -2.92545911 2.22597988 -2.08610046 1.24601377 -1.89521592 
4.08635448 15.60591285 -11.43087493 9.38337472 -8.13322251 6.83375625 -6.39926763 5.53017565 -4.72708047 3.90936464 -3.62875712 2.63323935 -3.11826298 
4.10187825 15.60597558 -11.43096490 9.38348505 -8.13334715 6.83388989 -6.39940561 5.53031391 -4.72721560 3.90949381 -3.62887805 2.63335029 -3.11836264 
4.11728247 15.60603688 -11.43105280 9.38359286 -8.13346893 6.83402048 -6.39954043 5.53044902 -4.72734764 3.90962003 -3.62899622 2.63345869 -3.11846001 
4.13256894 15.60609678 -11.43113870 9.38369822 -8.13358795 6.83414811 -6.39967219 5.53058106 -4.72747668 3.90974338 -3.62911170 2.63356462 -3.11855518 
4.14773947 15.60615533 -11.43122267 9.38380121 -8.13370429 6.83427286 -6.39980099 5.53071012 -4.72760281 3.90986396 -3.62922458 2.63366818 -3.11864820 
4.16279579 15.60621257 -11.43130476 9.38390189 -8.13381802 6.83439482 -6.39992690 5.53083630 -4.72772612 3.90998184 -3.62933494 2.63376942 -3.11873914 
4.17773961 15.60626854 -11.43138503 9.38400034 -8.13392923 6.83451407 -6.40005002 5.53095968 -4.72784670 3.91009710 -3.62944286 2.63386841 -3.11882807 
3.94810419 13.06187469 -8.08703413 5.60023540 -4.17099821 2.87296461 -2.56993616 1.92103396 -1.39559327 0.88726632 -0.93276774 0.26692237 -1.07793471 
3.79876966 14.50977722 -9.91529942 7.58715774 -6.16913342 4.79125546 -4.35106398 3.53354225 -2.82601739 2.13584276 -2.00585916 1.17581332 -1.83493093 
3.80291979 14.56425413 -9.98793406 7.67026737 -6.25693690 4.87957053 -4.43679190 3.61450936 -2.90078240 2.20357920 -2.06613121 1.22852037 -1.88017453 
3.80772155 14.51740737 -9.92545583 7.59876025 -6.18137215 4.80354707 -4.36297819 3.54477902 -2.83637939 2.14521860 -2.01419164 1.18309159 -1.84117173 
3.81185474 14.57155809 -9.99769390 7.68145828 -6.26878404 4.89151014 -4.44840381 3.62549657 -2.91094595 2.21280272 -2.07435137 1.23571956 -1.88636313 
3.65622043 15.60999040 -11.43672330 9.39054849 -8.14132701 6.84244765 -6.40824168 5.53916935 -4.73587069 3.91776822 -3.63662521 2.64045763 -3.12474762 
3.49597519 14.22488615 -9.54002813 7.16272798 -5.72575736 4.35008876 -3.92727262 3.13730052 -2.46365533 1.81053723 -1.71890032 0.92690560 -1.62292174 
3.49030230 14.28088696 -9.61318903 7.24481608 -5.81084532 4.43411947 -4.00740606 3.21169504 -2.53122397 1.87080244 -1.77173322 0.97246615 -1.66151176 
3.64653518 15.60999040 -11.43672330 9.39054849 -8.14132701 6.84244765 -6.40824168 5.53916935 -4.73587069 3.91776822 -3.63662521 2.64045763 -3.12474762 
3.80772155 14.51740737 -9.92545583 7.59876025 -6.18137215 4.80354707 -4.36297819 3.54477902 -2.83637939 2.14521860 -2.01419164 1.18309159 -1.84117173 
4.08950934 14.69362676 -10.16155629 7.87017684 -6.46942625 5.09455262 -4.64666352 3.81381638 -3.08579750 2.37204334 -2.21674651 1.36082371 -1.99423139 
4.22191258 15.60642918 -11.43161542 9.38428291 -8.13424844 6.83485636 -6.40040341 5.53131382 -4.72819280 3.91042796 -3.62975261 2.63415256 -3.11908332 
4.23642273 15.60648043 -11.43168891 9.38437305 -8.13435026 6.83496555 -6.40051614 5.53142678 -4.72830320 3.91053350 -3.62985142 2.63424320 -3.11916475 
4.25082837 15.60653057 -11.43176082 9.38446126 -8.13444990 6.83507240 -6.40062646 5.53153734 -4.72841125 3.91063678 -3.62994811 2.63433191 -3.11924443 
4.38401470 14.85450340 -10.37967515 8.12379292 -6.74157628 5.37242047 -4.92033368 4.07593766 -3.33112819 2.59717284 -2.41951700 1.54018660 -2.14988917 
4.39979181 15.03349173 -10.62523923 8.41257275 -7.05487537 5.69568293 -5.24196382 4.38702716 -3.62504243 2.86930120 -2.66670219 1.76058861 -2.34262152 
4.53268226 13.74936435 -8.93068487 6.49157876 -5.04246254 3.68677910 -3.30513792 2.56888392 -1.95525307 1.36357753 -1.33235144 0.59775743 -1.34747665 
4.64268927 15.17001226 -10.81458215 8.63755315 -7.30140727 5.95249706 -5.49984505 4.63867574 -3.86482371 3.09309995 -2.87154175 1.94454807 -2.50458657 
4.56152901 15.60428887 -11.42854611 9.38051860 -8.12999638 6.83029701 -6.39569643 5.52659713 -4.72358339 3.90602179 -3.62562766 2.63036867 -3.11568434 
4.57987737 15.60439235 -11.42869449 9.38070057 -8.13020191 6.83051739 -6.39592393 5.52682508 -4.72380615 3.90623472 -3.62582699 2.63055151 -3.11584857 
4.49718765 15.07994093 -10.68946236 8.48865955 -7.13801410 5.78205359 -5.32846570 4.47122507 -3.70507520 2.94382768 -2.73476627 1.82158883 -2.39622335 
4.40279837 15.60701790 -11.43245973 9.38531850 -8.13541830 6.83611086 -6.40169863 5.53261179 -4.72946133 3.91164062 -3.63088794 2.63519408 -3.12001894 
4.30576266 14.95007723 -10.51041973 8.27712127 -6.90747699 5.54315582 -5.08978309 4.23943897 -3.48524463 2.73955160 -2.54857469 1.65503305 -2.25012830 
4.31678753 14.84835832 -10.37129840 8.11400245 -6.73101773 5.36158837 -4.90961583 4.06562636 -3.32143613 2.58824286 -2.41144306 1.53301892 -2.14364742 
4.32657063 14.96156257 -10.52619002 8.29568122 -6.92762763 5.56396176 -5.11049771 4.25948736 -3.50419748 2.75710942 -2.56453154 1.66926789 -2.26258181 
4.21582548 15.60909390 -11.43543733 9.38897093 -8.13954462 6.84053602 -6.40626772 5.53719091 -4.73393687 3.91591933 -3.63489402 2.63886931 -3.12332065 
4.22311586 15.60910041 -11.43544667 9.38898239 -8.13955756 6.84054990 -6.40628205 5.53720528 -4.73395091 3.91593275 -3.63490659 2.63888084 -3.12333101 
4.10960920 14.79186700 -10.29445953 8.02438330 -6.63456299 5.26282649 -4.81207857 3.97195806 -3.23354556 2.50739599 -2.33846014 1.46832311 -2.08738784 
3.84020839 14.54473344 -9.96187456 7.64041414 -6.22536111 4.84777546 -4.40589504 3.58529799 -2.87378166 2.17909360 -2.04432429 1.20943441 -1.86377797 
3.67705132 15.60845420 -11.43451977 9.38784537 -8.13827296 6.83917221 -6.40485950 5.53577955 -4.73255738 3.91460048 -3.63365916 2.63773640 -3.12230286 
3.66746670 15.60843941 -11.43449856 9.38781935 -8.13824357 6.83914069 -6.40482695 5.53574693 -4.73252550 3.91456999 -3.63363062 2.63771022 -3.12227934 
3.49817493 14.16522088 -9.46240544 7.07598383 -5.63619521 4.26197242 -3.84354998 3.05984863 -2.39354954 1.74821051 -1.66442698 0.88006492 -1.58335615 
3.09901460 13.60878232 -8.75459667 6.30185859 -4.85343258 3.50705704 -3.13995408 2.42090420 -1.82539136 1.25143972 -1.23700207 0.51784111 -1.28160642 
3.06359349 13.95475522 -9.19127236 6.77583782 -5.32913167 3.96251741 -3.56144640 2.80101970 -2.16112335 1.54311612 -1.48643972 0.72802596 -1.45574078 
3.03457809 13.51828830 -8.64222170 6.18178913 -4.73476966 3.39511541 -3.03784527 2.33009926 -1.74626561 1.18356376 -1.17964554 0.47004291 -1.24242458 
2.99788189 13.87520135 -9.08987039 6.66473095 -5.21659681 3.85382398 -3.46000607 2.70879014 -2.07902473 1.47126839 -1.42457423 0.67556474 -1.41201439 
3.37318559 14.22587647 -9.54131934 7.16417398 -5.72725341 4.35156356 -3.92867657 3.13860173 -2.46483523 1.81158798 -1.71982014 0.92769771 -1.62359178 
3.35803411 14.00951333 -9.26141389 6.85305847 -5.40770788 4.03874989 -3.63289979 2.86625718 -2.21942909 1.59433551 -1.53070105 0.76568444 -1.48722943 
2.92702259 13.36013840 -8.44766035 5.97577170 -4.53294795 3.20632237 -2.86703556 2.17939196 -1.61593362 1.07254824 -1.08645258 0.39284864 -1.17951008 
2.36182856 12.25667629 -7.15436035 4.66810138 -3.30768234 2.10729880 -1.91184426 1.36826795 -0.93947618 0.51503154 -0.63232793 0.02657462 -0.88840820 
1.91545393 15.47287770 -11.24090546 9.15131898 -7.87209640 6.55476882 -6.11223674 5.24349466 -4.44779083 3.64317059 -3.38023850 2.40585698 -2.91450659 
2.88948117 8.18496279 -3.33463954 1.51256804 -0.85432626 0.23971941 -0.51299037 0.32995645 -0.17345864 -0.05885150 -0.19980972 -0.30535413 -0.63774454 
3.91360396 11.21823994 -6.03874714 3.63078164 -2.41201501 1.36363342 -1.31173239 0.89357131 -0.56941031 0.22760703 -0.41020962 -0.14501420 -0.75749178 
4.50145355 13.70831023 -8.87907119 6.43577093 -4.98666455 3.63355206 -3.25605891 2.52477974 -1.91643309 1.32996212 -1.30369368 0.57368002 -1.32758522 
4.70858560 15.60124896 -11.42418747 9.37517383 -8.12395998 6.82382530 -6.38901605 5.51990383 -4.71704313 3.89977063 -3.61977609 2.62500147 -3.11086355 
4.63678613 15.16770751 -10.81137101 8.63372100 -7.29719044 5.94808677 -5.49539940 4.63432152 -3.86066020 3.08920099 -2.86796183 1.94132352 -2.50173956 
4.35045676 13.70858693 -8.87941854 6.43614595 -4.98703897 3.63390874 -3.25638735 2.52507452 -1.91669223 1.33018625 -1.30388455 0.57384021 -1.32771744 
4.11086735 15.60899472 -11.43529507 9.38879642 -8.13934745 6.84032456 -6.40604937 5.53697207 -4.73372297 3.91571483 -3.63470254 2.63869364 -3.12316283 
4.11854979 15.60900234 -11.43530600 9.38880982 -8.13936259 6.84034080 -6.40606614 5.53698888 -4.73373940 3.91573054 -3.63471725 2.63870713 -3.12317495 
3.87429203 12.88307587 -7.87478872 5.38310529 -3.96532569 2.68666015 -2.40654733 1.78114248 -1.27805455 0.78977824 -0.85292666 0.20224386 -1.02632692 
3.53849720 15.60822603 -11.43419250 9.38744392 -8.13781942 6.83868582 -6.40435728 5.53527622 -4.73206543 3.91413015 -3.63321880 2.63733241 -3.12193992 
3.52822327 15.60820782 -11.43416638 9.38741188 -8.13778322 6.83864700 -6.40431720 5.53523605 -4.73202617 3.91409262 -3.63318366 2.63730017 -3.12191095 
3.34683995 13.99652125 -9.24474641 6.83468176 -5.38898172 4.02055723 -3.61582484 2.85064745 -2.20546057 1.58205030 -1.52007299 0.75663252 -1.47965306 
3.12022776 15.59929817 -11.42139085 9.37174501 -8.12008801 6.81967466 -6.38473215 5.51561218 -4.71285009 3.89576338 -3.61602539 2.62156156 -3.10777414 
3.50996642 12.24660577 -7.14307114 4.65717257 -3.29787327 2.09885693 -1.90479740 1.36251382 -0.93485529 0.51135151 -0.62942269 0.02429386 -0.88664163 
3.94578331 14.62967689 -10.07553495 7.77091208 -6.36368867 4.98735468 -4.54180594 3.71404644 -2.99301152 2.28741073 -2.14095593 1.29414454 -1.93666321 
4.33838611 13.52438843 -8.64977285 6.18983266 -4.74269524 3.40257063 -3.04462670 2.33611371 -1.75149289 1.18803697 -1.18341689 0.47317919 -1.24499035 
4.86070070 13.03112314 -8.05032034 5.56246904 -4.13503219 2.84021856 -2.54107596 1.89620682 -1.37463845 0.86981404 -0.91842018 0.25526028 -1.06859956 
4.95778720 14.47632567 -9.87083754 7.53643661 -6.11570410 4.73766563 -4.29918554 3.48467370 -2.78100650 2.09516119 -1.96974314 1.14429817 -1.80793391 
4.62182709 14.07814783 -9.34972801 6.95070987 -5.50749593 4.13595721 -3.72437457 2.95009513 -2.29463630 1.66063273 -1.58818098 0.81474028 -1.52836908 
4.20429848 13.46180940 -8.57247271 6.10766041 -4.66188953 3.32670572 -2.97574611 2.27513285 -1.69858436 1.14283337 -1.14536299 0.44157671 -1.21917045 
3.79577682 14.50721653 -9.91189216 7.58326670 -6.16503042 4.78713607 -4.34707232 3.52977871 -2.82254786 2.13270430 -2.00307069 1.17337824 -1.83284346 
3.62866215 15.60837807 -11.43441058 9.38771143 -8.13812164 6.83900993 -6.40469194 5.53561162 -4.73239325 3.91444356 -3.63351224 2.63760161 -3.12218177 
3.61884222 15.60836217 -11.43438777 9.38768345 -8.13809003 6.83897603 -6.40465693 5.53557654 -4.73235896 3.91441078 -3.63348155 2.63757346 -3.12215647 
3.44542029 14.10809640 -9.38840262 6.99362183 -5.55149500 4.17895755 -3.76496655 2.98741166 -2.32820956 1.69031042 -1.61397903 0.83681131 -1.54692183 
3.03457809 13.51828830 -8.64222170 6.18178913 -4.73476966 3.39511541 -3.03784527 2.33009926 -1.74626561 1.18356376 -1.17964554 0.47004291 -1.24242458 
2.28270833 8.31673222 -3.43507552 1.57996394 -0.89673753 0.26640943 -0.52973464 0.34053564 -0.18014735 -0.05416497 -0.20323686 -0.30254265 -0.63989476 
1.72420686 11.95805174 -6.82352120 4.35142366 -3.02655360 1.86783799 -1.71391610 1.20815832 -0.81203391 0.41431695 -0.55335201 -0.03509209 -0.84088492 
2.34278673 13.02117702 -8.03846449 5.55029179 -4.12345260 2.82969059 -2.53181001 1.88824626 -1.36792802 0.86423173 -0.91383585 0.25153758 -1.06562236 
3.55965376 8.40804368 -3.50557782 1.62784544 -0.92721856 0.28576604 -0.54196972 0.34831172 -0.18509246 -0.05070535 -0.20576028 -0.30049109 -0.64145948 
4.79553387 9.69032122 -4.57393630 2.40826650 -1.46086312 0.64553440 -0.78158828 0.50747472 -0.29063911 0.02339054 -0.25937937 -0.25884744 -0.67271129 
