9.16577642 0.21336775 -0.10736313 -0.01510017 -0.12500828 -0.19116418 -0.26134608 0.17362950 -0.09215997 -0.13514614 -0.14692825 -0.36882674 -0.58928414 
2.59734948 13.12056122 -8.15734121 5.67279937 -4.24032810 2.93628400 -2.62590979 1.96932543 -1.43646621 0.92139458 -0.96089101 0.28983001 -1.09630844 
2.83074470 15.60999040 -11.43672330 9.39054849 -8.14132701 6.84244765 -6.40824168 5.53916935 -4.73587069 3.91776822 -3.63662521 2.64045763 -3.12474762 
2.59031590 13.00742186 -8.02208327 5.53348136 -4.10748104 2.81518148 -2.51905032 1.87729259 -1.35870130 0.85656133 -0.90754067 0.24642840 -1.06153848 
1.94970164 11.59590694 -6.43317763 3.98752069 -2.71169876 1.60604585 -1.50246629 1.04082179 -0.68157116 0.31302766 -0.47512969 -0.09546119 -0.79486988 
0.99098329 8.56378454 -3.62753451 1.71177182 -0.98132835 0.32047703 -0.56409716 0.36247094 -0.19415633 -0.04437114 -0.21036879 -0.29677967 -0.64428158 
-0.64494461 -1.44569490 -0.13772469 -0.04714935 -0.12772270 -0.20702911 -0.25613077 0.16691422 -0.09528311 -0.14161936 -0.14797968 -0.37492605 -0.58598763 
-1.10324998 -1.76906754 -0.17177761 -0.05591088 -0.12951605 -0.21020008 -0.25563575 0.16561495 -0.09617483 -0.14299730 -0.14845462 -0.37608620 -0.58548070 
1.98452073 3.73421651 -0.84339779 0.20078973 -0.18235647 -0.14070415 -0.29076018 0.19497362 -0.09537308 -0.12058245 -0.15295890 -0.35251956 -0.60085156 
3.38823467 9.65491119 -4.54246703 2.38386998 -1.44321789 0.63306907 -0.77294108 0.50152855 -0.28656992 0.02050638 -0.25729129 -0.26043239 -0.67153242 
4.12110080 13.10169520 -8.13470485 5.64940183 -4.21794112 2.91580969 -2.60778664 1.95366956 -1.42319911 0.91030425 -0.95174254 0.28237123 -1.09032060 
4.14749120 13.51697297 -8.64059395 6.18005570 -4.73306211 3.39350960 -3.03638494 2.32880440 -1.74514048 1.18260114 -1.17883412 0.46936825 -1.24187273 
3.36677264 7.65281204 -2.94469148 1.26022167 -0.70092208 0.14566971 -0.45521560 0.29402991 -0.15111268 -0.07462818 -0.18816826 -0.31518456 -0.63016678 
1.54107764 -0.08040458 -0.09513823 -0.02068134 -0.12480471 -0.19401177 -0.26010303 0.17239415 -0.09253583 -0.13624379 -0.14694781 -0.36994106 -0.58861490 
-5.25519801 -3.83419135 -0.60583003 -0.17483571 -0.16225310 -0.23575873 -0.25769020 0.15595443 -0.10439080 -0.15344832 -0.15380002 -0.38381286 -0.58339255 
1.35694641 -0.85241371 -0.09911848 -0.03447427 -0.12564657 -0.20135804 -0.25749099 0.16927126 -0.09388888 -0.13921046 -0.14734028 -0.37278739 -0.58703281 
2.72159880 10.19595922 -5.03552380 2.77541614 -1.73314128 0.84219821 -0.92081463 0.60497881 -0.35849795 0.07191166 -0.29465443 -0.23221626 -0.69248368 
3.33558337 13.98337232 -9.22789386 6.81611812 -5.37008209 4.00221191 -3.59862104 2.83493271 -2.19140908 1.56970123 -1.50939714 0.74754581 -1.47205231 
3.52308644 15.60283559 -11.42646229 9.37796320 -8.12711016 6.82720253 -6.39250204 5.52339644 -4.72045576 3.90303231 -3.62282918 2.62780176 -3.11337869 
3.37318559 14.22587647 -9.54131934 7.16417398 -5.72725341 4.35156356 -3.92867657 3.13860173 -2.46483523 1.81158798 -1.71982014 0.92769771 -1.62359178 
3.18849146 15.60748721 -11.43313283 9.38614411 -8.13635098 6.83711104 -6.40273130 5.53364669 -4.73047278 3.91260756 -3.63179324 2.63602458 -3.12076502 
3.20066177 15.60751747 -11.43317623 9.38619734 -8.13641111 6.83717553 -6.40279788 5.53371341 -4.73053799 3.91266990 -3.63185161 2.63607813 -3.12081312 
3.41309230 14.07220775 -9.34206722 6.94222044 -5.49880212 4.12747077 -3.71637263 2.94274705 -2.28803240 1.65480098 -1.58311644 0.81041128 -1.52473328 
3.42787787 14.28129360 -9.61372135 7.24541453 -5.81146682 4.43473438 -4.00799349 3.21224134 -2.53172097 1.87124640 -1.77212301 0.97280275 -1.66179724 
3.05196005 13.78250582 -8.97246557 6.53687472 -5.08786797 3.73020030 -3.34527203 2.60503420 -1.98714376 1.39125096 -1.35599043 0.61765478 -1.36394368 
2.81609262 15.60999040 -11.43672330 9.39054849 -8.14132701 6.84244765 -6.40824168 5.53916935 -4.73587069 3.91776822 -3.63662521 2.64045763 -3.12474762 
2.57394269 12.97957416 -7.98897242 5.49955573 -4.07529721 2.78598687 -2.49341176 1.85531258 -1.34021057 0.84120772 -0.89495350 0.23622253 -1.05338822 
2.56456577 13.06646358 -8.09252022 5.60588620 -4.17638654 2.87787656 -2.57427037 1.92476674 -1.39874730 0.88989580 -0.93493145 0.26868255 -1.07934479 
2.55743699 12.95126800 -7.95538967 5.46521881 -4.04278994 2.75655653 -2.46761505 1.83323729 -1.32167209 0.82583906 -0.88237250 0.22603497 -1.04526266 
2.22434592 15.60343414 -11.42732050 9.37901560 -8.12829878 6.82847688 -6.39381751 5.52471447 -4.72174369 3.90426332 -3.62398152 2.62885873 -3.11432806 
2.53124597 13.01055137 -8.02580871 5.53730290 -4.11111047 2.81847735 -2.52194776 1.87977906 -1.36079506 0.85830141 -0.90896837 0.24758684 -1.06246423 
2.52401959 12.89323743 -7.88677223 5.39528706 -3.97679323 2.69698631 -2.41555143 1.78880901 -1.28446186 0.79506669 -0.85723842 0.20572291 -1.02909242 
2.18441214 15.60316760 -11.42693833 9.37854695 -8.12776946 6.82790938 -6.39323169 5.52412751 -4.72117013 3.90371510 -3.62346833 2.62838801 -3.11390526 
2.49737265 12.95273845 -7.95713242 5.46699890 -4.04447352 2.75807933 -2.46894863 1.83437749 -1.32262881 0.82663158 -0.88302081 0.22655962 -1.04568087 
2.49004619 12.83324121 -7.81615628 5.32363727 -3.90946752 2.63646704 -2.36286911 1.74402519 -1.24709157 0.76426542 -0.83215792 0.18550896 -1.01304158 
2.14366476 15.60288449 -11.42653239 9.37804916 -8.12720725 6.82730662 -6.39260949 5.52350409 -4.72056096 3.90313286 -3.62292330 2.62788809 -3.11345623 
2.46292750 12.89293329 -7.88641342 5.39492218 -3.97644962 2.69667679 -2.41528145 1.78857906 -1.28426962 0.79490798 -0.85710899 0.20561845 -1.02900936 
2.45549839 12.77118478 -7.74346354 5.25021930 -3.84078986 2.57499645 -2.30957967 1.69890530 -1.20958396 0.73345780 -0.80715151 0.16541052 -0.99712439 
2.10206993 15.60258339 -11.42610068 9.37751978 -8.12660937 6.82666562 -6.39194783 5.52284115 -4.71991318 3.90251371 -3.62234373 2.62735649 -3.11297875 
2.42789130 12.83103848 -7.81356994 5.32101922 -3.90701310 2.63426558 -2.36095677 1.74240287 -1.24574045 0.76315377 -0.83125421 0.18478164 -1.01246484 
2.42035691 12.70696751 -7.66861192 5.17498176 -3.77073803 2.51257404 -2.25569688 1.65347095 -1.17196365 0.70266789 -0.78224077 0.14544573 -0.98135551 
2.05959165 15.60226277 -11.42564098 9.37695608 -8.12597274 6.82598309 -6.39124330 5.52213528 -4.71922345 3.90185448 -3.62172665 2.62679050 -3.11247039 
2.39224391 12.76695026 -7.73851613 5.24523507 -3.83613887 2.57084325 -2.30598735 1.69587031 -1.20706625 0.73139373 -0.80547900 0.16406829 -0.99606291 
2.38460151 12.64048226 -7.59151534 5.09787202 -3.69929059 2.44920125 -2.20123687 1.60774600 -1.13425719 0.67192122 -0.75744833 0.12563335 -0.96574998 
2.37418444 12.73404935 -7.70013234 5.20661998 -3.80015497 2.53875270 -2.27826551 1.67247772 -1.18768314 0.71551971 -0.79262859 0.15376411 -0.98792044 
2.63134598 15.60999040 -11.43672330 9.39054849 -8.14132701 6.84244765 -6.40824168 5.53916935 -4.73587069 3.91776822 -3.63662521 2.64045763 -3.12474762 
2.63134598 15.60999040 -11.43672330 9.39054849 -8.14132701 6.84244765 -6.40824168 5.53916935 -4.73587069 3.91776822 -3.63662521 2.64045763 -3.12474762 
2.63134598 15.60999040 -11.43672330 9.39054849 -8.14132701 6.84244765 -6.40824168 5.53916935 -4.73587069 3.91776822 -3.63662521 2.64045763 -3.12474762 
2.36648699 12.60635373 -7.55209713 5.05859831 -3.66303710 2.41715952 -2.17379614 1.58478269 -1.11538052 0.65657251 -0.74510384 0.11579037 -0.95801326 
1.63846809 10.80544134 -5.62234009 3.26649025 -2.11572878 1.13102945 -1.13381547 0.75980635 -0.47001121 0.15336100 -0.35464031 -0.18706244 -0.72604348 
1.59037494 11.16125400 -5.98034985 3.57892126 -2.36922035 1.32958834 -1.28536591 0.87351769 -0.55434830 0.21626420 -0.40166672 -0.15149892 -0.75262636 
1.92645974 15.60116543 -11.42406771 9.37502699 -8.12379415 6.82364753 -6.38883257 5.51972001 -4.71686352 3.89959897 -3.61961542 2.62485410 -3.11073120 
2.28141718 12.56038142 -7.49916810 5.00602476 -3.61465154 2.37451652 -2.13737634 1.55438542 -1.09045547 0.63635144 -0.72887371 0.10287165 -0.94787567 
2.27343354 12.42623723 -7.34583013 4.85476632 -3.47637757 2.25342969 -2.03459473 1.46910427 -1.02091823 0.58021984 -0.68402329 0.06730819 -0.92006883 
2.26234897 12.52370291 -7.45707801 4.96434980 -3.57641500 2.34091697 -2.10876144 1.53056727 -1.07097572 0.62058470 -0.71624529 0.09283771 -0.94001511 
2.01232741 7.59684834 -2.90514050 1.23547710 -0.68636278 0.13695704 -0.44996491 0.29081012 -0.14914068 -0.07603530 -0.18711963 -0.31609696 -0.62945844 
1.45340251 10.79946355 -5.61642269 3.26140659 -2.11166688 1.12789242 -1.13145285 0.75805560 -0.46872773 0.15241202 -0.35393548 -0.18759395 -0.72564738 
1.80831928 15.60006225 -11.42248617 9.37308789 -8.12160440 6.82130013 -6.38640976 5.51729277 -4.71449202 3.89733252 -3.61749403 2.62290848 -3.10898379 
1.78383010 15.59981691 -11.42213447 9.37265669 -8.12111747 6.82077817 -6.38587105 5.51675310 -4.71396476 3.89682862 -3.61702240 2.62247594 -3.10859533 
2.16425751 12.32960865 -7.23639464 4.74777523 -3.37942027 2.16922333 -1.96368522 1.41071581 -0.97365385 0.54231328 -0.65390998 0.04354594 -0.90157420 
2.15590500 12.18697060 -7.07640868 4.59281428 -3.24026246 2.04940051 -1.86361309 1.32896209 -0.90797016 0.48998144 -0.61258032 0.01108994 -0.87642765 
1.73393340 15.59929817 -11.42139085 9.37174501 -8.12008801 6.81967466 -6.38473215 5.51561218 -4.71285009 3.89576338 -3.61602539 2.62156156 -3.10777414 
2.12367206 12.24660577 -7.14307114 4.65717257 -3.29787327 2.09885693 -1.90479740 1.36251382 -0.93485529 0.51135151 -0.62942269 0.02429386 -0.88664163 
2.11519005 12.10093182 -6.98080210 4.50103963 -3.15856735 1.97963744 -1.80581172 1.28209967 -0.87059066 0.46038834 -0.58933897 -0.00707919 -0.86241011 
2.10307541 12.20386853 -7.09526493 4.61098820 -3.25650431 2.06332183 -1.87518865 1.33837896 -0.91550572 0.49596409 -0.61729049 0.01477945 -0.87927942 
2.09452737 12.05663513 -6.93184221 4.45428372 -3.11715542 1.94444138 -1.77678292 1.25866663 -0.85197632 0.44570420 -0.57784269 -0.01604414 -0.85550983 
1.65667378 15.59844249 -11.42016427 9.37024127 -8.11839007 6.81785466 -6.38285385 5.51373061 -4.71101187 3.89400672 -3.61438129 2.62005378 -3.10642006 
1.21144007 9.52937439 -4.43180268 2.29873367 -1.38209647 0.59016791 -0.74335305 0.48128689 -0.27278276 0.01075491 -0.25023675 -0.26579901 -0.66753738 
0.38575388 15.45272286 -11.21226808 9.11650150 -7.83309327 6.51327587 -6.06972206 5.20119765 -4.40673759 3.60417956 -3.34395705 2.37276447 -2.88493961 
0.28410282 15.43675431 -11.18960570 9.08897929 -7.80229544 6.48054539 -6.03621829 5.16789645 -4.37444428 3.57353407 -3.31546370 2.34679480 -2.86175287 
0.17701126 15.41826936 -11.16340177 9.05719013 -7.76675927 6.44281602 -5.99763358 5.12957922 -4.33731833 3.53833078 -3.28275738 2.31700649 -2.83517455 
0.94460878 9.24965123 -4.19027306 2.11651674 -1.25372119 0.50151260 -0.68309128 0.44058200 -0.24537852 -0.00853856 -0.23629580 -0.27647554 -0.65956832 
1.86182811 11.67146156 -6.51363404 4.06165306 -2.77510663 1.65820035 -1.54415676 1.07349017 -0.70680357 0.33246362 -0.49003918 -0.08401055 -0.80355781 
2.51275779 12.87346165 -7.86345943 5.37159714 -3.95450014 2.67691882 -2.39805887 1.77391965 -1.27202179 0.78480173 -0.84887131 0.19897318 -1.02372818 
2.76898743 15.60618411 -11.43126395 9.38385184 -8.13376148 6.83433418 -6.39986430 5.53077357 -4.72766481 3.90992323 -3.62928007 2.63371908 -3.11869393 
2.53683723 13.01999967 -8.03706168 5.54885155 -4.12208361 2.82844641 -2.53071538 1.88730618 -1.36713584 0.86357294 -0.91329500 0.25109849 -1.06527129 
2.22102388 15.60999040 -11.43672330 9.39054849 -8.14132701 6.84244765 -6.40824168 5.53916935 -4.73587069 3.91776822 -3.63662521 2.64045763 -3.12474762 
1.89865082 11.61496117 -6.45341931 4.00612823 -2.72757854 1.61907981 -1.51286423 1.04895404 -0.68784108 0.31785004 -0.47882437 -0.09262611 -0.79701916 
1.88495784 11.72511543 -6.57108277 4.11486557 -2.82085499 1.69601021 -1.57451894 1.09738482 -0.72533453 0.34678607 -0.50105731 -0.07553148 -0.81000333 
2.52962728 12.90304323 -7.89834520 5.40706033 -3.98788435 2.70698051 -2.42427195 1.79623891 -1.29067527 0.80019802 -0.86142425 0.20910190 -1.03177955 
2.53683723 13.01999967 -8.03706168 5.54885155 -4.12208361 2.82844641 -2.53071538 1.88730618 -1.36713584 0.86357294 -0.91329500 0.25109849 -1.06527129 
2.22102388 15.60999040 -11.43672330 9.39054849 -8.14132701 6.84244765 -6.40824168 5.53916935 -4.73587069 3.91776822 -3.63662521 2.64045763 -3.12474762 
1.89865082 11.61496117 -6.45341931 4.00612823 -2.72757854 1.61907981 -1.51286423 1.04895404 -0.68784108 0.31785004 -0.47882437 -0.09262611 -0.79701916 
1.40519245 15.59515612 -11.41545405 9.36446746 -8.11187134 6.81086810 -6.37564427 5.50650922 -4.70395758 3.88726602 -3.60807305 2.61426906 -3.10122540 
1.37519357 15.59470655 -11.41480978 9.36367780 -8.11097990 6.80991278 -6.37465854 5.50552197 -4.70299326 3.88634465 -3.60721086 2.61347848 -3.10051551 
1.34473789 15.59423626 -11.41413584 9.36285179 -8.11004745 6.80891354 -6.37362753 5.50448939 -4.70198468 3.88538101 -3.60630913 2.61265166 -3.09977309 
1.81478240 11.56056803 -6.39572338 3.95316679 -2.68244449 1.58208279 -1.48338638 1.02592653 -0.67010665 0.30422243 -0.46839147 -0.10062752 -0.79095626 
2.14020480 15.60999040 -11.43672330 9.39054849 -8.14132701 6.84244765 -6.40824168 5.53916935 -4.73587069 3.91776822 -3.63662521 2.64045763 -3.12474762 
1.80529486 11.39012878 -6.21666786 3.79031512 -2.54490181 1.47027515 -1.39500618 0.95740026 -0.61770079 0.26418311 -0.43788337 -0.12395124 -0.77333629 
1.79085493 11.50325176 -6.33521649 3.89787919 -2.63553808 1.54379281 -1.45299906 1.00227732 -0.65195742 0.29031645 -0.45777101 -0.10875946 -0.78480398 
1.78128870 11.33076658 -6.15492105 3.73468983 -2.49835668 1.43276553 -1.36559948 0.93477621 -0.60052479 0.25113772 -0.42799127 -0.13149037 -0.76765771 
1.76664974 11.44463537 -6.27364434 3.84188650 -2.58825405 1.50536156 -1.42262506 0.97873026 -0.63395247 0.27656217 -0.44729219 -0.11676984 -0.77875308 
1.75700390 11.27006110 -6.09210602 3.67838513 -2.45147234 1.39515316 -1.33623845 0.91227823 -0.58350890 0.23825289 -0.41824462 -0.13890763 -0.76207890 
1.74216063 11.38467634 -6.21098313 3.78518247 -2.54059763 1.46679950 -1.39227612 0.95529610 -0.61610063 0.26296612 -0.43695953 -0.12465582 -0.77280525 
1.73243428 11.20796846 -6.02819963 3.62139637 -2.40425556 1.35744951 -1.30693523 0.88991701 -0.56666160 0.22553468 -0.40864742 -0.14620064 -0.75660117 
1.18508888 15.59152515 -11.41025109 9.35809097 -8.10467363 6.80315528 -6.36768667 5.49853996 -4.69617398 3.87982959 -3.60111472 2.60788906 -3.09549692 
1.69230484 11.26055095 -6.08229551 3.66961726 -2.44419232 1.38932837 -1.33170294 0.90881109 -0.58089241 0.23627512 -0.41675064 -0.14004359 -0.76122519 
2.03436000 15.60999040 -11.43672330 9.39054849 -8.14132701 6.84244765 -6.40824168 5.53916935 -4.73587069 3.91776822 -3.63662521 2.64045763 -3.12474762 
1.68241475 11.07943643 -5.89701779 3.50535018 -2.30885568 1.28181785 -1.24855329 0.84564913 -0.53350738 0.20062241 -0.38991717 -0.16040489 -0.74595379 
1.66692471 11.19628988 -6.01621878 3.61074554 -2.39545771 1.35044389 -1.30150488 0.88578343 -0.56355453 0.22319342 -0.40688325 -0.14754013 -0.75559591 
1.65695144 11.01289929 -5.82969367 3.44628577 -2.26069016 1.24391645 -1.21950144 0.82376532 -0.51721806 0.18844046 -0.38079183 -0.16731187 -0.74078630 
1.64123378 11.13049656 -5.94895230 3.55114151 -2.34637937 1.31147783 -1.27138425 0.86291500 -0.54640671 0.21029646 -0.39717969 -0.15490175 -0.75007560 
1.99040219 15.60999040 -11.43672330 9.39054849 -8.14132701 6.84244765 -6.40824168 5.53916935 -4.73587069 3.91776822 -3.63662521 2.64045763 -3.12474762 
1.99040219 15.60999040 -11.43672330 9.39054849 -8.14132701 6.84244765 -6.40824168 5.53916935 -4.73587069 3.91776822 -3.63662521 2.64045763 -3.12474762 
2.35432106 12.58326320 -7.52548825 5.03214498 -3.63867023 2.39566717 -2.15542599 1.56943883 -1.10278993 0.64635154 -0.73689540 0.10925347 -0.95288124 
2.62867230 15.60561154 -11.43044283 9.38284476 -8.13262387 6.83311433 -6.39860491 5.52951155 -4.72643147 3.90874424 -3.62817631 2.63270656 -3.11778438 
2.38022199 12.74508119 -7.71299155 5.21954594 -3.81219040 2.54947765 -2.28752348 1.68028430 -1.19414724 0.72081027 -0.79690900 0.15719470 -0.99063006 
2.39060427 12.65172539 -7.60452445 5.11085593 -3.71129629 2.45982926 -2.21035286 1.61538592 -1.14054639 0.67704153 -0.76157119 0.12892401 -0.96833891 
2.39822847 12.77778855 -7.75118237 5.25799878 -3.84805213 2.58148390 -2.31519308 1.70364951 -1.21352090 0.73668638 -0.80976835 0.16751111 -0.99878599 
2.05598183 15.60999040 -11.43672330 9.39054849 -8.14132701 6.84244765 -6.40824168 5.53916935 -4.73587069 3.91776822 -3.63662521 2.64045763 -3.12474762 
2.05598183 15.60999040 -11.43672330 9.39054849 -8.14132701 6.84244765 -6.40824168 5.53916935 -4.73587069 3.91776822 -3.63662521 2.64045763 -3.12474762 
2.05598183 15.60999040 -11.43672330 9.39054849 -8.14132701 6.84244765 -6.40824168 5.53916935 -4.73587069 3.91776822 -3.63662521 2.64045763 -3.12474762 
2.05598183 15.60999040 -11.43672330 9.39054849 -8.14132701 6.84244765 -6.40824168 5.53916935 -4.73587069 3.91776822 -3.63662521 2.64045763 -3.12474762 
2.05598183 15.60999040 -11.43672330 9.39054849 -8.14132701 6.84244765 -6.40824168 5.53916935 -4.73587069 3.91776822 -3.63662521 2.64045763 -3.12474762 
2.40850769 12.68506325 -7.64316687 5.14948917 -3.74707831 2.49155524 -2.23760681 1.63826034 -1.15940303 0.69241289 -0.77396233 0.13882372 -0.97613476 
2.41607778 12.80992476 -7.78880196 5.29596962 -3.88354932 2.61323721 -2.34270457 1.72693049 -1.23286387 0.75256647 -0.82265249 0.17786251 -1.00698090 
2.07737241 15.60999040 -11.43672330 9.39054849 -8.14132701 6.84244765 -6.40824168 5.53916935 -4.73587069 3.91776822 -3.63662521 2.64045763 -3.12474762 
2.07737241 15.60999040 -11.43672330 9.39054849 -8.14132701 6.84244765 -6.40824168 5.53916935 -4.73587069 3.91776822 -3.63662521 2.64045763 -3.12474762 
2.07737241 15.60999040 -11.43672330 9.39054849 -8.14132701 6.84244765 -6.40824168 5.53916935 -4.73587069 3.91776822 -3.63662521 2.64045763 -3.12474762 
1.73243428 11.20796846 -6.02819963 3.62139637 -2.40425556 1.35744951 -1.30693523 0.88991701 -0.56666160 0.22553468 -0.40864742 -0.14620064 -0.75660117 
1.71738120 11.32333031 -6.14720848 3.72776122 -2.49257482 1.42811780 -1.36196447 0.93198590 -0.59841089 0.24953490 -0.42677754 -0.13241462 -0.76696211 
2.40850769 12.68506325 -7.64316687 5.14948917 -3.74707831 2.49155524 -2.23760681 1.63826034 -1.15940303 0.69241289 -0.77396233 0.13882372 -0.97613476 
2.41607778 12.80992476 -7.78880196 5.29596962 -3.88354932 2.61323721 -2.34270457 1.72693049 -1.23286387 0.75256647 -0.82265249 0.17786251 -1.00698090 
2.07737241 15.60999040 -11.43672330 9.39054849 -8.14132701 6.84244765 -6.40824168 5.53916935 -4.73587069 3.91776822 -3.63662521 2.64045763 -3.12474762 
2.42625590 12.71782491 -7.68124071 5.18764993 -3.78250968 2.52304384 -2.26471790 1.66106419 -1.17824042 0.70779725 -0.78638497 0.14876313 -0.98397273 
2.43377256 12.84150371 -7.82586165 5.33346552 -3.91868503 2.64473762 -2.37005603 1.75012426 -1.25217275 0.76844723 -0.83555844 0.18824639 -1.01521278 
2.09853663 15.60999040 -11.43672330 9.39054849 -8.14132701 6.84244765 -6.40824168 5.53916935 -4.73587069 3.91776822 -3.63662521 2.64045763 -3.12474762 
2.44385151 12.75002427 -7.71875704 5.22534487 -3.81759302 2.55429471 -2.29168392 1.68379433 -1.19705511 0.72319130 -0.79883621 0.15873983 -0.99185088 
2.70783707 15.60594440 -11.43092018 9.38343020 -8.13328519 6.83382346 -6.39933702 5.53024518 -4.72714843 3.90942960 -3.62881794 2.63329514 -3.11831310 
2.97847112 13.52016402 -8.64454322 6.18426165 -4.73720556 3.39740642 -3.03992893 2.33194701 -1.74787132 1.18493767 -1.18080375 0.47100598 -1.24321238 
2.99635054 13.79176883 -8.98416161 6.54957403 -5.10061680 3.74240931 -3.35657233 2.61522636 -1.99614651 1.39907258 -1.36267933 0.62329085 -1.36861278 
2.76898743 15.60618411 -11.43126395 9.38385184 -8.13376148 6.83433418 -6.39986430 5.53077357 -4.72766481 3.90992323 -3.62928007 2.63371908 -3.11869393 
2.78398729 15.60624071 -11.43134512 9.38395139 -8.13387394 6.83445478 -6.39998881 5.53089833 -4.72778675 3.91003979 -3.62938920 2.63381919 -3.11878385 
2.79887549 15.60629606 -11.43142450 9.38404875 -8.13398391 6.83457270 -6.40011056 5.53102034 -4.72790599 3.91015378 -3.62949592 2.63391709 -3.11887179 
2.81365368 15.60635019 -11.43150213 9.38414396 -8.13409147 6.83468804 -6.40022964 5.53113967 -4.72802261 3.91026526 -3.62960029 2.63401283 -3.11895780 
2.82832348 15.60640314 -11.43157807 9.38423710 -8.13419669 6.83480087 -6.40034612 5.53125640 -4.72813669 3.91037432 -3.62970239 2.63410649 -3.11904194 
2.60276250 13.12940684 -8.16796594 5.68379266 -4.25085715 2.94592271 -2.63444956 1.97670922 -1.44272875 0.92663374 -0.96521598 0.29335848 -1.09914283 
2.29870355 15.60999040 -11.43672330 9.39054849 -8.14132701 6.84244765 -6.40824168 5.53916935 -4.73587069 3.91776822 -3.63662521 2.64045763 -3.12474762 
2.61194433 13.04385673 -8.06551219 5.57808593 -4.14989485 2.85374212 -2.55298749 1.90644778 -1.38327726 0.87700519 -0.92432923 0.26006128 -1.07244107 
2.85734416 15.60650564 -11.43172506 9.38441739 -8.13440035 6.83501926 -6.40057160 5.53148236 -4.72835752 3.91058542 -3.62990003 2.63428780 -3.11920481 
2.87169811 15.60655524 -11.43179621 9.38450466 -8.13449893 6.83512497 -6.40068074 5.53159173 -4.72846440 3.91068760 -3.62999569 2.63437555 -3.11928364 
2.65084265 13.20690964 -8.26136593 5.78074260 -4.34400382 3.03144859 -2.71044451 2.04260128 -1.49876540 0.97362965 -1.00410071 0.32514773 -1.12472914 
2.65978499 13.12304283 -8.16032122 5.67588202 -4.24327989 2.93898559 -2.62830285 1.97139413 -1.43822042 0.92286187 -0.96210206 0.29081788 -1.09710187 
2.66662018 13.23192760 -8.29163408 5.81228031 -4.37441642 3.05947171 -2.73542994 2.06433659 -1.51730827 0.98922627 -1.01704036 0.33575198 -1.13328401 
2.67548539 13.14861234 -8.19105909 5.70771178 -4.27378943 2.96693625 -2.65308481 1.99283650 -1.45641897 0.93809599 -0.97468518 0.30108896 -1.10535658 
2.91415200 15.60669788 -11.43200077 9.38475556 -8.13478236 6.83542890 -6.40099453 5.53190619 -4.72877173 3.91098139 -3.63027074 2.63462788 -3.11951031 
3.15874568 13.76541610 -8.95090813 6.51349012 -5.06441374 3.70775899 -3.32451879 2.58633157 -1.97063686 1.37692044 -1.34374388 0.60734256 -1.35540607 
3.36185792 15.60158717 -11.42467236 9.37576838 -8.12463141 6.82454509 -6.38975901 5.52064817 -4.71777041 3.90046572 -3.62042671 2.62559820 -3.11139951 
3.19960000 14.03758295 -9.29747841 6.89287902 -5.44834296 4.07828093 -3.67005107 2.90026383 -2.24989771 1.62116352 -1.55393568 0.78549367 -1.50382581 
2.99644835 15.60695774 -11.43237345 9.38521268 -8.13529875 6.83598266 -6.40156626 5.53247914 -4.72933169 3.91151669 -3.63077191 2.63508764 -3.11992332 
3.00984111 15.60699805 -11.43243126 9.38528358 -8.13537885 6.83606855 -6.40165494 5.53256801 -4.72941855 3.91159972 -3.63084965 2.63515895 -3.11998739 
3.02314478 15.60703756 -11.43248792 9.38535308 -8.13545736 6.83615275 -6.40174187 5.53265513 -4.72950369 3.91168112 -3.63092585 2.63522886 -3.12005019 
3.03636055 15.60707629 -11.43254347 9.38542121 -8.13553433 6.83623529 -6.40182709 5.53274053 -4.72958715 3.91176091 -3.63100056 2.63529739 -3.12011175 
3.26669374 13.90103608 -9.12273512 6.70067239 -5.25293240 3.88885637 -3.49264383 2.73841434 -2.10535195 1.49427306 -1.44435402 0.69231513 -1.42595777 
3.63773568 14.25068473 -9.57369527 7.20046353 -5.76483187 4.38863970 -3.96400041 3.17136635 -2.49456787 1.83808512 -1.74303143 0.94769941 -1.64052149 
3.80965072 15.59792204 -11.41941828 9.36932675 -8.11735748 6.81674788 -6.38171165 5.51258646 -4.70989413 3.89293860 -3.61338164 2.61913704 -3.10559679 
3.68862071 14.57519544 -10.00255616 7.68703555 -6.27469050 4.89746477 -4.45419695 3.63097985 -2.91601976 2.21740862 -2.07845739 1.23931655 -1.88945597 
3.54363403 15.60298078 -11.42667046 9.37821847 -8.12739848 6.82751163 -6.39282112 5.52371613 -4.72076815 3.90333089 -3.62310868 2.62805812 -3.11360895 
3.23255845 11.63503751 -6.47478236 4.02579808 -2.74439108 1.63289948 -1.52390428 1.05759980 -0.69451515 0.32298852 -0.48276459 -0.08960082 -0.79931393 
3.00668597 13.64197652 -8.79600829 6.34630361 -4.89754850 3.54884816 -3.17822882 2.45507510 -1.85527942 1.27716859 -1.25881517 0.53607426 -1.29659608 
3.01258909 13.73135831 -8.90802811 6.46706068 -5.01792906 3.66335796 -3.28352584 2.54944846 -1.93813429 1.34874417 -1.31969796 0.58712031 -1.33868408 
3.01992852 13.65995013 -8.81847424 6.37045967 -4.92156883 3.57164195 -3.19913966 2.47377410 -1.87166025 1.29129044 -1.27080416 0.54610827 -1.30485510 
3.22478245 15.60757636 -11.43326069 9.38630094 -8.13652815 6.83730104 -6.40292747 5.53384328 -4.73066493 3.91279125 -3.63196522 2.63618236 -3.12090676 
3.43470175 14.09627224 -9.37312320 6.97665756 -5.53409019 4.16193769 -3.74889066 2.97262471 -2.31489876 1.67853812 -1.60374076 0.82804822 -1.53955247 
3.61393238 15.60345564 -11.42735133 9.37905341 -8.12834148 6.82852267 -6.39386478 5.52476183 -4.72178996 3.90430756 -3.62402293 2.62889671 -3.11436218 
3.47058721 14.32331205 -9.66881141 7.30743920 -5.87597317 4.49864405 -4.06912917 3.26916992 -2.58357652 1.91762408 -1.81288707 1.00804169 -1.69171464 
3.48773382 14.15405535 -9.44791671 7.05983256 -5.61955942 4.24564313 -3.82806982 3.04555915 -2.38064255 1.73675851 -1.65443682 0.87148973 -1.57612506 
3.50203518 14.35355865 -9.70857078 7.35231556 -5.92275884 4.54510558 -4.11367504 3.31074154 -2.62152382 1.95163074 -1.84283433 1.03397614 -1.71377022 
3.51889632 14.18717662 -9.49093016 7.10781851 -5.66902189 4.29422927 -3.87416164 3.08813458 -2.41912393 1.77092301 -1.68425766 0.89710089 -1.59773317 
3.53299952 14.38277423 -9.74705701 7.39584426 -5.96823034 4.59034894 -4.15713391 3.35137195 -2.65867647 1.98498008 -1.87224860 1.05948639 -1.73549551 
3.36369921 15.60788925 -11.43370946 9.38685140 -8.13715003 6.83796794 -6.40361605 5.53453337 -4.73133939 3.91343604 -3.63256892 2.63673619 -3.12140430 
3.37485157 15.60791254 -11.43374286 9.38689237 -8.13719631 6.83801758 -6.40366730 5.53458473 -4.73138959 3.91348403 -3.63261385 2.63677742 -3.12144133 
3.74894219 12.54221742 -7.47830878 4.98535648 -3.59567537 2.35783064 -2.12315689 1.54254241 -1.08076402 0.62850321 -0.72258471 0.09787274 -0.94395808 
4.02973682 15.60029883 -11.42282533 9.37350371 -8.12207396 6.82180348 -6.38692927 5.51781322 -4.71500051 3.89781847 -3.61794887 2.62332563 -3.10935844 
3.92116090 14.75042855 -10.23828817 7.95908383 -6.56450593 5.19131222 -4.74165911 3.90452407 -3.17044394 2.44950178 -2.28632581 1.42221571 -2.04738138 
3.94360296 14.53374659 -9.94722336 7.62364749 -6.20764494 4.82995360 -4.38859294 3.56895465 -2.85868837 2.16541763 -2.03215405 1.19879062 -1.85464048 
3.96295121 14.77912120 -10.27716475 8.00425869 -6.61295201 5.24074628 -4.79031760 3.95110229 -3.21401407 2.48946274 -2.32229944 1.45402096 -2.07497013 
3.83776333 15.60476401 -11.42922744 9.38135417 -8.13094017 6.83130896 -6.39674111 5.52764391 -4.72460633 3.90699959 -3.62654302 2.63120832 -3.11643855 
3.70940165 14.53884670 -9.95402304 7.63142739 -6.21586383 4.83821997 -4.39661677 3.57653252 -2.86568545 2.17175664 -2.03779427 1.20372271 -1.85887400 
3.72450082 14.39082042 -9.75767058 7.40786387 -5.98080212 4.60287268 -4.16917772 3.36264460 -2.66899543 1.99425221 -1.88043463 1.06659244 -1.74155253 
3.88140059 15.60498681 -11.42954695 9.38174601 -8.13138277 6.83178354 -6.39723103 5.52813484 -4.72508608 3.90745817 -3.62697232 2.63160212 -3.11679229 
3.75577637 14.57705126 -10.00503743 7.68988224 -6.27770576 4.90050515 -4.45715538 3.63378050 -2.91861167 2.21976185 -2.08055552 1.24115481 -1.89103679 
3.77050852 14.43298089 -9.81338382 7.47106705 -6.04702022 4.66894468 -4.23281761 3.42230026 -2.72368416 2.04346114 -1.92393673 1.10440209 -1.77381876 
3.92410606 15.60519568 -11.42984646 9.38211334 -8.13179768 6.83222843 -6.39769033 5.52859508 -4.72553584 3.90788810 -3.62737481 2.63197132 -3.11712393 
3.80110545 14.61330057 -10.05356900 7.74563333 -6.33683268 4.96019691 -4.51530642 3.68889258 -2.96967197 2.26616828 -2.12197201 1.27747529 -1.92229833 
3.65461532 15.60841936 -11.43446980 9.38778407 -8.13820371 6.83909794 -6.40478281 5.53570269 -4.73248227 3.91452866 -3.63359192 2.63767472 -3.12224744 
3.50420051 14.29468365 -9.63125883 7.26513998 -5.83196166 4.45502075 -4.02738180 3.23027964 -2.54813798 1.88591745 -1.78500849 0.98393382 -1.67124093 
2.95162169 10.76718953 -5.58453017 3.23405312 -2.08984640 1.11106515 -1.11879707 0.74868938 -0.46186953 0.14734556 -0.35017488 -0.19042916 -0.72353504 
2.04242704 11.67878498 -6.52146007 4.06888834 -2.78131558 1.66332306 -1.54826366 1.07671721 -0.70930255 0.33439270 -0.49152167 -0.08287053 -0.80442381 
1.53061777 15.49584899 -11.27359070 9.19111083 -7.91672872 6.60230782 -6.16100282 5.29206476 -4.49498238 3.68803611 -3.42202534 2.44400452 -2.94861838 
1.44492974 15.48601823 -11.25959677 9.17406736 -7.89760460 6.58193076 -6.14009243 5.27123142 -4.47473388 3.66877985 -3.40408536 2.42762261 -2.93396588 
1.84178600 11.91642658 -6.77804968 4.30848564 -2.98893871 1.83619789 -1.68807733 1.18749618 -0.79576652 0.40158255 -0.54344846 -0.04277508 -0.83500010 
3.06883043 8.70115428 -3.73689342 1.78819856 -1.03133958 0.35294454 -0.58500513 0.37596041 -0.20285950 -0.03829262 -0.21478014 -0.29326382 -0.64694561 
3.88124428 12.78866923 -7.76390899 5.27083388 -3.86004165 2.59220086 -2.32447168 1.71149585 -1.22003568 0.74203161 -0.81410276 0.17099179 -1.00154028 
4.39743689 13.52552041 -8.65117446 6.19132607 -4.74416712 3.40395550 -3.04588671 2.33723147 -1.75246457 1.18886865 -1.18411821 0.47376252 -1.24546765 
4.62009432 15.59509733 -11.41536980 9.36436419 -8.11175477 6.81074317 -6.37551536 5.50638011 -4.70383147 3.88714553 -3.60796029 2.61416567 -3.10113256 
4.35813840 12.40652940 -7.32344106 4.83281203 -3.45642437 2.23605293 -2.01992326 1.45699296 -1.01109083 0.57232142 -0.67773684 0.06233979 -0.91619609 
3.58510936 10.38076808 -5.20994066 2.91858755 -1.84259165 0.92341033 -0.97974149 0.64717342 -0.38846658 0.09359601 -0.31052486 -0.22027567 -0.70134505 
2.57160189 -11.37906014 -5.38585597 -3.11918982 -1.95959654 -1.37147243 -0.95571767 -0.31319105 -0.43213035 -0.39542304 -0.32470710 -0.50797372 -0.65309392 
