8.93559835 0.19734260 -0.10650095 -0.01541956 -0.12498912 -0.19132082 -0.26127468 0.17356117 -0.09217845 -0.13520574 -0.14692746 -0.36888808 -0.58924665 
1.97182884 15.60155582 -11.42462740 9.37571325 -8.12456915 6.82447835 -6.38969012 5.52057916 -4.71770297 3.90040127 -3.62036638 2.62554287 -3.11134981 
2.66109405 10.01297300 -4.86583976 2.63844474 -1.63011857 0.76685879 -0.86687680 0.56682432 -0.33170070 0.05265441 -0.28061778 -0.24278997 -0.68463788 
3.28991896 13.92915552 -9.15857738 6.73994524 -5.29271014 3.92727631 -3.52849999 2.77101467 -2.13437118 1.51966878 -1.46622120 0.71085810 -1.44141318 
3.30553348 14.15477184 -9.44884609 7.06086821 -5.62062575 4.24668946 -3.82906142 3.04647417 -2.38146880 1.73749140 -1.65507598 0.87203821 -1.57658746 
3.32426370 13.97006395 -9.21085348 6.79736513 -5.35100707 3.98371254 -3.58128753 2.81911249 -2.17727450 1.55728841 -1.49867375 0.73842465 -1.46442755 
3.33964331 14.19097980 -9.49587583 7.11334304 -5.67472355 4.29983668 -3.87948740 3.09305962 -2.42358024 1.77488348 -1.68771797 0.90007545 -1.60024499 
3.15152977 15.60739304 -11.43299776 9.38597843 -8.13616382 6.83691033 -6.40252406 5.53343900 -4.73026980 3.91241351 -3.63161156 2.63585791 -3.12061529 
2.95887402 13.65976609 -8.81824405 6.37021200 -4.92132240 3.57140797 -3.19892488 2.47358193 -1.87149182 1.29114516 -1.27068076 0.54600495 -1.30477002 
2.71040765 15.60999040 -11.43672330 9.39054849 -8.14132701 6.84244765 -6.40824168 5.53916935 -4.73587069 3.91776822 -3.63662521 2.64045763 -3.12474762 
2.45549839 12.77118478 -7.74346354 5.25021930 -3.84078986 2.57499645 -2.30957967 1.69890530 -1.20958396 0.73345780 -0.80715151 0.16541052 -0.99712439 
2.44548452 12.86225342 -7.85026251 5.35820238 -3.94190952 2.66559747 -2.38820056 1.76553690 -1.26502477 0.77903319 -0.84417309 0.19518582 -1.02072026 
2.69484337 15.60999040 -11.43672330 9.39054849 -8.14132701 6.84244765 -6.40824168 5.53916935 -4.73587069 3.91776822 -3.63662521 2.64045763 -3.12474762 
2.95283276 13.56753985 -8.70328743 6.24693863 -4.79906193 3.45568091 -3.09301544 2.37909707 -1.78890706 1.22009909 -1.21048413 0.49571589 -1.26344890 
2.95887402 13.65976609 -8.81824405 6.37021200 -4.92132240 3.57140797 -3.19892488 2.47358193 -1.87149182 1.29114516 -1.27068076 0.54600495 -1.30477002 
2.71040765 15.60999040 -11.43672330 9.39054849 -8.14132701 6.84244765 -6.40824168 5.53916935 -4.73587069 3.91776822 -3.63662521 2.64045763 -3.12474762 
2.71040765 15.60999040 -11.43672330 9.39054849 -8.14132701 6.84244765 -6.40824168 5.53916935 -4.73587069 3.91776822 -3.63662521 2.64045763 -3.12474762 
2.71040765 15.60999040 -11.43672330 9.39054849 -8.14132701 6.84244765 -6.40824168 5.53916935 -4.73587069 3.91776822 -3.63662521 2.64045763 -3.12474762 
2.71040765 15.60999040 -11.43672330 9.39054849 -8.14132701 6.84244765 -6.40824168 5.53916935 -4.73587069 3.91776822 -3.63662521 2.64045763 -3.12474762 
2.45549839 12.77118478 -7.74346354 5.25021930 -3.84078986 2.57499645 -2.30957967 1.69890530 -1.20958396 0.73345780 -0.80715151 0.16541052 -0.99712439 
1.76369433 11.13673790 -5.95531664 3.55676667 -2.35099980 1.31513793 -1.27420742 0.86505412 -0.54800771 0.21149882 -0.39808330 -0.15421665 -0.75058902 
1.71895703 11.48137340 -6.31219857 3.87691534 -2.61780868 1.52936305 -1.44157970 0.99341375 -0.64517220 0.28512826 -0.45381530 -0.11178487 -0.78251755 
2.03800934 15.60209460 -11.42539986 9.37666042 -8.12563884 6.82562512 -6.39087380 5.52176507 -4.71886172 3.90150875 -3.62140303 2.62649367 -3.11220379 
2.37418444 12.73404935 -7.70013234 5.20661998 -3.80015497 2.53875270 -2.27826551 1.67247772 -1.18768314 0.71551971 -0.79262859 0.15376411 -0.98792044 
2.36648699 12.60635373 -7.55209713 5.05859831 -3.66303710 2.41715952 -2.17379614 1.58478269 -1.11538052 0.65657251 -0.74510384 0.11579037 -0.95801326 
1.99413321 15.60174138 -11.42489344 9.37603945 -8.12493754 6.82487329 -6.39009776 5.52098757 -4.71810202 3.90078266 -3.62072338 2.62587030 -3.11164390 
1.97182884 15.60155582 -11.42462740 9.37571325 -8.12456915 6.82447835 -6.38969012 5.52057916 -4.71770297 3.90040127 -3.62036638 2.62554287 -3.11134981 
1.58622226 10.66172429 -5.48096426 3.14575838 -2.01982063 1.05734942 -1.07859759 0.71907518 -0.44027731 0.13144317 -0.33839716 -0.19930238 -0.71692973 
1.53664987 11.02195639 -5.83883445 3.45428544 -2.26719811 1.24902627 -1.22341005 0.82670383 -0.51940139 0.19007101 -0.38201196 -0.16638884 -0.74147650 
1.50536151 10.43271832 -5.25952075 2.95972084 -1.87436229 0.94720311 -0.99715351 0.65973892 -0.39745544 0.10013009 -0.31532101 -0.21666795 -0.70402359 
1.98365796 7.72838325 -2.99853970 1.29416709 -0.72104039 0.15777197 -0.46253841 0.29853305 -0.15387975 -0.07265917 -0.18963229 -0.31391934 -0.63114757 
2.21550815 12.30998158 -7.21427040 4.72624290 -3.35999340 2.15242186 -1.94959380 1.39915737 -0.96433186 0.53486124 -0.64800716 0.03889923 -0.89796576 
2.20405780 12.40946341 -7.32677198 4.83607615 -3.45938908 2.23863327 -2.02210062 1.45878938 -1.01254772 0.57349179 -0.67866796 0.06307543 -0.91676931 
2.48064710 15.60999040 -11.43672330 9.39054849 -8.14132701 6.84244765 -6.40824168 5.53916935 -4.73587069 3.91776822 -3.63662521 2.64045763 -3.12474762 
2.48064710 15.60999040 -11.43672330 9.39054849 -8.14132701 6.84244765 -6.40824168 5.53916935 -4.73587069 3.91776822 -3.63662521 2.64045763 -3.12474762 
2.19583146 12.26975538 -7.16903600 4.68232140 -3.32045672 2.11830184 -1.92103644 1.37577960 -0.94551286 0.51984217 -0.63612790 0.02955914 -0.89072089 
2.18425395 12.36991889 -7.28194385 4.79220944 -3.41960113 2.20404907 -1.99295429 1.43477139 -0.99309158 0.55787783 -0.66625709 0.05327751 -0.90914006 
2.17596494 12.22875873 -7.12308707 4.63784763 -3.28054678 2.08396046 -1.89237459 1.35237934 -0.92672386 0.50488071 -0.62431772 0.02028845 -0.88354083 
2.16425751 12.32960865 -7.23639464 4.74777523 -3.37942027 2.16922333 -1.96368522 1.41071581 -0.97365385 0.54231328 -0.65390998 0.04354594 -0.90157420 
2.15590500 12.18697060 -7.07640868 4.59281428 -3.24026246 2.04940051 -1.86361309 1.32896209 -0.90797016 0.48998144 -0.61258032 0.01108994 -0.87642765 
2.14406480 12.28851158 -7.19010899 4.70276559 -3.33884482 2.13415840 -1.93429797 1.38662808 -0.95423991 0.52680289 -0.64163053 0.03388371 -0.89407398 
2.42778059 15.60999040 -11.43672330 9.39054849 -8.14132701 6.84244765 -6.40824168 5.53916935 -4.73587069 3.91776822 -3.63662521 2.64045763 -3.12474762 
2.13564796 12.14436916 -7.02898558 4.54721405 -3.19960288 2.01462504 -1.83475700 1.30553355 -0.88925721 0.47514905 -0.60091947 0.00196645 -0.86938340 
2.12367206 12.24660577 -7.14307114 4.65717257 -3.29787327 2.09885693 -1.90479740 1.36251382 -0.93485529 0.51135151 -0.62942269 0.02429386 -0.88664163 
2.11519005 12.10093182 -6.98080210 4.50103963 -3.15856735 1.97963744 -1.80581172 1.28209967 -0.87059066 0.46038834 -0.58933897 -0.00707919 -0.86241011 
1.68276000 15.59873877 -11.42058898 9.37076193 -8.11897796 6.81848481 -6.38350417 5.51438205 -4.71164830 3.89461490 -3.61495049 2.62057579 -3.10688884 
1.65667378 15.59844249 -11.42016427 9.37024127 -8.11839007 6.81785466 -6.38285385 5.51373061 -4.71101187 3.89400672 -3.61438129 2.62005378 -3.10642006 
1.63024283 15.59813436 -11.41972260 9.36969982 -8.11777871 6.81719937 -6.38217759 5.51305319 -4.71035008 3.89337431 -3.61378941 2.61951100 -3.10593261 
1.60345792 15.59781374 -11.41926305 9.36913646 -8.11714262 6.81651759 -6.38147399 5.51234840 -4.70966157 3.89271636 -3.61317365 2.61894631 -3.10542550 
2.01856830 12.02412095 -6.89601879 4.42017700 -3.08703658 1.91891491 -1.75578577 1.24176032 -0.83857908 0.43515778 -0.56960092 -0.02246195 -0.85057673 
2.31766103 15.60999040 -11.43672330 9.39054849 -8.14132701 6.84244765 -6.40824168 5.53916935 -4.73587069 3.91776822 -3.63662521 2.64045763 -3.12474762 
2.31766103 15.60999040 -11.43672330 9.39054849 -8.14132701 6.84244765 -6.40824168 5.53916935 -4.73587069 3.91776822 -3.63662521 2.64045763 -3.12474762 
2.00974746 11.87035481 -6.72790410 4.26130002 -2.94774409 1.80165796 -1.65995707 1.16507532 -0.77816323 0.38783491 -0.53277861 -0.05103977 -0.82867892 
1.99689001 11.97685512 -6.84411372 4.37091582 -3.04366949 1.88226703 -1.72572448 1.21761999 -0.81949731 0.42016896 -0.55790953 -0.03155264 -0.84359873 
2.29870355 15.60999040 -11.43672330 9.39054849 -8.14132701 6.84244765 -6.40824168 5.53916935 -4.73587069 3.91776822 -3.63662521 2.64045763 -3.12474762 
2.29870355 15.60999040 -11.43672330 9.39054849 -8.14132701 6.84244765 -6.40824168 5.53916935 -4.73587069 3.91776822 -3.63662521 2.64045763 -3.12474762 
1.98799875 11.82137785 -6.67480771 4.21152819 -2.90445305 1.76548687 -1.63060703 1.14174808 -0.75990311 0.37361063 -0.52176293 -0.05955833 -0.82217361 
1.97498212 11.92860248 -6.79133441 4.32101540 -2.99990251 1.84541022 -1.69559275 1.19350002 -0.80048896 0.40527641 -0.54631919 -0.04054919 -0.83670419 
1.96601954 11.77138109 -6.62083021 4.16113191 -2.86078899 1.72913691 -1.60121443 1.11846417 -0.74173372 0.35949441 -0.51085554 -0.06797906 -0.81575314 
1.95283991 11.87933351 -6.73766161 4.27046789 -2.95573632 1.80834996 -1.66539817 1.16940823 -0.78156113 0.39048591 -0.53483434 -0.04944847 -0.82989526 
2.26024082 15.60999040 -11.43672330 9.39054849 -8.14132701 6.84244765 -6.40824168 5.53916935 -4.73587069 3.91776822 -3.63662521 2.64045763 -3.12474762 
2.26024082 15.60999040 -11.43672330 9.39054849 -8.14132701 6.84244765 -6.40824168 5.53916935 -4.73587069 3.91776822 -3.63662521 2.64045763 -3.12474762 
2.26024082 15.60999040 -11.43672330 9.39054849 -8.14132701 6.84244765 -6.40824168 5.53916935 -4.73587069 3.91776822 -3.63662521 2.64045763 -3.12474762 
2.26024082 15.60999040 -11.43672330 9.39054849 -8.14132701 6.84244765 -6.40824168 5.53916935 -4.73587069 3.91776822 -3.63662521 2.64045763 -3.12474762 
2.26024082 15.60999040 -11.43672330 9.39054849 -8.14132701 6.84244765 -6.40824168 5.53916935 -4.73587069 3.91776822 -3.63662521 2.64045763 -3.12474762 
2.26024082 15.60999040 -11.43672330 9.39054849 -8.14132701 6.84244765 -6.40824168 5.53916935 -4.73587069 3.91776822 -3.63662521 2.64045763 -3.12474762 
2.26024082 15.60999040 -11.43672330 9.39054849 -8.14132701 6.84244765 -6.40824168 5.53916935 -4.73587069 3.91776822 -3.63662521 2.64045763 -3.12474762 
2.26024082 15.60999040 -11.43672330 9.39054849 -8.14132701 6.84244765 -6.40824168 5.53916935 -4.73587069 3.91776822 -3.63662521 2.64045763 -3.12474762 
2.26024082 15.60999040 -11.43672330 9.39054849 -8.14132701 6.84244765 -6.40824168 5.53916935 -4.73587069 3.91776822 -3.63662521 2.64045763 -3.12474762 
2.26024082 15.60999040 -11.43672330 9.39054849 -8.14132701 6.84244765 -6.40824168 5.53916935 -4.73587069 3.91776822 -3.63662521 2.64045763 -3.12474762 
1.94380509 11.72033407 -6.56595264 4.11010430 -2.81675367 1.69261445 -1.57178737 1.09523160 -0.72366208 0.34549179 -0.50006055 -0.07629913 -0.80941936 
1.93045849 11.82901751 -6.68307562 4.21926551 -2.91117196 1.77109218 -1.63514868 1.14535276 -0.76272109 0.37580334 -0.52345941 -0.05824735 -0.82317409 
1.92135052 11.66820508 -6.51015563 4.05843860 -2.77234931 1.65592631 -1.54233434 1.07205869 -0.70569541 0.33160843 -0.48938211 -0.08451573 -0.80317411 
1.43474802 15.59558617 -11.41607037 9.36522288 -8.11272415 6.81178205 -6.37658732 5.50745375 -4.70488019 3.88814756 -3.60889799 2.61502549 -3.10190464 
1.88495784 11.72511543 -6.57108277 4.11486557 -2.82085499 1.69601021 -1.57451894 1.09738482 -0.72533453 0.34678607 -0.50105731 -0.07553148 -0.81000333 
2.20112322 15.60999040 -11.43672330 9.39054849 -8.14132701 6.84244765 -6.40824168 5.53916935 -4.73587069 3.91776822 -3.63662521 2.64045763 -3.12474762 
2.20112322 15.60999040 -11.43672330 9.39054849 -8.14132701 6.84244765 -6.40824168 5.53916935 -4.73587069 3.91776822 -3.63662521 2.64045763 -3.12474762 
2.20112322 15.60999040 -11.43672330 9.39054849 -8.14132701 6.84244765 -6.40824168 5.53916935 -4.73587069 3.91776822 -3.63662521 2.64045763 -3.12474762 
1.87570082 11.56056803 -6.39572338 3.95316679 -2.68244449 1.58208279 -1.48338638 1.02592653 -0.67010665 0.30422243 -0.46839147 -0.10062752 -0.79095626 
1.37519357 15.59470655 -11.41480978 9.36367780 -8.11097990 6.80991278 -6.37465854 5.50552197 -4.70299326 3.88634465 -3.60721086 2.61347848 -3.10051551 
1.34473789 15.59423626 -11.41413584 9.36285179 -8.11004745 6.80891354 -6.37362753 5.50448939 -4.70198468 3.88538101 -3.60630913 2.61265166 -3.09977309 
1.81478240 11.56056803 -6.39572338 3.95316679 -2.68244449 1.58208279 -1.48338638 1.02592653 -0.67010665 0.30422243 -0.46839147 -0.10062752 -0.79095626 
2.14020480 15.60999040 -11.43672330 9.39054849 -8.14132701 6.84244765 -6.40824168 5.53916935 -4.73587069 3.91776822 -3.63662521 2.64045763 -3.12474762 
2.14020480 15.60999040 -11.43672330 9.39054849 -8.14132701 6.84244765 -6.40824168 5.53916935 -4.73587069 3.91776822 -3.63662521 2.64045763 -3.12474762 
2.47859501 12.81278949 -7.79216009 5.29936359 -3.88672629 2.61608260 -2.34517278 1.72902155 -1.23460311 0.75399576 -0.82381318 0.17879576 -1.00772028 
2.48595540 12.93302944 -7.93379034 5.44317291 -4.02195427 2.73772367 -2.45113332 1.81915455 -1.30986276 0.81606191 -0.87437854 0.21956878 -1.04011054 
2.49574780 12.84338103 -7.82806767 5.33570032 -3.92078174 2.64661961 -2.37169199 1.75151305 -1.25333012 0.76940003 -0.83633343 0.18887040 -1.01570783 
2.50305741 12.96250974 -7.96871817 5.47883792 -4.05567530 2.76821529 -2.47782846 1.84197247 -1.32900385 0.83191423 -0.88734348 0.23005867 -1.04847073 
2.51275779 12.87346165 -7.86345943 5.37159714 -3.95450014 2.67691882 -2.39805887 1.77391965 -1.27202179 0.78480173 -0.84887131 0.19897318 -1.02372818 
2.29445670 8.79629534 -3.81361734 1.84246956 -1.06726802 0.37649144 -0.60029191 0.38588923 -0.20930584 -0.03379010 -0.21804242 -0.29068357 -0.64889546 
1.86182811 11.67146156 -6.51363404 4.06165306 -2.77510663 1.65820035 -1.54415676 1.07349017 -0.70680357 0.33246362 -0.49003918 -0.08401055 -0.80355781 
2.18102255 15.60999040 -11.43672330 9.39054849 -8.14132701 6.84244765 -6.40824168 5.53916935 -4.73587069 3.91776822 -3.63662521 2.64045763 -3.12474762 
2.18102255 15.60999040 -11.43672330 9.39054849 -8.14132701 6.84244765 -6.40824168 5.53916935 -4.73587069 3.91776822 -3.63662521 2.64045763 -3.12474762 
2.18102255 15.60999040 -11.43672330 9.39054849 -8.14132701 6.84244765 -6.40824168 5.53916935 -4.73587069 3.91776822 -3.63662521 2.64045763 -3.12474762 
2.51275779 12.87346165 -7.86345943 5.37159714 -3.95450014 2.67691882 -2.39805887 1.77391965 -1.27202179 0.78480173 -0.84887131 0.19897318 -1.02372818 
2.76898743 15.60618411 -11.43126395 9.38385184 -8.13376148 6.83433418 -6.39986430 5.53077357 -4.72766481 3.90992323 -3.62928007 2.63371908 -3.11869393 
2.78398729 15.60624071 -11.43134512 9.38395139 -8.13387394 6.83445478 -6.39998881 5.53089833 -4.72778675 3.91003979 -3.62938920 2.63381919 -3.11878385 
2.55351958 13.04803194 -8.07049670 5.58321313 -4.15477744 2.85818739 -2.55690511 1.90981781 -1.38612156 0.87937399 -0.92627657 0.26164408 -1.07370802 
2.56295374 12.96075498 -7.96663690 5.47671052 -4.05366181 2.76639288 -2.47623146 1.84060619 -1.32785674 0.83096346 -0.88656534 0.22942867 -1.04796833 
2.57006649 13.07560362 -8.10345305 5.61715303 -4.18713543 2.88767980 -2.58292453 1.93222336 -1.40505048 0.89515276 -0.93925879 0.27220397 -1.08216667 
2.57941505 12.98890716 -8.00006136 5.51090968 -4.08606094 2.79574457 -2.50197556 1.86264993 -1.34637957 0.84632739 -0.89914865 0.23962255 -1.05610231 
2.82832348 15.60640314 -11.43157807 9.38423710 -8.13419669 6.83480087 -6.40034612 5.53125640 -4.72813669 3.91037432 -3.62970239 2.63410649 -3.11904194 
2.60276250 13.12940684 -8.16796594 5.68379266 -4.25085715 2.94592271 -2.63444956 1.97670922 -1.44272875 0.92663374 -0.96521598 0.29335848 -1.09914283 
2.61194433 13.04385673 -8.06551219 5.57808593 -4.14989485 2.85374212 -2.55298749 1.90644778 -1.38327726 0.87700519 -0.92432923 0.26006128 -1.07244107 
2.85734416 15.60650564 -11.43172506 9.38441739 -8.13440035 6.83501926 -6.40057160 5.53148236 -4.72835752 3.91058542 -3.62990003 2.63428780 -3.11920481 
2.63494180 13.18148961 -8.23067061 5.74881929 -4.31327529 3.00318354 -2.68528577 2.02075075 -1.48015328 0.95799732 -0.99114875 0.31454618 -1.11618627 
2.33644051 15.60999040 -11.43672330 9.39054849 -8.14132701 6.84244765 -6.40824168 5.53916935 -4.73587069 3.91776822 -3.63662521 2.64045763 -3.12474762 
2.64396261 13.09706649 -8.12915611 5.64367151 -4.21246297 2.91080365 -2.60335896 1.94984757 -1.41996264 0.90760062 -0.94951368 0.28055504 -1.08886336 
2.65084265 13.20690964 -8.26136593 5.78074260 -4.34400382 3.03144859 -2.71044451 2.04260128 -1.49876540 0.97362965 -1.00410071 0.32514773 -1.12472914 
2.65978499 13.12304283 -8.16032122 5.67588202 -4.24327989 2.93898559 -2.62830285 1.97139413 -1.43822042 0.92286187 -0.96210206 0.29081788 -1.09710187 
2.90010059 15.60665134 -11.43193402 9.38467369 -8.13468987 6.83532973 -6.40089214 5.53180358 -4.72867145 3.91088552 -3.63018099 2.63454554 -3.11943635 
2.91415200 15.60669788 -11.43200077 9.38475556 -8.13478236 6.83542890 -6.40099453 5.53190619 -4.72877173 3.91098139 -3.63027074 2.63462788 -3.11951031 
2.92810537 15.60674345 -11.43206613 9.38483573 -8.13487292 6.83552602 -6.40109480 5.53200667 -4.72886993 3.91107527 -3.63035864 2.63470851 -3.11958274 
2.71323135 13.30465561 -8.37995360 5.90463645 -4.46379171 3.14210286 -2.80934493 2.12883979 -1.57250439 1.03578267 -1.05576638 0.36756351 -1.15900539 
2.72187277 13.22296689 -8.28078625 5.80097079 -4.36350407 3.04941117 -2.72645516 2.05652523 -1.51064093 0.98361573 -1.01238362 0.33193425 -1.13020298 
2.95572344 15.60683181 -11.43219285 9.38499116 -8.13504850 6.83571430 -6.40128920 5.53220148 -4.72906033 3.91125728 -3.63052904 2.63486483 -3.11972317 
2.74372202 13.35128520 -8.43683749 5.96438137 -4.52185606 3.19600586 -2.85775358 2.17124639 -1.60892576 1.06660779 -1.08148829 0.38875352 -1.17618564 
2.75222028 13.27065772 -8.33860625 5.86133781 -4.42183245 3.10325835 -2.77455327 2.09844069 -1.54646066 1.01379141 -1.03745522 0.35250793 -1.14682143 
2.75879744 13.37406681 -8.46470230 5.99372213 -4.55044229 3.22260646 -2.88169778 2.19226846 -1.62701937 1.08195159 -1.09431550 0.39933847 -1.18478134 
2.48064710 15.60999040 -11.43672330 9.39054849 -8.14132701 6.84244765 -6.40824168 5.53916935 -4.73587069 3.91776822 -3.63662521 2.64045763 -3.12474762 
2.76722586 13.29396312 -8.36693813 5.89099508 -4.45056128 3.12984477 -2.79835730 2.11923222 -1.56426742 1.02882278 -1.04996761 0.36279305 -1.15514276 
2.99644835 15.60695774 -11.43237345 9.38521268 -8.13529875 6.83598266 -6.40156626 5.53247914 -4.72933169 3.91151669 -3.63077191 2.63508764 -3.11992332 
3.00984111 15.60699805 -11.43243126 9.38528358 -8.13537885 6.83606855 -6.40165494 5.53256801 -4.72941855 3.91159972 -3.63084965 2.63515895 -3.11998739 
3.02314478 15.60703756 -11.43248792 9.38535308 -8.13545736 6.83615275 -6.40174187 5.53265513 -4.72950369 3.91168112 -3.63092585 2.63522886 -3.12005019 
3.03636055 15.60707629 -11.43254347 9.38542121 -8.13553433 6.83623529 -6.40182709 5.53274053 -4.72958715 3.91176091 -3.63100056 2.63529739 -3.12011175 
3.04948955 15.60711426 -11.43259794 9.38548802 -8.13560980 6.83631621 -6.40191065 5.53282426 -4.72966899 3.91183914 -3.63107381 2.63536459 -3.12017212 
3.06253294 15.60715150 -11.43265134 9.38555352 -8.13568380 6.83639557 -6.40199258 5.53290637 -4.72974924 3.91191586 -3.63114563 2.63543048 -3.12023131 
3.28991896 13.92915552 -9.15857738 6.73994524 -5.29271014 3.92727631 -3.52849999 2.77101467 -2.13437118 1.51966878 -1.46622120 0.71085810 -1.44141318 
3.30553348 14.15477184 -9.44884609 7.06086821 -5.62062575 4.24668946 -3.82906142 3.04647417 -2.38146880 1.73749140 -1.65507598 0.87203821 -1.57658746 
3.11387213 15.60729345 -11.43285493 9.38580323 -8.13596589 6.83669808 -6.40230492 5.53321939 -4.73005516 3.91220831 -3.63141944 2.63568167 -3.12045696 
3.12650362 15.60732727 -11.43290344 9.38586274 -8.13603311 6.83677017 -6.40237935 5.53329397 -4.73012805 3.91227800 -3.63148469 2.63574152 -3.12051073 
3.13905584 15.60736046 -11.43295104 9.38592113 -8.13609908 6.83684091 -6.40245238 5.53336717 -4.73019959 3.91234639 -3.63154872 2.63580026 -3.12056350 
2.94521961 13.64123002 -8.79507586 6.34530171 -4.89655289 3.54790398 -3.17736317 2.45430147 -1.85460208 1.27658497 -1.25831995 0.53565998 -1.29625524 
2.95283276 13.56753985 -8.70328743 6.24693863 -4.79906193 3.45568091 -3.09301544 2.37909707 -1.78890706 1.22009909 -1.21048413 0.49571589 -1.26344890 
2.95887402 13.65976609 -8.81824405 6.37021200 -4.92132240 3.57140797 -3.19892488 2.47358193 -1.87149182 1.29114516 -1.27068076 0.54600495 -1.30477002 
2.96643084 13.58654016 -8.72690580 6.27219875 -4.82404976 3.47927471 -3.11455561 2.39826880 -1.80562646 1.23445218 -1.22262130 0.50583695 -1.27175058 
3.17624664 15.60745640 -11.43308864 9.38608990 -8.13628974 6.83704537 -6.40266349 5.53357873 -4.73040636 3.91254406 -3.63173379 2.63597005 -3.12071603 
3.39124893 14.04757351 -9.31033240 6.90709075 -5.46286434 4.09242550 -3.68336035 2.91246093 -2.26083826 1.63080713 -1.56229608 0.79262826 -1.50980866 
3.40617877 14.25952509 -9.58524640 7.21342612 -5.77827015 4.40191289 -3.97665971 3.18312057 -2.50524494 1.84760923 -1.75138188 0.95490118 -1.64662202 
3.22478245 15.60757636 -11.43326069 9.38630094 -8.13652815 6.83730104 -6.40292747 5.53384328 -4.73066493 3.91279125 -3.63196522 2.63618236 -3.12090676 
3.23673457 15.60760502 -11.43330179 9.38635136 -8.13658511 6.83736213 -6.40299054 5.53390649 -4.73072670 3.91285031 -3.63202051 2.63623308 -3.12095233 
3.24861569 15.60763317 -11.43334217 9.38640088 -8.13664106 6.83742213 -6.40305249 5.53396858 -4.73078738 3.91290832 -3.63207483 2.63628291 -3.12099709 
3.26042664 15.60766083 -11.43338184 9.38644954 -8.13669603 6.83748107 -6.40311336 5.53402957 -4.73084700 3.91296531 -3.63212819 2.63633186 -3.12104107 
3.27216826 15.60768800 -11.43342081 9.38649735 -8.13675004 6.83753899 -6.40317316 5.53408950 -4.73090557 3.91302130 -3.63218061 2.63637996 -3.12108427 
3.28384134 15.60771470 -11.43345911 9.38654432 -8.13680310 6.83759590 -6.40323191 5.53414839 -4.73096312 3.91307633 -3.63223213 2.63642722 -3.12112673 
3.29544669 15.60774094 -11.43349674 9.38659048 -8.13685525 6.83765183 -6.40328966 5.53420626 -4.73101968 3.91313040 -3.63228275 2.63647367 -3.12116845 
3.11592173 13.86325180 -9.07469036 6.64815208 -5.19985806 3.83770589 -3.44500806 2.69519304 -2.06695466 1.46073290 -1.41552480 0.66790850 -1.40564691 
3.12286131 13.79529855 -8.98862056 6.55441769 -5.10548150 3.74707002 -3.36088794 2.61912033 -1.99958739 1.40206312 -1.36523766 0.62544719 -1.37039970 
3.31845730 15.60779207 -11.43357008 9.38668044 -8.13695689 6.83776082 -6.40340219 5.53431904 -4.73112991 3.91323578 -3.63238141 2.63656418 -3.12124977 
3.14095034 13.89406928 -9.11386640 6.69096690 -5.24311407 3.87938425 -3.48381380 2.73039490 -2.09822098 1.48803871 -1.43899093 0.68777130 -1.42217370 
3.14779658 13.82694387 -9.02864885 6.59795406 -5.14926070 3.78906285 -3.39981587 2.65428388 -2.03069259 1.42912433 -1.38840967 0.64499528 -1.38661245 
3.15334936 13.90917577 -9.13310270 6.71202424 -5.26442224 3.89994663 -3.50298735 2.74781276 -2.11371293 1.50158589 -1.45064742 0.69764915 -1.43040151 
3.16014984 13.84245910 -9.04830836 6.61937251 -5.17083393 3.80978840 -3.41905811 2.67169108 -2.04611270 1.44255762 -1.39992686 0.65472264 -1.39468914 
3.35248432 15.60786557 -11.43367549 9.38680974 -8.13710296 6.83791747 -6.40356394 5.53448114 -4.73128834 3.91338724 -3.63252322 2.63669427 -3.12136664 
3.36369921 15.60788925 -11.43370946 9.38685140 -8.13715003 6.83796794 -6.40361605 5.53453337 -4.73133939 3.91343604 -3.63256892 2.63673619 -3.12140430 
3.55971088 14.22963891 -9.54622576 7.16966946 -5.73294001 4.35717031 -3.93401477 3.14354998 -2.46932279 1.81558485 -1.72331941 0.93071154 -1.62614145 
3.72897742 15.60416448 -11.42836775 9.38029986 -8.12974931 6.83003211 -6.39542297 5.52632312 -4.72331563 3.90576585 -3.62538806 2.63014890 -3.11548693 
3.59353494 14.43829583 -9.82041923 7.47906131 -6.05540913 4.67732786 -4.24090414 3.42989137 -2.73065282 2.04973971 -1.92949403 1.10923781 -1.77795008 
3.42969920 15.60802336 -11.43390182 9.38708736 -8.13741659 6.83825381 -6.40391122 5.53482918 -4.73162851 3.91371244 -3.63282771 2.63697361 -3.12161758 
3.26164319 14.03668251 -9.29632035 6.89159912 -5.44703567 4.07700801 -3.66885374 2.89916693 -2.24891414 1.62029681 -1.55318451 0.78485281 -1.50328854 
3.26805753 13.97349512 -9.21524525 6.80219659 -5.35591983 3.98847549 -3.58574889 2.82318310 -2.18091031 1.56048044 -1.50143061 0.74076901 -1.46638684 
3.45122392 15.60806523 -11.43396186 9.38716101 -8.13749980 6.83834304 -6.40400335 5.53492152 -4.73171875 3.91379872 -3.63290849 2.63704772 -3.12168416 
3.63894078 14.30915430 -9.65023066 7.28649936 -5.85417505 4.47702808 -4.04843335 3.24988200 -2.56599308 1.90188600 -1.79904385 0.99606657 -1.68154125 
3.80215478 15.60457488 -11.42895623 9.38102156 -8.13056447 6.83090614 -6.39632525 5.52722722 -4.72419912 3.90661035 -3.62617863 2.63087407 -3.11613831 
3.82003830 15.60467070 -11.42909364 9.38119008 -8.13075482 6.83111023 -6.39653594 5.52743834 -4.72440543 3.90680756 -3.62636324 2.63104342 -3.11629043 
3.83776333 15.60476401 -11.42922744 9.38135417 -8.13094017 6.83130896 -6.39674111 5.52764391 -4.72460633 3.90699959 -3.62654302 2.63120832 -3.11643855 
3.70940165 14.53884670 -9.95402304 7.63142739 -6.21586383 4.83821997 -4.39661677 3.57653252 -2.86568545 2.17175664 -2.03779427 1.20372271 -1.85887400 
3.55550399 15.60825577 -11.43423515 9.38749624 -8.13787853 6.83874920 -6.40442273 5.53534181 -4.73212954 3.91419145 -3.63327619 2.63738506 -3.12198722 
3.73378687 14.39942746 -9.76903075 7.42073637 -5.99427349 4.61629978 -4.18209700 3.37474274 -2.68007543 2.00421274 -1.88923227 1.07423253 -1.74806731 
3.74658660 14.56957115 -9.99503837 7.67841282 -6.26555943 4.88825981 -4.44524217 3.62250455 -2.90817781 2.21029024 -2.07211190 1.23375799 -1.88467670 
3.76139073 14.42472135 -9.80245594 7.45865559 -6.03400196 4.65594100 -4.22027937 3.41053499 -2.71288787 2.03373760 -1.91533326 1.09691822 -1.76742707 
3.77403084 14.59177805 -10.02473901 7.71249804 -6.30167392 4.92468572 -4.48069621 3.65607679 -2.93925601 2.23851359 -2.09728165 1.25581522 -1.90364889 
3.62539420 15.60837280 -11.43440301 9.38770215 -8.13811116 6.83899869 -6.40468033 5.53559998 -4.73238188 3.91443268 -3.63350206 2.63759227 -3.12217337 
3.79761660 14.45726043 -9.84554455 7.50763483 -6.08541755 4.70733918 -4.26987541 3.45710761 -2.75565501 2.07228106 -1.94945852 1.12662039 -1.79280910 
3.67402841 12.57245771 -7.51305308 5.01979855 -3.62731203 2.38566094 -2.14688330 1.56231140 -1.09694765 0.64161334 -0.73309344 0.10622796 -0.95050760 
3.49944817 14.22846163 -9.54469039 7.16794959 -5.73116018 4.35541532 -3.93234370 3.14200086 -2.46791779 1.81433338 -1.72222367 0.92976775 -1.62534297 
3.82436432 14.48081459 -9.87679779 7.54322918 -6.12285245 4.74482881 -4.30611372 3.49119424 -2.78700728 2.10058048 -1.97455061 1.14849023 -1.81152255 
3.83664681 14.64098038 -10.09071144 7.78839383 -6.38227810 5.00616947 -4.56018027 3.73150199 -3.00922080 2.30217459 -2.15415944 1.30574593 -1.94666719 
3.69292433 15.60847838 -11.43455445 9.38788791 -8.13832102 6.83922376 -6.40491272 5.53583289 -4.73260952 3.91465032 -3.63370583 2.63777922 -3.12234132 
3.70238802 15.60849261 -11.43457487 9.38791296 -8.13834932 6.83925410 -6.40494406 5.53586429 -4.73264022 3.91467966 -3.63373331 2.63780443 -3.12236397 
3.55548105 14.34459168 -9.69677461 7.33899144 -5.90885789 4.53129145 -4.10042165 3.29836508 -2.61021936 1.94149424 -1.83390286 1.02623740 -1.70718563 
3.37669655 15.60999040 -11.43672330 9.39054849 -8.14132701 6.84244765 -6.40824168 5.53916935 -4.73587069 3.91776822 -3.63662521 2.64045763 -3.12474762 
3.19272754 13.88286410 -9.09961176 6.67537740 -5.22735324 3.86418835 -3.46965631 2.71754435 -2.08680038 1.47805924 -1.43041026 0.68050470 -1.41612474 
3.18604616 13.94850738 -9.18328718 6.76706567 -5.32022430 3.95389321 -3.55337874 2.79366788 -2.15456474 1.53736459 -1.48147765 0.72381056 -1.45222116 
3.18057235 13.86787481 -9.08056158 6.65456266 -5.20632881 3.84393519 -3.45080310 2.70044558 -2.07161628 1.46480100 -1.41901840 0.67086370 -1.40810424 
2.94655972 15.60680276 -11.43215119 9.38494006 -8.13499078 6.83565241 -6.40122529 5.53213744 -4.72899773 3.91119744 -3.63047302 2.63481344 -3.11967700 
3.16157330 13.91913726 -9.14579916 6.72593499 -5.27851090 3.91355353 -3.51568547 2.75935717 -2.12398860 1.51057799 -1.45838973 0.70421417 -1.43587315 
3.15604047 13.83730977 -9.04178109 6.61225862 -5.16366605 3.80289979 -3.41266037 2.66590158 -2.04098248 1.43808710 -1.39609294 0.65148370 -1.39199917 
2.91881395 15.60671318 -11.43202271 9.38478247 -8.13481275 6.83546150 -6.40102819 5.53193992 -4.72880469 3.91101290 -3.63030025 2.63465494 -3.11953462 
2.90479537 15.60666696 -11.43195642 9.38470117 -8.13472092 6.83536302 -6.40092651 5.53183802 -4.72870511 3.91091770 -3.63021112 2.63457318 -3.11946117 
3.12429908 13.87361511 -9.08785456 6.66252854 -5.21437236 3.85168128 -3.45801160 2.70698138 -2.07741860 1.46986606 -1.42336936 0.67454510 -1.41116618 
2.93820222 10.73036322 -5.54825353 3.20303297 -2.06517316 1.09208867 -1.10456051 0.73817766 -0.45418909 0.14168050 -0.34597467 -0.19359459 -0.72117771 
2.63124480 13.27498183 -8.34385917 5.86683263 -4.42715163 3.10817765 -2.77895496 2.10228297 -1.54974943 1.01656608 -1.03976374 0.35440464 -1.14835533 
2.84771731 15.60647196 -11.43167677 9.38435817 -8.13433344 6.83494751 -6.40049752 5.53140813 -4.72828497 3.91051607 -3.62983510 2.63422823 -3.11915130 
2.83318960 15.60642053 -11.43160301 9.38426770 -8.13423125 6.83483793 -6.40038439 5.53129475 -4.72817416 3.91041014 -3.62973593 2.63413726 -3.11906958 
3.06060606 13.79358955 -8.98646151 6.55207220 -5.10312567 3.74481285 -3.35879777 2.61723427 -1.99792069 1.40061449 -1.36399833 0.62440255 -1.36953399 
3.44671450 14.17336561 -9.47298171 7.08778166 -5.64835494 4.27391567 -3.85487912 3.07031259 -2.40300652 1.75660596 -1.67175450 0.88635762 -1.58866495 
3.77958518 14.44115650 -9.82420702 7.48336655 -6.05992813 4.68184496 -4.24526252 3.43398374 -2.73441051 2.05312605 -1.93249199 1.11184702 -1.78017966 
4.34533502 12.08664764 -6.96499470 4.48592588 -3.14516554 1.96823480 -1.79639730 1.27449246 -0.86454209 0.45561296 -0.58559764 -0.00999836 -0.86016205 
