9.86760049 0.25225142 -0.10954882 -0.01431649 -0.12505881 -0.19078340 -0.26152106 0.17379579 -0.09211612 -0.13500161 -0.14693105 -0.36867762 -0.58937556 
3.37183048 14.15848300 -9.45366075 7.06623421 -5.62615159 4.25211242 -3.83420139 3.05121792 -2.38575282 1.74129185 -1.65839078 0.87488309 -1.57898608 
3.70698914 14.42899933 -9.80811517 7.46508224 -6.04074191 4.66267254 -4.22676916 3.41662396 -2.71847471 2.03876876 -1.91978441 1.10078975 -1.77073329 
3.71131644 14.48690305 -9.88488492 7.55244898 -6.13255858 4.75455836 -4.31552717 3.50005664 -2.79516574 2.10795050 -1.98109038 1.15419431 -1.81640676 
3.71635789 14.43746055 -9.81931339 7.47780457 -6.05409014 4.67600958 -4.23963234 3.42869732 -2.72955654 2.04875187 -1.92861957 1.10847680 -1.77729987 
3.72066681 14.49500753 -9.89565532 7.56473385 -6.14549757 4.76753446 -4.32808723 3.51188648 -2.80606040 2.11779612 -1.98983009 1.16181986 -1.82293842 
3.72568323 14.44583339 -9.83040131 7.49040888 -6.06732199 4.68923750 -4.25239695 3.44068425 -2.74056441 2.05867294 -1.93740367 1.11612260 -1.78383378 
3.72997392 14.50302685 -9.90631868 7.57690335 -6.15832192 4.78040223 -4.34054866 3.52362910 -2.81687977 2.12757801 -1.99851686 1.16940220 -1.82943553 
3.73496556 14.45411907 -9.84138035 7.50289656 -6.08043870 4.70235732 -4.26506383 3.45258536 -2.75149875 2.06853225 -1.94613689 1.12372721 -1.79033503 
3.73923817 14.51096221 -9.91687639 7.58895885 -6.17103289 4.79316274 -4.35291233 3.53528517 -2.82762433 2.13729650 -2.00715091 1.17694146 -1.83589812 
3.57739250 15.60999040 -11.43672330 9.39054849 -8.14132701 6.84244765 -6.40824168 5.53916935 -4.73587069 3.91776822 -3.63662521 2.64045763 -3.12474762 
3.74420525 14.46231880 -9.85225190 7.51526899 -6.09344150 4.71537009 -4.27763380 3.46440128 -2.76236000 2.07833009 -1.95481939 1.13129072 -1.79680364 
3.74845993 14.51881477 -9.92732981 7.60090172 -6.18363171 4.80581705 -4.36517909 3.54685534 -2.83829457 2.14695193 -2.01573245 1.18443776 -1.84232625 
3.58741758 15.60999040 -11.43672330 9.39054849 -8.14132701 6.84244765 -6.40824168 5.53916935 -4.73587069 3.91776822 -3.63662521 2.64045763 -3.12474762 
3.58741758 15.60999040 -11.43672330 9.39054849 -8.14132701 6.84244765 -6.40824168 5.53916935 -4.73587069 3.91776822 -3.63662521 2.64045763 -3.12474762 
3.75340272 14.47043376 -9.86301733 7.52752751 -6.10633161 4.72827684 -4.29010768 3.47613263 -2.77314861 2.08806676 -1.96345135 1.13881319 -1.80323961 
3.75763961 14.52658568 -9.93768029 7.61273330 -6.19611961 4.81836621 -4.37734980 3.55834028 -2.84889098 2.15654464 -2.02426169 1.19189121 -1.84871997 
3.92430441 12.91765049 -7.91560134 5.42463125 -4.00445204 2.72192239 -2.43732039 1.80736505 -1.29998682 0.80789327 -0.86770558 0.21417532 -1.03581631 
4.05349859 14.79634708 -10.30054220 8.03146534 -6.64217234 5.27060524 -4.81974883 3.97931293 -3.24043673 2.51372616 -2.34416709 1.47337580 -2.09177649 
3.92550062 15.60879202 -11.43500432 9.38843976 -8.13894449 6.83989240 -6.40560313 5.53652484 -4.73328583 3.91529691 -3.63431123 2.63833464 -3.12284030 
3.93392756 15.60880207 -11.43501874 9.38845744 -8.13896448 6.83991383 -6.40562526 5.53654702 -4.73330751 3.91531763 -3.63433064 2.63835244 -3.12285630 
4.08173180 14.68789726 -10.15383349 7.86124753 -6.45989652 5.08487358 -4.63717902 3.80477663 -3.07737672 2.36435057 -2.20984727 1.35474544 -1.98897669 
4.09264422 14.82202779 -10.33544617 8.07214496 -6.68592370 5.31537259 -4.86393194 4.02171644 -3.28020032 2.55028178 -2.37714875 1.50259721 -2.11717486 
3.82960639 14.58594450 -10.01693240 7.70353397 -6.29217104 4.91509592 -4.47135757 3.64722952 -2.93106217 2.23106914 -2.09063984 1.24999244 -1.89863863 
3.83434059 14.53983982 -9.95534740 7.63294298 -6.21746526 4.83983096 -4.39818079 3.57800988 -2.86704982 2.17299290 -2.03889442 1.20468488 -1.85970001 
3.83842378 14.59302893 -10.02641340 7.71442114 -6.30371309 4.92674401 -4.48270102 3.65797652 -2.94101579 2.24011273 -2.09870863 1.25706645 -1.90472570 
3.68499791 15.60999040 -11.43672330 9.39054849 -8.14132701 6.84244765 -6.40824168 5.53916935 -4.73587069 3.91776822 -3.63662521 2.64045763 -3.12474762 
3.68499791 15.60999040 -11.43672330 9.39054849 -8.14132701 6.84244765 -6.40824168 5.53916935 -4.73587069 3.91776822 -3.63662521 2.64045763 -3.12474762 
3.68499791 15.60999040 -11.43672330 9.39054849 -8.14132701 6.84244765 -6.40824168 5.53916935 -4.73587069 3.91776822 -3.63662521 2.64045763 -3.12474762 
3.68499791 15.60999040 -11.43672330 9.39054849 -8.14132701 6.84244765 -6.40824168 5.53916935 -4.73587069 3.91776822 -3.63662521 2.64045763 -3.12474762 
3.68499791 15.60999040 -11.43672330 9.39054849 -8.14132701 6.84244765 -6.40824168 5.53916935 -4.73587069 3.91776822 -3.63662521 2.64045763 -3.12474762 
3.68499791 15.60999040 -11.43672330 9.39054849 -8.14132701 6.84244765 -6.40824168 5.53916935 -4.73587069 3.91776822 -3.63662521 2.64045763 -3.12474762 
3.68499791 15.60999040 -11.43672330 9.39054849 -8.14132701 6.84244765 -6.40824168 5.53916935 -4.73587069 3.91776822 -3.63662521 2.64045763 -3.12474762 
3.68499791 15.60999040 -11.43672330 9.39054849 -8.14132701 6.84244765 -6.40824168 5.53916935 -4.73587069 3.91776822 -3.63662521 2.64045763 -3.12474762 
3.68499791 15.60999040 -11.43672330 9.39054849 -8.14132701 6.84244765 -6.40824168 5.53916935 -4.73587069 3.91776822 -3.63662521 2.64045763 -3.12474762 
3.68499791 15.60999040 -11.43672330 9.39054849 -8.14132701 6.84244765 -6.40824168 5.53916935 -4.73587069 3.91776822 -3.63662521 2.64045763 -3.12474762 
3.68499791 15.60999040 -11.43672330 9.39054849 -8.14132701 6.84244765 -6.40824168 5.53916935 -4.73587069 3.91776822 -3.63662521 2.64045763 -3.12474762 
3.68499791 15.60999040 -11.43672330 9.39054849 -8.14132701 6.84244765 -6.40824168 5.53916935 -4.73587069 3.91776822 -3.63662521 2.64045763 -3.12474762 
3.68499791 15.60999040 -11.43672330 9.39054849 -8.14132701 6.84244765 -6.40824168 5.53916935 -4.73587069 3.91776822 -3.63662521 2.64045763 -3.12474762 
3.68499791 15.60999040 -11.43672330 9.39054849 -8.14132701 6.84244765 -6.40824168 5.53916935 -4.73587069 3.91776822 -3.63662521 2.64045763 -3.12474762 
3.52701863 14.25658308 -9.58140145 7.20911047 -5.77379523 4.39749209 -3.97244259 3.17920425 -2.50168689 1.84443488 -1.74859827 0.95250013 -1.64458783 
3.52143950 14.31163572 -9.65348593 7.29016645 -5.85799095 4.48081065 -4.05205357 3.25325475 -2.56906673 1.90463617 -1.80146216 0.99815793 -1.68331746 
3.67545135 15.60999040 -11.43672330 9.39054849 -8.14132701 6.84244765 -6.40824168 5.53916935 -4.73587069 3.91776822 -3.63662521 2.64045763 -3.12474762 
3.67545135 15.60999040 -11.43672330 9.39054849 -8.14132701 6.84244765 -6.40824168 5.53916935 -4.73587069 3.91776822 -3.63662521 2.64045763 -3.12474762 
3.83434059 14.53983982 -9.95534740 7.63294298 -6.21746526 4.83983096 -4.39818079 3.57800988 -2.86704982 2.17299290 -2.03889442 1.20468488 -1.85970001 
3.83842378 14.59302893 -10.02641340 7.71442114 -6.30371309 4.92674401 -4.48270102 3.65797652 -2.94101579 2.24011273 -2.09870863 1.25706645 -1.90472570 
3.68499791 15.60999040 -11.43672330 9.39054849 -8.14132701 6.84244765 -6.40824168 5.53916935 -4.73587069 3.91776822 -3.63662521 2.64045763 -3.12474762 
3.68499791 15.60999040 -11.43672330 9.39054849 -8.14132701 6.84244765 -6.40824168 5.53916935 -4.73587069 3.91776822 -3.63662521 2.64045763 -3.12474762 
3.84313588 14.54716801 -9.96512266 7.64413292 -6.22929225 4.85173175 -4.40973753 3.58892901 -2.87713625 2.18213429 -2.04703113 1.21180252 -1.86581158 
3.84720267 14.60004213 -10.03580376 7.72520940 -6.31515562 4.93829683 -4.49395657 3.66864470 -2.95090040 2.24909706 -2.10672743 1.26409904 -1.91077912 
3.69449911 15.60999040 -11.43672330 9.39054849 -8.14132701 6.84244765 -6.40824168 5.53916935 -4.73587069 3.91776822 -3.63662521 2.64045763 -3.12474762 
3.69449911 15.60999040 -11.43672330 9.39054849 -8.14132701 6.84244765 -6.40824168 5.53916935 -4.73587069 3.91776822 -3.63662521 2.64045763 -3.12474762 
3.85189286 14.55442320 -9.97480556 7.65522266 -6.24101899 4.86353715 -4.42120681 3.59977021 -2.88715489 2.19121785 -2.05511942 1.21888032 -1.87189099 
3.85594338 14.60698504 -10.04510462 7.73589990 -6.32649968 4.94975531 -4.50512499 3.67923468 -2.96071647 2.25802245 -2.11469650 1.27109038 -1.91679896 
3.70395540 15.60999040 -11.43672330 9.39054849 -8.14132701 6.84244765 -6.40824168 5.53916935 -4.73587069 3.91776822 -3.63662521 2.64045763 -3.12474762 
3.70395540 15.60999040 -11.43672330 9.39054849 -8.14132701 6.84244765 -6.40824168 5.53916935 -4.73587069 3.91776822 -3.63662521 2.64045763 -3.12474762 
3.70395540 15.60999040 -11.43672330 9.39054849 -8.14132701 6.84244765 -6.40824168 5.53916935 -4.73587069 3.91776822 -3.63662521 2.64045763 -3.12474762 
3.70395540 15.60999040 -11.43672330 9.39054849 -8.14132701 6.84244765 -6.40824168 5.53916935 -4.73587069 3.91776822 -3.63662521 2.64045763 -3.12474762 
3.70395540 15.60999040 -11.43672330 9.39054849 -8.14132701 6.84244765 -6.40824168 5.53916935 -4.73587069 3.91776822 -3.63662521 2.64045763 -3.12474762 
3.54745170 14.27712542 -9.60826557 7.23928183 -5.80509870 4.42843462 -4.00197595 3.20664580 -2.52663098 1.86669996 -1.76813176 0.96935642 -1.65887456 
3.54193340 14.33155820 -9.67964245 7.31965488 -5.88869914 4.51127284 -4.08122888 3.28045420 -2.59387036 1.92684332 -1.82100109 1.01506464 -1.69768409 
3.69449911 15.60999040 -11.43672330 9.39054849 -8.14132701 6.84244765 -6.40824168 5.53916935 -4.73587069 3.91776822 -3.63662521 2.64045763 -3.12474762 
3.53726107 14.26691196 -9.59490400 7.22426993 -5.78951808 4.41302848 -3.98726665 3.19297403 -2.51419972 1.85560064 -1.75839151 0.96094900 -1.65174702 
3.53171252 14.32165346 -9.66663368 7.30498392 -5.87341618 4.49610740 -4.06669954 3.26690471 -2.58151074 1.91577446 -1.81125961 1.00663342 -1.69051789 
3.52701863 14.25658308 -9.58140145 7.20911047 -5.77379523 4.39749209 -3.97244259 3.17920425 -2.50168689 1.84443488 -1.74859827 0.95250013 -1.64458783 
3.52143950 14.31163572 -9.65348593 7.29016645 -5.85799095 4.48081065 -4.05205357 3.25325475 -2.56906673 1.90463617 -1.80146216 0.99815793 -1.68331746 
3.67545135 15.60999040 -11.43672330 9.39054849 -8.14132701 6.84244765 -6.40824168 5.53916935 -4.73587069 3.91776822 -3.63662521 2.64045763 -3.12474762 
3.67545135 15.60999040 -11.43672330 9.39054849 -8.14132701 6.84244765 -6.40824168 5.53916935 -4.73587069 3.91776822 -3.63662521 2.64045763 -3.12474762 
3.67545135 15.60999040 -11.43672330 9.39054849 -8.14132701 6.84244765 -6.40824168 5.53916935 -4.73587069 3.91776822 -3.63662521 2.64045763 -3.12474762 
3.67545135 15.60999040 -11.43672330 9.39054849 -8.14132701 6.84244765 -6.40824168 5.53916935 -4.73587069 3.91776822 -3.63662521 2.64045763 -3.12474762 
3.83434059 14.53983982 -9.95534740 7.63294298 -6.21746526 4.83983096 -4.39818079 3.57800988 -2.86704982 2.17299290 -2.03889442 1.20468488 -1.85970001 
3.83842378 14.59302893 -10.02641340 7.71442114 -6.30371309 4.92674401 -4.48270102 3.65797652 -2.94101579 2.24011273 -2.09870863 1.25706645 -1.90472570 
3.68499791 15.60999040 -11.43672330 9.39054849 -8.14132701 6.84244765 -6.40824168 5.53916935 -4.73587069 3.91776822 -3.63662521 2.64045763 -3.12474762 
3.84313588 14.54716801 -9.96512266 7.64413292 -6.22929225 4.85173175 -4.40973753 3.58892901 -2.87713625 2.18213429 -2.04703113 1.21180252 -1.86581158 
3.84720267 14.60004213 -10.03580376 7.72520940 -6.31515562 4.93829683 -4.49395657 3.66864470 -2.95090040 2.24909706 -2.10672743 1.26409904 -1.91077912 
3.85189286 14.55442320 -9.97480556 7.65522266 -6.24101899 4.86353715 -4.42120681 3.59977021 -2.88715489 2.19121785 -2.05511942 1.21888032 -1.87189099 
3.85594338 14.60698504 -10.04510462 7.73589990 -6.32649968 4.94975531 -4.50512499 3.67923468 -2.96071647 2.25802245 -2.11469650 1.27109038 -1.91679896 
3.86061188 14.56160636 -9.98439725 7.66621333 -6.25264654 4.87524807 -4.43258936 3.61053408 -2.89710619 2.20024390 -2.06315949 1.22591839 -1.87793832 
3.86464625 14.61385861 -10.05431708 7.74649378 -6.33774633 4.96112037 -4.51620706 3.68974709 -2.97046448 2.26688927 -2.12261609 1.27804062 -1.92278533 
3.86929324 14.56871843 -9.99389883 7.67710607 -6.26417594 4.88686542 -4.44388595 3.62122119 -2.90699058 2.20921274 -2.07115155 1.23291687 -1.88395362 
3.87331160 14.62066374 -10.06344224 7.75699213 -6.34889661 4.97239292 -4.52720353 3.70018253 -2.98014490 2.27569787 -2.13048643 1.28494994 -1.92873833 
3.72273488 15.60999040 -11.43672330 9.39054849 -8.14132701 6.84244765 -6.40824168 5.53916935 -4.73587069 3.91776822 -3.63662521 2.64045763 -3.12474762 
3.72273488 15.60999040 -11.43672330 9.39054849 -8.14132701 6.84244765 -6.40824168 5.53916935 -4.73587069 3.91776822 -3.63662521 2.64045763 -3.12474762 
3.87793729 14.57576034 -10.00331141 7.68790199 -6.27560821 4.89839008 -4.45509729 3.63183214 -2.91680850 2.21812470 -2.07909582 1.23987589 -1.88993696 
3.88193975 14.62740134 -10.07248117 7.76739606 -6.35995153 4.98357387 -4.53811517 3.71054163 -2.98975820 2.28444860 -2.13830778 1.29181849 -1.93465806 
3.73205890 15.60999040 -11.43672330 9.39054849 -8.14132701 6.84244765 -6.40824168 5.53916935 -4.73587069 3.91776822 -3.63662521 2.64045763 -3.12474762 
3.73205890 15.60999040 -11.43672330 9.39054849 -8.14132701 6.84244765 -6.40824168 5.53916935 -4.73587069 3.91776822 -3.63662521 2.64045763 -3.12474762 
3.73205890 15.60999040 -11.43672330 9.39054849 -8.14132701 6.84244765 -6.40824168 5.53916935 -4.73587069 3.91776822 -3.63662521 2.64045763 -3.12474762 
3.73205890 15.60999040 -11.43672330 9.39054849 -8.14132701 6.84244765 -6.40824168 5.53916935 -4.73587069 3.91776822 -3.63662521 2.64045763 -3.12474762 
3.73205890 15.60999040 -11.43672330 9.39054849 -8.14132701 6.84244765 -6.40824168 5.53916935 -4.73587069 3.91776822 -3.63662521 2.64045763 -3.12474762 
3.73205890 15.60999040 -11.43672330 9.39054849 -8.14132701 6.84244765 -6.40824168 5.53916935 -4.73587069 3.91776822 -3.63662521 2.64045763 -3.12474762 
3.73205890 15.60999040 -11.43672330 9.39054849 -8.14132701 6.84244765 -6.40824168 5.53916935 -4.73587069 3.91776822 -3.63662521 2.64045763 -3.12474762 
3.73205890 15.60999040 -11.43672330 9.39054849 -8.14132701 6.84244765 -6.40824168 5.53916935 -4.73587069 3.91776822 -3.63662521 2.64045763 -3.12474762 
3.73205890 15.60999040 -11.43672330 9.39054849 -8.14132701 6.84244765 -6.40824168 5.53916935 -4.73587069 3.91776822 -3.63662521 2.64045763 -3.12474762 
3.73205890 15.60999040 -11.43672330 9.39054849 -8.14132701 6.84244765 -6.40824168 5.53916935 -4.73587069 3.91776822 -3.63662521 2.64045763 -3.12474762 
3.73205890 15.60999040 -11.43672330 9.39054849 -8.14132701 6.84244765 -6.40824168 5.53916935 -4.73587069 3.91776822 -3.63662521 2.64045763 -3.12474762 
3.73205890 15.60999040 -11.43672330 9.39054849 -8.14132701 6.84244765 -6.40824168 5.53916935 -4.73587069 3.91776822 -3.63662521 2.64045763 -3.12474762 
3.73205890 15.60999040 -11.43672330 9.39054849 -8.14132701 6.84244765 -6.40824168 5.53916935 -4.73587069 3.91776822 -3.63662521 2.64045763 -3.12474762 
3.73205890 15.60999040 -11.43672330 9.39054849 -8.14132701 6.84244765 -6.40824168 5.53916935 -4.73587069 3.91776822 -3.63662521 2.64045763 -3.12474762 
3.57771791 14.30709041 -9.64752358 7.28345029 -5.85100275 4.47388394 -4.04542458 3.24707930 -2.56343927 1.89960123 -1.79703503 0.99432953 -1.68006613 
3.57228843 14.36061130 -9.71785397 7.36280699 -5.93371037 4.55599435 -4.12412707 3.32050673 -2.63044737 1.95963587 -1.84989078 1.04009266 -1.71897650 
3.72273488 15.60999040 -11.43672330 9.39054849 -8.14132701 6.84244765 -6.40824168 5.53916935 -4.73587069 3.91776822 -3.63662521 2.64045763 -3.12474762 
3.72273488 15.60999040 -11.43672330 9.39054849 -8.14132701 6.84244765 -6.40824168 5.53916935 -4.73587069 3.91776822 -3.63662521 2.64045763 -3.12474762 
3.72273488 15.60999040 -11.43672330 9.39054849 -8.14132701 6.84244765 -6.40824168 5.53916935 -4.73587069 3.91776822 -3.63662521 2.64045763 -3.12474762 
3.72273488 15.60999040 -11.43672330 9.39054849 -8.14132701 6.84244765 -6.40824168 5.53916935 -4.73587069 3.91776822 -3.63662521 2.64045763 -3.12474762 
3.72273488 15.60999040 -11.43672330 9.39054849 -8.14132701 6.84244765 -6.40824168 5.53916935 -4.73587069 3.91776822 -3.63662521 2.64045763 -3.12474762 
3.87793729 14.57576034 -10.00331141 7.68790199 -6.27560821 4.89839008 -4.45509729 3.63183214 -2.91680850 2.21812470 -2.07909582 1.23987589 -1.88993696 
3.88193975 14.62740134 -10.07248117 7.76739606 -6.35995153 4.98357387 -4.53811517 3.71054163 -2.98975820 2.28444860 -2.13830778 1.29181849 -1.93465806 
3.73205890 15.60999040 -11.43672330 9.39054849 -8.14132701 6.84244765 -6.40824168 5.53916935 -4.73587069 3.91776822 -3.63662521 2.64045763 -3.12474762 
3.73205890 15.60999040 -11.43672330 9.39054849 -8.14132701 6.84244765 -6.40824168 5.53916935 -4.73587069 3.91776822 -3.63662521 2.64045763 -3.12474762 
3.73205890 15.60999040 -11.43672330 9.39054849 -8.14132701 6.84244765 -6.40824168 5.53916935 -4.73587069 3.91776822 -3.63662521 2.64045763 -3.12474762 
3.73205890 15.60999040 -11.43672330 9.39054849 -8.14132701 6.84244765 -6.40824168 5.53916935 -4.73587069 3.91776822 -3.63662521 2.64045763 -3.12474762 
3.57771791 14.30709041 -9.64752358 7.28345029 -5.85100275 4.47388394 -4.04542458 3.24707930 -2.56343927 1.89960123 -1.79703503 0.99432953 -1.68006613 
3.57228843 14.36061130 -9.71785397 7.36280699 -5.93371037 4.55599435 -4.12412707 3.32050673 -2.63044737 1.95963587 -1.84989078 1.04009266 -1.71897650 
3.72273488 15.60999040 -11.43672330 9.39054849 -8.14132701 6.84244765 -6.40824168 5.53916935 -4.73587069 3.91776822 -3.63662521 2.64045763 -3.12474762 
3.72273488 15.60999040 -11.43672330 9.39054849 -8.14132701 6.84244765 -6.40824168 5.53916935 -4.73587069 3.91776822 -3.63662521 2.64045763 -3.12474762 
3.56767962 14.29721297 -9.63457348 7.26887022 -5.83583949 4.45886112 -4.03105400 3.23369780 -2.55125037 1.88870006 -1.78745346 0.98604673 -1.67303422 
3.56222085 14.35103546 -9.70525072 7.34856461 -5.91884467 4.54121504 -4.10994167 3.30725451 -2.61833823 1.94877377 -1.84031657 1.03179426 -1.71191347 
3.71336718 15.60999040 -11.43672330 9.39054849 -8.14132701 6.84244765 -6.40824168 5.53916935 -4.73587069 3.91776822 -3.63662521 2.64045763 -3.12474762 
3.71336718 15.60999040 -11.43672330 9.39054849 -8.14132701 6.84244765 -6.40824168 5.53916935 -4.73587069 3.91776822 -3.63662521 2.64045763 -3.12474762 
3.55759105 14.28722519 -9.62148810 7.25414800 -5.82053865 4.44371175 -4.01657143 3.22022018 -2.53898107 1.87773304 -1.77781906 0.97772235 -1.66597033 
3.55210267 14.34135164 -9.69251417 7.33418117 -5.90384144 4.52630830 -4.09564260 3.29390390 -2.60614604 1.93784300 -1.83068671 1.02345159 -1.70481597 
3.70395540 15.60999040 -11.43672330 9.39054849 -8.14132701 6.84244765 -6.40824168 5.53916935 -4.73587069 3.91776822 -3.63662521 2.64045763 -3.12474762 
3.70395540 15.60999040 -11.43672330 9.39054849 -8.14132701 6.84244765 -6.40824168 5.53916935 -4.73587069 3.91776822 -3.63662521 2.64045763 -3.12474762 
3.54745170 14.27712542 -9.60826557 7.23928183 -5.80509870 4.42843462 -4.00197595 3.20664580 -2.52663098 1.86669996 -1.76813176 0.96935642 -1.65887456 
3.54193340 14.33155820 -9.67964245 7.31965488 -5.88869914 4.51127284 -4.08122888 3.28045420 -2.59387036 1.92684332 -1.82100109 1.01506464 -1.69768409 
3.69449911 15.60999040 -11.43672330 9.39054849 -8.14132701 6.84244765 -6.40824168 5.53916935 -4.73587069 3.91776822 -3.63662521 2.64045763 -3.12474762 
3.69449911 15.60999040 -11.43672330 9.39054849 -8.14132701 6.84244765 -6.40824168 5.53916935 -4.73587069 3.91776822 -3.63662521 2.64045763 -3.12474762 
3.69449911 15.60999040 -11.43672330 9.39054849 -8.14132701 6.84244765 -6.40824168 5.53916935 -4.73587069 3.91776822 -3.63662521 2.64045763 -3.12474762 
3.69449911 15.60999040 -11.43672330 9.39054849 -8.14132701 6.84244765 -6.40824168 5.53916935 -4.73587069 3.91776822 -3.63662521 2.64045763 -3.12474762 
3.69449911 15.60999040 -11.43672330 9.39054849 -8.14132701 6.84244765 -6.40824168 5.53916935 -4.73587069 3.91776822 -3.63662521 2.64045763 -3.12474762 
3.69449911 15.60999040 -11.43672330 9.39054849 -8.14132701 6.84244765 -6.40824168 5.53916935 -4.73587069 3.91776822 -3.63662521 2.64045763 -3.12474762 
3.69449911 15.60999040 -11.43672330 9.39054849 -8.14132701 6.84244765 -6.40824168 5.53916935 -4.73587069 3.91776822 -3.63662521 2.64045763 -3.12474762 
3.69449911 15.60999040 -11.43672330 9.39054849 -8.14132701 6.84244765 -6.40824168 5.53916935 -4.73587069 3.91776822 -3.63662521 2.64045763 -3.12474762 
3.69449911 15.60999040 -11.43672330 9.39054849 -8.14132701 6.84244765 -6.40824168 5.53916935 -4.73587069 3.91776822 -3.63662521 2.64045763 -3.12474762 
3.53726107 14.26691196 -9.59490400 7.22426993 -5.78951808 4.41302848 -3.98726665 3.19297403 -2.51419972 1.85560064 -1.75839151 0.96094900 -1.65174702 
3.53171252 14.32165346 -9.66663368 7.30498392 -5.87341618 4.49610740 -4.06669954 3.26690471 -2.58151074 1.91577446 -1.81125961 1.00663342 -1.69051789 
3.68499791 15.60999040 -11.43672330 9.39054849 -8.14132701 6.84244765 -6.40824168 5.53916935 -4.73587069 3.91776822 -3.63662521 2.64045763 -3.12474762 
3.68499791 15.60999040 -11.43672330 9.39054849 -8.14132701 6.84244765 -6.40824168 5.53916935 -4.73587069 3.91776822 -3.63662521 2.64045763 -3.12474762 
3.68499791 15.60999040 -11.43672330 9.39054849 -8.14132701 6.84244765 -6.40824168 5.53916935 -4.73587069 3.91776822 -3.63662521 2.64045763 -3.12474762 
3.52701863 14.25658308 -9.58140145 7.20911047 -5.77379523 4.39749209 -3.97244259 3.17920425 -2.50168689 1.84443488 -1.74859827 0.95250013 -1.64458783 
3.52143950 14.31163572 -9.65348593 7.29016645 -5.85799095 4.48081065 -4.05205357 3.25325475 -2.56906673 1.90463617 -1.80146216 0.99815793 -1.68331746 
3.67545135 15.60999040 -11.43672330 9.39054849 -8.14132701 6.84244765 -6.40824168 5.53916935 -4.73587069 3.91776822 -3.63662521 2.64045763 -3.12474762 
3.67545135 15.60999040 -11.43672330 9.39054849 -8.14132701 6.84244765 -6.40824168 5.53916935 -4.73587069 3.91776822 -3.63662521 2.64045763 -3.12474762 
3.67545135 15.60999040 -11.43672330 9.39054849 -8.14132701 6.84244765 -6.40824168 5.53916935 -4.73587069 3.91776822 -3.63662521 2.64045763 -3.12474762 
3.67545135 15.60999040 -11.43672330 9.39054849 -8.14132701 6.84244765 -6.40824168 5.53916935 -4.73587069 3.91776822 -3.63662521 2.64045763 -3.12474762 
3.67545135 15.60999040 -11.43672330 9.39054849 -8.14132701 6.84244765 -6.40824168 5.53916935 -4.73587069 3.91776822 -3.63662521 2.64045763 -3.12474762 
3.83434059 14.53983982 -9.95534740 7.63294298 -6.21746526 4.83983096 -4.39818079 3.57800988 -2.86704982 2.17299290 -2.03889442 1.20468488 -1.85970001 
3.83842378 14.59302893 -10.02641340 7.71442114 -6.30371309 4.92674401 -4.48270102 3.65797652 -2.94101579 2.24011273 -2.09870863 1.25706645 -1.90472570 
3.68499791 15.60999040 -11.43672330 9.39054849 -8.14132701 6.84244765 -6.40824168 5.53916935 -4.73587069 3.91776822 -3.63662521 2.64045763 -3.12474762 
3.84313588 14.54716801 -9.96512266 7.64413292 -6.22929225 4.85173175 -4.40973753 3.58892901 -2.87713625 2.18213429 -2.04703113 1.21180252 -1.86581158 
3.84720267 14.60004213 -10.03580376 7.72520940 -6.31515562 4.93829683 -4.49395657 3.66864470 -2.95090040 2.24909706 -2.10672743 1.26409904 -1.91077912 
3.69449911 15.60999040 -11.43672330 9.39054849 -8.14132701 6.84244765 -6.40824168 5.53916935 -4.73587069 3.91776822 -3.63662521 2.64045763 -3.12474762 
3.85189286 14.55442320 -9.97480556 7.65522266 -6.24101899 4.86353715 -4.42120681 3.59977021 -2.88715489 2.19121785 -2.05511942 1.21888032 -1.87189099 
3.85594338 14.60698504 -10.04510462 7.73589990 -6.32649968 4.94975531 -4.50512499 3.67923468 -2.96071647 2.25802245 -2.11469650 1.27109038 -1.91679896 
3.70395540 15.60999040 -11.43672330 9.39054849 -8.14132701 6.84244765 -6.40824168 5.53916935 -4.73587069 3.91776822 -3.63662521 2.64045763 -3.12474762 
3.70395540 15.60999040 -11.43672330 9.39054849 -8.14132701 6.84244765 -6.40824168 5.53916935 -4.73587069 3.91776822 -3.63662521 2.64045763 -3.12474762 
3.70395540 15.60999040 -11.43672330 9.39054849 -8.14132701 6.84244765 -6.40824168 5.53916935 -4.73587069 3.91776822 -3.63662521 2.64045763 -3.12474762 
3.70395540 15.60999040 -11.43672330 9.39054849 -8.14132701 6.84244765 -6.40824168 5.53916935 -4.73587069 3.91776822 -3.63662521 2.64045763 -3.12474762 
3.70395540 15.60999040 -11.43672330 9.39054849 -8.14132701 6.84244765 -6.40824168 5.53916935 -4.73587069 3.91776822 -3.63662521 2.64045763 -3.12474762 
3.70395540 15.60999040 -11.43672330 9.39054849 -8.14132701 6.84244765 -6.40824168 5.53916935 -4.73587069 3.91776822 -3.63662521 2.64045763 -3.12474762 
3.70395540 15.60999040 -11.43672330 9.39054849 -8.14132701 6.84244765 -6.40824168 5.53916935 -4.73587069 3.91776822 -3.63662521 2.64045763 -3.12474762 
3.54745170 14.27712542 -9.60826557 7.23928183 -5.80509870 4.42843462 -4.00197595 3.20664580 -2.52663098 1.86669996 -1.76813176 0.96935642 -1.65887456 
3.54193340 14.33155820 -9.67964245 7.31965488 -5.88869914 4.51127284 -4.08122888 3.28045420 -2.59387036 1.92684332 -1.82100109 1.01506464 -1.69768409 
3.69449911 15.60999040 -11.43672330 9.39054849 -8.14132701 6.84244765 -6.40824168 5.53916935 -4.73587069 3.91776822 -3.63662521 2.64045763 -3.12474762 
3.69449911 15.60999040 -11.43672330 9.39054849 -8.14132701 6.84244765 -6.40824168 5.53916935 -4.73587069 3.91776822 -3.63662521 2.64045763 -3.12474762 
3.69449911 15.60999040 -11.43672330 9.39054849 -8.14132701 6.84244765 -6.40824168 5.53916935 -4.73587069 3.91776822 -3.63662521 2.64045763 -3.12474762 
3.69449911 15.60999040 -11.43672330 9.39054849 -8.14132701 6.84244765 -6.40824168 5.53916935 -4.73587069 3.91776822 -3.63662521 2.64045763 -3.12474762 
3.69449911 15.60999040 -11.43672330 9.39054849 -8.14132701 6.84244765 -6.40824168 5.53916935 -4.73587069 3.91776822 -3.63662521 2.64045763 -3.12474762 
3.69449911 15.60999040 -11.43672330 9.39054849 -8.14132701 6.84244765 -6.40824168 5.53916935 -4.73587069 3.91776822 -3.63662521 2.64045763 -3.12474762 
3.69449911 15.60999040 -11.43672330 9.39054849 -8.14132701 6.84244765 -6.40824168 5.53916935 -4.73587069 3.91776822 -3.63662521 2.64045763 -3.12474762 
3.85189286 14.55442320 -9.97480556 7.65522266 -6.24101899 4.86353715 -4.42120681 3.59977021 -2.88715489 2.19121785 -2.05511942 1.21888032 -1.87189099 
3.85594338 14.60698504 -10.04510462 7.73589990 -6.32649968 4.94975531 -4.50512499 3.67923468 -2.96071647 2.25802245 -2.11469650 1.27109038 -1.91679896 
3.86061188 14.56160636 -9.98439725 7.66621333 -6.25264654 4.87524807 -4.43258936 3.61053408 -2.89710619 2.20024390 -2.06315949 1.22591839 -1.87793832 
3.86464625 14.61385861 -10.05431708 7.74649378 -6.33774633 4.96112037 -4.51620706 3.68974709 -2.97046448 2.26688927 -2.12261609 1.27804062 -1.92278533 
3.71336718 15.60999040 -11.43672330 9.39054849 -8.14132701 6.84244765 -6.40824168 5.53916935 -4.73587069 3.91776822 -3.63662521 2.64045763 -3.12474762 
3.86929324 14.56871843 -9.99389883 7.67710607 -6.26417594 4.88686542 -4.44388595 3.62122119 -2.90699058 2.20921274 -2.07115155 1.23291687 -1.88395362 
3.87331160 14.62066374 -10.06344224 7.75699213 -6.34889661 4.97239292 -4.52720353 3.70018253 -2.98014490 2.27569787 -2.13048643 1.28494994 -1.92873833 
3.87793729 14.57576034 -10.00331141 7.68790199 -6.27560821 4.89839008 -4.45509729 3.63183214 -2.91680850 2.21812470 -2.07909582 1.23987589 -1.88993696 
3.88193975 14.62740134 -10.07248117 7.76739606 -6.35995153 4.98357387 -4.53811517 3.71054163 -2.98975820 2.28444860 -2.13830778 1.29181849 -1.93465806 
3.88654433 14.58273302 -10.01263608 7.69860217 -6.28694436 4.90982294 -4.46622413 3.64236749 -2.92656039 2.22698009 -2.08699252 1.24679559 -1.89588844 
3.89053101 14.63407228 -10.08143493 7.77770666 -6.37091212 4.99466410 -4.54894274 3.72082498 -2.99930486 2.29314181 -2.14608040 1.29864645 -1.94054463 
3.74133966 15.60999040 -11.43672330 9.39054849 -8.14132701 6.84244765 -6.40824168 5.53916935 -4.73587069 3.91776822 -3.63662521 2.64045763 -3.12474762 
3.74133966 15.60999040 -11.43672330 9.39054849 -8.14132701 6.84244765 -6.40824168 5.53916935 -4.73587069 3.91776822 -3.63662521 2.64045763 -3.12474762 
3.58770643 14.31685915 -9.66034022 7.29788993 -5.86602992 4.48878143 -4.05968409 3.26036531 -2.57554817 1.91043676 -1.80656382 1.00257071 -1.68706595 
3.40063442 15.60796539 -11.43381867 9.38698536 -8.13730136 6.83813024 -6.40378363 5.53470131 -4.73150353 3.91359296 -3.63271584 2.63687098 -3.12152539 
3.20743542 13.82760070 -9.02948066 6.59885982 -5.15017253 3.78993842 -3.40062838 2.65501856 -2.03134311 1.42969079 -1.38889514 0.64540515 -1.38695265 
2.73910995 13.06161457 -8.08672320 5.59991520 -4.17069293 2.87268637 -2.56969069 1.92082258 -1.39541469 0.88711746 -0.93264527 0.26682275 -1.07785491 
2.40099814 15.56119703 -11.36684003 9.30494319 -8.04473962 6.73899171 -6.30154542 5.43235765 -4.63158530 3.81816821 -3.54345864 2.55506014 -3.04809258 
2.04805621 11.56056803 -6.39572338 3.95316679 -2.68244449 1.58208279 -1.48338638 1.02592653 -0.67010665 0.30422243 -0.46839147 -0.10062752 -0.79095626 
1.08162772 8.49168819 -3.57080996 1.67256361 -0.95594274 0.30413746 -0.55365156 0.35577163 -0.18985848 -0.04737385 -0.20818584 -0.29853237 -0.64295019 
0.87345410 9.67894932 -4.56381777 2.40041315 -1.45517676 0.64151344 -0.77879651 0.50555350 -0.28932342 0.02245770 -0.25870392 -0.25935998 -0.67233012 
0.76288038 7.22046882 -2.64634482 1.07757013 -0.59563953 0.08355529 -0.41817823 0.27147940 -0.13742376 -0.08448417 -0.18077510 -0.32174456 -0.62505446 
1.33807042 5.19302819 -1.46753498 0.45487397 -0.28208887 -0.08829789 -0.32037498 0.21322391 -0.10406680 -0.11095838 -0.16022906 -0.34270742 -0.60850639 
1.91137234 15.53112518 -11.32387952 9.25244345 -7.98564002 6.67582646 -6.23653650 5.36740666 -4.56828934 3.75782270 -3.48710488 2.50348624 -3.00186654 
2.22712121 12.69845264 -7.65871540 5.16506170 -3.76152663 2.50438696 -2.24864736 1.64754093 -1.16706471 0.69866669 -0.77900966 0.14286037 -0.97931666 
3.27975197 9.43260599 -4.34745798 2.23453715 -1.33648351 0.55843856 -0.72164613 0.46654215 -0.26280502 0.00371705 -0.24514954 -0.26968246 -0.66464247 
3.87681589 14.52585981 -9.93671323 7.61162759 -6.19495229 4.81719290 -4.37621163 3.55726601 -2.84789962 2.15564701 -2.02346343 1.19119351 -1.84812137 
4.41818068 12.23991122 -7.13557157 4.64991719 -3.29136541 2.09325954 -1.90012769 1.35870289 -0.93179651 0.50891665 -0.62750125 0.02278595 -0.88547403 
