8.57587741 3.20708261 -0.66390104 0.13959378 -0.16221807 -0.15238262 -0.28385131 0.19045568 -0.09369764 -0.12323041 -0.15119248 -0.35547152 -0.59860641 
5.38508779 7.81002570 -3.05728241 1.33153193 -0.74337661 0.17129272 -0.47075947 0.30360617 -0.15700933 -0.07043891 -0.19127876 -0.31250770 -0.63223990 
3.68645439 5.43065769 -1.58694447 0.51003306 -0.30640683 -0.07564221 -0.32741147 0.21742782 -0.10629713 -0.10890403 -0.16184573 -0.34080481 -0.61000932 
1.32198108 4.07695446 -0.97320920 0.24856387 -0.19930632 -0.13147219 -0.29610335 0.19837483 -0.09680715 -0.11867471 -0.15432261 -0.35045448 -0.60244255 
-1.06248850 14.47043376 -9.86301733 7.52752751 -6.10633161 4.72827684 -4.29010768 3.47613263 -2.77314861 2.08806676 -1.96345135 1.13881319 -1.80323961 
1.15036415 3.78208870 -0.86090874 0.20706667 -0.18452630 -0.13950122 -0.29146172 0.19542429 -0.09555569 -0.12032578 -0.15313861 -0.35223849 -0.60106722 
2.87686706 7.89477410 -3.11888454 1.37108660 -0.76723647 0.18583215 -0.47964630 0.30911101 -0.16041946 -0.06802659 -0.19306282 -0.31099055 -0.63341158 
3.57858424 14.18956306 -9.49403334 7.11128473 -5.67259907 4.29774715 -3.87750267 3.09122409 -2.42191929 1.77340724 -1.68642808 0.89896657 -1.59930856 
3.75522811 15.59724978 -11.41845470 9.36814553 -8.11602380 6.81531843 -6.38023651 5.51110885 -4.70845065 3.89155924 -3.61209073 2.61795323 -3.10453370 
3.63090934 14.52740641 -9.93877380 7.61398365 -6.19743970 4.81969313 -4.37863706 3.55955531 -2.85001228 2.15755998 -2.02516466 1.19268045 -1.84939713 
3.30553348 14.15477184 -9.44884609 7.06086821 -5.62062575 4.24668946 -3.82906142 3.04647417 -2.38146880 1.73749140 -1.65507598 0.87203821 -1.57658746 
3.11387213 15.60729345 -11.43285493 9.38580323 -8.13596589 6.83669808 -6.40230492 5.53321939 -4.73005516 3.91220831 -3.63141944 2.63568167 -3.12045696 
3.12650362 15.60732727 -11.43290344 9.38586274 -8.13603311 6.83677017 -6.40237935 5.53329397 -4.73012805 3.91227800 -3.63148469 2.63574152 -3.12051073 
3.13905584 15.60736046 -11.43295104 9.38592113 -8.13609908 6.83684091 -6.40245238 5.53336717 -4.73019959 3.91234639 -3.63154872 2.63580026 -3.12056350 
3.15152977 15.60739304 -11.43299776 9.38597843 -8.13616382 6.83691033 -6.40252406 5.53343900 -4.73026980 3.91241351 -3.63161156 2.63585791 -3.12061529 
2.95887402 13.65976609 -8.81824405 6.37021200 -4.92132240 3.57140797 -3.19892488 2.47358193 -1.87149182 1.29114516 -1.27068076 0.54600495 -1.30477002 
2.71040765 15.60999040 -11.43672330 9.39054849 -8.14132701 6.84244765 -6.40824168 5.53916935 -4.73587069 3.91776822 -3.63662521 2.64045763 -3.12474762 
2.71040765 15.60999040 -11.43672330 9.39054849 -8.14132701 6.84244765 -6.40824168 5.53916935 -4.73587069 3.91776822 -3.63662521 2.64045763 -3.12474762 
2.71040765 15.60999040 -11.43672330 9.39054849 -8.14132701 6.84244765 -6.40824168 5.53916935 -4.73587069 3.91776822 -3.63662521 2.64045763 -3.12474762 
2.71040765 15.60999040 -11.43672330 9.39054849 -8.14132701 6.84244765 -6.40824168 5.53916935 -4.73587069 3.91776822 -3.63662521 2.64045763 -3.12474762 
2.71040765 15.60999040 -11.43672330 9.39054849 -8.14132701 6.84244765 -6.40824168 5.53916935 -4.73587069 3.91776822 -3.63662521 2.64045763 -3.12474762 
2.96643084 13.58654016 -8.72690580 6.27219875 -4.82404976 3.47927471 -3.11455561 2.39826880 -1.80562646 1.23445218 -1.22262130 0.50583695 -1.27175058 
2.97243699 13.67804203 -8.84111849 6.39483903 -4.94584191 3.59470361 -3.22032119 2.49273677 -1.88829032 1.30564190 -1.28299985 0.55632438 -1.31327118 
2.97993828 13.60527638 -8.75022882 6.29717700 -4.84879165 3.50266613 -3.13593747 2.41732243 -1.82226202 1.24874868 -1.23472283 0.51593767 -1.28004294 
2.98590971 13.69606282 -8.86370410 6.41918684 -4.97011430 3.61779265 -3.24155290 2.51176606 -1.90499716 1.32007444 -1.29527631 0.56661735 -1.32175782 
2.74117749 15.60999040 -11.43672330 9.39054849 -8.14132701 6.84244765 -6.40824168 5.53916935 -4.73587069 3.91776822 -3.63662521 2.64045763 -3.12474762 
2.74117749 15.60999040 -11.43672330 9.39054849 -8.14132701 6.84244765 -6.40824168 5.53916935 -4.73587069 3.91776822 -3.63662521 2.64045763 -3.12474762 
2.74117749 15.60999040 -11.43672330 9.39054849 -8.14132701 6.84244765 -6.40824168 5.53916935 -4.73587069 3.91776822 -3.63662521 2.64045763 -3.12474762 
2.99335627 13.62375354 -8.77326138 6.32187733 -4.87329034 3.52585675 -3.15716165 2.43625787 -1.83881318 1.26298775 -1.24678777 0.52601709 -1.28832507 
2.99929336 13.71383333 -8.88600573 6.44325942 -4.99414241 3.64067685 -3.26262084 2.53066991 -1.92161194 1.33444209 -1.30750929 0.57688295 -1.33022906 
2.75638669 15.60999040 -11.43672330 9.39054849 -8.14132701 6.84244765 -6.40824168 5.53916935 -4.73587069 3.91776822 -3.63662521 2.64045763 -3.12474762 
2.75638669 15.60999040 -11.43672330 9.39054849 -8.14132701 6.84244765 -6.40824168 5.53916935 -4.73587069 3.91776822 -3.63662521 2.64045763 -3.12474762 
2.75638669 15.60999040 -11.43672330 9.39054849 -8.14132701 6.84244765 -6.40824168 5.53916935 -4.73587069 3.91776822 -3.63662521 2.64045763 -3.12474762 
2.75638669 15.60999040 -11.43672330 9.39054849 -8.14132701 6.84244765 -6.40824168 5.53916935 -4.73587069 3.91776822 -3.63662521 2.64045763 -3.12474762 
2.50710352 12.86349080 -7.85171888 5.35968002 -3.94329795 2.66684549 -2.38928693 1.76646037 -1.26579534 0.77966829 -0.84469022 0.19560260 -1.02105119 
2.49737265 12.95273845 -7.95713242 5.46699890 -4.04447352 2.75807933 -2.46894863 1.83437749 -1.32262881 0.82663158 -0.88302081 0.22655962 -1.04568087 
2.74117749 15.60999040 -11.43672330 9.39054849 -8.14132701 6.84244765 -6.40824168 5.53916935 -4.73587069 3.91776822 -3.63662521 2.64045763 -3.12474762 
2.74117749 15.60999040 -11.43672330 9.39054849 -8.14132701 6.84244765 -6.40824168 5.53916935 -4.73587069 3.91776822 -3.63662521 2.64045763 -3.12474762 
2.74117749 15.60999040 -11.43672330 9.39054849 -8.14132701 6.84244765 -6.40824168 5.53916935 -4.73587069 3.91776822 -3.63662521 2.64045763 -3.12474762 
2.74117749 15.60999040 -11.43672330 9.39054849 -8.14132701 6.84244765 -6.40824168 5.53916935 -4.73587069 3.91776822 -3.63662521 2.64045763 -3.12474762 
2.74117749 15.60999040 -11.43672330 9.39054849 -8.14132701 6.84244765 -6.40824168 5.53916935 -4.73587069 3.91776822 -3.63662521 2.64045763 -3.12474762 
2.74117749 15.60999040 -11.43672330 9.39054849 -8.14132701 6.84244765 -6.40824168 5.53916935 -4.73587069 3.91776822 -3.63662521 2.64045763 -3.12474762 
2.74117749 15.60999040 -11.43672330 9.39054849 -8.14132701 6.84244765 -6.40824168 5.53916935 -4.73587069 3.91776822 -3.63662521 2.64045763 -3.12474762 
2.74117749 15.60999040 -11.43672330 9.39054849 -8.14132701 6.84244765 -6.40824168 5.53916935 -4.73587069 3.91776822 -3.63662521 2.64045763 -3.12474762 
2.49004619 12.83324121 -7.81615628 5.32363727 -3.90946752 2.63646704 -2.36286911 1.74402519 -1.24709157 0.76426542 -0.83215792 0.18550896 -1.01304158 
2.48022273 12.92309085 -7.92203328 5.43118544 -4.01063656 2.72750393 -2.44219794 1.81152674 -1.30347194 0.81077509 -0.87005913 0.21607716 -1.03733020 
2.47284527 12.80247666 -7.78007455 5.28715249 -3.87529909 2.60585073 -2.33629947 1.72150596 -1.22835344 0.74886093 -0.81964413 0.17544418 -1.00506537 
2.46292750 12.89293329 -7.88641342 5.39492218 -3.97644962 2.69667679 -2.41528145 1.78857906 -1.28426962 0.79490798 -0.85710899 0.20561845 -1.02900936 
2.45549839 12.77118478 -7.74346354 5.25021930 -3.84078986 2.57499645 -2.30957967 1.69890530 -1.20958396 0.73345780 -0.80715151 0.16541052 -0.99712439 
2.10206993 15.60258339 -11.42610068 9.37751978 -8.12660937 6.82666562 -6.39194783 5.52284115 -4.71991318 3.90251371 -3.62234373 2.62735649 -3.11297875 
2.08094356 15.60242563 -11.42587448 9.37724240 -8.12629610 6.82632977 -6.39160115 5.52249381 -4.71957378 3.90218932 -3.62204008 2.62707798 -3.11272860 
2.41014531 12.79927529 -7.77632486 5.28336579 -3.87175724 2.60268088 -2.33355176 1.71917971 -1.22641984 0.74727287 -0.81835521 0.17440831 -1.00424505 
2.66334666 15.60999040 -11.43672330 9.39054849 -8.14132701 6.84244765 -6.40824168 5.53916935 -4.73587069 3.91776822 -3.63662521 2.64045763 -3.12474762 
2.66334666 15.60999040 -11.43672330 9.39054849 -8.14132701 6.84244765 -6.40824168 5.53916935 -4.73587069 3.91776822 -3.63662521 2.64045763 -3.12474762 
2.92535985 13.52872616 -8.65514449 6.19555674 -4.74833746 3.40787988 -3.04945777 2.34039981 -1.75521921 1.19122670 -1.18610689 0.47541679 -1.24682137 
2.93147252 13.62242870 -8.77160886 6.32010405 -4.87153047 3.52418989 -3.15563527 2.43489536 -1.83762160 1.26196213 -1.24591835 0.52529044 -1.28772776 
2.67915702 15.60999040 -11.43672330 9.39054849 -8.14132701 6.84244765 -6.40824168 5.53916935 -4.73587069 3.91776822 -3.63662521 2.64045763 -3.12474762 
2.93914285 13.54827028 -8.67936870 6.22139265 -4.77382542 3.43188316 -3.07131635 2.35980735 -1.77210443 1.20569029 -1.19831231 0.48557549 -1.25513884 
2.94521961 13.64123002 -8.79507586 6.34530171 -4.89655289 3.54790398 -3.17736317 2.45430147 -1.85460208 1.27658497 -1.25831995 0.53565998 -1.29625524 
2.95283276 13.56753985 -8.70328743 6.24693863 -4.79906193 3.45568091 -3.09301544 2.37909707 -1.78890706 1.22009909 -1.21048413 0.49571589 -1.26344890 
3.16392639 15.60742501 -11.43304362 9.38603468 -8.13622736 6.83697847 -6.40259442 5.53350951 -4.73033871 3.91247939 -3.63167324 2.63591450 -3.12066612 
2.97243699 13.67804203 -8.84111849 6.39483903 -4.94584191 3.59470361 -3.22032119 2.49273677 -1.88829032 1.30564190 -1.28299985 0.55632438 -1.31327118 
2.72585175 15.60999040 -11.43672330 9.39054849 -8.14132701 6.84244765 -6.40824168 5.53916935 -4.73587069 3.91776822 -3.63662521 2.64045763 -3.12474762 
2.47284527 12.80247666 -7.78007455 5.28715249 -3.87529909 2.60585073 -2.33629947 1.72150596 -1.22835344 0.74886093 -0.81964413 0.17544418 -1.00506537 
2.46292750 12.89293329 -7.88641342 5.39492218 -3.97644962 2.69667679 -2.41528145 1.78857906 -1.28426962 0.79490798 -0.85710899 0.20561845 -1.02900936 
2.45549839 12.77118478 -7.74346354 5.25021930 -3.84078986 2.57499645 -2.30957967 1.69890530 -1.20958396 0.73345780 -0.80715151 0.16541052 -0.99712439 
2.44548452 12.86225342 -7.85026251 5.35820238 -3.94190952 2.66559747 -2.38820056 1.76553690 -1.26502477 0.77903319 -0.84417309 0.19518582 -1.02072026 
2.69484337 15.60999040 -11.43672330 9.39054849 -8.14132701 6.84244765 -6.40824168 5.53916935 -4.73587069 3.91776822 -3.63662521 2.64045763 -3.12474762 
2.69484337 15.60999040 -11.43672330 9.39054849 -8.14132701 6.84244765 -6.40824168 5.53916935 -4.73587069 3.91776822 -3.63662521 2.64045763 -3.12474762 
2.69484337 15.60999040 -11.43672330 9.39054849 -8.14132701 6.84244765 -6.40824168 5.53916935 -4.73587069 3.91776822 -3.63662521 2.64045763 -3.12474762 
2.69484337 15.60999040 -11.43672330 9.39054849 -8.14132701 6.84244765 -6.40824168 5.53916935 -4.73587069 3.91776822 -3.63662521 2.64045763 -3.12474762 
2.69484337 15.60999040 -11.43672330 9.39054849 -8.14132701 6.84244765 -6.40824168 5.53916935 -4.73587069 3.91776822 -3.63662521 2.64045763 -3.12474762 
2.43800310 12.73935279 -7.70631287 5.21283124 -3.80593708 2.54390418 -2.28271149 1.67622600 -1.19078628 0.71805907 -0.79468279 0.15541026 -0.98922048 
2.42789130 12.83103848 -7.81356994 5.32101922 -3.90701310 2.63426558 -2.36095677 1.74240287 -1.24574045 0.76315377 -0.83125421 0.18478164 -1.01246484 
2.67915702 15.60999040 -11.43672330 9.39054849 -8.14132701 6.84244765 -6.40824168 5.53916935 -4.73587069 3.91776822 -3.63662521 2.64045763 -3.12474762 
2.93914285 13.54827028 -8.67936870 6.22139265 -4.77382542 3.43188316 -3.07131635 2.35980735 -1.77210443 1.20569029 -1.19831231 0.48557549 -1.25513884 
3.35803411 14.00951333 -9.26141389 6.85305847 -5.40770788 4.03874989 -3.63289979 2.86625718 -2.21942909 1.59433551 -1.53070105 0.76568444 -1.48722943 
3.37318559 14.22587647 -9.54131934 7.16417398 -5.72725341 4.35156356 -3.92867657 3.13860173 -2.46483523 1.81158798 -1.71982014 0.92769771 -1.62359178 
3.18849146 15.60748721 -11.43313283 9.38614411 -8.13635098 6.83711104 -6.40273130 5.53364669 -4.73047278 3.91260756 -3.63179324 2.63602458 -3.12076502 
3.20066177 15.60751747 -11.43317623 9.38619734 -8.13641111 6.83717553 -6.40279788 5.53371341 -4.73053799 3.91266990 -3.63185161 2.63607813 -3.12081312 
3.21275847 15.60754718 -11.43321884 9.38624961 -8.13647016 6.83723885 -6.40286326 5.53377893 -4.73060203 3.91273112 -3.63190893 2.63613072 -3.12086036 
3.02579805 13.74864240 -8.92977586 6.49059447 -5.04147704 3.68583773 -3.30426878 2.56810189 -1.95456389 1.36298007 -1.33184154 0.59732860 -1.34712204 
2.78646245 15.60999040 -11.43672330 9.39054849 -8.14132701 6.84244765 -6.40824168 5.53916935 -4.73587069 3.91776822 -3.63662521 2.64045763 -3.12474762 
3.03308503 13.67767902 -8.84066385 6.39434924 -4.94535395 3.59423973 -3.21989488 2.49235490 -1.88795525 1.30535259 -1.28275388 0.55611825 -1.31310130 
3.03892134 13.76569009 -8.95125354 6.51386458 -5.06478910 3.70811793 -3.32485055 2.58663039 -1.97090046 1.37714918 -1.34393927 0.60750702 -1.35554217 
2.80133240 15.60999040 -11.43672330 9.39054849 -8.14132701 6.84244765 -6.40824168 5.53916935 -4.73587069 3.91776822 -3.63662521 2.64045763 -3.12474762 
3.04615661 13.69516776 -8.86258161 6.41797602 -4.96890651 3.61664308 -3.24049522 2.51081758 -1.90416401 1.31935435 -1.29466351 0.56610334 -1.32133384 
3.05196005 13.78250582 -8.97246557 6.53687472 -5.08786797 3.73020030 -3.34527203 2.60503420 -1.98714376 1.39125096 -1.35599043 0.61765478 -1.36394368 
2.81609262 15.60999040 -11.43672330 9.39054849 -8.14132701 6.84244765 -6.40824168 5.53916935 -4.73587069 3.91776822 -3.63662521 2.64045763 -3.12474762 
3.05914433 13.71242079 -8.88423194 6.44134365 -4.99222909 3.63885361 -3.26094141 2.52916222 -1.92028615 1.33329508 -1.30653227 0.57606273 -1.32955195 
2.87967834 10.65199682 -5.47146230 3.13769837 -2.01345967 1.05249187 -1.07497757 0.71641873 -0.43834741 0.13002546 -0.33734908 -0.20009157 -0.71634264 
2.87967834 10.65199682 -5.47146230 3.13769837 -2.01345967 1.05249187 -1.07497757 0.71641873 -0.43834741 0.13002546 -0.33734908 -0.20009157 -0.71634264 
3.06491525 13.79909387 -8.99341632 6.55962856 -5.11071636 3.75208660 -3.36553417 2.62331359 -2.00329356 1.40528489 -1.36799434 0.62777113 -1.37232584 
2.83074470 15.60999040 -11.43672330 9.39054849 -8.14132701 6.84244765 -6.40824168 5.53916935 -4.73587069 3.91776822 -3.63662521 2.64045763 -3.12474762 
3.07204925 13.72944244 -8.90561917 6.46445571 -5.01532426 3.66087292 -3.28123424 2.54738895 -1.93632136 1.34717417 -1.31835940 0.58599561 -1.33775485 
3.27216826 15.60768800 -11.43342081 9.38649735 -8.13675004 6.83753899 -6.40317316 5.53408950 -4.73090557 3.91302130 -3.63218061 2.63637996 -3.12108427 
3.09057932 13.83160363 -9.03455091 6.60438169 -5.15573234 3.79527795 -3.40558412 2.65950027 -2.03531199 1.43314729 -1.39185780 0.64790677 -1.38902925 
3.09761479 13.76280847 -8.94762120 6.50992710 -5.06084257 3.70434430 -3.32136298 2.58348935 -1.96812982 1.37474517 -1.34188592 0.60577883 -1.35411204 
3.29544669 15.60774094 -11.43349674 9.38659048 -8.13685525 6.83765183 -6.40328966 5.53420626 -4.73101968 3.91313040 -3.63228275 2.63647367 -3.12116845 
3.11592173 13.86325180 -9.07469036 6.64815208 -5.19985806 3.83770589 -3.44500806 2.69519304 -2.06695466 1.46073290 -1.41552480 0.66790850 -1.40564691 
3.12286131 13.79529855 -8.98862056 6.55441769 -5.10548150 3.74707002 -3.36088794 2.61912033 -1.99958739 1.40206312 -1.36523766 0.62544719 -1.37039970 
3.12847477 13.87876250 -9.09439687 6.66967727 -5.22159351 3.85863790 -3.46448771 2.71285513 -2.08263489 1.47442095 -1.42728323 0.67785756 -1.41392197 
3.13536737 13.81122492 -9.00875417 6.57630352 -5.12747735 3.76815725 -3.38042610 2.63676040 -2.01518411 1.41562603 -1.37684642 0.63523659 -1.37851576 
3.14095034 13.89406928 -9.11386640 6.69096690 -5.24311407 3.87938425 -3.48381380 2.73039490 -2.09822098 1.48803871 -1.43899093 0.68777130 -1.42217370 
2.68588546 13.16543704 -8.21131750 5.72872279 -4.29395986 2.98544204 -2.66951593 2.00707285 -1.46851750 0.94823600 -0.98307002 0.30794005 -1.11086797 
2.67707095 13.24838720 -8.31157944 5.83309405 -4.39451761 3.07802003 -2.75199052 2.07876220 -1.52963086 0.99960321 -1.02565899 0.34282211 -1.13899317 
2.90243696 15.60999040 -11.43672330 9.39054849 -8.14132701 6.84244765 -6.40824168 5.53916935 -4.73587069 3.91776822 -3.63662521 2.64045763 -3.12474762 
3.13536737 13.81122492 -9.00875417 6.57630352 -5.12747735 3.76815725 -3.38042610 2.63676040 -2.01518411 1.41562603 -1.37684642 0.63523659 -1.37851576 
3.32986409 15.60781699 -11.43360582 9.38672428 -8.13700641 6.83781392 -6.40345703 5.53437399 -4.73118362 3.91328712 -3.63242949 2.63660828 -3.12128939 
3.15334936 13.90917577 -9.13310270 6.71202424 -5.26442224 3.89994663 -3.50298735 2.74781276 -2.11371293 1.50158589 -1.45064742 0.69764915 -1.43040151 
2.70138659 13.19034798 -8.24136053 5.75993006 -4.32396383 3.01300957 -2.69402707 2.02833857 -1.48661321 0.96342045 -0.99564003 0.31822097 -1.11914634 
2.39479219 15.60445977 -11.42879118 9.38081914 -8.13033584 6.83066099 -6.39607218 5.52697363 -4.72395131 3.90637348 -3.62595688 2.63067066 -3.11595560 
2.96119409 10.87514113 -5.69157293 3.32616412 -2.16356151 1.16807925 -1.16179590 0.78059351 -0.48528641 0.16467485 -0.36305409 -0.18071461 -0.73077660 
3.32986409 15.60781699 -11.43360582 9.38672428 -8.13700641 6.83781392 -6.40345703 5.53437399 -4.73118362 3.91328712 -3.63242949 2.63660828 -3.12128939 
3.34120618 15.60784148 -11.43364095 9.38676737 -8.13705509 6.83786613 -6.40351093 5.53442802 -4.73123642 3.91333760 -3.63247675 2.63665164 -3.12132834 
3.53940690 14.20864446 -9.51886494 7.13904210 -5.70126599 4.32595866 -3.90431425 3.11603353 -2.44438086 1.79338082 -1.70388854 0.91398341 -1.61199540 
3.55338096 14.40170159 -9.77203347 7.42414010 -5.99783688 4.61985271 -4.18551671 3.37794616 -2.68301018 2.00685177 -1.89156386 1.07625788 -1.74979479 
3.38594208 15.60793544 -11.43377571 9.38693267 -8.13724183 6.83806640 -6.40371771 5.53463524 -4.73143896 3.91353123 -3.63265804 2.63681796 -3.12147775 
3.39697144 15.60795796 -11.43380801 9.38697230 -8.13728660 6.83811441 -6.40376728 5.53468493 -4.73148752 3.91357765 -3.63270151 2.63685783 -3.12151357 
3.22618664 13.99580239 -9.24382464 6.83366595 -5.38794709 4.01955253 -3.61488228 2.84978615 -2.20469014 1.58137297 -1.51948724 0.75613381 -1.47923578 
3.23272480 13.93146773 -9.16152793 6.74318168 -5.29599163 3.93044900 -3.53146386 2.77371197 -2.13677438 1.52177371 -1.46803514 0.71239744 -1.44269715 
3.41884934 15.60800192 -11.43387106 9.38704963 -8.13737397 6.83820810 -6.40386402 5.53478188 -4.73158228 3.91366824 -3.63278632 2.63693565 -3.12158348 
3.42969920 15.60802336 -11.43390182 9.38708736 -8.13741659 6.83825381 -6.40391122 5.53482918 -4.73162851 3.91371244 -3.63282771 2.63697361 -3.12161758 
3.26164319 14.03668251 -9.29632035 6.89159912 -5.44703567 4.07700801 -3.66885374 2.89916693 -2.24891414 1.62029681 -1.55318451 0.78485281 -1.50328854 
3.47735777 12.04916711 -6.92360560 4.44643402 -3.11021682 1.93855538 -1.77193708 1.25476165 -0.84887942 0.44326464 -0.57593510 -0.01753025 -0.85436702 
3.63290335 14.47329127 -9.86680963 7.53184740 -6.11087574 4.73282843 -4.29450812 3.48027248 -2.77695699 2.09150484 -1.96650021 1.14147090 -1.80551404 
3.47251944 15.60810577 -11.43402000 9.38723233 -8.13758038 6.83842946 -6.40409258 5.53501094 -4.73180615 3.91388227 -3.63298672 2.63711949 -3.12174864 
3.48308277 15.60812556 -11.43404839 9.38726715 -8.13761971 6.83847165 -6.40413614 5.53505459 -4.73184882 3.91392307 -3.63302491 2.63715453 -3.12178012 
3.66786661 14.33724487 -9.68711546 7.32808730 -5.89748793 4.51999846 -4.08959260 3.28825756 -2.60099171 1.93322372 -1.82661866 1.01992849 -1.70181969 
3.68105464 14.51492662 -9.92215312 7.59498663 -6.17739092 4.79954798 -4.35910127 3.54112198 -2.83300655 2.14216632 -2.01147866 1.18072156 -1.83913928 
3.52478687 15.60820169 -11.43415758 9.38740109 -8.13777103 6.83863393 -6.40430370 5.53522252 -4.73201295 3.91407998 -3.63317182 2.63728931 -3.12190120 
3.70579920 14.37333532 -9.73461412 7.38176150 -5.95350926 4.57569238 -4.14304673 3.33819374 -2.64661931 1.97415131 -1.86269264 1.05119472 -1.72843080 
3.71876256 14.54665069 -9.96443243 7.64334263 -6.22845677 4.85089087 -4.40892079 3.58815718 -2.87642314 2.18148787 -2.04645566 1.21129904 -1.86537920 
3.39754928 14.18579549 -9.48913447 7.10581301 -5.66695244 4.29219438 -3.87222927 3.08634790 -2.41750755 1.76948668 -1.68300289 0.89602241 -1.59682257 
3.40351143 14.12692569 -9.41276137 7.02069571 -5.57930106 4.20617601 -3.79070054 3.01110474 -2.34955690 1.70920663 -1.63042632 0.85089954 -1.55877804 
3.57572308 15.60829047 -11.43428492 9.38755729 -8.13794750 6.83882318 -6.40449911 5.53541836 -4.73220436 3.91426297 -3.63334316 2.63744650 -3.12204241 
3.75223144 14.41637672 -9.79142204 7.44613088 -6.02087221 4.64283295 -4.20764704 3.39868737 -2.70202125 2.02395519 -1.90668146 1.08939538 -1.76100460 
3.90713314 15.60511373 -11.42972894 9.38196922 -8.13163489 6.83205388 -6.39751012 5.52841450 -4.72535937 3.90771941 -3.62721689 2.63182646 -3.11699381 
3.78309629 14.59902686 -10.03444408 7.72364700 -6.31349813 4.93662305 -4.49232556 3.66709852 -2.94946755 2.24779449 -2.10556467 1.26307914 -1.90990110 
3.79761660 14.45726043 -9.84554455 7.50763483 -6.08541755 4.70733918 -4.26987541 3.45710761 -2.75565501 2.07228106 -1.94945852 1.12662039 -1.79280910 
3.94929839 15.60531478 -11.43001726 9.38232281 -8.13203430 6.83248215 -6.39795226 5.52885754 -4.72579233 3.90813328 -3.62760434 2.63218188 -3.11731307 
3.82782022 14.63416643 -10.08156132 7.77785224 -6.37106691 4.99482076 -4.54909572 3.72097030 -2.99943979 2.29326470 -2.14619030 1.29874301 -1.94062789 
3.84200058 14.49612856 -9.89714560 7.56643422 -6.14728902 4.76933158 -4.32982723 3.51352578 -2.80757050 2.11916116 -1.99104210 1.16287759 -1.82384462 
3.99059303 15.60550366 -11.43028812 9.38265501 -8.13240953 6.83288450 -6.39836764 5.52927378 -4.72619911 3.90852212 -3.62796836 2.63251580 -3.11761303 
4.00687508 15.60557602 -11.43039189 9.38278227 -8.13255329 6.83303865 -6.39852678 5.52943325 -4.72635495 3.90867110 -3.62810783 2.63264374 -3.11772795 
4.02302564 15.60564664 -11.43049317 9.38290649 -8.13269361 6.83318910 -6.39868211 5.52958891 -4.72650707 3.90881651 -3.62824396 2.63276862 -3.11784012 
4.03904683 15.60571559 -11.43059204 9.38302775 -8.13283058 6.83333598 -6.39883374 5.52974086 -4.72665556 3.90895846 -3.62837685 2.63289052 -3.11794963 
3.92284363 14.70546743 -10.17752623 7.88865269 -6.48915577 5.11460235 -4.66632078 3.83256153 -3.10326780 2.38801080 -2.23107330 1.37345102 -2.00515217 
3.93632899 14.57517050 -10.00252281 7.68699730 -6.27464999 4.89742392 -4.45415721 3.63094223 -2.91598494 2.21737701 -2.07842921 1.23929186 -1.88943474 
3.94799767 14.72359605 -10.20200273 7.91699854 -6.51945473 5.14542206 -4.69656474 3.86142753 -3.13019342 2.41263996 -2.25318862 1.39295695 -2.02203351 
3.81259129 15.60864884 -11.43479895 9.38818783 -8.13865987 6.83958715 -6.40528794 5.53620894 -4.73297708 3.91500172 -3.63403485 2.63808107 -3.12261250 
3.82150657 15.60866074 -11.43481602 9.38820877 -8.13868353 6.83961252 -6.40531414 5.53623520 -4.73300274 3.91502626 -3.63405782 2.63810215 -3.12263144 
3.83038228 15.60867249 -11.43483286 9.38822943 -8.13870687 6.83963756 -6.40534000 5.53626111 -4.73302807 3.91505047 -3.63408049 2.63812295 -3.12265012 
3.83921877 15.60868408 -11.43484949 9.38824983 -8.13872991 6.83966227 -6.40536551 5.53628668 -4.73305306 3.91507436 -3.63410286 2.63814347 -3.12266856 
3.99413098 14.62127703 -10.06426484 7.75793876 -6.34990226 4.97340984 -4.52819577 3.70112436 -2.98101876 2.27649320 -2.13119718 1.28557401 -1.92927612 
3.88081868 12.94783208 -7.95131829 5.46106095 -4.03885819 2.75300089 -2.46450175 1.83057587 -1.31943928 0.82398969 -0.88085984 0.22481099 -1.04428710 
3.72568323 14.44583339 -9.83040131 7.49040888 -6.06732199 4.68923750 -4.25239695 3.44068425 -2.74056441 2.05867294 -1.93740367 1.11612260 -1.78383378 
3.58952231 12.34634527 -7.25528844 4.76618961 -3.39605706 2.18363060 -1.97578383 1.42065160 -0.98167633 0.54873296 -0.65899963 0.04755548 -0.90469001 
3.19255647 15.60749736 -11.43314738 9.38616196 -8.13637115 6.83713267 -6.40275363 5.53366906 -4.73049465 3.91262847 -3.63181281 2.63604254 -3.12078115 
2.97847112 13.52016402 -8.64454322 6.18426165 -4.73720556 3.39740642 -3.03992893 2.33194701 -1.74787132 1.18493767 -1.18080375 0.47100598 -1.24321238 
2.95585665 13.73935581 -8.91808751 6.47794259 -5.02881400 3.67374588 -3.29310827 2.55806309 -1.94571976 1.35531508 -1.32530172 0.59182992 -1.34257609 
3.54972292 12.26528453 -7.16401764 4.67745720 -3.31608559 2.11453566 -1.91788915 1.37320697 -0.94344483 0.51819376 -0.63482553 0.02853608 -0.88992799 
3.98597462 14.61487598 -10.05568102 7.74806266 -6.33941233 4.96280432 -4.51784947 3.69130544 -2.97190985 2.26820426 -2.12379084 1.27907178 -1.92367365 
3.99737997 14.75830147 -10.24894765 7.97146155 -6.57777095 5.20483895 -4.75496523 3.91725358 -3.18234439 2.46041039 -2.29614078 1.43088908 -2.05490134 
3.72066681 14.49500753 -9.89565532 7.56473385 -6.14549757 4.76753446 -4.32808723 3.51188648 -2.80606040 2.11779612 -1.98983009 1.16181986 -1.82293842 
3.08112334 8.59856269 -3.65506262 1.73090666 -0.99378453 0.32852948 -0.56926396 0.36579461 -0.19629468 -0.04287752 -0.21145364 -0.29591194 -0.64493988 
1.59928834 -7.55963391 -2.33749937 -0.95374934 -0.50636458 -0.41013693 -0.33394680 0.10330255 -0.14481349 -0.19013213 -0.17969630 -0.40543402 -0.58819889 
2.33916871 4.64915243 -1.21295056 0.34400870 -0.23585264 -0.11226558 -0.30699469 0.20513031 -0.09995557 -0.11505862 -0.15703890 -0.34670188 -0.60536515 
3.03084369 15.34031165 -11.05324172 8.92395210 -7.61824554 6.28556867 -5.83724352 4.97070071 -4.18374734 3.39304127 -3.14806078 2.19457270 -2.72614069 
2.40162117 -0.23807561 -0.09170049 -0.02350568 -0.12481808 -0.19552315 -0.25949283 0.17174437 -0.09276954 -0.13683842 -0.14698785 -0.37053100 -0.58827118 
3.67384626 -0.17890324 -0.09273488 -0.02245475 -0.12480338 -0.19495706 -0.25971720 0.17198728 -0.09267924 -0.13661473 -0.14697041 -0.37031021 -0.58839892 
5.12147320 9.66985254 -4.55573191 2.39414354 -1.45064141 0.63830903 -0.77657333 0.50402458 -0.28827701 0.02171599 -0.25816693 -0.25976756 -0.67202697 
5.56722389 15.58214775 -11.39681944 9.34163628 -8.08610668 6.78326667 -6.34717383 5.47800369 -4.67612229 3.86067777 -3.58319908 2.59146662 -3.08075506 
5.30597319 12.32652702 -7.23291861 4.74439001 -3.37636414 2.16657864 -1.96146585 1.40889439 -0.97218409 0.54113781 -0.65297850 0.04281243 -0.90100441 
4.51476914 10.20696368 -5.04582381 2.78380434 -1.73950463 0.84688724 -0.92419520 0.60738534 -0.36019797 0.07313758 -0.29554980 -0.23154234 -0.69298372 
3.55974515 12.28584169 -7.18710736 4.69985169 -3.33622237 2.13189568 -1.93240451 1.38507832 -0.95299258 0.52580757 -0.64084339 0.03326490 -0.89359403 
3.36070691 14.14654085 -9.43817228 7.04897708 -5.60838540 4.23468169 -3.81768456 3.03597818 -2.37199333 1.72908832 -1.64774905 0.86575184 -1.57128871 
3.52649916 15.60999040 -11.43672330 9.39054849 -8.14132701 6.84244765 -6.40824168 5.53916935 -4.73587069 3.91776822 -3.63662521 2.64045763 -3.12474762 
3.69757656 14.42044847 -9.79680520 7.45224047 -6.02727603 4.64922530 -4.21380658 3.40446353 -2.70731849 2.02872334 -1.91089805 1.09306137 -1.76413405 
3.99413098 14.62127703 -10.06426484 7.75793876 -6.34990226 4.97340984 -4.52819577 3.70112436 -2.98101876 2.27649320 -2.13119718 1.28557401 -1.92927612 
4.13256894 15.60609678 -11.43113870 9.38369822 -8.13358795 6.83414811 -6.39967219 5.53058106 -4.72747668 3.90974338 -3.62911170 2.63356462 -3.11855518 
3.89784932 12.97706390 -7.98599123 5.49650465 -4.07240598 2.78336696 -2.49111332 1.85334407 -1.33855612 0.83983515 -0.89382914 0.23531153 -1.05266120 
3.10538185 8.68716315 -3.72567851 1.78031047 -1.02614597 0.34955595 -0.58281369 0.37454159 -0.20194108 -0.03893404 -0.21431507 -0.29363296 -0.64666630 
2.48359591 13.14330682 -8.18467619 5.70109718 -4.26744455 2.96111945 -2.64792395 1.98836820 -1.45262426 0.93491758 -0.97205846 0.29894385 -1.10363181 
2.95585665 13.73935581 -8.91808751 6.47794259 -5.02881400 3.67374588 -3.29310827 2.55806309 -1.94571976 1.35531508 -1.32530172 0.59182992 -1.34257609 
3.54972292 12.26528453 -7.16401764 4.67745720 -3.31608559 2.11453566 -1.91788915 1.37320697 -0.94344483 0.51819376 -0.63482553 0.02853608 -0.88992799 
3.69248430 14.47043376 -9.86301733 7.52752751 -6.10633161 4.72827684 -4.29010768 3.47613263 -2.77314861 2.08806676 -1.96345135 1.13881319 -1.80323961 
3.52649916 15.60999040 -11.43672330 9.39054849 -8.14132701 6.84244765 -6.40824168 5.53916935 -4.73587069 3.91776822 -3.63662521 2.64045763 -3.12474762 
3.04424092 8.46206802 -3.54763893 1.65663377 -0.94568223 0.29756066 -0.54946188 0.35309220 -0.18814420 -0.04857190 -0.20731404 -0.29923496 -0.64241582 
2.72273381 10.38145686 -5.21059643 2.91913035 -1.84300996 0.92372298 -0.97996986 0.64733794 -0.38858408 0.09368134 -0.31058745 -0.22022858 -0.70138000 
3.51936028 12.20240744 -7.09363349 4.60941484 -3.25509738 2.06211524 -1.87418484 1.33756192 -0.91485159 0.49544455 -0.61688130 0.01445883 -0.87903153 
4.10739206 13.17419390 -8.22187189 5.73967964 -4.30448808 2.99510993 -2.67810730 2.01452278 -1.47485372 0.95355038 -0.98746749 0.31153532 -1.11376188 
4.34773848 15.60293288 -11.42660178 9.37813425 -8.12730335 6.82740965 -6.39271584 5.52361065 -4.72066508 3.90323238 -3.62301646 2.62797354 -3.11353298 
4.14337988 13.41806479 -8.51865376 6.05067018 -4.60605825 3.27447764 -2.92849250 2.23344042 -1.66252889 1.11212211 -1.11958267 0.42022272 -1.20176713 
3.58952231 12.34634527 -7.25528844 4.76618961 -3.39605706 2.18363060 -1.97578383 1.42065160 -0.98167633 0.54873296 -0.65899963 0.04755548 -0.90469001 
2.99189356 13.53926004 -8.66819643 6.20947251 -4.76206144 3.42080049 -3.06122043 2.35084050 -1.76430046 1.19900353 -1.19266796 0.48087643 -1.25129052 
2.46394037 12.57007113 -7.51030799 5.01707444 -3.62480718 2.38345529 -2.14500110 1.56074171 -1.09566152 0.64057065 -0.73225706 0.10556258 -0.94998572 
3.03161638 8.64035656 -3.68828606 1.75409326 -1.00893675 0.33835551 -0.57558557 0.36986999 -0.19892207 -0.04104248 -0.21278564 -0.29484937 -0.64574527 
4.01046062 11.40962500 -6.23701669 3.80870677 -2.56034040 1.48275364 -1.40481654 0.96496783 -0.62346025 0.26856621 -0.44121235 -0.12141154 -0.77525109 
