10.09393681 1.08926887 -0.18877108 0.00697579 -0.12778593 -0.18223717 -0.26590512 0.17758606 -0.09152256 -0.13189975 -0.14730254 -0.36535466 -0.59151175 
5.38372802 14.86690995 -10.39659825 8.14358430 -6.76293314 5.39434320 -4.94203721 4.09682913 -3.35077512 2.61528375 -2.43589934 1.55473642 -2.16256469 
5.27419738 15.59481542 -11.41496580 9.36386903 -8.11119577 6.81014412 -6.37489724 5.50576104 -4.70322677 3.88656776 -3.60741964 2.61366992 -3.10068741 
5.16212055 14.66933409 -10.12883358 7.83236567 -6.42909715 5.05361554 -4.60657189 3.77562558 -3.05024036 2.33957635 -2.18764230 1.33519413 -1.97208384 
4.94730985 15.29574105 -10.99051613 8.84837824 -7.53431875 6.19701968 -5.74723029 4.88182452 -4.09810566 3.31225446 -3.07337080 2.12685874 -2.66598586 
4.88339587 15.60264768 -11.42619285 9.37763280 -8.12673702 6.82680247 -6.39208909 5.52298269 -4.72005147 3.90264589 -3.62246746 2.62746998 -3.11308069 
4.81755914 15.23357900 -10.90334561 8.74370792 -7.41845752 6.07515656 -5.62372081 4.76022303 -3.98124876 3.20230565 -2.97196705 2.03513649 -2.58467947 
4.64968328 15.14605807 -10.78123198 8.59778116 -7.25767222 5.90678506 -5.45379505 4.59359966 -3.82174629 3.05278143 -2.83454120 1.91123646 -2.47518855 
4.46003271 15.03119778 -10.62207281 8.40882739 -7.05078918 5.69144416 -5.23772464 4.38290654 -3.62113079 2.86566321 -2.66338357 1.75761772 -2.34001371 
4.47020266 14.93975932 -10.49626310 8.26047242 -6.88941384 5.52451770 -5.07123872 4.22150216 -3.46829806 2.72386123 -2.53432264 1.64232544 -2.23901625 
4.47930746 15.04069601 -10.63518685 8.42434282 -7.06772037 5.70901142 -5.25529727 4.39999118 -3.63735212 2.88075250 -2.67715058 1.76994427 -2.35083549 
4.37712731 15.60922742 -11.43562884 9.38920587 -8.13981005 6.84082069 -6.40656167 5.53748552 -4.73422483 3.91619464 -3.63515180 2.63910581 -3.12353312 
4.38385376 15.60923253 -11.43563618 9.38921486 -8.13982021 6.84083160 -6.40657292 5.53749680 -4.73423586 3.91620518 -3.63516167 2.63911487 -3.12354126 
4.39055765 15.60923759 -11.43564344 9.38922377 -8.13983028 6.84084239 -6.40658407 5.53750797 -4.73424677 3.91621562 -3.63517145 2.63912384 -3.12354932 
4.28610839 14.90280726 -10.44564618 8.20103765 -6.82502754 5.45817809 -5.00532505 4.15783375 -3.40822226 2.66830671 -2.48391929 1.59743326 -2.19980150 
4.28982866 14.86835164 -10.39856572 8.14588631 -6.76541834 5.39689534 -4.94456487 4.09926319 -3.35306505 2.61739542 -2.43781012 1.55643402 -2.16404406 
4.40389841 15.60924757 -11.43565775 9.38924132 -8.13985011 6.84086366 -6.40660603 5.53752998 -4.73426829 3.91623619 -3.63519070 2.63914151 -3.12356519 
4.41053557 15.60925248 -11.43566479 9.38924997 -8.13985987 6.84087413 -6.40661685 5.53754082 -4.73427888 3.91624632 -3.63520019 2.63915021 -3.12357301 
4.41715077 15.60925735 -11.43567177 9.38925853 -8.13986954 6.84088450 -6.40662756 5.53755156 -4.73428937 3.91625635 -3.63520958 2.63915882 -3.12358075 
4.31407274 14.91914802 -10.46801375 8.22728387 -6.85344154 5.48743552 -5.03437683 4.18587935 -3.43467032 2.69275115 -2.50608586 1.61716661 -2.21703130 
4.07235942 14.72403255 -10.20259247 7.91768192 -6.52018565 5.14616597 -4.69729516 3.86212506 -3.13084440 2.41323571 -2.25372382 1.39342920 -2.02244240 
3.92831355 15.60879539 -11.43500915 9.38844568 -8.13895118 6.83989958 -6.40561054 5.53653226 -4.73329309 3.91530384 -3.63431773 2.63834060 -3.12284566 
4.06032411 14.75837869 -10.24905223 7.97158303 -6.57790117 5.20497177 -4.75509591 3.91737863 -3.18246132 2.46051760 -2.29623726 1.43097435 -2.05497529 
4.05663792 14.71274265 -10.18734517 7.90001968 -6.50130167 5.12695279 -4.67843650 3.84412155 -3.11404745 2.39786820 -2.23992214 1.38125374 -2.01190334 
4.19132742 13.39736917 -8.49325388 6.02383674 -4.57983075 3.24999669 -2.90639044 2.21397966 -1.64573262 1.09784178 -1.10761581 0.41032609 -1.19371358 
4.52092863 14.96783020 -10.53480127 8.30582168 -6.93864342 5.57534195 -5.12183388 4.27046448 -3.51457977 2.76673193 -2.57328045 1.67707585 -2.26941535 
4.82636250 14.10220144 -9.38078338 6.98516066 -5.54281235 4.17046528 -3.75694377 2.98003079 -2.32156433 1.68443229 -1.60886606 0.83243440 -1.54324054 
5.16925417 14.39178570 -9.75894428 7.40930675 -5.98231175 4.60437697 -4.17062477 3.36399936 -2.67023591 1.99536712 -1.88141918 1.06744728 -1.74228133 
5.33004370 15.59943151 -11.42158199 9.37197934 -8.12035262 6.81995830 -6.38502488 5.51590542 -4.71313659 3.89603717 -3.61628164 2.62179657 -3.10798520 
5.42420574 15.24027689 -10.91272063 8.75494506 -7.43087490 6.08819594 -5.63691568 4.77319456 -3.99369629 3.21400144 -2.98274000 2.04486911 -2.59329697 
5.51317462 15.59802891 -11.41957145 9.36951452 -8.11756949 6.81697512 -6.38194616 5.51282137 -4.71012362 3.89315790 -3.61358688 2.61932526 -3.10576581 
5.53972252 15.59834112 -11.42001898 9.37006315 -8.11818895 6.81763909 -6.38263137 5.51350775 -4.71079416 3.89379867 -3.61418657 2.61987522 -3.10625970 
5.56592264 15.59864129 -11.42044924 9.37059062 -8.11878453 6.81827747 -6.38329019 5.51416771 -4.71143890 3.89441479 -3.61476320 2.62040403 -3.10673460 
5.59178399 15.59893001 -11.42086311 9.37109801 -8.11935744 6.81889156 -6.38392396 5.51480257 -4.71205913 3.89500750 -3.61531793 2.62091276 -3.10719147 
5.49596803 14.89361415 -10.43307360 8.18629742 -6.80908294 5.44177308 -4.98904772 4.14213166 -3.39342498 2.65463952 -2.47153351 1.58641363 -2.19018536 
5.31619706 15.38660263 -11.11858573 9.00290677 -7.70616833 6.37857720 -5.93202807 5.06451347 -4.27435380 3.47869702 -3.22741481 2.26665393 -2.79029213 
5.19100787 15.34227048 -11.05600272 8.92728355 -7.62195042 6.28948285 -5.84122756 4.97463927 -4.18754704 3.39662956 -3.15138176 2.19758647 -2.72882052 
5.05268132 15.28671220 -10.97783229 8.83312231 -7.51740427 6.17920143 -5.72914447 4.86399274 -4.08094633 3.29608879 -3.05844340 2.11334112 -2.65399033 
4.89892404 15.21611341 -10.87891896 8.71445213 -7.38615307 6.04125804 -5.58944149 4.72654597 -3.94895236 3.17197768 -2.94404770 2.00992659 -2.56236914 
4.81688958 15.60949885 -11.43601820 9.38968350 -8.14034969 6.84139946 -6.40715930 5.53808450 -4.73481029 3.91675439 -3.63567591 2.63958667 -3.12396513 
4.73239956 15.12735899 -10.75523596 8.56682217 -7.22367360 5.87129476 -5.41808606 4.55868695 -3.78841911 3.02162188 -2.80597472 1.88554245 -2.45253361 
4.63687464 15.60999040 -11.43672330 9.39054849 -8.14132701 6.84244765 -6.40824168 5.53916935 -4.73587069 3.91776822 -3.63662521 2.64045763 -3.12474762 
4.73534547 15.10227776 -10.72041925 8.52541740 -7.17826580 5.82395670 -5.37051628 4.51223419 -3.74412731 2.98025626 -2.76809089 1.85150132 -2.42254669 
4.73802697 15.12973413 -10.75853612 8.57075030 -7.22798520 5.87579334 -5.42261023 4.56310823 -3.79263778 3.02556456 -2.80958789 1.88879112 -2.45539703 
4.64278306 15.60999040 -11.43672330 9.39054849 -8.14132701 6.84244765 -6.40824168 5.53916935 -4.73587069 3.91776822 -3.63662521 2.64045763 -3.12474762 
4.64278306 15.60999040 -11.43672330 9.39054849 -8.14132701 6.84244765 -6.40824168 5.53916935 -4.73587069 3.91776822 -3.63662521 2.64045763 -3.12474762 
4.64278306 15.60999040 -11.43672330 9.39054849 -8.14132701 6.84244765 -6.40824168 5.53916935 -4.73587069 3.91776822 -3.63662521 2.64045763 -3.12474762 
4.54462523 15.01147471 -10.59486882 8.37667275 -7.01573292 5.65510309 -5.20140348 4.34762301 -3.58765654 2.83454822 -2.63501526 1.73223452 -2.31774328 
4.54137065 15.04031959 -10.63466697 8.42372755 -7.06704877 5.70831440 -5.25459985 4.39931295 -3.63670800 2.88015320 -2.67660368 1.76945448 -2.35040541 
4.53842745 15.00830000 -10.59049339 8.37150497 -7.01010289 5.64927077 -5.19557827 4.34196786 -3.58229470 2.82956720 -2.63047646 1.72817546 -2.31418376 
4.53516230 15.03727345 -10.63046039 8.41874975 -7.06161578 5.70267633 -5.24895911 4.39382799 -3.63149940 2.87530738 -2.67218190 1.76549485 -2.34692872 
4.53221046 15.00510074 -10.58608511 8.36629946 -7.00443290 5.64339821 -5.18971395 4.33627578 -3.57689876 2.82455533 -2.62591026 1.72409248 -2.31060376 
4.41935098 15.60925896 -11.43567408 9.38926136 -8.13987275 6.84088794 -6.40663110 5.53755511 -4.73429285 3.91625967 -3.63521269 2.63916168 -3.12358332 
4.52268761 15.03110968 -10.62195120 8.40868356 -7.05063228 5.69128141 -5.23756189 4.38274835 -3.62098063 2.86552356 -2.66325619 1.75750369 -2.33991362 
4.51971835 14.99862760 -10.57716867 8.35577387 -6.99297165 5.63153095 -5.17786673 4.32477964 -3.56600360 2.81443815 -2.61669490 1.71585418 -2.30338185 
4.40611324 15.60924921 -11.43566010 9.38924421 -8.13985337 6.84086716 -6.40660965 5.53753361 -4.73427183 3.91623958 -3.63519388 2.63914442 -3.12356781 
4.39946137 15.60924427 -11.43565301 9.38923551 -8.13984354 6.84085661 -6.40659876 5.53752270 -4.73426116 3.91622938 -3.63518433 2.63913566 -3.12355994 
4.39278730 15.60923927 -11.43564584 9.38922672 -8.13983361 6.84084596 -6.40658776 5.53751167 -4.73425039 3.91621908 -3.63517468 2.63912681 -3.12355199 
4.38609089 15.60923422 -11.43563861 9.38921784 -8.13982358 6.84083521 -6.40657665 5.53750054 -4.73423951 3.91620867 -3.63516494 2.63911787 -3.12354396 
4.37937197 15.60922913 -11.43563130 9.38920888 -8.13981345 6.84082434 -6.40656543 5.53748929 -4.73422851 3.91619817 -3.63515510 2.63910884 -3.12353585 
4.26055265 14.81229577 -10.32221151 8.05671209 -6.66931692 5.29837175 -4.84714494 4.00559815 -3.26507881 2.53637437 -2.36459603 1.49147146 -2.10750123 
4.24919592 14.91796444 -10.46639280 8.22538088 -6.85138037 5.48531218 -5.03226746 4.18384216 -3.43274838 2.69097411 -2.50447380 1.61573101 -2.21577741 
4.35226831 15.60920822 -11.43560130 9.38917208 -8.13977188 6.84077975 -6.40651939 5.53744315 -4.73418341 3.91615505 -3.63511473 2.63907180 -3.12350257 
4.23183324 14.79332760 -10.29644240 8.02669172 -6.63704304 5.26536151 -4.81457801 3.97435451 -3.23579074 2.50945823 -2.34031921 1.46996893 -2.08881726 
4.09154247 15.60593392 -11.43090515 9.38341178 -8.13326438 6.83380114 -6.39931398 5.53022209 -4.72712586 3.90940803 -3.62879774 2.63327662 -3.11829646 
4.20569902 14.89236779 -10.43136969 8.18430043 -6.80692350 5.43955201 -4.98684462 4.14000704 -3.39142337 2.65279128 -2.46985899 1.58492417 -2.18888591 
4.19534647 14.76868156 -10.26301069 7.98780150 -6.59529264 5.22271651 -4.77256093 3.93409574 -3.19809772 2.47485777 -2.30914573 1.44238639 -2.06487383 
4.05230048 15.60577179 -11.43067264 9.38312661 -8.13294225 6.83345573 -6.39895737 5.52986474 -4.72677663 3.90907419 -3.62848520 2.63298991 -3.11803891 
3.90427408 14.50031278 -9.90270908 7.57278316 -6.15397926 4.77604412 -4.33632748 3.51965078 -2.81321368 2.12426298 -1.99557256 1.16683190 -1.82723284 
3.88135608 14.72232969 -10.20029193 7.91501616 -6.51733459 5.14326435 -4.69444625 3.85940457 -3.12830554 2.41091232 -2.25163665 1.39158755 -2.02084791 
3.99603512 15.60552797 -11.43032299 9.38269777 -8.13245784 6.83293630 -6.39842112 5.52932737 -4.72625148 3.90857218 -3.62801523 2.63255880 -3.11765165 
4.11577037 14.83687418 -10.35565323 8.09572766 -6.71132044 5.34139181 -4.88964284 4.04642073 -3.30339271 2.57162588 -2.39642561 1.51969264 -2.13204723 
4.10497466 14.70493136 -10.17680292 7.88781556 -6.48826151 5.11369325 -4.66542917 3.83171100 -3.10247487 2.38728586 -2.23042266 1.37287740 -2.00465595 
4.09264422 14.82202779 -10.33544617 8.07214496 -6.68592370 5.31537259 -4.86393194 4.02171644 -3.28020032 2.55028178 -2.37714875 1.50259721 -2.11717486 
4.08173180 14.68789726 -10.15383349 7.86124753 -6.45989652 5.08487358 -4.63717902 3.80477663 -3.07737672 2.36435057 -2.20984727 1.35474544 -1.98897669 
4.06924856 14.80676334 -10.31469192 8.04794801 -6.65989085 5.28872659 -4.83762547 3.99646193 -3.25651123 2.52849786 -2.35748948 1.48517502 -2.10202848 
4.05821690 14.67039244 -10.13025803 7.83401033 -6.43085000 5.05539351 -4.60831191 3.77728196 -3.05178150 2.34098268 -2.18890222 1.33630301 -1.97304156 
4.04557704 14.79106517 -10.29337106 8.02311624 -6.63320181 5.26143524 -4.81070694 3.97064303 -3.23231362 2.50626450 -2.33744019 1.46742020 -2.08660368 
4.03442353 14.65239955 -10.10605556 7.80608230 -6.40110142 5.02523467 -4.57881210 3.74921405 -3.02567891 2.31717429 -2.16758166 1.31754595 -1.95684777 
3.87852088 15.60497241 -11.42952629 9.38172067 -8.13135415 6.83175285 -6.39719935 5.52810309 -4.72505505 3.90742852 -3.62694456 2.63157666 -3.11676942 
3.86115496 15.60488465 -11.42940044 9.38156633 -8.13117981 6.83156592 -6.39700637 5.52790972 -4.72486608 3.90724789 -3.62677546 2.63142154 -3.11663008 
3.84363693 15.60479456 -11.42927126 9.38140791 -8.13100087 6.83137405 -6.39680830 5.52771124 -4.72467212 3.90706248 -3.62660189 2.63126232 -3.11648706 
3.67940153 14.29245280 -9.62833582 7.26185103 -5.82854314 4.45163577 -4.02414554 3.22726770 -2.54539585 1.88346619 -1.78285494 0.98207297 -1.66966176 
3.65354988 14.54636630 -9.96405299 7.64290818 -6.22799750 4.85042865 -4.40847185 3.58773293 -2.87603117 2.18113258 -2.04613936 1.21102232 -1.86514155 
3.78108655 15.60445977 -11.42879118 9.38081914 -8.13033584 6.83066099 -6.39607218 5.52697363 -4.72395131 3.90637348 -3.62595688 2.63067066 -3.11595560 
3.76284972 15.60435817 -11.42864548 9.38064046 -8.13013402 6.83044460 -6.39584879 5.52674979 -4.72373258 3.90616439 -3.62576115 2.63049112 -3.11579433 
3.74444507 15.60425374 -11.42849574 9.38045682 -8.12992660 6.83022220 -6.39561920 5.52651974 -4.72350777 3.90594951 -3.62555999 2.63030660 -3.11562858 
3.72586948 15.60414638 -11.42834179 9.38026803 -8.12971336 6.82999357 -6.39538318 5.52628325 -4.72327667 3.90572861 -3.62535320 2.63011691 -3.11545820 
3.70711976 15.60403598 -11.42818349 9.38007390 -8.12949409 6.82975846 -6.39514048 5.52604006 -4.72303903 3.90550146 -3.62514056 2.62992187 -3.11528300 
3.68819260 15.60392243 -11.42802066 9.37987422 -8.12926855 6.82951665 -6.39489085 5.52578994 -4.72279460 3.90526783 -3.62492185 2.62972125 -3.11510280 
3.66908461 15.60380560 -11.42785313 9.37966878 -8.12903651 6.82926786 -6.39463402 5.52553260 -4.72254314 3.90502747 -3.62469684 2.62951486 -3.11491742 
3.48995787 14.09387593 -9.37002824 6.97322303 -5.53056819 4.15849519 -3.74564057 2.96963652 -2.31221001 1.67616110 -1.60167426 0.82628010 -1.53806607 
3.26833083 15.58931035 -11.40707800 9.35420288 -8.10028553 6.79845390 -6.36283682 5.49368371 -4.69143152 3.87529924 -3.59687615 2.60400321 -3.09200826 
3.23282974 15.58856805 -11.40601463 9.35290001 -8.09881523 6.79687876 -6.36121207 5.49205693 -4.68984297 3.87378183 -3.59545656 2.60270184 -3.09083998 
3.19668713 15.58778515 -11.40489315 9.35152602 -8.09726473 6.79521777 -6.35949883 5.49034162 -4.68816803 3.87218196 -3.59395988 2.60132982 -3.08960830 
3.15987939 15.58695864 -11.40370927 9.35007563 -8.09562811 6.79346460 -6.35769058 5.48853126 -4.68640034 3.87049357 -3.59238042 2.59988198 -3.08830860 
3.12238159 15.58608523 -11.40245827 9.34854310 -8.09389889 6.79161232 -6.35578020 5.48661872 -4.68453296 3.86871001 -3.59071201 2.59835265 -3.08693579 
3.08416736 15.58516132 -11.40113501 9.34692214 -8.09206998 6.78965334 -6.35375986 5.48459620 -4.68255828 3.86682405 -3.58894787 2.59673562 -3.08548430 
3.04520878 15.58418294 -11.39973383 9.34520582 -8.09013358 6.78757935 -6.35162102 5.48245514 -4.68046795 3.86482773 -3.58708058 2.59502410 -3.08394805 
3.00547630 15.58314573 -11.39824850 9.34338654 -8.08808114 6.78538119 -6.34935424 5.48018614 -4.67825282 3.86271231 -3.58510196 2.59321062 -3.08232035 
2.96493853 15.58204492 -11.39667218 9.34145594 -8.08590324 6.78304880 -6.34694918 5.47777884 -4.67590279 3.86046817 -3.58300304 2.59128696 -3.08059381 
2.92356217 15.58087518 -11.39499730 9.33940476 -8.08358948 6.78057107 -6.34439439 5.47522182 -4.67340674 3.85808471 -3.58077392 2.58924407 -3.07876034 
3.11466573 14.01456323 -9.26789666 6.86021060 -5.41500053 4.04583900 -3.63955721 2.87234674 -2.22488133 1.59913315 -1.53485353 0.76922270 -1.49019219 
3.08629015 13.59116009 -8.73265369 6.27835142 -4.83014118 3.48503090 -3.11981484 2.40295327 -1.80971466 1.23796414 -1.22559294 0.50831640 -1.27378545 
2.80884867 15.57737241 -11.38998261 9.33326430 -8.07666386 6.77315558 -6.33674925 5.46757088 -4.66593906 3.85095460 -3.57410620 2.58313393 -3.07327705 
3.01119628 13.89156007 -9.11067329 6.68747370 -5.23958142 3.87597723 -3.48063871 2.72751213 -2.09565832 1.48579888 -1.43706460 0.68613962 -1.42081516 
2.98151277 13.44138594 -8.54732363 6.08100682 -4.63575635 3.30223972 -2.95359338 2.25557273 -1.68165678 1.12840527 -1.13324394 0.43153275 -1.21098029 
2.43334984 12.40154263 -7.31778145 4.82726765 -3.45139005 2.23167254 -2.01622798 1.45394499 -1.00861956 0.57033659 -0.67615806 0.06109267 -0.91522447 
2.36116129 13.05202872 -8.07526969 5.58812425 -4.15945564 2.86244781 -2.56066085 1.91304943 -1.38884973 0.88164661 -0.92814523 0.26316323 -1.07492424 
2.30650873 12.14120980 -7.02547522 4.54384471 -3.19660389 2.01206432 -1.83263554 1.30381374 -0.88788554 0.47406320 -0.60006675 0.00129987 -0.86886916 
1.84503540 15.46331127 -11.22730811 9.13478183 -7.85356541 6.53504900 -6.09202558 5.22338151 -4.42826407 3.62462018 -3.36297323 2.39010583 -2.90043063 
1.36120179 9.47098420 -4.38080905 2.25984943 -1.35441905 0.57088527 -0.73014310 0.47230302 -0.26669669 0.00646018 -0.24713203 -0.26816758 -0.66577219 
1.18582520 10.61637280 -5.43673667 3.10830112 -1.99030420 1.03484026 -1.06184451 0.70679601 -0.43136638 0.12490225 -0.33356422 -0.20294107 -0.71422333 
1.08162772 8.49168819 -3.57080996 1.67256361 -0.95594274 0.30413746 -0.55365156 0.35577163 -0.18985848 -0.04737385 -0.20818584 -0.29853237 -0.64295019 
-0.02054775 14.48816939 -9.88656740 7.55436760 -6.13457889 4.75658402 -4.31748747 3.50190259 -2.79686543 2.10948624 -1.98245338 1.15538335 -1.81742507 
-0.34871314 14.17210474 -9.47134401 7.08595436 -5.64647115 4.27206500 -3.85312322 3.06869045 -2.40154018 1.75530396 -1.67061792 0.88538138 -1.58784121 
-0.74085767 13.70478160 -8.87464231 6.43098980 -4.98189172 3.62900596 -3.25187319 2.52102361 -1.91313147 1.32710678 -1.30126236 0.57163956 -1.32590129 
-1.22761667 12.96705087 -7.97410554 5.48434601 -4.06088964 2.77293586 -2.48196602 1.84551299 -1.33197700 0.83437892 -0.88936104 0.23169235 -1.04977371 
-0.03292096 6.11639798 -1.95943262 0.69418532 -0.39304999 -0.02975254 -0.35303226 0.23261597 -0.11468801 -0.10177209 -0.16746165 -0.33464449 -0.61488694 
-0.12837640 2.42557542 -0.44271656 0.07254270 -0.14271220 -0.16567979 -0.27577182 0.18493569 -0.09216455 -0.12669330 -0.14921233 -0.35943391 -0.59566573 
-0.57797554 3.10408320 -0.63168011 0.12923569 -0.15901013 -0.15437246 -0.28265531 0.18965679 -0.09343573 -0.12371439 -0.15089010 -0.35602002 -0.59819378 
-0.03276534 14.81642385 -10.32782423 8.06325583 -6.67635713 5.30557776 -4.85425911 4.01242782 -3.27148512 2.54226545 -2.36991253 1.49618296 -2.11159727 
0.71841585 8.92332715 -3.91731332 1.91666306 -1.11693017 0.40933634 -0.62178301 0.39993947 -0.21848408 -0.02737632 -0.22268377 -0.28703747 -0.65164393 
1.12949360 15.44233335 -11.19752070 9.09858853 -7.81304502 6.49196618 -6.04790562 5.17950999 -4.38570345 3.58421614 -3.32539333 2.35584302 -2.86982984 
1.02427908 15.42474168 -11.17257318 9.06831222 -7.77918788 6.45600719 -6.01111939 5.14296736 -4.35028638 3.55062379 -3.29417542 2.32740324 -2.84444876 
2.02447222 8.01535053 -3.20762642 1.42872842 -0.80239359 0.20743354 -0.49293674 0.31738381 -0.16557103 -0.06439373 -0.19574100 -0.30873528 -0.63514901 
2.23985770 12.23864798 -7.13415688 4.64854899 -3.29013855 2.09220463 -1.89924786 1.35798504 -0.93122048 0.50845822 -0.62713956 0.02250214 -0.88525431 
2.20575691 12.53574373 -7.47088176 4.97800446 -3.58893148 2.35190589 -2.11811218 1.53834421 -1.07733118 0.62572518 -0.72036000 0.09610533 -0.94257366 
2.46612076 15.60483990 -11.42933627 9.38148764 -8.13109092 6.83147061 -6.39690798 5.52781113 -4.72476974 3.90715579 -3.62668924 2.63134245 -3.11655904 
2.73867191 13.34361328 -8.42746458 5.95452299 -4.51226165 3.18708720 -2.84973366 2.16421209 -1.60287705 1.06148280 -1.07720735 0.38522352 -1.17332106 
2.73203901 13.23902650 -8.30023328 5.82125081 -4.38307690 3.06746057 -2.74256044 2.07054596 -1.52261088 0.99369044 -1.02074718 0.33879212 -1.13573841 
2.72344583 13.32035943 -8.39908833 5.92471078 -4.48327975 3.16017502 -2.82555827 2.14302875 -1.58467907 1.04607752 -1.06434978 0.37462929 -1.16473001 
2.71677053 13.21487508 -8.27099668 5.79077099 -4.35366850 3.04034869 -2.71837532 2.04949665 -1.50464489 0.97857254 -1.00819969 0.32850554 -1.12743696 
2.70810480 13.29674245 -8.37032026 5.89453882 -4.45399730 3.13302740 -2.80120932 2.12172539 -1.56640440 1.03062802 -1.05147137 0.36402990 -1.15614406 
2.70138659 13.19034798 -8.24136053 5.75993006 -4.32396383 3.01300957 -2.69402707 2.02833857 -1.48661321 0.96342045 -0.99564003 0.31822097 -1.11914634 
2.39479219 15.60445977 -11.42879118 9.38081914 -8.13033584 6.83066099 -6.39607218 5.52697363 -4.72395131 3.90637348 -3.62595688 2.63067066 -3.11595560 
2.37655536 15.60435817 -11.42864548 9.38064046 -8.13013402 6.83044460 -6.39584879 5.52674979 -4.72373258 3.90616439 -3.62576115 2.63049112 -3.11579433 
2.35815071 15.60425374 -11.42849574 9.38045682 -8.12992660 6.83022220 -6.39561920 5.52651974 -4.72350777 3.90594951 -3.62555999 2.63030660 -3.11562858 
2.33957512 15.60414638 -11.42834179 9.38026803 -8.12971336 6.82999357 -6.39538318 5.52628325 -4.72327667 3.90572861 -3.62535320 2.63011691 -3.11545820 
2.32082540 15.60403598 -11.42818349 9.38007390 -8.12949409 6.82975846 -6.39514048 5.52604006 -4.72303903 3.90550146 -3.62514056 2.62992187 -3.11528300 
2.61354555 13.14695510 -8.18906503 5.70564506 -4.27180672 2.96511833 -2.65147169 1.99143969 -1.45523259 0.93710219 -0.97386380 0.30041812 -1.10481715 
2.60655870 13.03482140 -8.05473102 5.56700160 -4.13934442 2.84414103 -2.54452982 1.89917541 -1.37714192 0.87189745 -0.92013173 0.25665059 -1.06971179 
2.28279025 15.60380560 -11.42785313 9.37966878 -8.12903651 6.82926786 -6.39463402 5.52553260 -4.72254314 3.90502747 -3.62469684 2.62951486 -3.11491742 
2.58102357 13.09373404 -8.12516252 5.63954845 -4.20852248 2.90720376 -2.60017582 1.94710058 -1.41763706 0.90565835 -0.94791282 0.27925083 -1.08781709 
2.57394269 12.97957416 -7.98897242 5.49955573 -4.07529721 2.78598687 -2.49341176 1.85531258 -1.34021057 0.84120772 -0.89495350 0.23622253 -1.05338822 
2.56456577 13.06646358 -8.09252022 5.60588620 -4.17638654 2.87787656 -2.57427037 1.92476674 -1.39874730 0.88989580 -0.93493145 0.26868255 -1.07934479 
2.80133240 15.60999040 -11.43672330 9.39054849 -8.14132701 6.84244765 -6.40824168 5.53916935 -4.73587069 3.91776822 -3.63662521 2.64045763 -3.12474762 
2.55743699 12.95126800 -7.95538967 5.46521881 -4.04278994 2.75655653 -2.46761505 1.83323729 -1.32167209 0.82583906 -0.88237250 0.22603497 -1.04526266 
2.22434592 15.60343414 -11.42732050 9.37901560 -8.12829878 6.82847688 -6.39381751 5.52471447 -4.72174369 3.90426332 -3.62398152 2.62885873 -3.11432806 
2.20447869 15.60330286 -11.42713226 9.37878477 -8.12803807 6.82819736 -6.39352897 5.52442537 -4.72146118 3.90399330 -3.62372875 2.62862688 -3.11411981 
2.18441214 15.60316760 -11.42693833 9.37854695 -8.12776946 6.82790938 -6.39323169 5.52412751 -4.72117013 3.90371510 -3.62346833 2.62838801 -3.11390526 
2.16414222 15.60302820 -11.42673845 9.37830184 -8.12749264 6.82761259 -6.39292532 5.52382054 -4.72087017 3.90342841 -3.62319996 2.62814185 -3.11368416 
2.48022273 12.92309085 -7.92203328 5.43118544 -4.01063656 2.72750393 -2.44219794 1.81152674 -1.30347194 0.81077509 -0.87005913 0.21607716 -1.03733020 
2.47284527 12.80247666 -7.78007455 5.28715249 -3.87529909 2.60585073 -2.33629947 1.72150596 -1.22835344 0.74886093 -0.81964413 0.17544418 -1.00506537 
2.12297547 15.60273628 -11.42631989 9.37778858 -8.12691296 6.82699110 -6.39228380 5.52317777 -4.72024209 3.90282809 -3.62263801 2.62762641 -3.11322119 
1.76369433 11.13673790 -5.95531664 3.55676667 -2.35099980 1.31513793 -1.27420742 0.86505412 -0.54800771 0.21149882 -0.39808330 -0.15421665 -0.75058902 
0.54447722 -2.37165184 -0.25972715 -0.07757707 -0.13455625 -0.21642935 -0.25521584 0.16311025 -0.09809652 -0.14571812 -0.14958655 -0.37825969 -0.58465793 
1.72702232 0.99462641 -0.17673000 0.00402440 -0.12729444 -0.18324683 -0.26534798 0.17713376 -0.09155479 -0.13225188 -0.14723022 -0.36574258 -0.59125357 
3.04742296 10.47636749 -5.30136556 2.99458538 -1.90140298 0.96752962 -1.01208065 0.67054557 -0.40520885 0.10577709 -0.31947131 -0.21354589 -0.70634220 
3.99837590 10.93844852 -5.75483487 3.38100563 -2.20776687 1.20249500 -1.18791220 0.80008261 -0.49966728 0.17535902 -0.37101768 -0.17470087 -0.73526510 
4.51159270 14.59084874 -10.02349517 7.71106954 -6.30015931 4.92315702 -4.47920732 3.65466603 -2.93794927 2.23732620 -2.09622214 1.25488626 -1.90284947 
4.48733782 14.26450588 -9.59175772 7.22073660 -5.78585245 4.40940540 -3.98380881 3.18976134 -2.51127961 1.85299432 -1.75610509 0.95897606 -1.65007493 
4.10699562 13.74163335 -8.92095334 6.48104389 -5.03191727 3.67670848 -3.29584206 2.56052157 -1.94788521 1.35719144 -1.32690234 0.59317550 -1.34368834 
3.36529607 8.02403386 -3.21406693 1.43294195 -0.80498124 0.20903170 -0.49392411 0.31800032 -0.16595619 -0.06412259 -0.19594051 -0.30856828 -0.63527746 
1.66320233 -4.09797400 -0.68826032 -0.20143240 -0.17081834 -0.24043187 -0.25886784 0.15437392 -0.10582695 -0.15506503 -0.15480893 -0.38489319 -0.58329156 
1.32363912 4.43103720 -1.11816674 0.30519335 -0.22059188 -0.12022053 -0.30251186 0.20237362 -0.09863121 -0.11650942 -0.15593336 -0.34818136 -0.60420880 
2.67545428 9.87173507 -4.73691692 2.53592543 -1.55412205 0.71199687 -0.82806219 0.53965994 -0.31280874 0.03915391 -0.27080705 -0.25019543 -0.67914047 
2.89746806 13.74782474 -8.92874642 6.48947983 -5.04036108 3.68477181 -3.30328469 2.56721646 -1.95378364 1.36230368 -1.33126431 0.59684317 -1.34672064 
2.67396310 15.59331591 -11.41281700 9.36123545 -8.10822289 6.80695836 -6.37161025 5.50246912 -4.70001143 3.88349573 -3.60454502 2.61103415 -3.09832074 
2.44715830 12.97438937 -7.98281560 5.49325521 -4.06932737 2.78057774 -2.48866678 1.85124907 -1.33679565 0.83837484 -0.89263306 0.23434254 -1.05188798 
1.79886131 11.52249959 -6.35550265 3.91638642 -2.65121575 1.55657233 -1.46312725 1.01014956 -0.65799156 0.29493524 -0.46129565 -0.10606218 -0.78684356 
1.30854901 15.60999040 -11.43672330 9.39054849 -8.14132701 6.84244765 -6.40824168 5.53916935 -4.73587069 3.91776822 -3.63662521 2.64045763 -3.12474762 
0.82209131 8.36858688 -3.47502211 1.60703601 -0.91393617 0.27731352 -0.53661765 0.34490547 -0.18292338 -0.05222242 -0.20465436 -0.30138840 -0.64077554 
-0.19546735 15.53778954 -11.33339299 9.26406105 -7.99870917 6.68978564 -6.25089423 5.38174314 -4.58225267 3.77112811 -3.49952396 2.51484664 -3.01204445 
0.75807036 8.35688020 -3.46598294 1.60089690 -0.91002797 0.27483165 -0.53504889 0.34390844 -0.18228933 -0.05266599 -0.20433082 -0.30165143 -0.64057492 
1.24505162 15.60999040 -11.43672330 9.39054849 -8.14132701 6.84244765 -6.40824168 5.53916935 -4.73587069 3.91776822 -3.63662521 2.64045763 -3.12474762 
1.76513017 11.29044819 -6.11316447 3.69722915 -2.46713774 1.40770134 -1.34601965 0.91976289 -0.58916256 0.24252962 -0.42147709 -0.13644890 -0.76392733 
1.77474937 11.46432121 -6.29428821 3.86062947 -2.60405704 1.51818704 -1.43274753 0.98656728 -0.63993755 0.28112967 -0.45076911 -0.11411340 -0.78075868 
1.27705230 15.60999040 -11.43672330 9.39054849 -8.14132701 6.84244765 -6.40824168 5.53916935 -4.73587069 3.91776822 -3.63662521 2.64045763 -3.12474762 
1.27705230 15.60999040 -11.43672330 9.39054849 -8.14132701 6.84244765 -6.40824168 5.53916935 -4.73587069 3.91776822 -3.63662521 2.64045763 -3.12474762 
0.78418636 8.22447799 -3.36459672 1.53256943 -0.86685197 0.24757221 -0.51790151 0.33305176 -0.17541089 -0.05748260 -0.20081191 -0.30452876 -0.63837651 
0.75807036 8.35688020 -3.46598294 1.60089690 -0.91002797 0.27483165 -0.53504889 0.34390844 -0.18228933 -0.05266599 -0.20433082 -0.30165143 -0.64057492 
1.24505162 15.60999040 -11.43672330 9.39054849 -8.14132701 6.84244765 -6.40824168 5.53916935 -4.73587069 3.91776822 -3.63662521 2.64045763 -3.12474762 
1.24505162 15.60999040 -11.43672330 9.39054849 -8.14132701 6.84244765 -6.40824168 5.53916935 -4.73587069 3.91776822 -3.63662521 2.64045763 -3.12474762 
1.24505162 15.60999040 -11.43672330 9.39054849 -8.14132701 6.84244765 -6.40824168 5.53916935 -4.73587069 3.91776822 -3.63662521 2.64045763 -3.12474762 
1.76513017 11.29044819 -6.11316447 3.69722915 -2.46713774 1.40770134 -1.34601965 0.91976289 -0.58916256 0.24252962 -0.42147709 -0.13644890 -0.76392733 
2.11603121 15.60268585 -11.42624758 9.37769991 -8.12681281 6.82688373 -6.39217297 5.52306673 -4.72013359 3.90272438 -3.62254094 2.62753737 -3.11314122 
1.79886131 11.52249959 -6.35550265 3.91638642 -2.65121575 1.55657233 -1.46312725 1.01014956 -0.65799156 0.29493524 -0.46129565 -0.10606218 -0.78684356 
1.81323604 11.40962500 -6.23701669 3.80870677 -2.56034040 1.48275364 -1.40481654 0.96496783 -0.62346025 0.26856621 -0.44121235 -0.12141154 -0.77525109 
1.82269756 11.57939163 -6.41565967 3.97144041 -2.69799523 1.59481301 -1.49351650 1.03383050 -0.67618695 0.30889035 -0.47196232 -0.09789035 -0.79302925 
1.33955739 15.60999040 -11.43672330 9.39054849 -8.14132701 6.84244765 -6.40824168 5.53916935 -4.73587069 3.91776822 -3.63662521 2.64045763 -3.12474762 
1.33955739 15.60999040 -11.43672330 9.39054849 -8.14132701 6.84244765 -6.40824168 5.53916935 -4.73587069 3.91776822 -3.63662521 2.64045763 -3.12474762 
1.33955739 15.60999040 -11.43672330 9.39054849 -8.14132701 6.84244765 -6.40824168 5.53916935 -4.73587069 3.91776822 -3.63662521 2.64045763 -3.12474762 
0.85937723 8.50805542 -3.58364700 1.68141046 -0.96165442 0.30780542 -0.55599189 0.35727026 -0.19081846 -0.04670306 -0.20867375 -0.29813982 -0.64324858 
-0.13026152 15.54225212 -11.33976568 9.27184586 -8.00746950 6.69914544 -6.26052410 5.39136144 -4.59162312 3.78005930 -3.50786218 2.52247575 -3.01888089 
-0.19546735 15.53778954 -11.33339299 9.26406105 -7.99870917 6.68978564 -6.25089423 5.38174314 -4.58225267 3.77112811 -3.49952396 2.51484664 -3.01204445 
-0.26287031 15.53287458 -11.32637641 9.25549213 -7.98906912 6.67948859 -6.24030270 5.37116682 -4.57195120 3.76131163 -3.49036106 2.50646455 -3.00453459 
-0.33262360 15.52744448 -11.31862702 9.24603126 -7.97842884 6.66812640 -6.22861875 5.35950271 -4.56059302 3.75049073 -3.48026283 2.49722875 -2.99626148 
-0.40489701 15.52142530 -11.31004013 9.23555160 -7.96664669 6.65554887 -6.21568898 5.34659862 -4.54803085 3.73852589 -3.46909979 2.48702143 -2.98712008 
