8.82016110 0.65724501 -0.14020257 -0.00523941 -0.12595320 -0.18674478 -0.26349209 0.17557452 -0.09174358 -0.13350175 -0.14703590 -0.36709867 -0.59036834 
3.06171330 11.21787795 -6.03837526 3.63045061 -2.41174120 1.36341513 -1.31156300 0.89344223 -0.56931318 0.22753379 -0.41015439 -0.14505615 -0.75746029 
2.25430584 12.38820322 -7.30265343 4.81245813 -3.43795228 2.21998794 -2.00637712 1.44582465 -1.00203943 0.56505439 -0.67195840 0.05777649 -0.91264178 
1.47771154 10.35254234 -5.18310411 2.89640304 -1.82551648 0.91066310 -0.97044004 0.64047891 -0.38368939 0.09012903 -0.30798268 -0.22218794 -0.69992556 
1.96276732 7.64338948 -2.93801289 1.25603209 -0.69845067 0.14418805 -0.45432142 0.29348105 -0.15077613 -0.07486808 -0.18798962 -0.31533962 -0.63004646 
3.03897181 11.00165731 -5.81835810 3.43637391 -2.25263340 1.23759545 -1.21466993 0.82013543 -0.51452274 0.18642853 -0.37928687 -0.16845017 -0.73993528 
3.40613881 15.60195023 -11.42519288 9.37640662 -8.12535220 6.82531783 -6.39055661 5.52144728 -4.71855121 3.90121197 -3.62112523 2.62623888 -3.11197494 
3.42791697 15.60212300 -11.42544059 9.37671037 -8.12569524 6.82568559 -6.39093621 5.52182760 -4.71892282 3.90156715 -3.62145769 2.62654381 -3.11224882 
3.27083675 14.11718516 -9.40015624 7.00668110 -5.56490298 4.19207799 -3.77736756 2.99882573 -2.33849060 1.69940848 -1.62189594 0.84359104 -1.55262611 
3.07549181 15.60718802 -11.43270372 9.38561777 -8.13575637 6.83647340 -6.40207294 5.53298690 -4.72982794 3.91199110 -3.63121607 2.63549510 -3.12028936 
3.30143221 13.94295828 -9.17619811 6.75928121 -5.31232306 3.94624614 -3.54622787 2.78715390 -2.14875563 1.53227203 -1.47708548 0.72008041 -1.44910757 
3.31696766 14.16699093 -9.46470339 7.07854663 -5.63883604 4.26456570 -3.84600941 3.06211980 -2.39560176 1.75003205 -1.66601654 0.88142978 -1.58450743 
3.12650362 15.60732727 -11.43290344 9.38586274 -8.13603311 6.83677017 -6.40237935 5.53329397 -4.73012805 3.91227800 -3.63148469 2.63574152 -3.12051073 
2.73646258 10.24018475 -5.07698403 2.80923195 -1.75883194 0.86115407 -0.93449754 0.61473004 -0.36539345 0.07688727 -0.29828980 -0.22948028 -0.69451376 
2.41014531 12.79927529 -7.77632486 5.28336579 -3.87175724 2.60268088 -2.33355176 1.71917971 -1.22641984 0.74727287 -0.81835521 0.17440831 -1.00424505 
2.66334666 15.60999040 -11.43672330 9.39054849 -8.14132701 6.84244765 -6.40824168 5.53916935 -4.73587069 3.91776822 -3.63662521 2.64045763 -3.12474762 
2.92535985 13.52872616 -8.65514449 6.19555674 -4.74833746 3.40787988 -3.04945777 2.34039981 -1.75521921 1.19122670 -1.18610689 0.47541679 -1.24682137 
3.34683995 13.99652125 -9.24474641 6.83468176 -5.38898172 4.02055723 -3.61582484 2.85064745 -2.20546057 1.58205030 -1.52007299 0.75663252 -1.47965306 
3.19710788 11.55110385 -6.38571188 3.94400088 -2.67465318 1.57571136 -1.47832138 1.02197835 -0.66707212 0.30189451 -0.46661175 -0.10199116 -0.78992392 
2.96643084 13.58654016 -8.72690580 6.27219875 -4.82404976 3.47927471 -3.11455561 2.39826880 -1.80562646 1.23445218 -1.22262130 0.50583695 -1.27175058 
2.97243699 13.67804203 -8.84111849 6.39483903 -4.94584191 3.59470361 -3.22032119 2.49273677 -1.88829032 1.30564190 -1.28299985 0.55632438 -1.31327118 
3.22317439 11.46726132 -6.29737441 3.86343411 -2.60642391 1.52010959 -1.43426612 0.98774388 -0.64083675 0.28181630 -0.45129204 -0.11371375 -0.78106050 
3.73261881 14.34428653 -9.69637332 7.33853832 -5.90838530 4.53082195 -4.09997134 3.29794468 -2.60983548 1.94115011 -1.83359971 1.02597480 -1.70696224 
4.04029713 14.56761385 -9.99242281 7.67541361 -6.26238420 4.88505966 -4.44212972 3.61955942 -2.90545336 2.20781768 -2.06990823 1.23182796 -1.88301755 
3.82743354 11.15542829 -5.97439635 3.57364820 -2.36488031 1.32614388 -1.28270435 0.87149766 -0.55283408 0.21512565 -0.40081026 -0.15214860 -0.75213924 
2.92082848 10.76564083 -5.58300213 3.23274448 -2.08880396 1.11026231 -1.11819399 0.74824356 -0.46154344 0.14710485 -0.34999631 -0.19056376 -0.72343478 
2.01538918 11.74904504 -6.59678901 4.13875135 -2.84145337 1.71308316 -1.58826647 1.10823202 -0.73376740 0.35331711 -0.50609025 -0.07165354 -0.81295467 
1.52570680 15.55800581 -11.36227712 9.29936253 -8.03845250 6.73226710 -6.29461964 5.42543337 -4.62483314 3.81172691 -3.53744000 2.54954906 -3.04315048 
1.93212477 11.97261769 -6.83947030 4.36651797 -3.03980559 1.87900795 -1.72305596 1.21548076 -0.81780910 0.41884472 -0.55687787 -0.03235405 -0.84298411 
2.22434592 15.60343414 -11.42732050 9.37901560 -8.12829878 6.82847688 -6.39381751 5.52471447 -4.72174369 3.90426332 -3.62398152 2.62885873 -3.11432806 
2.53124597 13.01055137 -8.02580871 5.53730290 -4.11111047 2.81847735 -2.52194776 1.87977906 -1.36079506 0.85830141 -0.90896837 0.24758684 -1.06246423 
2.77148110 15.60999040 -11.43672330 9.39054849 -8.14132701 6.84244765 -6.40824168 5.53916935 -4.73587069 3.91776822 -3.63662521 2.64045763 -3.12474762 
3.01992852 13.65995013 -8.81847424 6.37045967 -4.92156883 3.57164195 -3.19913966 2.47377410 -1.87166025 1.29129044 -1.27080416 0.54610827 -1.30485510 
3.02579805 13.74864240 -8.92977586 6.49059447 -5.04147704 3.68583773 -3.30426878 2.56810189 -1.95456389 1.36298007 -1.33184154 0.59732860 -1.34712204 
3.03308503 13.67767902 -8.84066385 6.39434924 -4.94535395 3.59423973 -3.21989488 2.49235490 -1.88795525 1.30535259 -1.28275388 0.55611825 -1.31310130 
3.03892134 13.76569009 -8.95125354 6.51386458 -5.06478910 3.70811793 -3.32485055 2.58663039 -1.97090046 1.37714918 -1.34393927 0.60750702 -1.35554217 
2.80133240 15.60999040 -11.43672330 9.39054849 -8.14132701 6.84244765 -6.40824168 5.53916935 -4.73587069 3.91776822 -3.63662521 2.64045763 -3.12474762 
2.80133240 15.60999040 -11.43672330 9.39054849 -8.14132701 6.84244765 -6.40824168 5.53916935 -4.73587069 3.91776822 -3.63662521 2.64045763 -3.12474762 
2.80133240 15.60999040 -11.43672330 9.39054849 -8.14132701 6.84244765 -6.40824168 5.53916935 -4.73587069 3.91776822 -3.63662521 2.64045763 -3.12474762 
2.80133240 15.60999040 -11.43672330 9.39054849 -8.14132701 6.84244765 -6.40824168 5.53916935 -4.73587069 3.91776822 -3.63662521 2.64045763 -3.12474762 
2.80133240 15.60999040 -11.43672330 9.39054849 -8.14132701 6.84244765 -6.40824168 5.53916935 -4.73587069 3.91776822 -3.63662521 2.64045763 -3.12474762 
2.80133240 15.60999040 -11.43672330 9.39054849 -8.14132701 6.84244765 -6.40824168 5.53916935 -4.73587069 3.91776822 -3.63662521 2.64045763 -3.12474762 
3.04615661 13.69516776 -8.86258161 6.41797602 -4.96890651 3.61664308 -3.24049522 2.51081758 -1.90416401 1.31935435 -1.29466351 0.56610334 -1.32133384 
3.05196005 13.78250582 -8.97246557 6.53687472 -5.08786797 3.73020030 -3.34527203 2.60503420 -1.98714376 1.39125096 -1.35599043 0.61765478 -1.36394368 
2.81609262 15.60999040 -11.43672330 9.39054849 -8.14132701 6.84244765 -6.40824168 5.53916935 -4.73587069 3.91776822 -3.63662521 2.64045763 -3.12474762 
3.05914433 13.71242079 -8.88423194 6.44134365 -4.99222909 3.63885361 -3.26094141 2.52916222 -1.92028615 1.33329508 -1.30653227 0.57606273 -1.32955195 
3.26042664 15.60766083 -11.43338184 9.38644954 -8.13669603 6.83748107 -6.40311336 5.53402957 -4.73084700 3.91296531 -3.63212819 2.63633186 -3.12104107 
3.07778800 13.81545844 -9.01411004 6.58212971 -5.13333694 3.77377857 -3.38563788 2.64146884 -2.01934969 1.41925049 -1.37995034 0.63785536 -1.38068793 
3.08487239 13.74623696 -8.92674754 6.48731570 -5.03819458 3.68270262 -3.30137449 2.56549793 -1.95226934 1.36099105 -1.33014418 0.59590122 -1.34594179 
3.28384134 15.60771470 -11.43345911 9.38654432 -8.13680310 6.83759590 -6.40323191 5.53414839 -4.73096312 3.91307633 -3.63223213 2.63642722 -3.12112673 
3.29544669 15.60774094 -11.43349674 9.38659048 -8.13685525 6.83765183 -6.40328966 5.53420626 -4.73101968 3.91313040 -3.63228275 2.63647367 -3.12116845 
3.30698509 15.60776673 -11.43353373 9.38663585 -8.13690651 6.83770679 -6.40334641 5.53426313 -4.73107527 3.91318354 -3.63233251 2.63651931 -3.12120946 
3.12847477 13.87876250 -9.09439687 6.66967727 -5.22159351 3.85863790 -3.46448771 2.71285513 -2.08263489 1.47442095 -1.42728323 0.67785756 -1.41392197 
3.13536737 13.81122492 -9.00875417 6.57630352 -5.12747735 3.76815725 -3.38042610 2.63676040 -2.01518411 1.41562603 -1.37684642 0.63523659 -1.37851576 
3.14095034 13.89406928 -9.11386640 6.69096690 -5.24311407 3.87938425 -3.48381380 2.73039490 -2.09822098 1.48803871 -1.43899093 0.68777130 -1.42217370 
2.91647211 15.60999040 -11.43672330 9.39054849 -8.14132701 6.84244765 -6.40824168 5.53916935 -4.73587069 3.91776822 -3.63662521 2.64045763 -3.12474762 
2.91647211 15.60999040 -11.43672330 9.39054849 -8.14132701 6.84244765 -6.40824168 5.53916935 -4.73587069 3.91776822 -3.63662521 2.64045763 -3.12474762 
2.91647211 15.60999040 -11.43672330 9.39054849 -8.14132701 6.84244765 -6.40824168 5.53916935 -4.73587069 3.91776822 -3.63662521 2.64045763 -3.12474762 
2.91647211 15.60999040 -11.43672330 9.39054849 -8.14132701 6.84244765 -6.40824168 5.53916935 -4.73587069 3.91776822 -3.63662521 2.64045763 -3.12474762 
2.91647211 15.60999040 -11.43672330 9.39054849 -8.14132701 6.84244765 -6.40824168 5.53916935 -4.73587069 3.91776822 -3.63662521 2.64045763 -3.12474762 
2.91647211 15.60999040 -11.43672330 9.39054849 -8.14132701 6.84244765 -6.40824168 5.53916935 -4.73587069 3.91776822 -3.63662521 2.64045763 -3.12474762 
3.14779658 13.82694387 -9.02864885 6.59795406 -5.14926070 3.78906285 -3.39981587 2.65428388 -2.03069259 1.42912433 -1.38840967 0.64499528 -1.38661245 
3.15334936 13.90917577 -9.13310270 6.71202424 -5.26442224 3.89994663 -3.50298735 2.74781276 -2.11371293 1.50158589 -1.45064742 0.69764915 -1.43040151 
3.16014984 13.84245910 -9.04830836 6.61937251 -5.17083393 3.80978840 -3.41905811 2.67169108 -2.04611270 1.44255762 -1.39992686 0.65472264 -1.39468914 
3.16567276 13.92408554 -9.15210948 6.73285248 -5.28552047 3.92032675 -3.52200936 2.76510917 -2.12911075 1.51506221 -1.46225224 0.70749056 -1.43860484 
2.94425033 15.60999040 -11.43672330 9.39054849 -8.14132701 6.84244765 -6.40824168 5.53916935 -4.73587069 3.91776822 -3.63662521 2.64045763 -3.12474762 
3.17242809 13.85777420 -9.06773638 6.64056200 -5.19219942 3.83033550 -3.43815372 2.68898233 -2.06144435 1.45592554 -1.41139746 0.66441809 -1.40274524 
3.17792144 13.93880205 -9.17089035 6.75345479 -5.30641122 3.94052632 -3.54088086 2.78228458 -2.14441449 1.52846741 -1.47380497 0.71729503 -1.44678313 
3.18463221 13.87289266 -9.08693652 6.66152562 -5.21335949 3.85070570 -3.45710358 2.70615797 -2.07668749 1.46922775 -1.42282097 0.67408105 -1.41078016 
3.19009630 13.95332871 -9.18944885 6.77383426 -5.32709688 3.96054700 -3.55960286 2.79933948 -2.15962420 1.54180127 -1.48530520 0.72706205 -1.45493587 
2.97164802 15.60999040 -11.43672330 9.39054849 -8.14132701 6.84244765 -6.40824168 5.53916935 -4.73587069 3.91776822 -3.63662521 2.64045763 -3.12474762 
3.19676308 13.88781793 -9.10591231 6.68226644 -5.23431648 3.87090059 -3.47590861 2.72321836 -2.09184207 1.48246395 -1.43419694 0.68371098 -1.41879335 
3.56978668 14.23996300 -9.55969579 7.18476409 -5.74856707 4.37258497 -3.94869765 3.15716618 -2.48167642 1.82659201 -1.73295982 0.93901745 -1.63317052 
3.58357130 14.42930090 -9.80851417 7.46553542 -6.04121726 4.66314736 -4.22722700 3.41705358 -2.71886895 2.03912384 -1.92009859 1.10106305 -1.77096671 
3.41884934 15.60800192 -11.43387106 9.38704963 -8.13737397 6.83820810 -6.40386402 5.53478188 -4.73158228 3.91366824 -3.63278632 2.63693565 -3.12158348 
3.42969920 15.60802336 -11.43390182 9.38708736 -8.13741659 6.83825381 -6.40391122 5.53482918 -4.73162851 3.91371244 -3.63282771 2.63697361 -3.12161758 
3.44049051 15.60804446 -11.43393208 9.38712448 -8.13745853 6.83829879 -6.40395766 5.53487572 -4.73167399 3.91375593 -3.63286842 2.63701096 -3.12165114 
3.62920577 14.29958842 -9.63768705 7.27237477 -5.83948329 4.46247029 -4.03450566 3.23691116 -2.55417670 1.89131669 -1.78975289 0.98803410 -1.67472115 
3.64262625 14.48180124 -9.87810809 7.54472274 -6.12442453 4.74640442 -4.30763790 3.49262898 -2.78832786 2.10177327 -1.97560889 1.14941316 -1.81231273 
3.48308277 15.60812556 -11.43404839 9.38726715 -8.13761971 6.83847165 -6.40413614 5.53505459 -4.73184882 3.91392307 -3.63302491 2.63715453 -3.12178012 
3.49359060 15.60814504 -11.43407633 9.38730143 -8.13765844 6.83851317 -6.40417902 5.53509756 -4.73189082 3.91396322 -3.63306251 2.63718902 -3.12181110 
3.67741696 14.34641083 -9.69916712 7.34169317 -5.91167591 4.53409122 -4.10310717 3.30087236 -2.61250899 1.94354691 -1.83571116 1.02780394 -1.70851831 
3.83776333 15.60476401 -11.42922744 9.38135417 -8.13094017 6.83130896 -6.39674111 5.52764391 -4.72460633 3.90699959 -3.62654302 2.63120832 -3.11643855 
3.70940165 14.53884670 -9.95402304 7.63142739 -6.21586383 4.83821997 -4.39661677 3.57653252 -2.86568545 2.17175664 -2.03779427 1.20372271 -1.85887400 
3.38656708 14.17418366 -9.47404432 7.08896737 -5.64957740 4.27511672 -3.85601873 3.07136547 -2.40395833 1.75745114 -1.67249235 0.88699141 -1.58919975 
3.19051570 15.60999040 -11.43672330 9.39054849 -8.14132701 6.84244765 -6.40824168 5.53916935 -4.73587069 3.91776822 -3.63662521 2.64045763 -3.12474762 
3.39256450 14.11496987 -9.39729070 7.00349648 -5.56163255 4.18887698 -3.77434141 2.99603983 -2.33598073 1.69718698 -1.61996249 0.84193503 -1.55123256 
3.56563908 15.60827325 -11.43426022 9.38752700 -8.13791328 6.83878647 -6.40446121 5.53538038 -4.73216724 3.91422748 -3.63330993 2.63741601 -3.12201502 
3.40847198 14.19726953 -9.50405803 7.12248612 -5.68416304 4.30912318 -3.88831029 3.10122116 -2.43096723 1.78145041 -1.69345712 0.90501017 -1.60441305 
3.41439928 14.13874097 -9.42806341 7.03772164 -5.59680573 4.22332802 -3.80693292 3.02606389 -2.36304728 1.72115829 -1.64083752 0.85982425 -1.56629427 
3.75223144 14.41637672 -9.79142204 7.44613088 -6.02087221 4.64283295 -4.20764704 3.39868737 -2.70202125 2.02395519 -1.90668146 1.08939538 -1.76100460 
3.76492432 14.58445320 -10.01493722 7.70124354 -6.28974352 4.91264676 -4.46897310 3.64497101 -2.92897090 2.22916951 -2.08894535 1.24850717 -1.89736082 
3.77958518 14.44115650 -9.82420702 7.48336655 -6.05992813 4.68184496 -4.24526252 3.43398374 -2.73441051 2.05312605 -1.93249199 1.11184702 -1.78017966 
3.79212104 14.60620070 -10.04405367 7.73469168 -6.32521733 4.94845977 -4.50386201 3.67803689 -2.95960603 2.25701259 -2.11379471 1.27029910 -1.91611754 
3.48331707 14.27390879 -9.60405642 7.23455164 -5.80018814 4.42357796 -3.99733793 3.20233401 -2.52270962 1.86319807 -1.76505809 0.96670289 -1.65662461 
3.48901122 14.21769422 -9.53065385 7.15223296 -5.71490211 4.33939047 -3.91709092 3.12786631 -2.45510274 1.80292256 -1.71223592 0.92116758 -1.61806892 
3.49378585 14.28435599 -9.61773079 7.24992257 -5.81614906 4.43936744 -4.01242000 3.21635834 -2.53546679 1.87459289 -1.77506141 0.97534042 -1.66394970 
3.49944817 14.22846163 -9.54469039 7.16794959 -5.73116018 4.35541532 -3.93234370 3.14200086 -2.46791779 1.81433338 -1.72222367 0.92976775 -1.62534297 
3.50420051 14.29468365 -9.63125883 7.26513998 -5.83196166 4.45502075 -4.02738180 3.23027964 -2.54813798 1.88591745 -1.78500849 0.98393382 -1.67124093 
3.50983134 14.23910700 -9.55857857 7.18351171 -5.74727010 4.37130524 -3.94747831 3.15603509 -2.48064992 1.82567716 -1.73215836 0.93832678 -1.63258589 
3.51456160 14.30489359 -9.64464258 7.28020581 -5.84762762 4.47053924 -4.04222432 3.24409861 -2.56072362 1.89717197 -1.79489940 0.99248303 -1.67849821 
3.52016129 14.24963217 -9.57232046 7.19892126 -5.76323353 4.38706152 -3.96249568 3.16996963 -2.49329951 1.83695404 -1.74203999 0.94684456 -1.63979752 
3.68341565 15.60846394 -11.43453374 9.38786251 -8.13829232 6.83919298 -6.40488094 5.53580104 -4.73257839 3.91462056 -3.63367796 2.63775365 -3.12231835 
3.69292433 15.60847838 -11.43455445 9.38788791 -8.13832102 6.83922376 -6.40491272 5.53583289 -4.73260952 3.91465032 -3.63370583 2.63777922 -3.12234132 
3.85948356 14.51114101 -9.91711435 7.58923064 -6.17131954 4.79345058 -4.35319129 3.53554822 -2.82786687 2.13751593 -2.00734590 1.17711176 -1.83604412 
3.87157051 14.66755442 -10.12643854 7.82960063 -6.42615050 5.05062693 -4.60364733 3.77284182 -3.04765048 2.33721321 -2.18552533 1.33333106 -1.97047486 
3.88542636 14.53311147 -9.94637677 7.62267904 -6.20662205 4.82892498 -4.38759469 3.56801204 -2.85781815 2.16462937 -2.03145279 1.19817749 -1.85411426 
3.89737063 14.68679417 -10.15234699 7.85952920 -6.45806306 5.08301180 -4.63535504 3.80303853 -3.07575795 2.36287201 -2.20852145 1.35357758 -1.98796722 
3.91103874 14.55444656 -9.97483675 7.65525839 -6.24105678 4.86357520 -4.42124378 3.59980517 -2.88718720 2.19124716 -2.05514552 1.21890316 -1.87191062 
3.92284363 14.70546743 -10.17752623 7.88865269 -6.48915577 5.11460235 -4.66632078 3.83256153 -3.10326780 2.38801080 -2.23107330 1.37345102 -2.00515217 
3.78560451 15.60861216 -11.43474633 9.38812329 -8.13858695 6.83950895 -6.40520720 5.53612802 -4.73289798 3.91492610 -3.63396404 2.63801611 -3.12255414 
3.79464062 15.60862455 -11.43476411 9.38814509 -8.13861158 6.83953537 -6.40523448 5.53615536 -4.73292470 3.91495165 -3.63398796 2.63803806 -3.12257386 
3.80363610 15.60863678 -11.43478164 9.38816660 -8.13863589 6.83956143 -6.40526139 5.53618233 -4.73295107 3.91497685 -3.63401156 2.63805971 -3.12259331 
3.81259129 15.60864884 -11.43479895 9.38818783 -8.13865987 6.83958715 -6.40528794 5.53620894 -4.73297708 3.91500172 -3.63403485 2.63808107 -3.12261250 
3.96956193 14.60189139 -10.03828063 7.72805585 -6.31817557 4.94134675 -4.49692882 3.67146258 -2.95351198 2.25147134 -2.10884704 1.26595836 -1.91237988 
3.98105374 14.74695608 -10.23358851 7.95362869 -6.55866190 5.18535501 -4.73580107 3.89892175 -3.16520815 2.44470381 -2.28201011 1.41840300 -2.04407655 
3.84801640 15.60869551 -11.43486589 9.38826995 -8.13875265 6.83968665 -6.40539069 5.53631192 -4.73307772 3.91509794 -3.63412494 2.63816372 -3.12268676 
4.00225438 14.62761826 -10.07277226 7.76773119 -6.36030772 4.98393419 -4.53846689 3.71087561 -2.99006819 2.28473083 -2.13856009 1.29204009 -1.93484908 
4.26670527 14.77816974 -10.27587433 8.00275782 -6.61134101 5.23910100 -4.78869677 3.94954951 -3.21256044 2.48812854 -2.32109753 1.45295762 -2.07404719 
4.39503676 15.60325822 -11.42706826 9.37870629 -8.12794943 6.82810233 -6.39343087 5.52432707 -4.72136513 3.90390149 -3.62364281 2.62854805 -3.11404901 
4.30441216 14.98459837 -10.55785776 8.33299327 -6.96818216 5.60587933 -5.15227380 4.29995951 -3.54249404 2.79261881 -2.59683038 1.69810413 -2.28782865 
4.19994804 15.60635019 -11.43150213 9.38414396 -8.13409147 6.83468804 -6.40022964 5.53113967 -4.72802261 3.91026526 -3.62960029 2.63401283 -3.11895780 
4.21461784 15.60640314 -11.43157807 9.38423710 -8.13419669 6.83480087 -6.40034612 5.53125640 -4.72813669 3.91037432 -3.62970239 2.63410649 -3.11904194 
4.22918082 15.60645495 -11.43165236 9.38432823 -8.13429962 6.83491125 -6.40046008 5.53137061 -4.72824830 3.91048101 -3.62980228 2.63419813 -3.11912426 
4.36380491 14.84179349 -10.36235342 8.10355229 -6.71975235 5.35003568 -4.89818935 4.05463732 -3.31111068 2.57873247 -2.40284707 1.52539008 -2.13700597 
4.37973176 15.02349457 -10.61144339 8.39625865 -7.03708103 5.67722843 -5.22351171 4.36909499 -3.60802323 2.85347573 -2.65226871 1.74766972 -2.33128337 
4.16123835 14.86537176 -10.39449929 8.14112871 -6.76028239 5.39162129 -4.93934164 4.09423361 -3.34833349 2.61303236 -2.43386229 1.55292677 -2.16098778 
4.04036424 15.60892202 -11.43519078 9.38866849 -8.13920291 6.84016955 -6.40588931 5.53681165 -4.73356617 3.91556492 -3.63456218 2.63856487 -3.12304714 
4.04832177 15.60893048 -11.43520292 9.38868338 -8.13921974 6.84018760 -6.40590794 5.53683033 -4.73358443 3.91558238 -3.63457852 2.63857986 -3.12306061 
4.05624778 15.60893885 -11.43521492 9.38869810 -8.13923637 6.84020543 -6.40592636 5.53684878 -4.73360247 3.91559962 -3.63459467 2.63859467 -3.12307392 
3.93294492 14.66645727 -10.12496217 7.82789635 -6.42433446 5.04878519 -4.60184522 3.77112662 -3.04605487 2.33575740 -2.18422127 1.33218349 -1.96948385 
3.78710825 15.60999040 -11.43672330 9.39054849 -8.14132701 6.84244765 -6.40824168 5.53916935 -4.73587069 3.91776822 -3.63662521 2.64045763 -3.12474762 
3.93742674 14.62316447 -10.06679664 7.76085253 -6.35299799 4.97654050 -4.53125069 3.70402426 -2.98370962 2.27894237 -2.13338603 1.28749604 -1.93093250 
4.07200617 15.60895528 -11.43523850 9.38872702 -8.13926904 6.84024047 -6.40596254 5.53688505 -4.73363791 3.91563351 -3.63462640 2.63862378 -3.12310007 
4.33838611 13.52438843 -8.64977285 6.18983266 -4.74269524 3.40257063 -3.04462670 2.33611371 -1.75149289 1.18803697 -1.18341689 0.47317919 -1.24499035 
4.45232437 15.05896963 -10.66044100 8.45424858 -7.10038365 5.74293029 -5.28925400 4.43303066 -3.66874551 2.90997571 -2.70383083 1.79384803 -2.37183379 
4.46931238 14.90619269 -10.45027815 8.20647049 -6.83090665 5.46422930 -5.01133142 4.16362994 -3.41368634 2.67335514 -2.48849581 1.60150619 -2.20335667 
4.48447169 15.07406932 -10.68133266 8.47901532 -7.12746255 5.77107845 -5.31746095 4.46050131 -3.69487088 2.93431567 -2.72607063 1.81378851 -2.38936314 
4.38945030 15.60697799 -11.43240250 9.38524831 -8.13533900 6.83602582 -6.40161082 5.53252380 -4.72937533 3.91155842 -3.63081098 2.63512347 -3.11995552 
4.40279837 15.60701790 -11.43245973 9.38531850 -8.13541830 6.83611086 -6.40169863 5.53261179 -4.72946133 3.91164062 -3.63088794 2.63519408 -3.12001894 
4.41605794 15.60705702 -11.43251584 9.38538732 -8.13549604 6.83619422 -6.40178469 5.53269804 -4.72954563 3.91172121 -3.63096339 2.63526330 -3.12008112 
4.42923018 15.60709537 -11.43257084 9.38545478 -8.13557225 6.83627595 -6.40186908 5.53278260 -4.72962827 3.91180022 -3.63103736 2.63533116 -3.12014208 
4.33345892 14.96532648 -10.53136090 8.30176986 -6.93424132 5.57079371 -5.11730272 4.26607637 -3.51042902 2.76288456 -2.56978205 1.67395343 -2.26668238 
4.22311586 15.60910041 -11.43544667 9.38898239 -8.13955756 6.84054990 -6.40628205 5.53720528 -4.73395091 3.91593275 -3.63490659 2.63888084 -3.12333101 
4.10960920 14.79186700 -10.29445953 8.02438330 -6.63456299 5.26282649 -4.81207857 3.97195806 -3.23354556 2.50739599 -2.33846014 1.46832311 -2.08738784 
3.97690573 15.60999040 -11.43672330 9.39054849 -8.14132701 6.84244765 -6.40824168 5.53916935 -4.73587069 3.91776822 -3.63662521 2.64045763 -3.12474762 
3.84020839 14.54473344 -9.96187456 7.64041414 -6.22536111 4.84777546 -4.40589504 3.58529799 -2.87378166 2.17909360 -2.04432429 1.20943441 -1.86377797 
3.83548895 14.59067541 -10.02326319 7.71080313 -6.29987685 4.92287194 -4.47892968 3.65440298 -2.93770561 2.23710481 -2.09602460 1.25471306 -1.90270042 
4.10600632 14.74779552 -10.23472451 7.95494719 -6.56007427 5.18679462 -4.73721659 3.90027538 -3.16647313 2.44586293 -2.28305265 1.41932398 -2.04487480 
4.10960920 14.79186700 -10.29445953 8.02438330 -6.63456299 5.26282649 -4.81207857 3.97195806 -3.23354556 2.50739599 -2.33846014 1.46832311 -2.08738784 
3.84020839 14.54473344 -9.96187456 7.64041414 -6.22536111 4.84777546 -4.40589504 3.58529799 -2.87378166 2.17909360 -2.04432429 1.20943441 -1.86377797 
3.67705132 15.60845420 -11.43451977 9.38784537 -8.13827296 6.83917221 -6.40485950 5.53577955 -4.73255738 3.91460048 -3.63365916 2.63773640 -3.12230286 
3.50856224 14.17626067 -9.47674257 7.09197851 -5.65268216 4.27816739 -3.85891362 3.07404026 -2.40637657 1.75959865 -1.67436728 0.88860202 -1.59055892 
3.30124918 15.60106360 -11.42392172 9.37484800 -8.12359201 6.82343083 -6.38860890 5.51949593 -4.71664458 3.89938973 -3.61941956 2.62467447 -3.11056986 
3.47058721 14.32331205 -9.66881141 7.30743920 -5.87597317 4.49864405 -4.06912917 3.26916992 -2.58357652 1.91762408 -1.81288707 1.00804169 -1.69171464 
4.09639566 11.66335206 -6.50497365 4.05365144 -2.76824426 1.65254177 -1.53962274 1.06992935 -0.70404744 0.33033691 -0.48840536 -0.08526662 -0.80260386 
4.31272266 14.95393830 -10.51571990 8.28335743 -6.91424598 5.55014330 -5.09673833 4.24616906 -3.49160563 2.74544323 -2.55392810 1.65980790 -2.25430493 
3.95829603 13.02753963 -8.04604772 5.55807955 -4.13085717 2.83642186 -2.53773367 1.89333480 -1.37221698 0.86779929 -0.91676534 0.25391627 -1.06752455 
3.47723837 14.14276214 -9.43327424 7.04352273 -5.60277316 4.22917825 -3.81247228 3.03117125 -2.36765533 1.72524256 -1.64439687 0.86287660 -1.56886586 
3.82933927 11.05367035 -5.87089964 3.48239658 -2.29010605 1.26704091 -1.23721006 0.83709300 -0.52713051 0.19584886 -0.38633871 -0.16311444 -0.74392587 
4.66704760 11.56964689 -6.40533490 3.96197319 -2.68993576 1.58821310 -1.48826291 1.02973017 -0.67303178 0.30646752 -0.47010855 -0.09931151 -0.79195280 
5.00434790 15.59983354 -11.42215832 9.37268593 -8.12115049 6.82081357 -6.38590758 5.51678969 -4.71400051 3.89686279 -3.61705438 2.62250527 -3.10862167 
4.70907569 11.87747923 -6.73564589 4.26857344 -2.95408434 1.80696637 -1.66427293 1.16851195 -0.78085810 0.38993731 -0.53440886 -0.04977787 -0.82964345 
3.91913348 11.23224838 -6.05314737 3.64360821 -2.42263016 1.37210096 -1.31830682 0.89858355 -0.57318331 0.23045334 -0.41235627 -0.14338346 -0.75871624 
3.19803085 13.74182251 -8.92119139 6.48130151 -5.03217508 3.67695462 -3.29606921 2.56072586 -1.94806516 1.35734739 -1.32703538 0.59328734 -1.34378079 
2.71223213 12.92089494 -7.91943680 5.42853929 -4.00813936 2.72524995 -2.44022804 1.80984577 -1.30206411 0.80961086 -0.86910823 0.21530871 -1.03671846 
2.93650473 11.05743000 -5.87470694 3.48573944 -2.29283417 1.26918918 -1.23885783 0.83833499 -0.52805552 0.19654093 -0.38685730 -0.16272185 -0.74421964 
4.00869224 9.89341426 -4.75658997 2.55148216 -1.56559164 0.72023702 -0.83386644 0.54370597 -0.31561240 0.04115349 -0.27225868 -0.24909861 -0.67995493 
4.42923018 15.60709537 -11.43257084 9.38545478 -8.13557225 6.83627595 -6.40186908 5.53278260 -4.72962827 3.91180022 -3.63103736 2.63533116 -3.12014208 
4.22606311 13.49337874 -8.61142293 6.14901892 -4.70251544 3.36480726 -3.01030441 2.30569736 -1.72507754 1.16544823 -1.16438502 0.45736176 -1.23205772 
3.29576095 2.87778610 -0.56416200 0.10817412 -0.15269184 -0.15846574 -0.28017839 0.18798374 -0.09292750 -0.12474550 -0.15027141 -0.35719568 -0.59731493 
-0.27356911 0.53781014 -0.12966596 -0.00811400 -0.12561545 -0.18795126 -0.26288231 0.17504041 -0.09183725 -0.13394348 -0.14699055 -0.36756948 -0.59006778 
-4.26123424 -5.87722591 -1.40412622 -0.48104610 -0.27788831 -0.29293109 -0.27799878 0.13845434 -0.11936904 -0.16875964 -0.16421099 -0.39342734 -0.58399687 
1.89115767 -0.99964396 -0.10581687 -0.03731962 -0.12603440 -0.20275564 -0.25710026 0.16868643 -0.09420608 -0.13979566 -0.14747132 -0.37332062 -0.58675964 
4.44906731 5.01870692 -1.38310053 0.41706754 -0.26590748 -0.09668749 -0.31570472 0.21041702 -0.10260975 -0.11235648 -0.15913375 -0.34403911 -0.60745662 
5.46614020 12.22993030 -7.12439803 4.63911452 -3.28168193 2.08493583 -1.89318752 1.35304216 -0.92725540 0.50530350 -0.62465113 0.02054996 -0.88374322 
5.65919248 15.05544120 -10.65556225 8.44846841 -7.09406757 5.73636850 -5.28268206 4.42663361 -3.66266477 2.90431320 -2.69865924 1.78921307 -2.36776091 
5.10017601 9.04906269 -4.02136466 1.99207453 -1.16803746 0.44348738 -0.64433010 0.41479190 -0.22825473 -0.02054161 -0.22762467 -0.28318358 -0.65454127 
3.78973351 9.12605278 -4.08577163 2.03923219 -1.20031259 0.46523278 -0.65879066 0.42437605 -0.23459547 -0.01610109 -0.23083306 -0.28069409 -0.65640910 
2.49005867 9.06911288 -4.03808708 2.00428338 -1.17637022 0.44908851 -0.64804718 0.41725119 -0.22987913 -0.01940444 -0.22844640 -0.28254506 -0.65502061 
2.40178028 9.59156845 -4.48645280 2.34064903 -1.41209959 0.61117286 -0.75780601 0.49115403 -0.27949084 0.01549551 -0.25366530 -0.26318836 -0.66948152 
3.50301643 10.19947627 -5.03881453 2.77809516 -1.73517293 0.84369485 -0.92189334 0.60574652 -0.35904015 0.07230260 -0.29493993 -0.23200136 -0.69264313 
4.31925649 12.11550524 -6.99694873 4.51649535 -3.17228767 1.99132333 -1.81546971 1.28991118 -0.87680734 0.46530031 -0.59318997 -0.00407280 -0.86472653 
4.52238012 15.09140660 -10.70534687 8.50751395 -7.15865356 5.80353280 -5.35001370 4.49223303 -3.72507483 2.96247860 -2.75182356 1.83689585 -2.40969057 
4.00869224 9.89341426 -4.75658997 2.55148216 -1.56559164 0.72023702 -0.83386644 0.54370597 -0.31561240 0.04115349 -0.27225868 -0.24909861 -0.67995493 
2.75056039 7.12381720 -2.58191021 1.03935715 -0.57427672 0.07121083 -0.41092910 0.26710885 -0.13480632 -0.08639883 -0.17932427 -0.32307163 -0.62401483 
2.99897320 6.16751704 -1.98886085 0.70948070 -0.40059111 -0.02568851 -0.35531754 0.23396819 -0.11545366 -0.10115336 -0.16794657 -0.33413873 -0.61528745 
4.35408948 9.51275910 -4.41726117 2.28762296 -1.37417258 0.58463811 -0.73955904 0.47870323 -0.27103035 0.00951769 -0.24934222 -0.26648098 -0.66702927 
4.61588256 14.07149524 -9.34114854 6.94120263 -5.49776004 4.12645378 -3.71541389 2.94186684 -2.28724149 1.65410268 -1.58251011 0.80989310 -1.52429814 
3.76921353 4.01072548 -0.94731996 0.23880933 -0.19576643 -0.13337344 -0.29501018 0.19768452 -0.09650627 -0.11905663 -0.15404479 -0.35086336 -0.60212640 
1.02160813 -9.13035306 -3.43449769 -1.63480937 -0.90428668 -0.64210993 -0.46482721 0.02235062 -0.19893290 -0.22970993 -0.20773086 -0.42557221 -0.59896992 
0.70699615 -11.11331542 -5.13178956 -2.90822629 -1.79691056 -1.25070766 -0.86872618 -0.25068471 -0.38717715 -0.36292395 -0.30140320 -0.49137211 -0.64169512 
3.64677735 3.42801855 -0.73616010 0.16352743 -0.16986343 -0.14781310 -0.28657677 0.19225653 -0.09432866 -0.12215768 -0.15188697 -0.35426488 -0.59951945 
4.65165790 12.69676281 -7.65675217 5.16309456 -3.75970071 2.50276467 -2.24725097 1.64636668 -1.16609494 0.69787486 -0.77837040 0.14234898 -0.97891346 
4.92397190 15.59898644 -11.42094399 9.37119716 -8.11946940 6.81901158 -6.38404781 5.51492664 -4.71218034 3.89512333 -3.61542635 2.62101219 -3.10728076 
4.78038547 14.27968376 -9.61161402 7.24304553 -5.80900666 4.43230043 -4.00566839 3.21007913 -2.52975396 1.86948932 -1.77058040 0.97147066 -1.66066749 
4.40404327 13.77859390 -8.96752856 6.53151673 -5.08249156 3.72505382 -3.34051064 2.60074150 -1.98335352 1.38795923 -1.35317639 0.61528444 -1.36198064 
3.92510832 12.97119299 -7.97902121 5.48937346 -4.06565048 2.77724718 -2.48574598 1.84874843 -1.33469469 0.83663239 -0.89120612 0.23318667 -1.05096577 
3.59905653 15.60832965 -11.43434113 9.38762624 -8.13802539 6.83890671 -6.40458536 5.53550480 -4.73228885 3.91434374 -3.63341879 2.63751588 -3.12210474 
