10.85406021 0.17529605 -0.10535164 -0.01585567 -0.12496434 -0.19153604 -0.26117713 0.17346735 -0.09220426 -0.13528779 -0.14692673 -0.36897236 -0.58919527 
3.92397414 14.75238588 -10.24093774 7.96215988 -6.56780185 5.19467255 -4.74496404 3.90768524 -3.17339873 2.45220988 -2.28876205 1.42436828 -2.04924744 
4.29929110 13.59693856 -8.73984578 6.28605291 -4.83776879 3.49224126 -3.12640496 2.40882510 -1.81484073 1.24236898 -1.22932112 0.51142790 -1.27633966 
4.50226727 15.60999040 -11.43672330 9.39054849 -8.14132701 6.84244765 -6.40824168 5.53916935 -4.73587069 3.91776822 -3.63662521 2.64045763 -3.12474762 
4.60757171 15.04290036 -10.63823159 8.42794647 -7.07165431 5.71309460 -5.25938308 4.40396484 -3.64112617 2.88426422 -2.68035547 1.77281459 -2.35335605 
4.70569859 15.60944105 -11.43593528 9.38958179 -8.14023477 6.84127621 -6.40703203 5.53795695 -4.73468562 3.91663519 -3.63556430 2.63948427 -3.12387313 
4.71140743 15.60944418 -11.43593977 9.38958729 -8.14024099 6.84128288 -6.40703892 5.53796385 -4.73469236 3.91664164 -3.63557034 2.63948980 -3.12387811 
4.71710002 15.60944728 -11.43594422 9.38959274 -8.14024715 6.84128949 -6.40704574 5.53797069 -4.73469905 3.91664803 -3.63557632 2.63949530 -3.12388304 
4.72277646 15.60945035 -11.43594863 9.38959815 -8.14025326 6.84129604 -6.40705251 5.53797747 -4.73470568 3.91665437 -3.63558226 2.63950074 -3.12388793 
4.63423401 15.08421912 -10.69538789 8.49569132 -7.14570986 5.79006073 -5.33649682 4.47905334 -3.71252630 2.95077504 -2.74111891 1.82728870 -2.40123736 
4.63733456 15.05725036 -10.65806362 8.45143177 -7.09730551 5.73973222 -5.28605082 4.42991256 -3.66578145 2.90721538 -2.70130971 1.79158842 -2.36984812 
4.64014347 15.08690923 -10.69911474 8.50011493 -7.15055225 5.79510011 -5.34155231 4.48398210 -3.71721846 2.95515075 -2.74512072 1.83087985 -2.40439687 
4.64323448 15.06005688 -10.66194457 8.45603022 -7.10233076 5.74495343 -5.29128054 4.43500353 -3.67062106 2.91172245 -2.70542633 1.79527811 -2.37309058 
4.73970973 15.60945942 -11.43596163 9.38961411 -8.14027129 6.84131537 -6.40707247 5.53799748 -4.73472523 3.91667307 -3.63559977 2.63951680 -3.12390236 
4.74532245 15.60946239 -11.43596589 9.38961934 -8.14027720 6.84132171 -6.40707901 5.53800404 -4.73473164 3.91667919 -3.63560550 2.63952207 -3.12390709 
4.75091946 15.60946534 -11.43597012 9.38962452 -8.14028306 6.84132799 -6.40708550 5.53801054 -4.73473800 3.91668527 -3.63561119 2.63952729 -3.12391178 
4.66360862 15.09747172 -10.71375451 8.51749925 -7.16959025 5.81492047 -5.36144365 4.50338195 -3.73569358 2.97238564 -2.76088789 1.84503329 -2.41685262 
4.66666203 15.07107807 -10.67719231 8.47410506 -7.12209183 5.76549362 -5.31186249 4.45504715 -3.68968213 2.92948004 -2.72165096 1.80982469 -2.38587771 
4.66943224 15.10006381 -10.71734879 8.52176919 -7.17426830 5.81979268 -5.36633517 4.50815435 -3.74024009 2.97662835 -2.76477051 1.84851957 -2.41992159 
4.67247640 15.07378313 -10.68093650 8.47854545 -7.12694856 5.77054394 -5.31692508 4.45997922 -3.69437416 2.93385272 -2.72564747 1.81340898 -2.38902939 
4.76761711 15.60947403 -11.43598259 9.38963982 -8.14030034 6.84134653 -6.40710464 5.53802972 -4.73475675 3.91670320 -3.63562798 2.63954269 -3.12392562 
4.68102896 15.10519103 -10.72446027 8.53021961 -7.18352862 5.82943960 -5.37602249 4.51760779 -3.74924792 2.98503590 -2.77246591 1.85543060 -2.42600637 
4.68405477 15.07913429 -10.68834531 8.48733418 -7.13656380 5.78054484 -5.32695266 4.46975046 -3.70367182 2.94251934 -2.73357008 1.82051567 -2.39527944 
4.77867193 15.60947971 -11.43599073 9.38964981 -8.14031162 6.84135863 -6.40711714 5.53804225 -4.73476899 3.91671490 -3.63563894 2.63955274 -3.12393465 
4.69255897 15.11024353 -10.73147054 8.53855252 -7.19266310 5.83895832 -5.38558388 4.52694098 -3.75814357 2.99334089 -2.78006927 1.86226055 -2.43202106 
4.69556665 15.08440808 -10.69564965 8.49600199 -7.14604993 5.79041460 -5.33685179 4.47939940 -3.71285572 2.95108222 -2.74139983 1.82754077 -2.40145913 
4.69829920 15.11274220 -10.73493831 8.54267557 -7.19718383 5.84367028 -5.39031799 4.53156307 -3.76254986 2.99745538 -2.78383684 1.86564545 -2.43500240 
4.60105278 15.60999040 -11.43672330 9.39054849 -8.14132701 6.84244765 -6.40824168 5.53916935 -4.73587069 3.91776822 -3.63662521 2.64045763 -3.12474762 
4.60105278 15.60999040 -11.43672330 9.39054849 -8.14132701 6.84244765 -6.40824168 5.53916935 -4.73587069 3.91776822 -3.63662521 2.64045763 -3.12474762 
4.50083307 14.98872747 -10.56353943 8.33969361 -6.97547107 5.61341946 -5.15979449 4.30725106 -3.54939872 2.79902544 -2.60266163 1.70331349 -2.29239228 
4.49750299 15.01848928 -10.60453977 8.38809888 -7.02818512 5.66800668 -5.21429520 4.36014196 -3.59952945 2.84558074 -2.64507078 1.74122931 -2.32563284 
4.59501960 15.60999040 -11.43672330 9.39054849 -8.14132701 6.84244765 -6.40824168 5.53916935 -4.73587069 3.91776822 -3.63662521 2.64045763 -3.12474762 
4.59501960 15.60999040 -11.43672330 9.39054849 -8.14132701 6.84244765 -6.40824168 5.53916935 -4.73587069 3.91776822 -3.63662521 2.64045763 -3.12474762 
4.59501960 15.60999040 -11.43672330 9.39054849 -8.14132701 6.84244765 -6.40824168 5.53916935 -4.73587069 3.91776822 -3.63662521 2.64045763 -3.12474762 
4.59501960 15.60999040 -11.43672330 9.39054849 -8.14132701 6.84244765 -6.40824168 5.53916935 -4.73587069 3.91776822 -3.63662521 2.64045763 -3.12474762 
4.49449825 14.98537561 -10.55892713 8.33425422 -6.96955373 5.60729802 -5.15368870 4.30133117 -3.54379280 2.79382379 -2.59792705 1.69908376 -2.28868679 
4.49115709 15.01527170 -10.60010312 8.38285637 -7.02247115 5.66208489 -5.20837821 4.35439544 -3.59407892 2.84051552 -2.64045369 1.73709891 -2.32200966 
4.58896815 15.60999040 -11.43672330 9.39054849 -8.14132701 6.84244765 -6.40824168 5.53916935 -4.73587069 3.91776822 -3.63662521 2.64045763 -3.12474762 
4.58896815 15.60999040 -11.43672330 9.39054849 -8.14132701 6.84244765 -6.40824168 5.53916935 -4.73587069 3.91776822 -3.63662521 2.64045763 -3.12474762 
4.58896815 15.60999040 -11.43672330 9.39054849 -8.14132701 6.84244765 -6.40824168 5.53916935 -4.73587069 3.91776822 -3.63662521 2.64045763 -3.12474762 
4.58896815 15.60999040 -11.43672330 9.39054849 -8.14132701 6.84244765 -6.40824168 5.53916935 -4.73587069 3.91776822 -3.63662521 2.64045763 -3.12474762 
4.58896815 15.60999040 -11.43672330 9.39054849 -8.14132701 6.84244765 -6.40824168 5.53916935 -4.73587069 3.91776822 -3.63662521 2.64045763 -3.12474762 
4.58896815 15.60999040 -11.43672330 9.39054849 -8.14132701 6.84244765 -6.40824168 5.53916935 -4.73587069 3.91776822 -3.63662521 2.64045763 -3.12474762 
4.68981898 15.08178076 -10.69201042 8.49168307 -7.14132287 5.78549598 -5.33191815 4.47459010 -3.70827789 2.94681366 -2.73749648 1.82403836 -2.39837802 
4.69255897 15.11024353 -10.73147054 8.53855252 -7.19266310 5.83895832 -5.38558388 4.52694098 -3.75814357 2.99334089 -2.78006927 1.86226055 -2.43202106 
4.59501960 15.60999040 -11.43672330 9.39054849 -8.14132701 6.84244765 -6.40824168 5.53916935 -4.73587069 3.91776822 -3.63662521 2.64045763 -3.12474762 
4.69556665 15.08440808 -10.69564965 8.49600199 -7.14604993 5.79041460 -5.33685179 4.47939940 -3.71285572 2.95108222 -2.74139983 1.82754077 -2.40145913 
4.69829920 15.11274220 -10.73493831 8.54267557 -7.19718383 5.84367028 -5.39031799 4.53156307 -3.76254986 2.99745538 -2.78383684 1.86564545 -2.43500240 
4.70129790 15.08701642 -10.69926325 8.50029122 -7.15074525 5.79530098 -5.34175383 4.48417859 -3.71740553 2.95532521 -2.74528029 1.83102306 -2.40452287 
4.70402303 15.11522272 -10.73838147 8.54677003 -7.20167390 5.84835098 -5.39502138 4.53615580 -3.76692874 3.00154479 -2.78758189 1.86901049 -2.43796657 
4.60706783 15.60999040 -11.43672330 9.39054849 -8.14132701 6.84244765 -6.40824168 5.53916935 -4.73587069 3.91776822 -3.63662521 2.64045763 -3.12474762 
4.60706783 15.60999040 -11.43672330 9.39054849 -8.14132701 6.84244765 -6.40824168 5.53916935 -4.73587069 3.91776822 -3.63662521 2.64045763 -3.12474762 
4.60706783 15.60999040 -11.43672330 9.39054849 -8.14132701 6.84244765 -6.40824168 5.53916935 -4.73587069 3.91776822 -3.63662521 2.64045763 -3.12474762 
4.50714794 14.99205325 -10.56811690 8.34509310 -6.98134625 5.61949852 -5.16585920 4.31313223 -3.55496898 2.80419491 -2.60736767 1.70751836 -2.29607653 
4.50382886 15.02168162 -10.60894257 8.39330249 -7.03385785 5.67388687 -5.22017173 4.36585020 -3.60494462 2.85061392 -2.64965937 1.74533482 -2.32923470 
4.60105278 15.60999040 -11.43672330 9.39054849 -8.14132701 6.84244765 -6.40824168 5.53916935 -4.73587069 3.91776822 -3.63662521 2.64045763 -3.12474762 
4.60105278 15.60999040 -11.43672330 9.39054849 -8.14132701 6.84244765 -6.40824168 5.53916935 -4.73587069 3.91776822 -3.63662521 2.64045763 -3.12474762 
4.60105278 15.60999040 -11.43672330 9.39054849 -8.14132701 6.84244765 -6.40824168 5.53916935 -4.73587069 3.91776822 -3.63662521 2.64045763 -3.12474762 
4.60105278 15.60999040 -11.43672330 9.39054849 -8.14132701 6.84244765 -6.40824168 5.53916935 -4.73587069 3.91776822 -3.63662521 2.64045763 -3.12474762 
4.60105278 15.60999040 -11.43672330 9.39054849 -8.14132701 6.84244765 -6.40824168 5.53916935 -4.73587069 3.91776822 -3.63662521 2.64045763 -3.12474762 
4.60105278 15.60999040 -11.43672330 9.39054849 -8.14132701 6.84244765 -6.40824168 5.53916935 -4.73587069 3.91776822 -3.63662521 2.64045763 -3.12474762 
4.60105278 15.60999040 -11.43672330 9.39054849 -8.14132701 6.84244765 -6.40824168 5.53916935 -4.73587069 3.91776822 -3.63662521 2.64045763 -3.12474762 
4.60105278 15.60999040 -11.43672330 9.39054849 -8.14132701 6.84244765 -6.40824168 5.53916935 -4.73587069 3.91776822 -3.63662521 2.64045763 -3.12474762 
4.60105278 15.60999040 -11.43672330 9.39054849 -8.14132701 6.84244765 -6.40824168 5.53916935 -4.73587069 3.91776822 -3.63662521 2.64045763 -3.12474762 
4.60105278 15.60999040 -11.43672330 9.39054849 -8.14132701 6.84244765 -6.40824168 5.53916935 -4.73587069 3.91776822 -3.63662521 2.64045763 -3.12474762 
4.60105278 15.60999040 -11.43672330 9.39054849 -8.14132701 6.84244765 -6.40824168 5.53916935 -4.73587069 3.91776822 -3.63662521 2.64045763 -3.12474762 
4.60105278 15.60999040 -11.43672330 9.39054849 -8.14132701 6.84244765 -6.40824168 5.53916935 -4.73587069 3.91776822 -3.63662521 2.64045763 -3.12474762 
4.70129790 15.08701642 -10.69926325 8.50029122 -7.15074525 5.79530098 -5.34175383 4.48417859 -3.71740553 2.95532521 -2.74528029 1.83102306 -2.40452287 
4.70402303 15.11522272 -10.73838147 8.54677003 -7.20167390 5.84835098 -5.39502138 4.53615580 -3.76692874 3.00154479 -2.78758189 1.86901049 -2.43796657 
4.60706783 15.60999040 -11.43672330 9.39054849 -8.14132701 6.84244765 -6.40824168 5.53916935 -4.73587069 3.91776822 -3.63662521 2.64045763 -3.12474762 
4.60706783 15.60999040 -11.43672330 9.39054849 -8.14132701 6.84244765 -6.40824168 5.53916935 -4.73587069 3.91776822 -3.63662521 2.64045763 -3.12474762 
4.60706783 15.60999040 -11.43672330 9.39054849 -8.14132701 6.84244765 -6.40824168 5.53916935 -4.73587069 3.91776822 -3.63662521 2.64045763 -3.12474762 
4.60706783 15.60999040 -11.43672330 9.39054849 -8.14132701 6.84244765 -6.40824168 5.53916935 -4.73587069 3.91776822 -3.63662521 2.64045763 -3.12474762 
4.60706783 15.60999040 -11.43672330 9.39054849 -8.14132701 6.84244765 -6.40824168 5.53916935 -4.73587069 3.91776822 -3.63662521 2.64045763 -3.12474762 
4.60706783 15.60999040 -11.43672330 9.39054849 -8.14132701 6.84244765 -6.40824168 5.53916935 -4.73587069 3.91776822 -3.63662521 2.64045763 -3.12474762 
4.60706783 15.60999040 -11.43672330 9.39054849 -8.14132701 6.84244765 -6.40824168 5.53916935 -4.73587069 3.91776822 -3.63662521 2.64045763 -3.12474762 
4.60706783 15.60999040 -11.43672330 9.39054849 -8.14132701 6.84244765 -6.40824168 5.53916935 -4.73587069 3.91776822 -3.63662521 2.64045763 -3.12474762 
4.60706783 15.60999040 -11.43672330 9.39054849 -8.14132701 6.84244765 -6.40824168 5.53916935 -4.73587069 3.91776822 -3.63662521 2.64045763 -3.12474762 
4.60706783 15.60999040 -11.43672330 9.39054849 -8.14132701 6.84244765 -6.40824168 5.53916935 -4.73587069 3.91776822 -3.63662521 2.64045763 -3.12474762 
4.60706783 15.60999040 -11.43672330 9.39054849 -8.14132701 6.84244765 -6.40824168 5.53916935 -4.73587069 3.91776822 -3.63662521 2.64045763 -3.12474762 
4.60706783 15.60999040 -11.43672330 9.39054849 -8.14132701 6.84244765 -6.40824168 5.53916935 -4.73587069 3.91776822 -3.63662521 2.64045763 -3.12474762 
4.60706783 15.60999040 -11.43672330 9.39054849 -8.14132701 6.84244765 -6.40824168 5.53916935 -4.73587069 3.91776822 -3.63662521 2.64045763 -3.12474762 
4.60706783 15.60999040 -11.43672330 9.39054849 -8.14132701 6.84244765 -6.40824168 5.53916935 -4.73587069 3.91776822 -3.63662521 2.64045763 -3.12474762 
4.60706783 15.60999040 -11.43672330 9.39054849 -8.14132701 6.84244765 -6.40824168 5.53916935 -4.73587069 3.91776822 -3.63662521 2.64045763 -3.12474762 
4.60706783 15.60999040 -11.43672330 9.39054849 -8.14132701 6.84244765 -6.40824168 5.53916935 -4.73587069 3.91776822 -3.63662521 2.64045763 -3.12474762 
4.60706783 15.60999040 -11.43672330 9.39054849 -8.14132701 6.84244765 -6.40824168 5.53916935 -4.73587069 3.91776822 -3.63662521 2.64045763 -3.12474762 
4.60706783 15.60999040 -11.43672330 9.39054849 -8.14132701 6.84244765 -6.40824168 5.53916935 -4.73587069 3.91776822 -3.63662521 2.64045763 -3.12474762 
4.60706783 15.60999040 -11.43672330 9.39054849 -8.14132701 6.84244765 -6.40824168 5.53916935 -4.73587069 3.91776822 -3.63662521 2.64045763 -3.12474762 
4.60706783 15.60999040 -11.43672330 9.39054849 -8.14132701 6.84244765 -6.40824168 5.53916935 -4.73587069 3.91776822 -3.63662521 2.64045763 -3.12474762 
4.60706783 15.60999040 -11.43672330 9.39054849 -8.14132701 6.84244765 -6.40824168 5.53916935 -4.73587069 3.91776822 -3.63662521 2.64045763 -3.12474762 
4.60706783 15.60999040 -11.43672330 9.39054849 -8.14132701 6.84244765 -6.40824168 5.53916935 -4.73587069 3.91776822 -3.63662521 2.64045763 -3.12474762 
4.60706783 15.60999040 -11.43672330 9.39054849 -8.14132701 6.84244765 -6.40824168 5.53916935 -4.73587069 3.91776822 -3.63662521 2.64045763 -3.12474762 
4.60706783 15.60999040 -11.43672330 9.39054849 -8.14132701 6.84244765 -6.40824168 5.53916935 -4.73587069 3.91776822 -3.63662521 2.64045763 -3.12474762 
4.60706783 15.60999040 -11.43672330 9.39054849 -8.14132701 6.84244765 -6.40824168 5.53916935 -4.73587069 3.91776822 -3.63662521 2.64045763 -3.12474762 
4.60706783 15.60999040 -11.43672330 9.39054849 -8.14132701 6.84244765 -6.40824168 5.53916935 -4.73587069 3.91776822 -3.63662521 2.64045763 -3.12474762 
4.60706783 15.60999040 -11.43672330 9.39054849 -8.14132701 6.84244765 -6.40824168 5.53916935 -4.73587069 3.91776822 -3.63662521 2.64045763 -3.12474762 
4.60706783 15.60999040 -11.43672330 9.39054849 -8.14132701 6.84244765 -6.40824168 5.53916935 -4.73587069 3.91776822 -3.63662521 2.64045763 -3.12474762 
4.60706783 15.60999040 -11.43672330 9.39054849 -8.14132701 6.84244765 -6.40824168 5.53916935 -4.73587069 3.91776822 -3.63662521 2.64045763 -3.12474762 
4.60706783 15.60999040 -11.43672330 9.39054849 -8.14132701 6.84244765 -6.40824168 5.53916935 -4.73587069 3.91776822 -3.63662521 2.64045763 -3.12474762 
4.60706783 15.60999040 -11.43672330 9.39054849 -8.14132701 6.84244765 -6.40824168 5.53916935 -4.73587069 3.91776822 -3.63662521 2.64045763 -3.12474762 
4.60706783 15.60999040 -11.43672330 9.39054849 -8.14132701 6.84244765 -6.40824168 5.53916935 -4.73587069 3.91776822 -3.63662521 2.64045763 -3.12474762 
4.50714794 14.99205325 -10.56811690 8.34509310 -6.98134625 5.61949852 -5.16585920 4.31313223 -3.55496898 2.80419491 -2.60736767 1.70751836 -2.29607653 
4.50382886 15.02168162 -10.60894257 8.39330249 -7.03385785 5.67388687 -5.22017173 4.36585020 -3.60494462 2.85061392 -2.64965937 1.74533482 -2.32923470 
4.60105278 15.60999040 -11.43672330 9.39054849 -8.14132701 6.84244765 -6.40824168 5.53916935 -4.73587069 3.91776822 -3.63662521 2.64045763 -3.12474762 
4.50083307 14.98872747 -10.56353943 8.33969361 -6.97547107 5.61341946 -5.15979449 4.30725106 -3.54939872 2.79902544 -2.60266163 1.70331349 -2.29239228 
4.49750299 15.01848928 -10.60453977 8.38809888 -7.02818512 5.66800668 -5.21429520 4.36014196 -3.59952945 2.84558074 -2.64507078 1.74122931 -2.32563284 
4.59501960 15.60999040 -11.43672330 9.39054849 -8.14132701 6.84244765 -6.40824168 5.53916935 -4.73587069 3.91776822 -3.63662521 2.64045763 -3.12474762 
4.49449825 14.98537561 -10.55892713 8.33425422 -6.96955373 5.60729802 -5.15368870 4.30133117 -3.54379280 2.79382379 -2.59792705 1.69908376 -2.28868679 
4.49115709 15.01527170 -10.60010312 8.38285637 -7.02247115 5.66208489 -5.20837821 4.35439544 -3.59407892 2.84051552 -2.64045369 1.73709891 -2.32200966 
4.58896815 15.60999040 -11.43672330 9.39054849 -8.14132701 6.84244765 -6.40824168 5.53916935 -4.73587069 3.91776822 -3.63662521 2.64045763 -3.12474762 
4.58896815 15.60999040 -11.43672330 9.39054849 -8.14132701 6.84244765 -6.40824168 5.53916935 -4.73587069 3.91776822 -3.63662521 2.64045763 -3.12474762 
4.58896815 15.60999040 -11.43672330 9.39054849 -8.14132701 6.84244765 -6.40824168 5.53916935 -4.73587069 3.91776822 -3.63662521 2.64045763 -3.12474762 
4.58896815 15.60999040 -11.43672330 9.39054849 -8.14132701 6.84244765 -6.40824168 5.53916935 -4.73587069 3.91776822 -3.63662521 2.64045763 -3.12474762 
4.68981898 15.08178076 -10.69201042 8.49168307 -7.14132287 5.78549598 -5.33191815 4.47459010 -3.70827789 2.94681366 -2.73749648 1.82403836 -2.39837802 
4.69255897 15.11024353 -10.73147054 8.53855252 -7.19266310 5.83895832 -5.38558388 4.52694098 -3.75814357 2.99334089 -2.78006927 1.86226055 -2.43202106 
4.69556665 15.08440808 -10.69564965 8.49600199 -7.14604993 5.79041460 -5.33685179 4.47939940 -3.71285572 2.95108222 -2.74139983 1.82754077 -2.40145913 
4.78966598 15.60948529 -11.43599874 9.38965963 -8.14032272 6.84137054 -6.40712943 5.53805457 -4.73478104 3.91672642 -3.63564972 2.63956264 -3.12394354 
4.70402303 15.11522272 -10.73838147 8.54677003 -7.20167390 5.84835098 -5.39502138 4.53615580 -3.76692874 3.00154479 -2.78758189 1.86901049 -2.43796657 
4.70701281 15.08960595 -10.70285143 8.50455101 -7.15540912 5.80015537 -5.34662452 4.48892790 -3.72192752 2.95954282 -2.74913800 1.83448534 -2.40756935 
4.70973057 15.11768526 -10.74180024 8.55083614 -7.20613358 5.85300070 -5.39969429 4.54071940 -3.77128041 3.00560929 -2.79130457 1.87235581 -2.44091367 
4.61306483 15.60999040 -11.43672330 9.39054849 -8.14132701 6.84244765 -6.40824168 5.53916935 -4.73587069 3.91776822 -3.63662521 2.64045763 -3.12474762 
4.61306483 15.60999040 -11.43672330 9.39054849 -8.14132701 6.84244765 -6.40824168 5.53916935 -4.73587069 3.91776822 -3.63662521 2.64045763 -3.12474762 
4.61306483 15.60999040 -11.43672330 9.39054849 -8.14132701 6.84244765 -6.40824168 5.53916935 -4.73587069 3.91776822 -3.63662521 2.64045763 -3.12474762 
4.61306483 15.60999040 -11.43672330 9.39054849 -8.14132701 6.84244765 -6.40824168 5.53916935 -4.73587069 3.91776822 -3.63662521 2.64045763 -3.12474762 
4.61306483 15.60999040 -11.43672330 9.39054849 -8.14132701 6.84244765 -6.40824168 5.53916935 -4.73587069 3.91776822 -3.63662521 2.64045763 -3.12474762 
4.61306483 15.60999040 -11.43672330 9.39054849 -8.14132701 6.84244765 -6.40824168 5.53916935 -4.73587069 3.91776822 -3.63662521 2.64045763 -3.12474762 
4.71271147 15.09217687 -10.70641444 8.50878163 -7.16004179 5.80497805 -5.35146410 4.49364756 -3.72642190 2.96373521 -2.75297314 1.83792775 -2.41059868 
4.71542190 15.12012999 -10.74519486 8.55487417 -7.21056314 5.85761968 -5.40433697 4.54525408 -3.77560508 3.00964907 -2.79500503 1.87568153 -2.44384381 
4.61904391 15.60999040 -11.43672330 9.39054849 -8.14132701 6.84244765 -6.40824168 5.53916935 -4.73587069 3.91776822 -3.63662521 2.64045763 -3.12474762 
4.71839397 15.09472933 -10.70995250 8.51298333 -7.16464354 5.80976926 -5.35627282 4.49833779 -3.73088887 2.96790258 -2.75678584 1.84135043 -2.41361097 
4.81147443 15.60949619 -11.43601437 9.38967880 -8.14034438 6.84139377 -6.40715342 5.53807861 -4.73480454 3.91674889 -3.63567076 2.63958194 -3.12396088 
4.72675630 15.12496669 -10.75191250 8.56286694 -7.21933289 5.86676646 -5.41353262 4.55423764 -3.78417423 3.01765519 -2.80233995 1.88227472 -2.44965367 
4.72971088 15.09977961 -10.71695469 8.52130096 -7.17375528 5.81925834 -5.36579867 4.50763089 -3.73974137 2.97616293 -2.76434457 1.84813708 -2.41958487 
4.73239956 15.12735899 -10.75523596 8.56682217 -7.22367360 5.87129476 -5.41808606 4.55868695 -3.78841911 3.02162188 -2.80597472 1.88554245 -2.45253361 
4.63687464 15.60999040 -11.43672330 9.39054849 -8.14132701 6.84244765 -6.40824168 5.53916935 -4.73587069 3.91776822 -3.63662521 2.64045763 -3.12474762 
4.63687464 15.60999040 -11.43672330 9.39054849 -8.14132701 6.84244765 -6.40824168 5.53916935 -4.73587069 3.91776822 -3.63662521 2.64045763 -3.12474762 
4.63687464 15.60999040 -11.43672330 9.39054849 -8.14132701 6.84244765 -6.40824168 5.53916935 -4.73587069 3.91776822 -3.63662521 2.64045763 -3.12474762 
4.63687464 15.60999040 -11.43672330 9.39054849 -8.14132701 6.84244765 -6.40824168 5.53916935 -4.73587069 3.91776822 -3.63662521 2.64045763 -3.12474762 
4.63687464 15.60999040 -11.43672330 9.39054849 -8.14132701 6.84244765 -6.40824168 5.53916935 -4.73587069 3.91776822 -3.63662521 2.64045763 -3.12474762 
4.63687464 15.60999040 -11.43672330 9.39054849 -8.14132701 6.84244765 -6.40824168 5.53916935 -4.73587069 3.91776822 -3.63662521 2.64045763 -3.12474762 
4.63687464 15.60999040 -11.43672330 9.39054849 -8.14132701 6.84244765 -6.40824168 5.53916935 -4.73587069 3.91776822 -3.63662521 2.64045763 -3.12474762 
4.53842745 15.00830000 -10.59049339 8.37150497 -7.01010289 5.64927077 -5.19557827 4.34196786 -3.58229470 2.82956720 -2.63047646 1.72817546 -2.31418376 
4.53516230 15.03727345 -10.63046039 8.41874975 -7.06161578 5.70267633 -5.24895911 4.39382799 -3.63149940 2.87530738 -2.67218190 1.76549485 -2.34692872 
4.63094871 15.60999040 -11.43672330 9.39054849 -8.14132701 6.84244765 -6.40824168 5.53916935 -4.73587069 3.91776822 -3.63662521 2.64045763 -3.12474762 
4.53221046 15.00510074 -10.58608511 8.36629946 -7.00443290 5.64339821 -5.18971395 4.33627578 -3.57689876 2.82455533 -2.62591026 1.72409248 -2.31060376 
4.41935098 15.60925896 -11.43567408 9.38926136 -8.13987275 6.84088794 -6.40663110 5.53755511 -4.73429285 3.91625967 -3.63521269 2.63916168 -3.12358332 
4.41274307 15.60925411 -11.43566713 9.38925283 -8.13986311 6.84087760 -6.40662043 5.53754441 -4.73428239 3.91624967 -3.63520333 2.63915309 -3.12357560 
4.29588363 14.83511799 -10.35326183 8.09293555 -6.70831228 5.33830867 -4.88659504 4.04349115 -3.30064142 2.56909298 -2.39413728 1.51766264 -2.13028069 
4.16029426 15.60620312 -11.43129121 9.38388527 -8.13379925 6.83437468 -6.39990611 5.53081547 -4.72770576 3.90996237 -3.62931672 2.63375270 -3.11872413 
4.14521902 15.60614566 -11.43120881 9.38378421 -8.13368508 6.83425226 -6.39977973 5.53068881 -4.72758199 3.90984405 -3.62920595 2.63365108 -3.11863284 
4.00389223 14.58338727 -10.01351126 7.69960672 -6.28800888 4.91089681 -4.46726950 3.64335752 -2.92747699 2.22781259 -2.08773505 1.24744636 -1.89644825 
3.83631659 15.59823842 -11.41987177 9.36988268 -8.11798518 6.81742068 -6.38240597 5.51328196 -4.71057358 3.89358788 -3.61398930 2.61969430 -3.10609723 
3.80965072 15.59792204 -11.41941828 9.36932675 -8.11735748 6.81674788 -6.38171165 5.51258646 -4.70989413 3.89293860 -3.61338164 2.61913704 -3.10559679 
3.63330008 14.18840405 -9.49252616 7.10960115 -5.67086152 4.29603834 -3.87587970 3.08972325 -2.42056129 1.77220035 -1.68537361 0.89806013 -1.59854313 
3.41714646 15.57841868 -11.39148036 9.33509815 -8.07873205 6.77536991 -6.33903201 5.46985523 -4.66816857 3.85308321 -3.57609667 2.58495785 -3.07491378 
3.55597564 14.52073560 -9.92988773 7.60382507 -6.18671663 4.80891652 -4.36818455 3.54969095 -2.84091037 2.14931958 -2.01783729 1.18627686 -1.84390365 
3.52327157 14.06877723 -9.33764447 6.93732091 -5.49378625 4.12257606 -3.71175873 2.93851140 -2.28422677 1.65144122 -1.58019940 0.80791848 -1.52264011 
3.48378397 14.45810535 -9.84666474 7.50890962 -6.08675724 4.70867985 -4.27117042 3.45832490 -2.75677391 2.07329038 -1.95035292 1.12739950 -1.79347540 
3.44999450 13.98474687 -9.22965481 6.81805706 -5.37205533 4.00412653 -3.60041584 2.83657156 -2.19287396 1.57098820 -1.51050939 0.74849222 -1.47284373 
3.40890542 14.39006632 -9.75667561 7.40673681 -5.97962299 4.60169778 -4.16804759 3.36158659 -2.66802673 1.99338160 -1.87966586 1.06592497 -1.74098350 
3.54196247 15.59423626 -11.41413584 9.36285179 -8.11004745 6.80891354 -6.37362753 5.50448939 -4.70198468 3.88538101 -3.60630913 2.61265166 -3.09977309 
3.17746952 11.13304380 -5.95154931 3.55343653 -2.34826419 1.31297069 -1.27253559 0.86378726 -0.54705947 0.21078664 -0.39754805 -0.15462248 -0.75028488 
2.33455113 11.97075667 -6.83743148 4.36458744 -3.03810985 1.87757797 -1.72188536 1.21454253 -0.81706882 0.41826414 -0.55642562 -0.03270532 -0.84271474 
1.25900173 -4.42596263 -0.79928659 -0.23923566 -0.18357515 -0.24704536 -0.26076993 0.15221508 -0.10777409 -0.15719554 -0.15618450 -0.38628676 -0.58322952 
0.66061521 5.57813352 -1.66355334 0.54643771 -0.32289257 -0.06701583 -0.33220914 0.22028178 -0.10783859 -0.10753279 -0.16292702 -0.33956899 -0.61098694 
0.57085882 1.44778761 -0.24151470 0.01983848 -0.13019023 -0.17826895 -0.26816919 0.17936789 -0.09148692 -0.13055398 -0.14764900 -0.36385198 -0.59253051 
1.86929573 -1.05916510 -0.10906492 -0.03851577 -0.12621362 -0.20332181 -0.25695216 0.16845027 -0.09433969 -0.14003444 -0.14752945 -0.37353560 -0.58665178 
3.94128720 6.61140893 -2.25409635 0.85202199 -0.47315613 0.01402987 -0.37784087 0.24732135 -0.12313060 -0.09513447 -0.17263203 -0.32941558 -0.61902262 
4.71622583 13.97673823 -9.21939732 6.80676544 -5.36056663 3.99298157 -3.58997056 2.82703581 -2.18435218 1.56350278 -1.50404137 0.74298951 -1.46824291 
4.48782393 10.05118973 -4.90103082 2.66666202 -1.65120447 0.78218932 -0.87779379 0.57450935 -0.33707410 0.05650578 -0.28342092 -0.24067675 -0.68620608 
3.60349459 -14.55389734 -8.91289345 -6.51876435 -5.00724366 -3.99467908 -3.14923039 -2.11992518 -1.90207675 -1.57885775 -1.26499149 -1.24567828 -1.22181148 
5.61596286 4.06679958 -0.96921457 0.24705153 -0.19875495 -0.13176759 -0.29593372 0.19826788 -0.09676024 -0.11873371 -0.15427955 -0.35051749 -0.60239379 
6.55410845 13.17378385 -8.22137751 5.73916624 -4.30399462 2.99465667 -2.67770439 2.01417331 -1.47455641 0.95330096 -0.98726106 0.31136651 -1.11362598 
6.65247598 14.60969944 -10.04874212 7.74008226 -6.33093914 4.95424091 -4.50949835 3.68338272 -2.96456243 2.26152036 -2.11782040 1.27383163 -1.91915983 
5.84011906 3.08707838 -0.62645020 0.12757299 -0.15850117 -0.15469300 -0.28246214 0.18952723 -0.09339438 -0.12379337 -0.15084145 -0.35610975 -0.59812643 
5.93561969 -3.34352421 -0.46876791 -0.13351134 -0.14970673 -0.22826251 -0.25618665 0.15860562 -0.10198837 -0.15064225 -0.15213729 -0.38188118 -0.58369102 
7.38345908 9.48766856 -4.39534890 2.27091415 -1.36227942 0.57635227 -0.73388269 0.47484286 -0.26841518 0.00767226 -0.24800814 -0.26749873 -0.66627078 
7.98469464 14.45874498 -9.84751280 7.50987477 -6.08777157 4.70969498 -4.27215102 3.45924668 -2.75762123 2.07405475 -1.95103028 1.12798957 -1.79398006 
8.00019409 14.66086402 -10.11743741 7.81921195 -6.41508257 5.03940437 -4.59266813 3.76239381 -3.03793250 2.32834802 -2.17758536 1.32634482 -1.96444256 
7.42629210 9.62159946 -4.51296469 2.36107315 -1.42678186 0.62149003 -0.76492875 0.49603114 -0.28281546 0.01784777 -0.25536718 -0.26189422 -0.67044475 
6.10321227 6.55961249 -2.22225037 0.83447035 -0.46400630 0.00896046 -0.37494594 0.24560111 -0.12213107 -0.09590225 -0.17203773 -0.32999984 -0.61856123 
4.01731962 -0.99402570 -0.10552634 -0.03720819 -0.12601816 -0.20270224 -0.25711453 0.16870873 -0.09419363 -0.13977319 -0.14746599 -0.37330031 -0.58676989 
1.36861179 2.81549408 -0.54636616 0.10277022 -0.15111784 -0.15953088 -0.27953051 0.18754168 -0.09280307 -0.12502217 -0.15011179 -0.35751250 -0.59707948 
2.43188214 -12.95638542 -7.02415255 -4.59376413 -3.19143520 -2.35902234 -1.72369441 -0.90347334 -0.88198303 -0.73626878 -0.57995893 -0.69708543 -0.79007692 
3.62566693 8.76442718 -3.78782852 1.82416817 -1.05511413 0.36850553 -0.59509598 0.38250829 -0.20710699 -0.03532604 -0.21692999 -0.29156169 -0.64823235 
4.21930161 14.86242525 -10.39047922 8.13642628 -6.75520695 5.38641035 -4.93418182 4.08926594 -3.34366093 2.60872439 -2.42996486 1.54946479 -2.15797134 
4.10306489 13.21487508 -8.27099668 5.79077099 -4.35366850 3.04034869 -2.71837532 2.04949665 -1.50464489 0.97857254 -1.00819969 0.32850554 -1.12743696 
3.25929153 6.87530519 -2.42002678 0.94534716 -0.52276063 0.04181772 -0.39381995 0.25684606 -0.12871238 -0.09091162 -0.17588269 -0.32628411 -0.62149119 
1.54518618 -10.73815298 -4.78384338 -2.62751897 -1.58641627 -1.09847236 -0.76183544 -0.17546613 -0.33395177 -0.32485937 -0.27436974 -0.47226506 -0.62879331 
1.06120271 14.19701604 -9.50372819 7.12211747 -5.68378235 4.30874859 -3.88795433 3.10089183 -2.43066909 1.78118532 -1.69322541 0.90481091 -1.60424473 
0.72786596 -8.67341732 -3.09286199 -1.40962698 -0.76533350 -0.55761940 -0.41499769 0.05360095 -0.17815870 -0.21489631 -0.19733212 -0.41821243 -0.59473599 
2.41811902 3.14464887 -0.64425885 0.13325603 -0.16024769 -0.15359880 -0.28312097 0.18996850 -0.09353652 -0.12352493 -0.15100761 -0.35580503 -0.59835533 
4.03828175 8.49452613 -3.57303408 1.67409530 -0.95693095 0.30477172 -0.55405606 0.35603056 -0.19002428 -0.04725799 -0.20827012 -0.29846453 -0.64300176 
4.83484092 13.02043069 -8.03757523 5.54937879 -4.12258475 2.82890184 -2.53111606 1.88765029 -1.36742580 0.86381407 -0.91349296 0.25125920 -1.06539978 
5.16547174 15.16515528 -10.80781564 8.62947872 -7.29252300 5.94320592 -5.49048010 4.62950404 -3.85605429 3.08488828 -2.86400246 1.93775757 -2.49859145 
5.33447843 15.20928109 -10.86937140 8.70302593 -7.37354564 6.02803797 -5.57608212 4.71342998 -3.93638203 3.16018054 -2.93319363 2.00013107 -2.55370465 
5.22794521 13.86203863 -9.07314996 6.64647051 -5.19816106 3.83607252 -3.44348885 2.69381630 -2.06573303 1.45966698 -1.41460955 0.66713441 -1.40500333 
4.61337952 10.42361896 -5.25081906 2.95248778 -1.86876521 0.94300448 -0.99407609 0.65751492 -0.39586239 0.09897109 -0.31446980 -0.21730825 -0.70354815 
3.41440093 -7.05851398 -2.03338337 -0.78790681 -0.42082964 -0.36473391 -0.31104828 0.11730715 -0.13507065 -0.18237352 -0.17408117 -0.40121517 -0.58642148 
