8.93864598 -1.27858195 -0.12372454 -0.04321022 -0.12699329 -0.20541825 -0.25645580 0.16757945 -0.09485905 -0.14092647 -0.14776948 -0.37432586 -0.58626704 
3.59358878 -10.96907687 -4.99652950 -2.79796365 -1.71339428 -1.18974519 -0.82553321 -0.22006956 -0.36539482 -0.34729227 -0.29026777 -0.48348257 -0.63633648 
4.31296270 6.67682124 -2.29465232 0.87454314 -0.48498117 0.02060754 -0.38160629 0.24956114 -0.12443613 -0.09413742 -0.17340227 -0.32866401 -0.61961578 
4.97803937 15.01310375 -10.59711435 8.37932536 -7.01862324 5.65809769 -5.20439485 4.35052744 -3.59041069 2.83710707 -2.63734720 1.73432022 -2.31957248 
5.09742458 15.58019342 -11.39402118 9.33820941 -8.08224117 6.77912728 -6.34290578 5.47373197 -4.67195248 3.85669610 -3.57947529 2.58805396 -3.07769228 
4.76247166 11.00677277 -5.82351473 3.44088170 -2.25629658 1.24046876 -1.21686568 0.82178475 -0.51574718 0.18734239 -0.37997038 -0.16793322 -0.74032174 
3.66197089 7.02811057 -2.51891950 1.00243495 -0.55386479 0.05950048 -0.40408712 0.26299612 -0.13235509 -0.08820391 -0.17795149 -0.32434158 -0.62301835 
1.93915943 -9.77274011 -3.94608121 -1.99245289 -1.13783718 -0.79121004 -0.55729191 -0.03722517 -0.23884469 -0.25779388 -0.22733748 -0.43931748 -0.60736244 
1.21494636 15.06067773 -10.66280321 8.45704772 -7.10344282 5.74610897 -5.29243807 4.43613046 -3.67169245 2.91272032 -2.70633782 1.79609514 -2.37380862 
0.61811083 0.74496799 -0.14873901 -0.00300314 -0.12624457 -0.18584891 -0.26395548 0.17597247 -0.09168360 -0.13317725 -0.14707697 -0.36674990 -0.59059331 
1.97089910 -0.67960019 -0.09368339 -0.03129471 -0.12528772 -0.19972011 -0.25799369 0.16996017 -0.09354067 -0.13853269 -0.14720951 -0.37215837 -0.58736507 
2.92535985 13.52872616 -8.65514449 6.19555674 -4.74833746 3.40787988 -3.04945777 2.34039981 -1.75521921 1.19122670 -1.18610689 0.47541679 -1.24682137 
3.13905584 15.60736046 -11.43295104 9.38592113 -8.13609908 6.83684091 -6.40245238 5.53336717 -4.73019959 3.91234639 -3.63154872 2.63580026 -3.12056350 
2.94521961 13.64123002 -8.79507586 6.34530171 -4.89655289 3.54790398 -3.17736317 2.45430147 -1.85460208 1.27658497 -1.25831995 0.53565998 -1.29625524 
2.69484337 15.60999040 -11.43672330 9.39054849 -8.14132701 6.84244765 -6.40824168 5.53916935 -4.73587069 3.91776822 -3.63662521 2.64045763 -3.12474762 
2.69484337 15.60999040 -11.43672330 9.39054849 -8.14132701 6.84244765 -6.40824168 5.53916935 -4.73587069 3.91776822 -3.63662521 2.64045763 -3.12474762 
2.95283276 13.56753985 -8.70328743 6.24693863 -4.79906193 3.45568091 -3.09301544 2.37909707 -1.78890706 1.22009909 -1.21048413 0.49571589 -1.26344890 
3.16392639 15.60742501 -11.43304362 9.38603468 -8.13622736 6.83697847 -6.40259442 5.53350951 -4.73033871 3.91247939 -3.63167324 2.63591450 -3.12066612 
3.17624664 15.60745640 -11.43308864 9.38608990 -8.13628974 6.83704537 -6.40266349 5.53357873 -4.73040636 3.91254406 -3.63173379 2.63597005 -3.12071603 
3.18849146 15.60748721 -11.43313283 9.38614411 -8.13635098 6.83711104 -6.40273130 5.53364669 -4.73047278 3.91260756 -3.63179324 2.63602458 -3.12076502 
3.20066177 15.60751747 -11.43317623 9.38619734 -8.13641111 6.83717553 -6.40279788 5.53371341 -4.73053799 3.91266990 -3.63185161 2.63607813 -3.12081312 
3.21275847 15.60754718 -11.43321884 9.38624961 -8.13647016 6.83723885 -6.40286326 5.53377893 -4.73060203 3.91273112 -3.63190893 2.63613072 -3.12086036 
3.02579805 13.74864240 -8.92977586 6.49059447 -5.04147704 3.68583773 -3.30426878 2.56810189 -1.95456389 1.36298007 -1.33184154 0.59732860 -1.34712204 
2.78646245 15.60999040 -11.43672330 9.39054849 -8.14132701 6.84244765 -6.40824168 5.53916935 -4.73587069 3.91776822 -3.63662521 2.64045763 -3.12474762 
2.78646245 15.60999040 -11.43672330 9.39054849 -8.14132701 6.84244765 -6.40824168 5.53916935 -4.73587069 3.91776822 -3.63662521 2.64045763 -3.12474762 
3.03308503 13.67767902 -8.84066385 6.39434924 -4.94535395 3.59423973 -3.21989488 2.49235490 -1.88795525 1.30535259 -1.28275388 0.55611825 -1.31310130 
3.03892134 13.76569009 -8.95125354 6.51386458 -5.06478910 3.70811793 -3.32485055 2.58663039 -1.97090046 1.37714918 -1.34393927 0.60750702 -1.35554217 
2.80133240 15.60999040 -11.43672330 9.39054849 -8.14132701 6.84244765 -6.40824168 5.53916935 -4.73587069 3.91776822 -3.63662521 2.64045763 -3.12474762 
3.04615661 13.69516776 -8.86258161 6.41797602 -4.96890651 3.61664308 -3.24049522 2.51081758 -1.90416401 1.31935435 -1.29466351 0.56610334 -1.32133384 
3.05196005 13.78250582 -8.97246557 6.53687472 -5.08786797 3.73020030 -3.34527203 2.60503420 -1.98714376 1.39125096 -1.35599043 0.61765478 -1.36394368 
3.05914433 13.71242079 -8.88423194 6.44134365 -4.99222909 3.63885361 -3.26094141 2.52916222 -1.92028615 1.33329508 -1.30653227 0.57606273 -1.32955195 
3.45608219 14.11978471 -9.40351941 7.01041939 -5.56874262 4.19583674 -3.78092153 3.00209804 -2.34143909 1.70201857 -1.62416788 0.84553721 -1.55426402 
3.63357200 15.60358247 -11.42753319 9.37927642 -8.12859336 6.82879273 -6.39414355 5.52504116 -4.72206291 3.90456845 -3.62426715 2.62912072 -3.11456339 
3.65302064 15.60370564 -11.42770981 9.37949301 -8.12883799 6.82905501 -6.39441430 5.52531244 -4.72232801 3.90482184 -3.62450435 2.62933829 -3.11475882 
3.35760252 11.92046238 -6.78245151 4.31263597 -2.99256918 1.83924748 -1.69056448 1.18948255 -0.79732854 0.40280408 -0.54439761 -0.04203924 -0.83556336 
2.47403846 9.31512787 -4.24618435 2.15825436 -1.28282574 0.52143496 -0.69652622 0.44959421 -0.25140733 -0.00430363 -0.23935478 -0.27412294 -0.66132728 
2.06294613 12.25095319 -7.14794354 4.66188836 -3.30210497 2.10249805 -1.90783623 1.36499471 -0.93684723 0.51293761 -0.63067468 0.02527663 -0.88740275 
2.33957512 15.60414638 -11.42834179 9.38026803 -8.12971336 6.82999357 -6.39538318 5.52628325 -4.72327667 3.90572861 -3.62535320 2.63011691 -3.11545820 
2.62961379 13.17292536 -8.22034252 5.73809150 -4.30296166 2.99370788 -2.67686106 2.01344185 -1.47393417 0.95277896 -0.98682904 0.31101324 -1.11334158 
3.09761479 13.76280847 -8.94762120 6.50992710 -5.06084257 3.70434430 -3.32136298 2.58348935 -1.96812982 1.37474517 -1.34188592 0.60577883 -1.35411204 
3.10329023 13.84753345 -9.05474301 6.62638801 -5.17790519 3.81658647 -3.42537386 2.67740821 -2.05118034 1.44697489 -1.40371615 0.65792469 -1.39734913 
3.11027743 13.77916102 -8.96824421 6.53229331 -5.08327072 3.72579957 -3.34120051 2.60136340 -1.98390257 1.38843602 -1.35358396 0.61562771 -1.36226490 
3.11592173 13.86325180 -9.07469036 6.64815208 -5.19985806 3.83770589 -3.44500806 2.69519304 -2.06695466 1.46073290 -1.41552480 0.66790850 -1.40564691 
3.12286131 13.79529855 -8.98862056 6.55441769 -5.10548150 3.74707002 -3.36088794 2.61912033 -1.99958739 1.40206312 -1.36523766 0.62544719 -1.37039970 
3.31845730 15.60779207 -11.43357008 9.38668044 -8.13695689 6.83776082 -6.40340219 5.53431904 -4.73112991 3.91323578 -3.63238141 2.63656418 -3.12124977 
3.51889632 14.18717662 -9.49093016 7.10781851 -5.66902189 4.29422927 -3.87416164 3.08813458 -2.41912393 1.77092301 -1.68425766 0.89710089 -1.59773317 
3.53299952 14.38277423 -9.74705701 7.39584426 -5.96823034 4.59034894 -4.15713391 3.35137195 -2.65867647 1.98498008 -1.87224860 1.05948639 -1.73549551 
3.17792144 13.93880205 -9.17089035 6.75345479 -5.30641122 3.94052632 -3.54088086 2.78228458 -2.14441449 1.52846741 -1.47380497 0.71729503 -1.44678313 
3.18463221 13.87289266 -9.08693652 6.66152562 -5.21335949 3.85070570 -3.45710358 2.70615797 -2.07668749 1.46922775 -1.42282097 0.67408105 -1.41078016 
3.19009630 13.95332871 -9.18944885 6.77383426 -5.32709688 3.96054700 -3.55960286 2.79933948 -2.15962420 1.54180127 -1.48530520 0.72706205 -1.45493587 
2.97164802 15.60999040 -11.43672330 9.39054849 -8.14132701 6.84244765 -6.40824168 5.53916935 -4.73587069 3.91776822 -3.63662521 2.64045763 -3.12474762 
2.97164802 15.60999040 -11.43672330 9.39054849 -8.14132701 6.84244765 -6.40824168 5.53916935 -4.73587069 3.91776822 -3.63662521 2.64045763 -3.12474762 
2.97164802 15.60999040 -11.43672330 9.39054849 -8.14132701 6.84244765 -6.40824168 5.53916935 -4.73587069 3.91776822 -3.63662521 2.64045763 -3.12474762 
2.97164802 15.60999040 -11.43672330 9.39054849 -8.14132701 6.84244765 -6.40824168 5.53916935 -4.73587069 3.91776822 -3.63662521 2.64045763 -3.12474762 
2.97164802 15.60999040 -11.43672330 9.39054849 -8.14132701 6.84244765 -6.40824168 5.53916935 -4.73587069 3.91776822 -3.63662521 2.64045763 -3.12474762 
2.97164802 15.60999040 -11.43672330 9.39054849 -8.14132701 6.84244765 -6.40824168 5.53916935 -4.73587069 3.91776822 -3.63662521 2.64045763 -3.12474762 
2.97164802 15.60999040 -11.43672330 9.39054849 -8.14132701 6.84244765 -6.40824168 5.53916935 -4.73587069 3.91776822 -3.63662521 2.64045763 -3.12474762 
2.97164802 15.60999040 -11.43672330 9.39054849 -8.14132701 6.84244765 -6.40824168 5.53916935 -4.73587069 3.91776822 -3.63662521 2.64045763 -3.12474762 
3.19676308 13.88781793 -9.10591231 6.68226644 -5.23431648 3.87090059 -3.47590861 2.72321836 -2.09184207 1.48246395 -1.43419694 0.68371098 -1.41879335 
3.20219822 13.96766883 -9.20778848 6.79399395 -5.34757985 3.98039049 -3.57817640 2.81627437 -2.17473997 1.55506360 -1.49675256 0.73679115 -1.46306255 
2.98520739 15.60999040 -11.43672330 9.39054849 -8.14132701 6.84244765 -6.40824168 5.53916935 -4.73587069 3.91776822 -3.63662521 2.64045763 -3.12474762 
2.98520739 15.60999040 -11.43672330 9.39054849 -8.14132701 6.84244765 -6.40824168 5.53916935 -4.73587069 3.91776822 -3.63662521 2.64045763 -3.12474762 
3.20882157 13.90255336 -9.12466722 6.70278742 -5.25507265 3.89092174 -3.49456972 2.74016389 -2.10690807 1.49563385 -1.44552490 0.69330735 -1.42678426 
3.39697144 15.60795796 -11.43380801 9.38697230 -8.13728660 6.83811441 -6.40376728 5.53468493 -4.73148752 3.91357765 -3.63270151 2.63685783 -3.12151357 
3.22618664 13.99580239 -9.24382464 6.83366595 -5.38794709 4.01955253 -3.61488228 2.84978615 -2.20469014 1.58137297 -1.51948724 0.75613381 -1.47923578 
3.01205343 15.60999040 -11.43672330 9.39054849 -8.14132701 6.84244765 -6.40824168 5.53916935 -4.73587069 3.91776822 -3.63662521 2.64045763 -3.12474762 
3.01205343 15.60999040 -11.43672330 9.39054849 -8.14132701 6.84244765 -6.40824168 5.53916935 -4.73587069 3.91776822 -3.63662521 2.64045763 -3.12474762 
3.01205343 15.60999040 -11.43672330 9.39054849 -8.14132701 6.84244765 -6.40824168 5.53916935 -4.73587069 3.91776822 -3.63662521 2.64045763 -3.12474762 
3.01205343 15.60999040 -11.43672330 9.39054849 -8.14132701 6.84244765 -6.40824168 5.53916935 -4.73587069 3.91776822 -3.63662521 2.64045763 -3.12474762 
3.23272480 13.93146773 -9.16152793 6.74318168 -5.29599163 3.93044900 -3.53146386 2.77371197 -2.13677438 1.52177371 -1.46803514 0.71239744 -1.44269715 
3.23807482 14.00960209 -9.26152781 6.85318413 -5.40783598 4.03887440 -3.63301670 2.86636411 -2.21952481 1.59441972 -1.53077392 0.76574653 -1.48728141 
3.24457118 13.94565302 -9.17964033 6.76306070 -5.31615888 3.94995821 -3.54969875 2.79031537 -2.15157476 1.53474322 -1.47921664 0.72189022 -1.45061813 
3.42969920 15.60802336 -11.43390182 9.38708736 -8.13741659 6.83825381 -6.40391122 5.53482918 -4.73162851 3.91371244 -3.63282771 2.63697361 -3.12161758 
3.44049051 15.60804446 -11.43393208 9.38712448 -8.13745853 6.83829879 -6.40395766 5.53487572 -4.73167399 3.91375593 -3.63286842 2.63701096 -3.12165114 
3.45122392 15.60806523 -11.43396186 9.38716101 -8.13749980 6.83834304 -6.40400335 5.53492152 -4.73171875 3.91379872 -3.63290849 2.63704772 -3.12168416 
3.63894078 14.30915430 -9.65023066 7.28649936 -5.85417505 4.47702808 -4.04843335 3.24988200 -2.56599308 1.90188600 -1.79904385 0.99606657 -1.68154125 
3.65230239 14.49021843 -9.88929012 7.55747279 -6.13784904 4.75986318 -4.32066115 3.50489144 -2.79961772 2.11197327 -1.98466085 1.15730924 -1.81907455 
3.49359060 15.60814504 -11.43407633 9.38730143 -8.13765844 6.83851317 -6.40417902 5.53509756 -4.73189082 3.91396322 -3.63306251 2.63718902 -3.12181110 
3.50404352 15.60816422 -11.43410384 9.38733517 -8.13769656 6.83855405 -6.40422123 5.53513987 -4.73193217 3.91400275 -3.63309952 2.63722297 -3.12184160 
3.34203019 14.12631287 -9.41196806 7.01981340 -5.57839433 4.20528792 -3.78986040 3.01033079 -2.34885920 1.70858872 -1.62988823 0.85043843 -1.55838981 
3.34817287 14.06569507 -9.33367178 6.93292097 -5.48928283 4.11818235 -3.70761797 2.93471085 -2.28081274 1.64842772 -1.57758346 0.80568335 -1.52076359 
3.52478687 15.60820169 -11.43415758 9.38740109 -8.13777103 6.83863393 -6.40430370 5.53522252 -4.73201295 3.91407998 -3.63317182 2.63728931 -3.12190120 
3.53507842 15.60821999 -11.43418384 9.38743330 -8.13780742 6.83867294 -6.40434398 5.53526290 -4.73205241 3.91411771 -3.63320715 2.63732172 -3.12193031 
3.54531728 15.60823801 -11.43420969 9.38746501 -8.13784324 6.83871137 -6.40438366 5.53530266 -4.73209127 3.91415486 -3.63324193 2.63735363 -3.12195898 
3.55550399 15.60825577 -11.43423515 9.38749624 -8.13787853 6.83874920 -6.40442273 5.53534181 -4.73212954 3.91419145 -3.63327619 2.63738506 -3.12198722 
3.56563908 15.60827325 -11.43426022 9.38752700 -8.13791328 6.83878647 -6.40446121 5.53538038 -4.73216724 3.91422748 -3.63330993 2.63741601 -3.12201502 
3.40847198 14.19726953 -9.50405803 7.12248612 -5.68416304 4.30912318 -3.88831029 3.10122116 -2.43096723 1.78145041 -1.69345712 0.90501017 -1.60441305 
3.41439928 14.13874097 -9.42806341 7.03772164 -5.59680573 4.22332802 -3.80693292 3.02606389 -2.36304728 1.72115829 -1.64083752 0.85982425 -1.56629427 
3.41933582 14.20860799 -9.51881744 7.13898896 -5.70121108 4.32590459 -3.90426283 3.11598593 -2.44433774 1.79334245 -1.70385498 0.91395454 -1.61197099 
3.22677047 15.60999040 -11.43672330 9.39054849 -8.14132701 6.84244765 -6.40824168 5.53916935 -4.73587069 3.91776822 -3.63662521 2.64045763 -3.12474762 
3.22677047 15.60999040 -11.43672330 9.39054849 -8.14132701 6.84244765 -6.40824168 5.53916935 -4.73587069 3.91776822 -3.63662521 2.64045763 -3.12474762 
3.02870902 13.67179630 -8.83329774 6.38641543 -4.93745155 3.58672882 -3.21299372 2.48617443 -1.88253315 1.30067188 -1.27877506 0.55278432 -1.31035404 
2.77399990 15.60620312 -11.43129121 9.38388527 -8.13379925 6.83437468 -6.39990611 5.53081547 -4.72770576 3.90996237 -3.62931672 2.63375270 -3.11872413 
3.00816688 13.72554365 -8.90071806 6.45915684 -5.01002684 3.65582004 -3.27657556 2.54320286 -1.93263713 1.34398414 -1.31564004 0.58371105 -1.33586760 
3.20267379 15.60999040 -11.43672330 9.39054849 -8.14132701 6.84244765 -6.40824168 5.53916935 -4.73587069 3.91776822 -3.63662521 2.64045763 -3.12474762 
3.40351143 14.12692569 -9.41276137 7.02069571 -5.57930106 4.20617601 -3.79070054 3.01110474 -2.34955690 1.70920663 -1.63042632 0.85089954 -1.55877804 
3.57572308 15.60829047 -11.43428492 9.38755729 -8.13794750 6.83882318 -6.40449911 5.53541836 -4.73220436 3.91426297 -3.63334316 2.63744650 -3.12204241 
3.58575648 15.60830743 -11.43430925 9.38758713 -8.13798122 6.83885934 -6.40453644 5.53545578 -4.73224093 3.91429794 -3.63337590 2.63747653 -3.12206939 
3.59573980 15.60832414 -11.43433322 9.38761653 -8.13801443 6.83889495 -6.40457322 5.53549264 -4.73227696 3.91433238 -3.63340814 2.63750611 -3.12209597 
3.60567353 15.60834060 -11.43435683 9.38764550 -8.13804715 6.83893005 -6.40460945 5.53552895 -4.73231245 3.91436631 -3.63343991 2.63753526 -3.12212216 
3.77958518 14.44115650 -9.82420702 7.48336655 -6.05992813 4.68184496 -4.24526252 3.43398374 -2.73441051 2.05312605 -1.93249199 1.11184702 -1.78017966 
3.79212104 14.60620070 -10.04405367 7.73469168 -6.32521733 4.94845977 -4.50386201 3.67803689 -2.95960603 2.25701259 -2.11379471 1.27029910 -1.91611754 
3.48331707 14.27390879 -9.60405642 7.23455164 -5.80018814 4.42357796 -3.99733793 3.20233401 -2.52270962 1.86319807 -1.76505809 0.96670289 -1.65662461 
3.48901122 14.21769422 -9.53065385 7.15223296 -5.71490211 4.33939047 -3.91709092 3.12786631 -2.45510274 1.80292256 -1.71223592 0.92116758 -1.61806892 
3.49378585 14.28435599 -9.61773079 7.24992257 -5.81614906 4.43936744 -4.01242000 3.21635834 -2.53546679 1.87459289 -1.77506141 0.97534042 -1.66394970 
3.30889344 15.60999040 -11.43672330 9.39054849 -8.14132701 6.84244765 -6.40824168 5.53916935 -4.73587069 3.91776822 -3.63662521 2.64045763 -3.12474762 
3.30889344 15.60999040 -11.43672330 9.39054849 -8.14132701 6.84244765 -6.40824168 5.53916935 -4.73587069 3.91776822 -3.63662521 2.64045763 -3.12474762 
3.11867538 13.78994303 -8.98185561 6.54706956 -5.09810191 3.74000031 -3.35434209 2.61321435 -1.99436890 1.39752787 -1.36135805 0.62217734 -1.36769015 
3.11171999 13.85803561 -9.06806820 6.64092409 -5.19256472 3.83068699 -3.43848054 2.68927842 -2.06170701 1.45615465 -1.41159414 0.66458439 -1.40288348 
3.29736603 15.60999040 -11.43672330 9.39054849 -8.14132701 6.84244765 -6.40824168 5.53916935 -4.73587069 3.91776822 -3.63662521 2.64045763 -3.12474762 
3.48901122 14.21769422 -9.53065385 7.15223296 -5.71490211 4.33939047 -3.91709092 3.12786631 -2.45510274 1.80292256 -1.71223592 0.92116758 -1.61806892 
3.49378585 14.28435599 -9.61773079 7.24992257 -5.81614906 4.43936744 -4.01242000 3.21635834 -2.53546679 1.87459289 -1.77506141 0.97534042 -1.66394970 
3.49944817 14.22846163 -9.54469039 7.16794959 -5.73116018 4.35541532 -3.93234370 3.14200086 -2.46791779 1.81433338 -1.72222367 0.92976775 -1.62534297 
3.66426159 15.60843444 -11.43449142 9.38781059 -8.13823367 6.83913008 -6.40481599 5.53573595 -4.73251477 3.91455973 -3.63362102 2.63770141 -3.12227142 
3.67386155 15.60844929 -11.43451273 9.38783674 -8.13826321 6.83916175 -6.40484870 5.53576873 -4.73254681 3.91459036 -3.63364970 2.63772772 -3.12229506 
3.84200058 14.49612856 -9.89714560 7.56643422 -6.14728902 4.76933158 -4.32982723 3.51352578 -2.80757050 2.11916116 -1.99104210 1.16287759 -1.82384462 
3.85418453 14.65440192 -10.10874746 7.80918688 -6.40440664 5.02858379 -4.58208643 3.75232798 -3.02857348 2.31981331 -2.16994396 1.31962341 -1.95864067 
3.86816839 14.51853664 -9.92695946 7.60047849 -6.18318512 4.80536839 -4.36474407 3.54644492 -2.83791599 2.14660929 -2.01542786 1.18417164 -1.84209801 
3.88020742 14.67403201 -10.13515740 7.83966802 -6.43688077 5.06151162 -4.61430027 3.78298329 -3.05708687 2.34582456 -2.19324055 1.34012170 -1.97634003 
3.73980122 15.60854759 -11.43465372 9.38800968 -8.13845860 6.83937130 -6.40506507 5.53598558 -4.73275876 3.91479300 -3.63383942 2.63790178 -3.12245143 
3.74904618 15.60856086 -11.43467276 9.38803304 -8.13848498 6.83939960 -6.40509428 5.53601486 -4.73278737 3.91482035 -3.63386503 2.63792528 -3.12247254 
3.91103874 14.55444656 -9.97483675 7.65525839 -6.24105678 4.86357520 -4.42124378 3.59980517 -2.88718720 2.19124716 -2.05514552 1.21890316 -1.87191062 
3.92284363 14.70546743 -10.17752623 7.88865269 -6.48915577 5.11460235 -4.66632078 3.83256153 -3.10326780 2.38801080 -2.23107330 1.37345102 -2.00515217 
3.93632899 14.57517050 -10.00252281 7.68699730 -6.27464999 4.89742392 -4.45415721 3.63094223 -2.91598494 2.21737701 -2.07842921 1.23929186 -1.88943474 
4.07854717 15.60588093 -11.43082916 9.38331858 -8.13315910 6.83368825 -6.39919743 5.53010529 -4.72701172 3.90929892 -3.62869559 2.63318291 -3.11821228 
4.09413143 15.60594440 -11.43092018 9.38343020 -8.13328519 6.83382346 -6.39933702 5.53024518 -4.72714843 3.90942960 -3.62881794 2.63329514 -3.11831310 
3.98105374 14.74695608 -10.23358851 7.95362869 -6.55866190 5.18535501 -4.73580107 3.89892175 -3.16520815 2.44470381 -2.28201011 1.41840300 -2.04407655 
3.99413098 14.62127703 -10.06426484 7.75793876 -6.34990226 4.97340984 -4.52819577 3.70112436 -2.98101876 2.27649320 -2.13119718 1.28557401 -1.92927612 
4.00549358 14.76389296 -10.25652179 7.98026058 -6.58720487 5.21446304 -4.76443621 3.92631770 -3.19082138 2.46818365 -2.30313711 1.43707363 -2.06026509 
4.01840332 14.64012419 -10.08956147 7.78706871 -6.38086853 5.00474235 -4.55878611 3.73017714 -3.00799017 2.30105339 -2.15315646 1.30486443 -1.94590688 
4.02963954 14.78035073 -10.27883242 8.00619848 -6.61503430 5.24287301 -4.79241285 3.95310972 -3.21589343 2.49118778 -2.32385353 1.45539594 -2.07616364 
3.90000464 15.60876109 -11.43495995 9.38838533 -8.13888300 6.83982645 -6.40553504 5.53645659 -4.73321913 3.91523313 -3.63425152 2.63827985 -3.12279108 
3.90853946 15.60877153 -11.43497493 9.38840370 -8.13890376 6.83984872 -6.40555803 5.53647963 -4.73324165 3.91525466 -3.63427168 2.63829835 -3.12280770 
3.91703802 15.60878184 -11.43498972 9.38842184 -8.13892425 6.83987070 -6.40558072 5.53650238 -4.73326388 3.91527592 -3.63429158 2.63831661 -3.12282410 
4.06608582 14.67628073 -10.13818513 7.84316507 -6.44060915 5.06529470 -4.61800379 3.78650990 -3.06036910 2.34882053 -2.19592534 1.34248524 -1.97838187 
4.32276447 14.81542390 -10.32646450 8.06167039 -6.67465123 5.30383152 -4.85253496 4.01077247 -3.26993225 2.54083735 -2.36862362 1.49504064 -2.11060410 
4.33899940 15.00272941 -10.58281826 8.36244252 -7.00023256 5.63904853 -5.18537109 4.33206113 -3.57290399 2.82084542 -2.62253071 1.72107096 -2.30795478 
4.23642273 15.60648043 -11.43168891 9.38437305 -8.13435026 6.83496555 -6.40051614 5.53142678 -4.72830320 3.91053350 -3.62985142 2.63424320 -3.11916475 
4.25082837 15.60653057 -11.43176082 9.38446126 -8.13444990 6.83507240 -6.40062646 5.53153734 -4.72841125 3.91063678 -3.62994811 2.63433191 -3.11924443 
4.26513099 15.60657965 -11.43183121 9.38454759 -8.13454743 6.83517698 -6.40073443 5.53164554 -4.72851699 3.91073787 -3.63004275 2.63441873 -3.11932243 
4.27933206 15.60662769 -11.43190011 9.38463210 -8.13464289 6.83527935 -6.40084013 5.53175145 -4.72862051 3.91083682 -3.63013540 2.63450372 -3.11939877 
4.17616829 14.87453205 -10.40700238 8.15575995 -6.77608035 5.40784711 -4.95541409 4.10971293 -3.36289811 2.62646482 -2.44601829 1.56372769 -2.17040121 
4.18796888 14.76362277 -10.25615572 7.97983523 -6.58674875 5.21399765 -4.76397815 3.92587925 -3.19041127 2.46780753 -2.30279854 1.43677431 -2.06000546 
4.31439973 15.60674345 -11.43206613 9.38483573 -8.13487292 6.83552602 -6.40109480 5.53200667 -4.72886993 3.91107527 -3.63035864 2.63470851 -3.11958274 
4.55732280 13.78126206 -8.97089574 6.53517087 -5.08615810 3.72856341 -3.34375749 2.60366863 -1.98593793 1.39020365 -1.35509504 0.61690051 -1.36331898 
4.66612946 15.17905824 -10.82719050 8.65260537 -7.31797636 5.96983210 -5.51732475 4.65580125 -3.88120407 3.10844379 -2.88563381 1.95724444 -2.51579909 
4.48447169 15.07406932 -10.68133266 8.47901532 -7.12746255 5.77107845 -5.31746095 4.46050131 -3.69487088 2.93431567 -2.72607063 1.81378851 -2.38936314 
4.50117733 14.92471030 -10.47563330 8.23623119 -6.86313465 5.49742308 -5.04430063 4.19546544 -3.44371581 2.70111614 -2.51367544 1.62392653 -2.22293646 
4.41722104 13.79549438 -8.98886798 6.55468648 -5.10575150 3.74732873 -3.36112752 2.61933654 -1.99977846 1.40222920 -1.36537975 0.62556696 -1.37049896 
4.30984372 14.84398166 -10.36533448 8.10703447 -6.72350564 5.35388418 -4.90199530 4.05829711 -3.31454904 2.58189905 -2.40570889 1.52792965 -2.13921663 
4.31965859 14.95776663 -10.52097651 8.28954391 -6.92096269 5.55707845 -5.10364306 4.25285172 -3.49792313 2.75129574 -2.55924697 1.66455278 -2.25845605 
4.08641435 14.77624747 -10.27326751 7.99972614 -6.60808717 5.23577823 -4.78542369 3.94641409 -3.20962547 2.48543492 -2.31867117 1.45081114 -2.07218423 
4.09054700 14.73694470 -10.22004549 7.93791574 -6.54183619 5.16821068 -4.71894900 3.88281165 -3.15015778 2.43091692 -2.26961320 1.40745448 -2.03458936 
4.09417578 14.78150180 -10.28039381 8.00801479 -6.61698418 5.24486466 -4.79437517 3.95498990 -3.21765378 2.49280369 -2.32530938 1.45668409 -2.07728183 
4.09829153 14.74239478 -10.22741698 7.94646702 -6.55099169 5.17753822 -4.72811627 3.89157412 -3.15834280 2.43841390 -2.27635356 1.41340669 -2.03974657 
4.10190731 14.78670812 -10.28745758 8.01623360 -6.62580920 5.25388053 -4.80325993 3.96350439 -3.22562700 2.50012394 -2.33190562 1.46252135 -2.08234965 
3.96865830 15.60999040 -11.43672330 9.39054849 -8.14132701 6.84244765 -6.40824168 5.53916935 -4.73587069 3.91776822 -3.63662521 2.64045763 -3.12474762 
3.83140026 14.53738070 -9.95206825 7.62919053 -6.21350047 4.83584268 -4.39430897 3.57435275 -2.86367254 2.16993286 -2.03617138 1.20230345 -1.85765566 
3.66746670 15.60843941 -11.43449856 9.38781935 -8.13824357 6.83914069 -6.40482695 5.53574693 -4.73252550 3.91456999 -3.63363062 2.63771022 -3.12227934 
3.65783592 15.60842441 -11.43447704 9.38779295 -8.13821375 6.83910871 -6.40479393 5.53571383 -4.73249315 3.91453907 -3.63360167 2.63768366 -3.12225547 
3.48773382 14.15405535 -9.44791671 7.05983256 -5.61955942 4.24564313 -3.82806982 3.04555915 -2.38064255 1.73675851 -1.65443682 0.87148973 -1.57612506 
3.08629015 13.59116009 -8.73265369 6.27835142 -4.83014118 3.48503090 -3.11981484 2.40295327 -1.80971466 1.23796414 -1.22559294 0.50831640 -1.27378545 
3.05062104 13.93928396 -9.17150569 6.75413017 -5.30709642 3.94118918 -3.54150044 2.78284875 -2.14491740 1.52890812 -1.47418494 0.71761762 -1.44705231 
2.83599371 10.27032890 -5.10534373 2.83244093 -1.77652218 0.87424516 -0.94397272 0.62149924 -0.37019110 0.08035400 -0.30082488 -0.22757275 -0.69592922 
1.80785015 10.81044917 -5.62729981 3.27075319 -2.11913650 1.13366237 -1.13579921 0.76127690 -0.47108963 0.15415856 -0.35523279 -0.18661563 -0.72637648 
0.66185896 6.53903478 -2.20966434 0.82756605 -0.46042304 0.00697998 -0.37381663 0.24493044 -0.12174215 -0.09620210 -0.17180536 -0.33022937 -0.61837992 
0.32460438 7.98091139 -3.18214842 1.41209999 -0.79220500 0.20115189 -0.48906127 0.31496653 -0.16406251 -0.06545628 -0.19495868 -0.30939146 -0.63464402 
0.72895622 15.00043576 -10.57965892 8.35871308 -6.99617167 5.63484386 -5.18117359 4.32798808 -3.56904393 2.81726105 -2.61926588 1.71815233 -2.30539626 
2.28493829 5.61701585 -1.68407071 0.55631986 -0.32742508 -0.06463638 -0.33353337 0.22106822 -0.10826673 -0.10715790 -0.16322272 -0.33923568 -0.61125076 
3.32797377 11.85430835 -6.71048401 4.24494904 -2.93350383 1.78974537 -1.65027977 1.15737543 -0.77212967 0.38313076 -0.52913286 -0.05386066 -0.82652358 
3.79876966 14.50977722 -9.91529942 7.58715774 -6.16913342 4.79125546 -4.35106398 3.53354225 -2.82601739 2.13584276 -2.00585916 1.17581332 -1.83493093 
4.08173180 14.68789726 -10.15383349 7.86124753 -6.45989652 5.08487358 -4.63717902 3.80477663 -3.07737672 2.36435057 -2.20984727 1.35474544 -1.98897669 
4.21461784 15.60640314 -11.43157807 9.38423710 -8.13419669 6.83480087 -6.40034612 5.53125640 -4.72813669 3.91037432 -3.62970239 2.63410649 -3.11904194 
4.10809122 14.83197090 -10.34897718 8.08793377 -6.70292433 5.33278726 -4.88113771 4.03824625 -3.29571638 2.56455946 -2.39004201 1.51403011 -2.12711994 
3.71379200 12.58973735 -7.53294396 5.03955238 -3.64548915 2.40167812 -2.16056080 1.57372538 -1.10630548 0.64920411 -0.73918532 0.11107642 -0.95431192 
3.15874568 13.76541610 -8.95090813 6.51349012 -5.06441374 3.70775899 -3.32451879 2.58633157 -1.97063686 1.37692044 -1.34374388 0.60734256 -1.35540607 
3.36127648 11.92860248 -6.79133441 4.32101540 -2.99990251 1.84541022 -1.69559275 1.19350002 -0.80048896 0.40527641 -0.54631919 -0.04054919 -0.83670419 
4.27914152 10.60428307 -5.42497772 3.09836740 -1.98249562 1.02889877 -1.05743161 0.70356781 -0.42902787 0.12318784 -0.33229859 -0.20389376 -0.71351494 
4.86226504 14.07831464 -9.34994319 6.95094838 -5.50774023 4.13619573 -3.72459951 2.95030173 -2.29482202 1.66079676 -1.58832345 0.81486208 -1.52847139 
5.20840301 14.37622106 -9.73841737 7.38606501 -5.95800685 4.58016931 -4.14734886 3.34221747 -2.65030005 1.97745645 -1.86560879 1.05372465 -1.73058603 
5.23698391 14.74803984 -10.23505516 7.95533097 -6.56048539 5.18721368 -4.73762866 3.90066944 -3.16684139 2.44620039 -2.28335617 1.41959212 -2.04510721 
5.03554498 15.33872645 -11.05100761 8.92125672 -7.61524835 6.28240248 -5.83402114 4.96751540 -4.18067462 3.39013976 -3.14537564 2.19213613 -2.72397425 
4.81304464 14.31194426 -9.65389073 7.29062251 -5.85846556 4.48128117 -4.05250393 3.25367436 -2.56944915 1.90497838 -1.80176309 0.99841820 -1.68353852 
4.34804232 12.30229936 -7.20562034 4.71783323 -3.35241391 2.14587313 -1.94410656 1.39466055 -0.96070824 0.53196671 -0.64571592 0.03709656 -0.89656662 
3.55179040 10.16314866 -5.00487793 2.75050835 -1.71428256 0.82832564 -0.91082907 0.59788069 -0.35349035 0.06830350 -0.29202043 -0.23419910 -0.69101247 
2.85264079 15.57875630 -11.39196370 9.33568997 -8.07939953 6.77608458 -6.33976879 5.47059255 -4.66888821 3.85377030 -3.57673919 2.58554663 -3.07544215 
3.28354025 11.82439840 -6.67807602 4.21458619 -2.90710807 1.76770146 -1.63240109 1.14317180 -0.76101595 0.37447644 -0.52243273 -0.05904078 -0.82256856 
3.58908979 15.60831303 -11.43431728 9.38759698 -8.13799234 6.83887127 -6.40454876 5.53546812 -4.73225300 3.91430947 -3.63338670 2.63748644 -3.12207830 
4.06573465 11.59123525 -6.42821982 3.98296755 -2.70781677 1.60286236 -1.49992877 1.03883878 -0.68004341 0.31185335 -0.47423045 -0.09615097 -0.79434713 
4.28473660 14.93829381 -10.49425318 8.25810958 -6.88685124 5.52187448 -5.06860972 4.21896015 -3.46589716 2.72163898 -2.53230468 1.64052666 -2.23744372 
4.29588363 14.83511799 -10.35326183 8.09293555 -6.70831228 5.33830867 -4.88659504 4.04349115 -3.30064142 2.56909298 -2.39413728 1.51766264 -2.13028069 
4.19699141 13.45112847 -8.55931558 6.09371123 -4.64820797 3.31389274 -2.96414088 2.26488264 -1.68971105 1.13526817 -1.13900686 0.43630767 -1.21487293 
3.78677150 14.49948205 -9.90160438 7.57152235 -6.15265052 4.77471082 -4.33503621 3.51843393 -2.81209244 2.12324921 -1.99467225 1.16604602 -1.82655940 
3.29933728 11.57856003 -6.41477823 3.97063189 -2.69730669 1.59424898 -1.49306739 1.03347986 -0.67591707 0.30868306 -0.47180369 -0.09801198 -0.79293711 
2.55281633 12.63270777 -7.58252647 5.08890709 -3.69100694 2.44187313 -2.19495537 1.60248490 -1.12992881 0.66839920 -0.75461378 0.12337190 -0.96397148 
2.15432274 15.50105820 -11.28100956 9.20015057 -7.92687651 6.61312501 -6.17210758 5.30313285 -4.50574369 3.69827360 -3.43156614 2.45271937 -2.95641545 
2.41531123 13.14129260 -8.18225364 5.69858737 -4.26503771 2.95891349 -2.64596723 1.98667446 -1.45118618 0.93371331 -0.97106342 0.29813139 -1.10297865 
3.37837723 9.81743733 -4.68782805 2.49724558 -1.52570239 0.69164103 -0.81376337 0.52971713 -0.30593456 0.03425702 -0.26725408 -0.25288188 -0.67714515 
4.23561969 11.93412162 -6.79736059 4.32670315 -3.00488285 1.84959765 -1.69901099 1.19623235 -0.80263933 0.40695921 -0.54762755 -0.03953441 -0.83748131 
