11.13836218 0.24675061 -0.10923156 -0.01442812 -0.12505131 -0.19083733 -0.26149616 0.17377222 -0.09212224 -0.13502205 -0.14693058 -0.36869874 -0.58936259 
4.41385411 15.60705055 -11.43250656 9.38537594 -8.13548319 6.83618044 -6.40177047 5.53268378 -4.72953169 3.91170789 -3.63095092 2.63525185 -3.12007085 
4.51102592 15.05602973 -10.65637592 8.44943233 -7.09512076 5.73746256 -5.28377772 4.42770003 -3.66367838 2.90525702 -2.69952117 1.78998551 -2.36843964 
4.60205881 15.60938108 -11.43584925 9.38947625 -8.14011553 6.84114832 -6.40689997 5.53782459 -4.73455625 3.91651150 -3.63544849 2.63937801 -3.12377767 
4.59602867 15.60937739 -11.43584397 9.38946976 -8.14010821 6.84114047 -6.40689186 5.53781646 -4.73454830 3.91650390 -3.63544137 2.63937148 -3.12377181 
4.69064190 15.10940658 -10.73030911 8.53717177 -7.19114934 5.83738068 -5.38399897 4.52539372 -3.75666868 2.99196378 -2.77880838 1.86112781 -2.43102344 
4.68789942 15.08090074 -10.69079160 8.49023678 -7.13974008 5.78384923 -5.33026654 4.47298027 -3.70674568 2.94538509 -2.73619025 1.82286639 -2.39734711 
4.68487967 15.10688343 -10.72680818 8.53301020 -7.18658732 5.83262664 -5.37922351 4.52073212 -3.75222552 2.98781555 -2.77501052 1.85771621 -2.42801901 
4.68212968 15.07824784 -10.68711781 8.48587785 -7.13497029 5.77888719 -5.32529037 4.46813046 -3.70213016 2.94108215 -2.73225612 1.81933692 -2.39424267 
4.67910082 15.10434172 -10.72328210 8.52881942 -7.18199403 5.82784074 -5.37441673 4.51604062 -3.74775445 2.98364181 -2.77118977 1.85428442 -2.42499713 
4.67634329 15.07557554 -10.68341783 8.48148859 -7.13016813 5.77389228 -5.32028201 4.46325000 -3.69748612 2.93675321 -2.72829874 1.81578701 -2.39112061 
4.67330527 15.10178127 -10.71973065 8.52459918 -7.17736919 5.82302270 -5.36957839 4.51131898 -3.74325527 2.97944236 -2.76734595 1.85083232 -2.42195769 
4.67054015 15.07288364 -10.67969140 8.47706875 -7.12533331 5.76886422 -5.31524119 4.45833866 -3.69281337 2.93239809 -2.72431792 1.81221652 -2.38798082 
4.56560219 15.60935846 -11.43581681 9.38943644 -8.14007056 6.84110009 -6.40685017 5.53777468 -4.73450746 3.91646486 -3.63540481 2.63933794 -3.12374167 
4.55946095 15.60935456 -11.43581122 9.38942960 -8.14006282 6.84109179 -6.40684160 5.53776609 -4.73449906 3.91645683 -3.63539730 2.63933104 -3.12373548 
4.55330080 15.60935064 -11.43580559 9.38942268 -8.14005501 6.84108342 -6.40683295 5.53775742 -4.73449059 3.91644873 -3.63538971 2.63932409 -3.12372922 
4.54712161 15.60934667 -11.43579990 9.38941571 -8.14004713 6.84107496 -6.40682423 5.53774867 -4.73448204 3.91644055 -3.63538206 2.63931706 -3.12372291 
4.64407345 15.08869152 -10.70158428 8.50304660 -7.15376192 5.79844079 -5.34490410 4.48725027 -3.72033012 2.95805288 -2.74777515 1.83326213 -2.40649301 
4.64126977 15.05912368 -10.66065403 8.45450100 -7.10065950 5.74321690 -5.28954108 4.43331014 -3.66901119 2.91022314 -2.70405684 1.79405060 -2.37201181 
4.53470567 15.60933863 -11.43578837 9.38940156 -8.14003115 6.84105782 -6.40680652 5.53773093 -4.73446470 3.91642397 -3.63536653 2.63930282 -3.12371012 
4.63226031 15.08331794 -10.69413956 8.49420977 -7.14408825 5.78837333 -5.33480420 4.47740332 -3.71095564 2.94931044 -2.73977958 1.82608689 -2.40018010 
4.62944090 15.05347581 -10.65284521 8.44524994 -7.09055131 5.73271605 -5.27902455 4.42307398 -3.65928165 2.90116321 -2.69578272 1.78663535 -2.36549606 
4.62632753 15.08060087 -10.69037630 8.48974398 -7.13920080 5.78328817 -5.32970384 4.47243182 -3.70622370 2.94489843 -2.73574527 1.82246716 -2.39699594 
4.71804520 15.60999040 -11.43672330 9.39054849 -8.14132701 6.84244765 -6.40824168 5.53916935 -4.73587069 3.91776822 -3.63662521 2.64045763 -3.12474762 
4.71804520 15.60999040 -11.43672330 9.39054849 -8.14132701 6.84244765 -6.40824168 5.53916935 -4.73587069 3.91776822 -3.63662521 2.64045763 -3.12474762 
4.62350019 15.05062024 -10.64889821 8.44057526 -7.08544488 5.72741262 -5.27371452 4.41790674 -3.65437127 2.89659177 -2.69160863 1.78289527 -2.36221026 
4.62037715 15.07786335 -10.68658542 8.48524622 -7.13427920 5.77816831 -5.32456951 4.46742796 -3.70146165 2.94045897 -2.73168640 1.81882583 -2.39379316 
4.61754183 15.04774330 -10.64492246 8.43586741 -7.08030315 5.72207345 -5.26836959 4.41270638 -3.64943018 2.89199240 -2.68740963 1.77913335 -2.35890570 
4.61440904 15.07510518 -10.68276666 8.48071620 -7.12932316 5.77301347 -5.31940092 4.46239149 -3.69666927 2.93599184 -2.72760277 1.81516275 -2.39057162 
4.61156571 15.04484479 -10.64091769 8.43112609 -7.07512581 5.71669824 -5.26298950 4.40747266 -3.64445816 2.88736492 -2.68318555 1.77534946 -2.35558224 
4.50332435 15.60931786 -11.43575857 9.38936501 -8.13998985 6.84101353 -6.40676078 5.53768509 -4.73441989 3.91638113 -3.63532642 2.63926602 -3.12367706 
4.60241927 15.06952608 -10.67504444 8.47155817 -7.11930650 5.76259765 -5.30895983 4.45221966 -3.68699257 2.92697380 -2.71936055 1.80777074 -2.38407182 
4.59955976 15.03898220 -10.63281999 8.42154183 -7.06466304 5.70583849 -5.25212264 4.39690404 -3.63442036 2.87802480 -2.67466145 1.76771518 -2.34887819 
4.49063264 15.60930927 -11.43574625 9.38934989 -8.13997277 6.84099521 -6.40674188 5.53766614 -4.73440137 3.91636342 -3.63530984 2.63925080 -3.12366339 
4.59035735 15.06386189 -10.66720748 8.46226746 -7.10914833 5.75203825 -5.29837827 4.44191422 -3.67719172 2.91784266 -2.71101722 1.80028995 -2.37749553 
4.58748149 15.03303073 -10.62460285 8.41181997 -7.05405404 5.69483089 -5.24111164 4.38619878 -3.62425602 2.86856977 -2.66603494 1.75999125 -2.34209715 
4.58429907 15.06099736 -10.66324528 8.45757158 -7.10401538 5.74670394 -5.29303409 4.43671073 -3.67224414 2.91323415 -2.70680719 1.79651588 -2.37417839 
4.58141496 15.03002111 -10.62044879 8.40690666 -7.04869389 5.68927086 -5.23555135 4.38079424 -3.61912581 2.86379865 -2.66168285 1.75609531 -2.33867746 
4.47144278 15.60929607 -11.43572733 9.38932668 -8.13994654 6.84096708 -6.40671283 5.53763702 -4.73437291 3.91633622 -3.63528436 2.63922743 -3.12364239 
4.57212731 15.05520234 -10.65523201 8.44807721 -7.09364015 5.73592450 -5.28223743 4.42620085 -3.66225345 2.90393021 -2.69830948 1.78889963 -2.36748551 
4.56922656 15.02393299 -10.61204820 8.39697363 -7.03786065 5.67803674 -5.22431969 4.36987999 -3.60876807 2.85416816 -2.65290009 1.74823472 -2.33177914 
4.45854647 15.60928706 -11.43571440 9.38931082 -8.13992863 6.84094787 -6.40669299 5.53761714 -4.73435347 3.91631764 -3.63526696 2.63921147 -3.12362805 
4.45206700 15.60928249 -11.43570784 9.38930278 -8.13991954 6.84093812 -6.40668292 5.53760705 -4.73434361 3.91630821 -3.63525814 2.63920337 -3.12362077 
4.44556647 15.60927788 -11.43570122 9.38929466 -8.13991036 6.84092828 -6.40667276 5.53759687 -4.73433366 3.91629869 -3.63524923 2.63919520 -3.12361343 
4.33060348 14.85700328 -10.38308392 8.12777812 -6.74587534 5.37683208 -4.92469989 4.08013931 -3.33507845 2.60081331 -2.42280920 1.54310986 -2.15243529 
4.31965859 14.95776663 -10.52097651 8.28954391 -6.92096269 5.55707845 -5.10364306 4.25285172 -3.49792313 2.75129574 -2.55924697 1.66455278 -2.25845605 
4.41935098 15.60925896 -11.43567408 9.38926136 -8.13987275 6.84088794 -6.40663110 5.53755511 -4.73429285 3.91625967 -3.63521269 2.63916168 -3.12358332 
4.41274307 15.60925411 -11.43566713 9.38925283 -8.13986311 6.84087760 -6.40662043 5.53754441 -4.73428239 3.91624967 -3.63520333 2.63915309 -3.12357560 
4.40611324 15.60924921 -11.43566010 9.38924421 -8.13985337 6.84086716 -6.40660965 5.53753361 -4.73427183 3.91623958 -3.63519388 2.63914442 -3.12356781 
4.39946137 15.60924427 -11.43565301 9.38923551 -8.13984354 6.84085661 -6.40659876 5.53752270 -4.73426116 3.91622938 -3.63518433 2.63913566 -3.12355994 
4.39278730 15.60923927 -11.43564584 9.38922672 -8.13983361 6.84084596 -6.40658776 5.53751167 -4.73425039 3.91621908 -3.63517468 2.63912681 -3.12355199 
4.27475975 14.82154043 -10.33478319 8.07137161 -6.68509128 5.31452017 -4.86309001 4.02090783 -3.27944152 2.54958373 -2.37651855 1.50203853 -2.11668900 
4.26348783 14.92620210 -10.47767737 8.23863200 -6.86573617 5.50010421 -5.04696520 4.19803986 -3.44614551 2.70336346 -2.51571480 1.62574325 -2.22452371 
4.25341122 14.80761426 -10.31584828 8.04929555 -6.66133995 5.29020916 -4.83908851 3.99786588 -3.25782762 2.52970792 -2.35858112 1.48614212 -2.10286897 
4.11472332 15.60602676 -11.43103829 9.38357507 -8.13344883 6.83399893 -6.39951818 5.53042672 -4.72732584 3.90959919 -3.62897671 2.63344079 -3.11844394 
4.09929931 15.60596523 -11.43095005 9.38346684 -8.13332658 6.83386783 -6.39938283 5.53029109 -4.72719330 3.90947249 -3.62885809 2.63333198 -3.11834619 
4.08375543 15.60590225 -11.43085974 9.38335608 -8.13320146 6.83373367 -6.39924432 5.53015229 -4.72705764 3.90934282 -3.62873669 2.63322061 -3.11824615 
4.06808979 15.60583779 -11.43076729 9.38324269 -8.13307338 6.83359633 -6.39910253 5.53001020 -4.72691879 3.90921008 -3.62861242 2.63310662 -3.11814375 
4.05230048 15.60577179 -11.43067264 9.38312661 -8.13294225 6.83345573 -6.39895737 5.52986474 -4.72677663 3.90907419 -3.62848520 2.63298991 -3.11803891 
4.03638553 15.60570421 -11.43057572 9.38300774 -8.13280798 6.83331174 -6.39880872 5.52971578 -4.72663106 3.90893503 -3.62835492 2.63287041 -3.11793156 
4.02034292 15.60563499 -11.43047646 9.38288599 -8.13267045 6.83316428 -6.39865648 5.52956322 -4.72648197 3.90879251 -3.62822150 2.63274801 -3.11782162 
4.00417059 15.60556408 -11.43037477 9.38276128 -8.13252957 6.83301322 -6.39850052 5.52940694 -4.72632924 3.90864652 -3.62808482 2.63262263 -3.11770899 
3.98786642 15.60549142 -11.43027057 9.38263349 -8.13238523 6.83285844 -6.39834073 5.52924682 -4.72617276 3.90849694 -3.62794479 2.63249418 -3.11759360 
3.97142825 15.60541697 -11.43016380 9.38250254 -8.13223731 6.83269982 -6.39817698 5.52908273 -4.72601240 3.90834365 -3.62780128 2.63236253 -3.11747535 
3.81731604 14.42336267 -9.80065894 7.45661531 -6.03186262 4.65380471 -4.21822016 3.40860329 -2.71111576 2.03214200 -1.91392181 1.09569074 -1.76637896 
3.79330758 14.65743651 -10.11282775 7.81389352 -6.40941828 5.03366279 -4.58705278 3.75705174 -3.03296511 2.32381777 -2.17352897 1.32277654 -1.96136222 
3.91280680 15.60514128 -11.42976845 9.38201767 -8.13168961 6.83211255 -6.39757070 5.52847520 -4.72541869 3.90777612 -3.62726997 2.63187516 -3.11703755 
3.89573731 15.60505792 -11.42964892 9.38187107 -8.13152403 6.83193501 -6.39738741 5.52829153 -4.72523920 3.90760455 -3.62710935 2.63172782 -3.11690520 
3.73570587 14.34724190 -9.70026022 7.34292767 -5.91296366 4.53537074 -4.10433458 3.30201840 -2.61355563 1.94448529 -1.83653789 1.02852019 -1.70912768 
3.71062415 14.59295147 -10.02630971 7.71430204 -6.30358680 4.92661653 -4.48257685 3.65785885 -2.94090679 2.24001368 -2.09862023 1.25698894 -1.90465899 
3.68889557 14.30182364 -9.64061728 7.27567349 -5.84291363 4.46586854 -4.03775607 3.23993759 -2.55693317 1.89378174 -1.79191938 0.98990679 -1.67631092 
3.66317548 14.55434387 -9.97469966 7.65510134 -6.24089067 4.86340793 -4.42108124 3.59965150 -2.88704516 2.19111835 -2.05503080 1.21880276 -1.87182436 
3.79014298 15.60450955 -11.42886255 9.38090667 -8.13043471 6.83076700 -6.39618161 5.52708329 -4.72405847 3.90647591 -3.62605277 2.63075862 -3.11603461 
3.62147810 14.23410069 -9.55204590 7.17619022 -5.73968943 4.36382672 -3.94035401 3.14942763 -2.47465451 1.82033467 -1.72747880 0.93429464 -1.62917330 
3.59480826 14.49660049 -9.89777300 7.56715011 -6.14804331 4.77008829 -4.33055993 3.51421610 -2.80820645 2.11973604 -1.99155255 1.16332309 -1.82422630 
3.57190341 14.18252320 -9.48488068 7.10106298 -5.66205174 4.28737624 -3.86765457 3.08211870 -2.41368196 1.76608769 -1.68003392 0.89347084 -1.59466844 
3.54451153 14.45248700 -9.83921724 7.50043565 -6.07785326 4.69977072 -4.26256601 3.45023808 -2.74934172 2.06658694 -1.94441347 1.12222627 -1.78905166 
3.52107892 14.12804631 -9.41421213 7.02230929 -5.58095941 4.20780039 -3.79223730 3.01252049 -2.35083324 1.71033705 -1.63141076 0.85174320 -1.55948837 
3.30321279 15.59001480 -11.40808721 9.35543944 -8.10168104 6.79994899 -6.36437906 5.49522793 -4.69293950 3.87673972 -3.59822382 2.60523869 -3.09311743 
3.46132669 14.37640388 -9.73865835 7.38633772 -5.95829188 4.58045306 -4.14762155 3.34247254 -2.65053340 1.97766601 -1.86579370 1.05388508 -1.73072271 
3.43699835 14.03428327 -9.29323505 6.88818964 -5.44355359 4.07361787 -3.66566525 2.89624617 -2.24629539 1.61798942 -1.55118491 0.78314699 -1.50185858 
3.40753471 14.32507655 -9.67112848 7.31005190 -5.87869442 4.50134395 -4.07171543 3.27158141 -2.58577594 1.91959354 -1.81462013 1.00954147 -1.69298924 
3.38261180 13.97115811 -9.21225384 6.79890556 -5.35257329 3.98523089 -3.58270963 2.82040994 -2.17843328 1.55830568 -1.49955229 0.73917169 -1.46505185 
3.14745807 15.58667288 -11.40329997 9.34957421 -8.09506233 6.79285855 -6.35706551 5.48790547 -4.68578932 3.86990997 -3.59183449 2.59938155 -3.08785938 
3.10972446 15.58578306 -11.40202548 9.34801294 -8.09330070 6.79097158 -6.35511937 5.48595718 -4.68388705 3.86809312 -3.59013496 2.59782370 -3.08646099 
3.07126529 15.58484145 -11.40067690 9.34636099 -8.09143686 6.78897523 -6.35306053 5.48389613 -4.68187479 3.86617129 -3.58833729 2.59617597 -3.08498196 
3.03205212 15.58384397 -11.39924839 9.34461123 -8.08946278 6.78686091 -6.35088013 5.48171352 -4.67974392 3.86413628 -3.58643383 2.59443133 -3.08341600 
2.99205479 15.58278611 -11.39773353 9.34275582 -8.08736961 6.78461917 -6.34856846 5.47939961 -4.67748499 3.86197907 -3.58441615 2.59258207 -3.08175620 
2.72751046 12.94733618 -7.95073075 5.46046102 -4.03829097 2.75248800 -2.46405272 1.83019206 -1.31911733 0.82372306 -0.88064178 0.22463456 -1.04414649 
2.36769171 15.52142530 -11.31004013 9.23555160 -7.96664669 6.65554887 -6.21568898 5.34659862 -4.54803085 3.73852589 -3.46909979 2.48702143 -2.98712008 
2.60237204 13.43117300 -8.53476213 6.06770869 -4.62273206 3.29005905 -2.94257555 2.24585387 -1.67325386 1.12124938 -1.12723818 0.42655906 -1.20692749 
2.55281633 12.63270777 -7.58252647 5.08890709 -3.69100694 2.44187313 -2.19495537 1.60248490 -1.12992881 0.66839920 -0.75461378 0.12337190 -0.96397148 
2.48534096 13.25312445 -8.31732456 5.83909400 -4.40031656 3.08337490 -2.75677491 2.08293263 -1.53319564 1.00260695 -1.02815517 0.34487085 -1.14064833 
2.43334984 12.40154263 -7.31778145 4.82726765 -3.45139005 2.23167254 -2.01622798 1.45394499 -1.00861956 0.57033659 -0.67615806 0.06109267 -0.91522447 
2.00564887 15.48425832 -11.25709252 9.17101847 -7.89418468 6.57828795 -6.13635544 5.26750931 -4.47111728 3.66534139 -3.40088274 2.42469882 -2.93135134 
2.28664831 12.92512834 -7.92444282 5.43364148 -4.01295470 2.72959660 -2.44402713 1.81308785 -1.30477957 0.81185659 -0.87094254 0.21679114 -1.03789864 
2.23036374 11.97729319 -6.84459386 4.37137066 -3.04406917 1.88260421 -1.72600060 1.21784138 -0.81967205 0.42030604 -0.55801633 -0.03146966 -0.84366237 
2.14932687 12.67854272 -7.63560080 5.14191717 -3.74005815 2.48532495 -2.23224984 1.63376025 -1.15569025 0.68938406 -0.77151907 0.13687056 -0.97459583 
2.38281958 15.56031576 -11.36557987 9.30340184 -8.04300304 6.73713417 -6.29963220 5.43044473 -4.62971983 3.81638853 -3.54179565 2.55353733 -3.04672693 
2.02677644 11.50962474 -6.34192955 3.90400033 -2.64072068 1.54801533 -1.45634400 1.00487609 -0.65394859 0.29184007 -0.45893337 -0.10787011 -0.78547636 
1.93566640 12.26050636 -7.15865634 4.67226248 -3.31141910 2.11051633 -1.91453139 1.37046314 -0.94123982 0.51643662 -0.63343757 0.02744597 -0.88908329 
2.19132538 15.55002666 -11.35087235 9.28541870 -8.02274859 6.71547560 -6.27733088 5.40815322 -4.60798700 3.79566036 -3.52243124 2.53580905 -3.03083160 
2.13011045 15.54631586 -11.34557043 9.27893872 -8.01545314 6.70767742 -6.26930423 5.40013292 -4.60017032 3.78820738 -3.51547067 2.52943836 -3.02512108 
2.06696306 15.54225212 -11.33976568 9.27184586 -8.00746950 6.69914544 -6.26052410 5.39136144 -4.59162312 3.78005930 -3.50786218 2.52247575 -3.01888089 
2.35938449 12.93498865 -7.93610910 5.44553816 -4.02418834 2.73974185 -2.45289857 1.82066206 -1.31112627 0.81710751 -0.87523307 0.22025974 -1.04066088 
2.58793393 15.59182651 -11.41068288 9.35862009 -8.10527083 6.80379517 -6.36834681 5.49920101 -4.69681958 3.88044635 -3.60169178 2.60841813 -3.09597193 
2.55469446 15.59121625 -11.40980851 9.35754863 -8.10406150 6.80249942 -6.36701006 5.49786243 -4.69551229 3.87919747 -3.60052329 2.60734682 -3.09501009 
2.52089325 15.59057477 -11.40888945 9.35642244 -8.10279045 6.80113759 -6.36560520 5.49645567 -4.69413847 3.87788506 -3.59929538 2.60622108 -3.09399940 
2.48651099 15.58989991 -11.40792261 9.35523776 -8.10145343 6.79970513 -6.36412751 5.49497606 -4.69269353 3.87650476 -3.59800399 2.60503716 -3.09293650 
2.45152736 15.58918933 -11.40690464 9.35399047 -8.10004581 6.79819709 -6.36257192 5.49341847 -4.69117251 3.87505182 -3.59664468 2.60379101 -3.09181777 
2.41592093 15.58844046 -11.40583186 9.35267609 -8.09856254 6.79660806 -6.36093284 5.49177736 -4.68956998 3.87352107 -3.59521262 2.60247821 -3.09063922 
2.37966914 15.58765051 -11.40470029 9.35128974 -8.09699811 6.79493216 -6.35920424 5.49004668 -4.68788003 3.87190688 -3.59370254 2.60109393 -3.08939654 
2.04242704 11.67878498 -6.52146007 4.06888834 -2.78131558 1.66332306 -1.54826366 1.07671721 -0.70930255 0.33439270 -0.49152167 -0.08287053 -0.80442381 
1.53061777 15.49584899 -11.27359070 9.19111083 -7.91672872 6.60230782 -6.16100282 5.29206476 -4.49498238 3.68803611 -3.42202534 2.44400452 -2.94861838 
1.44492974 15.48601823 -11.25959677 9.17406736 -7.89760460 6.58193076 -6.14009243 5.27123142 -4.47473388 3.66877985 -3.40408536 2.42762261 -2.93396588 
0.89722776 7.99416131 -3.19193824 1.41848187 -0.79611088 0.20355795 -0.49054467 0.31589130 -0.16463931 -0.06504989 -0.19525799 -0.30914017 -0.63483746 
0.71841585 8.92332715 -3.91731332 1.91666306 -1.11693017 0.40933634 -0.62178301 0.39993947 -0.21848408 -0.02737632 -0.22268377 -0.28703747 -0.65164393 
0.63093273 6.88262221 -2.42471518 0.94802915 -0.52420926 0.04263688 -0.39429388 0.25712940 -0.12887957 -0.09078661 -0.17597846 -0.32619337 -0.62156261 
0.42003989 7.79868030 -3.04908393 1.32629626 -0.74023485 0.16938561 -0.46959736 0.30288791 -0.15656547 -0.07075341 -0.19104580 -0.31270673 -0.63208601 
1.48301144 11.05135424 -5.86855482 3.48033833 -2.28842672 1.26571882 -1.23619621 0.83632898 -0.52656159 0.19542327 -0.38601983 -0.16335582 -0.74374526 
1.81248245 15.57080828 -11.38058822 9.32176441 -8.06369730 6.75927570 -6.32244326 5.45325764 -4.65197199 3.83762191 -3.56164076 2.57171316 -3.06302987 
1.76330708 15.56885872 -11.37779882 9.31835073 -8.05984920 6.75515751 -6.31819959 5.44901271 -4.64783057 3.83366935 -3.55794595 2.56832858 -3.05999356 
1.71289225 15.56676062 -11.37479730 9.31467789 -8.05570945 6.75072769 -6.31363528 5.44444753 -4.64337712 3.82941937 -3.55397347 2.56468991 -3.05672956 
2.08396499 12.29409614 -7.19638957 4.70886455 -3.34433549 2.13889731 -1.93826467 1.38987561 -0.95685439 0.52888961 -0.64328112 0.03518156 -0.89508074 
2.35815071 15.60425374 -11.42849574 9.38045682 -8.12992660 6.83022220 -6.39561920 5.52651974 -4.72350777 3.90594951 -3.62555999 2.63030660 -3.11562858 
2.33957512 15.60414638 -11.42834179 9.38026803 -8.12971336 6.82999357 -6.39538318 5.52628325 -4.72327667 3.90572861 -3.62535320 2.63011691 -3.11545820 
2.01538918 11.74904504 -6.59678901 4.13875135 -2.84145337 1.71308316 -1.58826647 1.10823202 -0.73376740 0.35331711 -0.50609025 -0.07165354 -0.81295467 
1.97665935 12.06929028 -6.94581138 4.46760731 -3.12894174 1.95444703 -1.78502618 1.26531384 -0.85725133 0.44986184 -0.58109526 -0.01350925 -0.85745982 
1.94970164 11.59590694 -6.43317763 3.98752069 -2.71169876 1.60604585 -1.50246629 1.04082179 -0.68157116 0.31302766 -0.47512969 -0.09546119 -0.79486988 
1.90949262 11.92271673 -6.78491097 4.31495548 -2.99459866 1.84095263 -1.69195545 1.19059368 -0.79820247 0.40348763 -0.54492882 -0.04162737 -0.83587867 
1.88187403 11.43290654 -6.26136137 3.83074904 -2.57887547 1.49775900 -1.41663148 0.97409481 -0.63041591 0.27386541 -0.44524068 -0.11833656 -0.77757070 
2.27628222 8.84106425 -3.84999842 1.86838995 -1.08454725 0.38788065 -0.60772220 0.39073496 -0.21246399 -0.03158372 -0.21963973 -0.28942566 -0.64984455 
2.49004619 12.83324121 -7.81615628 5.32363727 -3.90946752 2.63646704 -2.36286911 1.74402519 -1.24709157 0.76426542 -0.83215792 0.18550896 -1.01304158 
2.48022273 12.92309085 -7.92203328 5.43118544 -4.01063656 2.72750393 -2.44219794 1.81152674 -1.30347194 0.81077509 -0.87005913 0.21607716 -1.03733020 
2.72585175 15.60999040 -11.43672330 9.39054849 -8.14132701 6.84244765 -6.40824168 5.53916935 -4.73587069 3.91776822 -3.63662521 2.64045763 -3.12474762 
2.97993828 13.60527638 -8.75022882 6.29717700 -4.84879165 3.50266613 -3.13593747 2.41732243 -1.82226202 1.24874868 -1.23472283 0.51593767 -1.28004294 
2.98590971 13.69606282 -8.86370410 6.41918684 -4.97011430 3.61779265 -3.24155290 2.51176606 -1.90499716 1.32007444 -1.29527631 0.56661735 -1.32175782 
2.99335627 13.62375354 -8.77326138 6.32187733 -4.87329034 3.52585675 -3.15716165 2.43625787 -1.83881318 1.26298775 -1.24678777 0.52601709 -1.28832507 
3.20066177 15.60751747 -11.43317623 9.38619734 -8.13641111 6.83717553 -6.40279788 5.53371341 -4.73053799 3.91266990 -3.63185161 2.63607813 -3.12081312 
3.21275847 15.60754718 -11.43321884 9.38624961 -8.13647016 6.83723885 -6.40286326 5.53377893 -4.73060203 3.91273112 -3.63190893 2.63613072 -3.12086036 
3.02579805 13.74864240 -8.92977586 6.49059447 -5.04147704 3.68583773 -3.30426878 2.56810189 -1.95456389 1.36298007 -1.33184154 0.59732860 -1.34712204 
2.78646245 15.60999040 -11.43672330 9.39054849 -8.14132701 6.84244765 -6.40824168 5.53916935 -4.73587069 3.91776822 -3.63662521 2.64045763 -3.12474762 
2.78646245 15.60999040 -11.43672330 9.39054849 -8.14132701 6.84244765 -6.40824168 5.53916935 -4.73587069 3.91776822 -3.63662521 2.64045763 -3.12474762 
2.78646245 15.60999040 -11.43672330 9.39054849 -8.14132701 6.84244765 -6.40824168 5.53916935 -4.73587069 3.91776822 -3.63662521 2.64045763 -3.12474762 
2.78646245 15.60999040 -11.43672330 9.39054849 -8.14132701 6.84244765 -6.40824168 5.53916935 -4.73587069 3.91776822 -3.63662521 2.64045763 -3.12474762 
2.54079667 12.92249273 -7.92132602 5.43046461 -4.00995626 2.72688985 -2.44166123 1.81106873 -1.30308833 0.81045784 -0.86980000 0.21586774 -1.03716349 
2.20447869 15.60330286 -11.42713226 9.37878477 -8.12803807 6.82819736 -6.39352897 5.52442537 -4.72146118 3.90399330 -3.62372875 2.62862688 -3.11411981 
2.18441214 15.60316760 -11.42693833 9.37854695 -8.12776946 6.82790938 -6.39323169 5.52412751 -4.72117013 3.90371510 -3.62346833 2.62838801 -3.11390526 
2.16414222 15.60302820 -11.42673845 9.37830184 -8.12749264 6.82761259 -6.39292532 5.52382054 -4.72087017 3.90342841 -3.62319996 2.62814185 -3.11368416 
2.14366476 15.60288449 -11.42653239 9.37804916 -8.12720725 6.82730662 -6.39260949 5.52350409 -4.72056096 3.90313286 -3.62292330 2.62788809 -3.11345623 
2.46292750 12.89293329 -7.88641342 5.39492218 -3.97644962 2.69667679 -2.41528145 1.78857906 -1.28426962 0.79490798 -0.85710899 0.20561845 -1.02900936 
2.71040765 15.60999040 -11.43672330 9.39054849 -8.14132701 6.84244765 -6.40824168 5.53916935 -4.73587069 3.91776822 -3.63662521 2.64045763 -3.12474762 
2.96643084 13.58654016 -8.72690580 6.27219875 -4.82404976 3.47927471 -3.11455561 2.39826880 -1.80562646 1.23445218 -1.22262130 0.50583695 -1.27175058 
3.17624664 15.60745640 -11.43308864 9.38608990 -8.13628974 6.83704537 -6.40266349 5.53357873 -4.73040636 3.91254406 -3.63173379 2.63597005 -3.12071603 
3.18849146 15.60748721 -11.43313283 9.38614411 -8.13635098 6.83711104 -6.40273130 5.53364669 -4.73047278 3.91260756 -3.63179324 2.63602458 -3.12076502 
3.20066177 15.60751747 -11.43317623 9.38619734 -8.13641111 6.83717553 -6.40279788 5.53371341 -4.73053799 3.91266990 -3.63185161 2.63607813 -3.12081312 
3.01258909 13.73135831 -8.90802811 6.46706068 -5.01792906 3.66335796 -3.28352584 2.54944846 -1.93813429 1.34874417 -1.31969796 0.58712031 -1.33868408 
2.13807692 4.27910095 -1.05461492 0.27995134 -0.21095403 -0.12528411 -0.29963947 0.20059074 -0.09780210 -0.11746533 -0.15521551 -0.34917533 -0.60343476 
0.09469866 -15.84454740 -10.61056935 -8.43546851 -7.00483586 -5.97597034 -5.04577011 -3.88864007 -3.51584861 -3.02294633 -2.53341289 -2.33997413 -2.14849691 
1.77651776 5.89121599 -1.83254386 0.62946166 -0.36170105 -0.04652178 -0.34363538 0.22705553 -0.11156751 -0.10434032 -0.16544355 -0.33678970 -0.61318776 
3.26763501 8.78446458 -3.80403294 1.83566084 -1.06274188 0.37351503 -0.59835399 0.38462751 -0.20848481 -0.03436363 -0.21762708 -0.29101122 -0.64864809 
4.08540447 12.70554670 -7.66696010 5.17332556 -3.76919974 2.51120647 -2.25451904 1.65247992 -1.17114476 0.70199893 -0.78170046 0.14501334 -0.98101447 
4.38537512 15.50456588 -11.28600655 9.20624095 -7.93371517 6.62041656 -6.17959471 5.31059692 -4.51300240 3.70518036 -3.43800408 2.45860101 -2.96167856 
4.35472352 15.28847407 -10.98030679 8.83609790 -7.52070263 6.18267529 -5.73266977 4.86746785 -4.08428977 3.29923807 -3.06135096 2.11597367 -2.65632611 
4.20039733 15.20852940 -10.86832124 8.70176944 -7.37215959 6.02658488 -5.57461404 4.71198894 -3.93500121 3.15888490 -2.93200177 1.99905563 -2.55275353 
3.89906232 13.40116692 -8.49791191 6.02875463 -4.58463469 3.25447814 -2.91043415 2.21753819 -1.64880234 1.10045042 -1.10980085 0.41213238 -1.19518290 
3.06856445 6.70904658 -2.31477114 0.88578519 -0.49091907 0.02392155 -0.38350738 0.25069301 -0.12509759 -0.09363461 -0.17379006 -0.32828797 -0.61991240 
1.05880283 3.41543159 -0.73192819 0.16209926 -0.16939850 -0.14808522 -0.28641529 0.19215055 -0.09429007 -0.12222014 -0.15184568 -0.35433477 -0.59946638 
0.17860796 -6.00826012 -1.46786277 -0.50973509 -0.29028143 -0.29896730 -0.28057100 0.13670002 -0.12074769 -0.17003210 -0.16512633 -0.39417967 -0.58416958 
1.42239394 10.36361828 -5.19362641 2.90509463 -1.83220129 0.91565019 -0.97407676 0.64309486 -0.38555514 0.09148261 -0.30897498 -0.22144151 -0.70047962 
2.22043008 12.19827421 -7.08901940 4.60496599 -3.25112000 2.05870490 -1.87134818 1.33525351 -0.91300379 0.49397714 -0.61572573 0.01355349 -0.87833163 
2.52656661 15.59068394 -11.40904586 9.35661410 -8.10300675 6.80136934 -6.36584427 5.49669506 -4.69437225 3.87810839 -3.59950433 2.60641264 -3.09417138 
2.28311275 12.68201387 -7.63962806 5.14594711 -3.74379397 2.48864008 -2.23509998 1.63615425 -1.15766522 0.69099507 -0.77281852 0.13790928 -0.97541421 
1.57114904 10.94714697 -5.76355525 3.38858873 -2.21389768 1.20728128 -1.19155367 0.80280658 -0.50168179 0.17685819 -0.37213650 -0.17385552 -0.73589640 
1.00544922 15.60999040 -11.43672330 9.39054849 -8.14132701 6.84244765 -6.40824168 5.53916935 -4.73587069 3.91776822 -3.63662521 2.64045763 -3.12474762 
1.00544922 15.60999040 -11.43672330 9.39054849 -8.14132701 6.84244765 -6.40824168 5.53916935 -4.73587069 3.91776822 -3.63662521 2.64045763 -3.12474762 
1.00544922 15.60999040 -11.43672330 9.39054849 -8.14132701 6.84244765 -6.40824168 5.53916935 -4.73587069 3.91776822 -3.63662521 2.64045763 -3.12474762 
0.45656535 6.87370870 -2.41900445 0.94476266 -0.52244509 0.04163934 -0.39371677 0.25678439 -0.12867599 -0.09093884 -0.17586183 -0.32630388 -0.62147563 
0.42487614 7.00240158 -2.50213673 0.99267077 -0.54850514 0.05643951 -0.40230429 0.26192638 -0.13171947 -0.08867408 -0.17759309 -0.32467555 -0.62275604 
1.56086362 10.75496406 -5.57247367 3.22373255 -2.08162894 1.10473900 -1.11404684 0.74517911 -0.45930278 0.14545130 -0.34876987 -0.19148816 -0.72274627 
1.94169741 15.60129851 -11.42425851 9.37526094 -8.12405835 6.82393075 -6.38912490 5.52001288 -4.71714968 3.89987246 -3.61987141 2.62508889 -3.11094207 
1.96433844 15.60149257 -11.42453673 9.37560207 -8.12444359 6.82434375 -6.38955118 5.52043996 -4.71756697 3.90027128 -3.62024471 2.62543128 -3.11124958 
1.98672603 15.60168021 -11.42480574 9.37593192 -8.12481611 6.82474310 -6.38996338 5.52085294 -4.71797048 3.90065693 -3.62060569 2.62576236 -3.11154695 
2.37094569 12.50153618 -7.43170045 4.93927937 -3.55346380 2.32079136 -2.09165617 1.51635696 -1.05937524 0.61121088 -0.70874846 0.08688860 -0.93536014 
2.39392668 12.88211432 -7.87365526 5.38195357 -3.96424194 2.68568464 -2.40569704 1.78041876 -1.27744991 0.78927935 -0.85252002 0.20191583 -1.02606624 
2.07385156 15.60237192 -11.42579747 9.37714797 -8.12618946 6.82621543 -6.39148313 5.52237556 -4.71945824 3.90207889 -3.62193671 2.62698317 -3.11264344 
2.09505257 15.60253136 -11.42602607 9.37742829 -8.12650605 6.82655485 -6.39183348 5.52272659 -4.71980123 3.90240671 -3.62224357 2.62726463 -3.11289624 
1.77474937 11.46432121 -6.29428821 3.86062947 -2.60405704 1.51818704 -1.43274753 0.98656728 -0.63993755 0.28112967 -0.45076911 -0.11411340 -0.78075868 
1.27705230 15.60999040 -11.43672330 9.39054849 -8.14132701 6.84244765 -6.40824168 5.53916935 -4.73587069 3.91776822 -3.63662521 2.64045763 -3.12474762 
1.27705230 15.60999040 -11.43672330 9.39054849 -8.14132701 6.84244765 -6.40824168 5.53916935 -4.73587069 3.91776822 -3.63662521 2.64045763 -3.12474762 
1.27705230 15.60999040 -11.43672330 9.39054849 -8.14132701 6.84244765 -6.40824168 5.53916935 -4.73587069 3.91776822 -3.63662521 2.64045763 -3.12474762 
0.78418636 8.22447799 -3.36459672 1.53256943 -0.86685197 0.24757221 -0.51790151 0.33305176 -0.17541089 -0.05748260 -0.20081191 -0.30452876 -0.63837651 
0.75807036 8.35688020 -3.46598294 1.60089690 -0.91002797 0.27483165 -0.53504889 0.34390844 -0.18228933 -0.05266599 -0.20433082 -0.30165143 -0.64057492 
1.24505162 15.60999040 -11.43672330 9.39054849 -8.14132701 6.84244765 -6.40824168 5.53916935 -4.73587069 3.91776822 -3.63662521 2.64045763 -3.12474762 
1.24505162 15.60999040 -11.43672330 9.39054849 -8.14132701 6.84244765 -6.40824168 5.53916935 -4.73587069 3.91776822 -3.63662521 2.64045763 -3.12474762 
1.76513017 11.29044819 -6.11316447 3.69722915 -2.46713774 1.40770134 -1.34601965 0.91976289 -0.58916256 0.24252962 -0.42147709 -0.13644890 -0.76392733 
2.11603121 15.60268585 -11.42624758 9.37769991 -8.12681281 6.82688373 -6.39217297 5.52306673 -4.72013359 3.90272438 -3.62254094 2.62753737 -3.11314122 
2.47700679 12.70241621 -7.66332128 5.16967773 -3.76581218 2.50819534 -2.25192608 1.65029855 -1.16934253 0.70052685 -0.78051163 0.14406204 -0.98026423 
3.00379224 13.47393789 -8.58742587 6.12352691 -4.67746421 3.34130296 -2.98897739 2.28682776 -1.70871540 1.15147651 -1.15262920 0.44760355 -1.22408865 
