11.06657623 0.14158777 -0.10367687 -0.01651540 -0.12492993 -0.19186451 -0.26102951 0.17332433 -0.09224457 -0.13541333 -0.14692639 -0.36910098 -0.58911712 
3.94190318 14.80976489 -10.31877123 8.05270204 -6.66500355 5.29395771 -4.84278803 4.00141629 -3.26115690 2.53276852 -2.36134242 1.48858854 -2.10499528 
4.17719378 14.91382214 -10.46072080 8.21872315 -6.84417049 5.47788604 -5.02489137 4.17671953 -3.42602966 2.68476279 -2.49883993 1.61071442 -2.21139632 
4.39441166 14.99781717 -10.57605264 8.35445673 -6.99153777 5.63004660 -5.17638520 4.32334231 -3.56464168 2.81317372 -2.61554338 1.71482492 -2.30247971 
4.49063264 15.60930927 -11.43574625 9.38934989 -8.13997277 6.84099521 -6.40674188 5.53766614 -4.73440137 3.91636342 -3.63530984 2.63925080 -3.12366339 
4.48425646 15.60930491 -11.43574000 9.38934223 -8.13996411 6.84098593 -6.40673229 5.53765652 -4.73439197 3.91635444 -3.63530143 2.63924309 -3.12365645 
4.47785988 15.60930052 -11.43573369 9.38933449 -8.13995537 6.84097655 -6.40672260 5.53764682 -4.73438249 3.91634537 -3.63529293 2.63923530 -3.12364946 
4.57822243 15.05811092 -10.65925355 8.45284160 -7.09884610 5.74133279 -5.28765391 4.43147303 -3.66726479 2.90859674 -2.70257134 1.79271916 -2.37084176 
4.67206616 15.60999040 -11.43672330 9.39054849 -8.14132701 6.84244765 -6.40824168 5.53916935 -4.73587069 3.91776822 -3.63662521 2.64045763 -3.12474762 
4.67206616 15.60999040 -11.43672330 9.39054849 -8.14132701 6.84244765 -6.40824168 5.53916935 -4.73587069 3.91776822 -3.63662521 2.64045763 -3.12474762 
4.67206616 15.60999040 -11.43672330 9.39054849 -8.14132701 6.84244765 -6.40824168 5.53916935 -4.73587069 3.91776822 -3.63662521 2.64045763 -3.12474762 
4.67206616 15.60999040 -11.43672330 9.39054849 -8.14132701 6.84244765 -6.40824168 5.53916935 -4.73587069 3.91776822 -3.63662521 2.64045763 -3.12474762 
4.67206616 15.60999040 -11.43672330 9.39054849 -8.14132701 6.84244765 -6.40824168 5.53916935 -4.73587069 3.91776822 -3.63662521 2.64045763 -3.12474762 
4.67206616 15.60999040 -11.43672330 9.39054849 -8.14132701 6.84244765 -6.40824168 5.53916935 -4.73587069 3.91776822 -3.63662521 2.64045763 -3.12474762 
4.57533002 15.02698861 -10.61626400 8.40195799 -7.04329621 5.68367292 -5.22995413 4.37535474 -3.61396323 2.85899818 -2.65730462 1.75217652 -2.33523816 
4.57212731 15.05520234 -10.65523201 8.44807721 -7.09364015 5.73592450 -5.28223743 4.42620085 -3.66225345 2.90393021 -2.69830948 1.78889963 -2.36748551 
4.56922656 15.02393299 -10.61204820 8.39697363 -7.03786065 5.67803674 -5.22431969 4.36987999 -3.60876807 2.85416816 -2.65290009 1.74823472 -2.33177914 
4.56601361 15.05227141 -10.65118038 8.44327807 -7.08839721 5.73047874 -5.27678434 4.42089391 -3.65720986 2.89923434 -2.69402144 1.78505715 -2.36410950 
4.56310447 15.02085403 -10.60780108 8.39195327 -7.03238689 5.67236200 -5.21864771 4.36436972 -3.60354006 2.84930836 -2.64846907 1.74426978 -2.32830026 
4.55988121 15.04931790 -10.64709836 8.43844387 -7.08311694 5.72499517 -5.27129436 4.41555193 -3.65213377 2.89450893 -2.68970702 1.78119155 -2.36071362 
4.55696362 15.01775148 -10.60352235 8.38689656 -7.02687457 5.66664837 -5.21293789 4.35882366 -3.59827897 2.84441858 -2.64401138 1.74028153 -2.32480141 
4.44556647 15.60927788 -11.43570122 9.38929466 -8.13991036 6.84092828 -6.40667276 5.53759687 -4.73433366 3.91629869 -3.63524923 2.63919520 -3.12361343 
4.54755984 15.04334222 -10.63884195 8.42866894 -7.07244306 5.71391334 -5.26020242 4.40476174 -3.64188310 2.88496858 -2.68099833 1.77339037 -2.35386170 
4.54462523 15.01147471 -10.59486882 8.37667275 -7.01573292 5.65510309 -5.20140348 4.34762301 -3.58765654 2.83454822 -2.63501526 1.73223452 -2.31774328 
4.43250168 15.60926851 -11.43568779 9.38927817 -8.13989174 6.84090831 -6.40665214 5.53757619 -4.73431345 3.91627937 -3.63523114 2.63917860 -3.12359852 
4.42593714 15.60926376 -11.43568097 9.38926981 -8.13988229 6.84089817 -6.40664167 5.53756570 -4.73430320 3.91626957 -3.63522196 2.63917018 -3.12359095 
4.52893466 15.03420356 -10.62622191 8.41373521 -7.05614373 5.69699878 -5.24327990 4.38830655 -3.62625703 2.87043091 -2.66773280 1.76151130 -2.34343150 
4.52597413 15.00187669 -10.58164364 8.36105588 -6.99872261 5.63748505 -5.18381021 4.33054647 -3.57146848 2.81951239 -2.62131647 1.71998544 -2.30700317 
4.41274307 15.60925411 -11.43566713 9.38925283 -8.13986311 6.84087760 -6.40662043 5.53754441 -4.73428239 3.91624967 -3.63520333 2.63915309 -3.12357560 
4.40611324 15.60924921 -11.43566010 9.38924421 -8.13985337 6.84086716 -6.40660965 5.53753361 -4.73427183 3.91623958 -3.63519388 2.63914442 -3.12356781 
4.28886701 14.83063016 -10.34715209 8.08580353 -6.70062995 5.33043637 -4.87881443 4.03601369 -3.29362024 2.56263018 -2.38829943 1.51248458 -2.12577528 
4.27767865 14.93429801 -10.48877404 8.25166954 -6.87986797 5.51467273 -5.06144786 4.21203632 -3.45935866 2.71558787 -2.52681060 1.63562991 -2.23316343 
4.37937197 15.60922913 -11.43563130 9.38920888 -8.13981345 6.84082434 -6.40656543 5.53748929 -4.73422851 3.91619817 -3.63515510 2.63910884 -3.12353585 
4.37263041 15.60922398 -11.43562391 9.38919982 -8.13980321 6.84081336 -6.40655410 5.53747793 -4.73421741 3.91618755 -3.63514516 2.63909972 -3.12352765 
4.25341122 14.80761426 -10.31584828 8.04929555 -6.66133995 5.29020916 -4.83908851 3.99786588 -3.25782762 2.52970792 -2.35858112 1.48614212 -2.10286897 
4.24201160 14.91379144 -10.46067876 8.21867382 -6.84411707 5.47783102 -5.02483674 4.17666677 -3.42597990 2.68471680 -2.49879822 1.61067728 -2.21136389 
4.34543461 15.60920286 -11.43559361 9.38916265 -8.13976122 6.84076832 -6.40650759 5.53743132 -4.73417185 3.91614399 -3.63510437 2.63906230 -3.12349404 
4.22458873 14.78848315 -10.28986647 8.01903704 -6.62882011 5.25695721 -4.80629252 3.96641118 -3.22834954 2.50262397 -2.33415879 1.46451559 -2.08408129 
4.21301430 14.89672845 -10.43733184 8.19128882 -6.81448112 5.44732609 -4.99455652 4.14744485 -3.39843117 2.65926264 -2.47572255 1.59014009 -2.19343677 
4.31786389 15.60918085 -11.43556204 9.38912392 -8.13971746 6.84072139 -6.40645913 5.53738275 -4.73412438 3.91609860 -3.63506188 2.63902331 -3.12345901 
4.31091141 15.60917520 -11.43555394 9.38911398 -8.13970624 6.84070935 -6.40644670 5.53737029 -4.73411220 3.91608696 -3.63505098 2.63901331 -3.12345002 
4.30393468 15.60916949 -11.43554576 9.38910394 -8.13969489 6.84069719 -6.40643414 5.53735770 -4.73409989 3.91607520 -3.63503996 2.63900321 -3.12344094 
4.29693353 15.60916373 -11.43553749 9.38909380 -8.13968343 6.84068489 -6.40642144 5.53734498 -4.73408746 3.91606331 -3.63502883 2.63899299 -3.12343177 
4.28990778 15.60915790 -11.43552913 9.38908354 -8.13967184 6.84067247 -6.40640861 5.53733212 -4.73407489 3.91605129 -3.63501758 2.63898267 -3.12342249 
4.28285727 15.60915201 -11.43552068 9.38907318 -8.13966014 6.84065992 -6.40639565 5.53731913 -4.73406219 3.91603915 -3.63500621 2.63897224 -3.12341312 
4.39347731 14.96379114 -10.52925148 8.29928585 -6.93154292 5.56800606 -5.11452589 4.26338751 -3.50788587 2.76052755 -2.56763903 1.67204091 -2.26500855 
4.39032185 14.92796813 -10.48009745 8.24147477 -6.86881692 5.50327955 -5.05012123 4.20108938 -3.44902387 2.70602600 -2.51813114 1.62789596 -2.22640465 
4.38679302 14.96013146 -10.52422432 8.29336702 -6.92511429 5.56136589 -5.10791246 4.25698455 -3.50183078 2.75491636 -2.56253795 1.66748904 -2.26102522 
4.38362764 14.92412876 -10.47483654 8.23529543 -6.86212073 5.49637820 -5.04326227 4.19446227 -3.44276908 2.70024053 -2.51288090 1.62321875 -2.22231812 
4.38008639 14.95644158 -10.51915696 8.28740231 -6.91863735 5.55467731 -5.10125227 4.25053766 -3.49573536 2.74926887 -2.55740480 1.66290932 -2.25701817 
4.37691102 14.92025790 -10.46953390 8.22906865 -6.85537481 5.48942725 -5.03635558 4.18779052 -3.43647350 2.69441848 -2.50759846 1.61851372 -2.21820796 
4.37335725 14.95272117 -10.51404898 8.28139125 -6.91211163 5.54793988 -5.09454491 4.24404648 -3.48959931 2.74358483 -2.55223936 1.65830158 -2.25298725 
4.37017184 14.91635520 -10.46418909 8.22279398 -6.84857870 5.48242625 -5.02940077 4.18107377 -3.43013680 2.68855960 -2.50228362 1.61378068 -2.21407406 
4.24722699 15.60912161 -11.43547707 9.38901969 -8.13959970 6.84059509 -6.40632872 5.53725205 -4.73399662 3.91597646 -3.63494751 2.63891839 -3.12336474 
4.12032183 14.71603413 -10.19178916 7.90516615 -6.50680269 5.13254830 -4.68392743 3.84936226 -3.11893584 2.40233962 -2.24393714 1.38479499 -2.01496807 
3.97142825 15.60541697 -11.43016380 9.38250254 -8.13223731 6.83269982 -6.39817698 5.52908273 -4.72601240 3.90834365 -3.62780128 2.63236253 -3.11747535 
3.95485386 15.60534065 -11.43005435 9.38236830 -8.13208568 6.83253724 -6.39800914 5.52891454 -4.72584804 3.90818653 -3.62765419 2.63222761 -3.11735414 
3.79946423 14.40703925 -9.77908315 7.43213338 -6.00620721 4.62820051 -4.19355342 3.38547628 -2.68991030 2.01305791 -1.89704808 1.08102268 -1.75385955 
3.77522522 14.64363214 -10.09427356 7.79249896 -6.38664535 5.01059162 -4.56450074 3.73560811 -3.01303527 2.30565023 -2.15726885 1.30847896 -1.94902466 
3.89573731 15.60505792 -11.42964892 9.38187107 -8.13152403 6.83193501 -6.39738741 5.52829153 -4.72523920 3.90760455 -3.62710935 2.63172782 -3.11690520 
3.73570587 14.34724190 -9.70026022 7.34292767 -5.91296366 4.53537074 -4.10433458 3.30201840 -2.61355563 1.94448529 -1.83653789 1.02852019 -1.70912768 
3.87593784 12.99284984 -8.00474825 5.51571096 -4.09061484 2.79987474 -2.50560202 1.86575837 -1.34899412 0.84849803 -0.90092793 0.24106504 -1.05725413 
3.98597462 14.61487598 -10.05568102 7.74806266 -6.33941233 4.96280432 -4.51784947 3.69130544 -2.97190985 2.26820426 -2.12379084 1.27907178 -1.92367365 
3.97284059 14.74120079 -10.22580181 7.94459308 -6.54898506 5.17549361 -4.72610653 3.88965289 -3.15654796 2.43676975 -2.27487518 1.41210105 -2.03861521 
4.21930161 14.86242525 -10.39047922 8.13642628 -6.75520695 5.38641035 -4.93418182 4.08926594 -3.34366093 2.60872439 -2.42996486 1.54946479 -2.15797134 
4.21587808 14.82169318 -10.33499098 8.07161400 -6.68535218 5.31478733 -4.86335388 4.02116126 -3.27967934 2.54980250 -2.37671606 1.50221362 -2.11684126 
4.08244320 15.60896603 -11.43525391 9.38874592 -8.13929040 6.84026338 -6.40598619 5.53690875 -4.73366108 3.91565566 -3.63464714 2.63864281 -3.12311717 
3.94468887 14.58194668 -10.01158427 7.69739495 -6.28566513 4.90853254 -4.46496803 3.64117795 -2.92545911 2.22597988 -2.08610046 1.24601377 -1.89521592 
3.93126336 14.71156977 -10.18576187 7.89818639 -6.49934236 5.12496010 -4.67648132 3.84225571 -3.11230727 2.39627664 -2.23849319 1.37999355 -2.01081282 
3.79102600 12.62234420 -7.57055272 5.07697349 -3.67998770 2.43213122 -2.18661002 1.59549936 -1.12418499 0.66372779 -0.75085594 0.12037503 -0.96161551 
3.41527900 15.59212056 -11.41110420 9.35913640 -8.10585359 6.80441959 -6.36899100 5.49984611 -4.69744960 3.88104823 -3.60225494 2.60893445 -3.09643550 
3.56478136 14.47043376 -9.86301733 7.52752751 -6.10633161 4.72827684 -4.29010768 3.47613263 -2.77314861 2.08806676 -1.96345135 1.13881319 -1.80323961 
3.54156269 14.15019889 -9.44291518 7.05426004 -5.61382267 4.24001484 -3.82273676 3.04063856 -2.37620001 1.73281842 -1.65100106 0.86854169 -1.57364000 
3.32613398 15.59046467 -11.40873171 9.35622916 -8.10257232 6.80090388 -6.36536410 5.49621426 -4.69390271 3.87765985 -3.59908467 2.60602791 -3.09382597 
3.29165293 15.58978403 -11.40775660 9.35503434 -8.10122386 6.79945918 -6.36387380 5.49472202 -4.69244545 3.87626778 -3.59778228 2.60483391 -3.09275403 
3.45068265 14.36638186 -9.72545309 7.37139897 -5.94268301 4.56491928 -4.13269746 3.32851705 -2.63777004 1.96620721 -1.85568530 1.04511694 -1.72325438 
3.75577637 14.57705126 -10.00503743 7.68988224 -6.27770576 4.90050515 -4.45715538 3.63378050 -2.91861167 2.21976185 -2.08055552 1.24115481 -1.89103679 
3.74303028 14.40794582 -9.78028077 7.43349158 -6.00762979 4.62961954 -4.19491984 3.38675681 -2.69108390 2.01411366 -1.89798117 1.08183349 -1.75455134 
3.72808008 14.55437200 -9.97473721 7.65514436 -6.24093617 4.86345375 -4.42112577 3.59969360 -2.88708407 2.19115363 -2.05506223 1.21883026 -1.87184799 
3.85968669 15.60871053 -11.43488743 9.38829637 -8.13878250 6.83971867 -6.40542375 5.53634505 -4.73311011 3.91512890 -3.63415393 2.63819032 -3.12271065 
3.85094036 15.60869929 -11.43487131 9.38827660 -8.13876016 6.83969471 -6.40539901 5.53632025 -4.73308587 3.91510573 -3.63413224 2.63817042 -3.12269277 
3.69638284 14.36445471 -9.72291492 7.36852880 -5.93968529 4.56193713 -4.12983342 3.32583987 -2.63532241 1.96401048 -1.85374805 1.04343705 -1.72182392 
3.50926983 15.60273628 -11.42631989 9.37778858 -8.12691296 6.82699110 -6.39228380 5.52317777 -4.72024209 3.90282809 -3.62263801 2.62762641 -3.11322119 
3.48836429 15.60258339 -11.42610068 9.37751978 -8.12660937 6.82666562 -6.39194783 5.52284115 -4.71991318 3.90251371 -3.62234373 2.62735649 -3.11297875 
3.46723792 15.60242563 -11.42587448 9.37724240 -8.12629610 6.82632977 -6.39160115 5.52249381 -4.71957378 3.90218932 -3.62204008 2.62707798 -3.11272860 
3.26923812 13.83311559 -9.03646639 6.60646820 -5.15783359 3.79729631 -3.40745775 2.66119496 -2.03681302 1.43445475 -1.39297862 0.64885330 -1.38981507 
3.01880835 15.58349829 -11.39875337 9.34400491 -8.08877875 6.78612831 -6.35012467 5.48095731 -4.67900567 3.86343126 -3.58577440 2.59382693 -3.08287352 
2.97854261 15.58241924 -11.39720818 9.34211240 -8.08664377 6.78384184 -6.34776691 5.47859732 -4.67670179 3.86123115 -3.58371664 2.59194096 -3.08118079 
2.93744961 15.58127310 -11.39556704 9.34010249 -8.08437652 6.78141386 -6.34526338 5.47609154 -4.67425572 3.85889537 -3.58153208 2.58993888 -3.07938392 
3.12723446 14.02901488 -9.28646209 6.88070702 -5.43591367 4.06618156 -3.65867298 2.88984255 -2.24055522 1.61293283 -1.54680372 0.77941021 -1.49872666 
3.28967769 15.60096000 -11.42377320 9.37466589 -8.12338636 6.82321037 -6.38838135 5.51926796 -4.71642184 3.89917685 -3.61922031 2.62449172 -3.11040573 
3.07348528 13.57330393 -8.71044892 6.25459426 -4.80663150 3.46282499 -3.09953485 2.38489720 -1.79396323 1.22443801 -1.21415188 0.49877338 -1.26595599 
3.03756474 13.92359710 -9.15148650 6.73216945 -5.28482825 3.91965777 -3.52138467 2.76454089 -2.12860463 1.51461906 -1.46187049 0.70716671 -1.43833479 
3.00821893 13.48035988 -8.59534905 6.13193969 -4.68572771 3.34905275 -2.99600627 2.29304415 -1.71410357 1.15607579 -1.15649769 0.45081366 -1.22670939 
2.97098707 13.84178135 -9.04744910 6.61843587 -5.16989004 3.80888115 -3.41821538 2.67092837 -2.04543675 1.44196851 -1.39942158 0.65429573 -1.39433455 
2.94078284 13.38087604 -8.47304021 6.00251119 -4.55901437 3.23059119 -2.88889218 2.19859084 -1.63246597 1.08657434 -1.09818310 0.40253228 -1.18737671 
2.63953943 15.57142754 -11.38147431 9.32284889 -8.06491989 6.76058419 -6.32379171 5.45460657 -4.65328811 3.83887809 -3.56281507 2.57278894 -3.06399499 
2.59076378 15.56952437 -11.37875118 9.31951618 -8.06116292 6.75656339 -6.31964826 5.45046177 -4.64924425 3.83501852 -3.55920710 2.56948381 -3.06102989 
2.26878706 12.06073549 -6.93636673 4.45859767 -3.12097037 1.94767896 -1.77944943 1.26081624 -0.85368172 0.44704804 -0.57889378 -0.01522510 -0.85613979 
2.18951162 12.75244108 -7.72157677 5.22818175 -3.82023674 2.55665250 -2.29372083 1.68551322 -1.19847944 0.72435782 -0.79978057 0.15949709 -0.99244930 
2.13106430 11.75463921 -6.60280599 4.14434891 -2.84628617 1.71709320 -1.59149881 1.11078494 -0.73575395 0.35485685 -0.50727759 -0.07073824 -0.81365157 
2.04527480 12.48032668 -7.40746087 4.91537314 -3.53161405 2.30166122 -2.07542119 1.50288890 -1.04839565 0.60234956 -0.70166924 0.08127607 -0.93097236 
1.98355438 11.40463051 -6.23180051 3.80398945 -2.55637820 1.47954938 -1.40229611 0.96302266 -0.62197916 0.26743865 -0.44035571 -0.12206520 -0.77475817 
1.89013461 12.16577293 -7.05279119 4.57008548 -3.21997963 2.03203951 -1.84919654 1.31724886 -0.89860824 0.48255659 -0.60674009 0.00651865 -0.87289678 
2.48359591 13.14330682 -8.18467619 5.70109718 -4.26744455 2.96111945 -2.64792395 1.98836820 -1.45262426 0.93491758 -0.97205846 0.29894385 -1.10363181 
2.44654128 12.53669873 -7.47197715 4.97908856 -3.58992570 2.35277918 -2.11885561 1.53896278 -1.07783689 0.62613437 -0.72068764 0.09636559 -0.94277750 
2.04546307 15.54081138 -11.33770806 9.26933207 -8.00464045 6.69612255 -6.25741374 5.38825458 -4.58859610 3.77717397 -3.50516825 2.52001077 -3.01667190 
1.97954095 15.53620437 -11.33112977 9.26129684 -7.99559913 6.68646333 -6.24747661 5.37833014 -4.57892809 3.76795982 -3.49656640 2.51214093 -3.00962014 
2.28485654 12.80361280 -7.78140550 5.28849680 -3.87655668 2.60697641 -2.33727538 1.72233229 -1.22904039 0.74942520 -0.82010216 0.17581232 -1.00535693 
2.00690450 7.32789677 -2.71893320 1.12115079 -0.62029081 0.09791080 -0.42665536 0.27660790 -0.14051074 -0.08224074 -0.18246852 -0.32021369 -0.62625151 
1.36960757 10.92907103 -5.74544137 3.37284354 -2.20117293 1.19735074 -1.18400091 0.79715857 -0.49750604 0.17375134 -0.36981825 -0.17560698 -0.73458851 
1.29248370 9.42330796 -4.33939765 2.22843380 -1.33216854 0.55544989 -0.71960939 0.46516335 -0.26187488 0.00306177 -0.24467602 -0.27004460 -0.66437232 
0.40401614 15.06067773 -10.66280321 8.45704772 -7.10344282 5.74610897 -5.29243807 4.43613046 -3.67169245 2.91272032 -2.70633782 1.79609514 -2.37380862 
1.01680779 9.91252976 -4.77397142 2.56525300 -1.57576329 0.72755660 -0.83902993 0.54731014 -0.31811293 0.04293804 -0.27355462 -0.24811977 -0.68068170 
1.38569540 15.47875061 -11.24925721 9.16148125 -7.88348911 6.56689766 -6.12467294 5.25587545 -4.45981521 3.65459780 -3.39087762 2.41556614 -2.92318573 
1.29342050 15.46660699 -11.23199155 9.14047674 -7.85994576 6.54183747 -6.09898202 5.23030310 -4.43498283 3.63100208 -3.36891219 2.39552326 -2.90527131 
1.19668410 15.45272286 -11.21226808 9.11650150 -7.83309327 6.51327587 -6.06972206 5.20119765 -4.40673759 3.60417956 -3.34395705 2.37276447 -2.88493961 
2.12468004 8.40013689 -3.49944366 1.62366083 -0.92454325 0.28406136 -0.54088918 0.34762343 -0.18465380 -0.05101210 -0.20553674 -0.30067225 -0.64132145 
2.33433720 12.42977090 -7.34984831 4.85871002 -3.47996495 2.25655646 -2.03723682 1.47128699 -1.02269063 0.58164527 -0.68515846 0.06820579 -0.92076880 
2.30200371 12.71690332 -7.68016834 5.18657380 -3.78150935 2.52215382 -2.26395078 1.66041828 -1.17770633 0.70736066 -0.78603215 0.14848063 -0.98374981 
2.55184660 15.60526240 -11.42994214 9.38223069 -8.13193024 6.83237056 -6.39783706 5.52874211 -4.72567953 3.90802545 -3.62750339 2.63208928 -3.11722989 
2.53499286 15.60518216 -11.42982708 9.38208957 -8.13177084 6.83219965 -6.39766061 5.52856530 -4.72550674 3.90786028 -3.62734876 2.63194744 -3.11710247 
2.23985770 12.23864798 -7.13415688 4.64854899 -3.29013855 2.09220463 -1.89924786 1.35798504 -0.93122048 0.50845822 -0.62713956 0.02250214 -0.88525431 
2.20575691 12.53574373 -7.47088176 4.97800446 -3.58893148 2.35190589 -2.11811218 1.53834421 -1.07733118 0.62572518 -0.72036000 0.09610533 -0.94257366 
1.93699128 7.15481579 -2.60248601 1.05151104 -0.58104538 0.07511234 -0.41321616 0.26848626 -0.13562986 -0.08579507 -0.17978234 -0.32265101 -0.62434454 
1.30823701 10.57700810 -5.39849720 3.07603598 -1.96497119 1.01558493 -1.04755719 0.69635380 -0.42380839 0.11936459 -0.32947779 -0.20601684 -0.71193657 
1.25236668 9.47521778 -4.38449612 2.26265358 -1.35640995 0.57226928 -0.73108937 0.47294545 -0.26713120 0.00676661 -0.24735351 -0.26799845 -0.66589827 
0.39475760 15.27756439 -10.96498916 8.81768370 -7.50029676 6.16118938 -5.71087123 4.84598494 -4.06362569 3.27977832 -3.04338856 2.09971342 -2.64190161 
0.24106343 15.22803527 -10.89558926 8.73441459 -7.40819199 6.06438069 -5.61282022 4.74951049 -3.97097223 3.19265265 -2.96307822 2.02710820 -2.57757282 
0.94517462 9.46851626 -4.37866043 2.25821587 -1.35325961 0.57007949 -0.72959230 0.47192916 -0.26644387 0.00628191 -0.24700317 -0.26826598 -0.66569882 
1.35002184 15.54821278 -11.34828054 9.28225083 -8.01918186 6.71166288 -6.27340627 5.40423152 -4.60416469 3.79201575 -3.51902728 2.53269345 -3.02803876 
1.28785569 15.54433082 -11.34273475 9.27547357 -8.01155257 6.70350870 -6.26501403 5.39584672 -4.59599351 3.78422542 -3.51175225 2.52603545 -3.02207113 
1.74375059 11.54099697 -6.37502946 3.93422858 -2.66635292 1.56892869 -1.47293321 1.01778100 -0.66384809 0.29942246 -0.46472263 -0.10343821 -0.78882872 
2.05959165 15.60226277 -11.42564098 9.37695608 -8.12597274 6.82598309 -6.39124330 5.52213528 -4.71922345 3.90185448 -3.62172665 2.62679050 -3.11247039 
2.39224391 12.76695026 -7.73851613 5.24523507 -3.83613887 2.57084325 -2.30598735 1.69587031 -1.20706625 0.73139373 -0.80547900 0.16406829 -0.99606291 
2.64741032 15.60999040 -11.43672330 9.39054849 -8.14132701 6.84244765 -6.40824168 5.53916935 -4.73587069 3.91776822 -3.63662521 2.64045763 -3.12474762 
2.38460151 12.64048226 -7.59151534 5.09787202 -3.69929059 2.44920125 -2.20123687 1.60774600 -1.13425719 0.67192122 -0.75744833 0.12563335 -0.96574998 
2.37418444 12.73404935 -7.70013234 5.20661998 -3.80015497 2.53875270 -2.27826551 1.67247772 -1.18768314 0.71551971 -0.79262859 0.15376411 -0.98792044 
2.63134598 15.60999040 -11.43672330 9.39054849 -8.14132701 6.84244765 -6.40824168 5.53916935 -4.73587069 3.91776822 -3.63662521 2.64045763 -3.12474762 
2.36648699 12.60635373 -7.55209713 5.05859831 -3.66303710 2.41715952 -2.17379614 1.58478269 -1.11538052 0.65657251 -0.74510384 0.11579037 -0.95801326 
2.35596414 12.70055804 -7.66116182 5.16751333 -3.76380258 2.50640937 -2.25038838 1.64900516 -1.16827410 0.69965428 -0.77980704 0.14349830 -0.97981967 
2.61515156 15.60999040 -11.43672330 9.39054849 -8.14132701 6.84244765 -6.40824168 5.53916935 -4.73587069 3.91776822 -3.63662521 2.64045763 -3.12474762 
2.61515156 15.60999040 -11.43672330 9.39054849 -8.14132701 6.84244765 -6.40824168 5.53916935 -4.73587069 3.91776822 -3.63662521 2.64045763 -3.12474762 
2.34821092 12.57161478 -7.51208347 5.01883630 -3.62642717 2.38488174 -2.14621832 1.56175680 -1.09649322 0.64124491 -0.73279790 0.10599283 -0.95032318 
2.33758019 12.66646136 -7.62159257 5.12790788 -3.72707882 2.47381355 -2.22235831 1.62545600 -1.14884286 0.68380100 -0.76701752 0.13327348 -0.97176270 
2.59882494 15.60999040 -11.43672330 9.39054849 -8.14132701 6.84244765 -6.40824168 5.53916935 -4.73587069 3.91776822 -3.63662521 2.64045763 -3.12474762 
2.59882494 15.60999040 -11.43672330 9.39054849 -8.14132701 6.84244765 -6.40824168 5.53916935 -4.73587069 3.91776822 -3.63662521 2.64045763 -3.12474762 
2.59882494 15.60999040 -11.43672330 9.39054849 -8.14132701 6.84244765 -6.40824168 5.53916935 -4.73587069 3.91776822 -3.63662521 2.64045763 -3.12474762 
2.59882494 15.60999040 -11.43672330 9.39054849 -8.14132701 6.84244765 -6.40824168 5.53916935 -4.73587069 3.91776822 -3.63662521 2.64045763 -3.12474762 
2.59882494 15.60999040 -11.43672330 9.39054849 -8.14132701 6.84244765 -6.40824168 5.53916935 -4.73587069 3.91776822 -3.63662521 2.64045763 -3.12474762 
2.59882494 15.60999040 -11.43672330 9.39054849 -8.14132701 6.84244765 -6.40824168 5.53916935 -4.73587069 3.91776822 -3.63662521 2.64045763 -3.12474762 
2.59882494 15.60999040 -11.43672330 9.39054849 -8.14132701 6.84244765 -6.40824168 5.53916935 -4.73587069 3.91776822 -3.63662521 2.64045763 -3.12474762 
2.59882494 15.60999040 -11.43672330 9.39054849 -8.14132701 6.84244765 -6.40824168 5.53916935 -4.73587069 3.91776822 -3.63662521 2.64045763 -3.12474762 
2.32977048 12.53624993 -7.47146237 4.97857908 -3.58945845 2.35236876 -2.11850621 1.53867205 -1.07759921 0.62594205 -0.72053364 0.09624326 -0.94268170 
2.31902970 12.63174379 -7.58141231 5.08779626 -3.68998087 2.44096569 -2.19417777 1.60183381 -1.12939330 0.66796355 -0.75426324 0.12309229 -0.96375163 
2.58236394 15.60999040 -11.43672330 9.39054849 -8.14132701 6.84244765 -6.40824168 5.53916935 -4.73587069 3.91776822 -3.63662521 2.64045763 -3.12474762 
2.58236394 15.60999040 -11.43672330 9.39054849 -8.14132701 6.84244765 -6.40824168 5.53916935 -4.73587069 3.91776822 -3.63662521 2.64045763 -3.12474762 
2.31116277 12.50024318 -7.43022156 4.93781969 -3.55212869 2.31962159 -2.09066276 1.51553231 -1.05870254 0.61066767 -0.70831427 0.08654422 -0.93509081 
2.30030971 12.59638934 -7.54060845 5.04717105 -3.65250599 2.40786642 -2.16584949 1.57814230 -1.10992944 0.65214573 -0.74154752 0.11295744 -0.95578857 
2.29238481 12.46357798 -7.38834844 4.89655113 -3.51443574 2.28664144 -2.06269114 1.49234164 -1.03980743 0.59542561 -0.69614304 0.07689832 -0.92755251 
1.90338333 15.60096000 -11.42377320 9.37466589 -8.12338636 6.82321037 -6.38838135 5.51926796 -4.71642184 3.89917685 -3.61922031 2.62449172 -3.11040573 
2.26234897 12.52370291 -7.45707801 4.96434980 -3.57641500 2.34091697 -2.10876144 1.53056727 -1.07097572 0.62058470 -0.71624529 0.09283771 -0.94001511 
2.25430584 12.38820322 -7.30265343 4.81245813 -3.43795228 2.21998794 -2.00637712 1.44582465 -1.00203943 0.56505439 -0.67195840 0.05777649 -0.91264178 
2.24310188 12.48633608 -7.41432462 4.92213853 -3.53779392 2.30706895 -2.08000811 1.50669217 -1.05149471 0.60484966 -0.70366578 0.08285845 -0.93220906 
2.51513072 15.60999040 -11.43672330 9.39054849 -8.14132701 6.84244765 -6.40824168 5.53916935 -4.73587069 3.91776822 -3.63662521 2.64045763 -3.12474762 
2.23499847 12.34945766 -7.25880481 4.76961940 -3.39915809 2.18631798 -1.97804212 1.42250740 -0.98317570 0.54993344 -0.65995185 0.04830593 -0.90527341 
2.22367261 12.44826258 -7.37089403 4.87938324 -3.49878601 2.27297385 -2.05111991 1.48276463 -1.03201710 0.58915057 -0.69113877 0.07293672 -0.92445972 
2.49796323 15.60999040 -11.43672330 9.39054849 -8.14132701 6.84244765 -6.40824168 5.53916935 -4.73587069 3.91776822 -3.63662521 2.64045763 -3.12474762 
2.49796323 15.60999040 -11.43672330 9.39054849 -8.14132701 6.84244765 -6.40824168 5.53916935 -4.73587069 3.91776822 -3.63662521 2.64045763 -3.12474762 
2.49796323 15.60999040 -11.43672330 9.39054849 -8.14132701 6.84244765 -6.40824168 5.53916935 -4.73587069 3.91776822 -3.63662521 2.64045763 -3.12474762 
2.49796323 15.60999040 -11.43672330 9.39054849 -8.14132701 6.84244765 -6.40824168 5.53916935 -4.73587069 3.91776822 -3.63662521 2.64045763 -3.12474762 
2.49796323 15.60999040 -11.43672330 9.39054849 -8.14132701 6.84244765 -6.40824168 5.53916935 -4.73587069 3.91776822 -3.63662521 2.64045763 -3.12474762 
2.21550815 12.30998158 -7.21427040 4.72624290 -3.35999340 2.15242186 -1.94959380 1.39915737 -0.96433186 0.53486124 -0.64800716 0.03889923 -0.89796576 
1.80831928 15.60006225 -11.42248617 9.37308789 -8.12160440 6.82130013 -6.38640976 5.51729277 -4.71449202 3.89733252 -3.61749403 2.62290848 -3.10898379 
2.18425395 12.36991889 -7.28194385 4.79220944 -3.41960113 2.20404907 -1.99295429 1.43477139 -0.99309158 0.55787783 -0.66625709 0.05327751 -0.90914006 
2.17596494 12.22875873 -7.12308707 4.63784763 -3.28054678 2.08396046 -1.89237459 1.35237934 -0.92672386 0.50488071 -0.62431772 0.02028845 -0.88354083 
1.75903735 15.59956237 -11.42176958 9.37220933 -8.12061232 6.82023668 -6.38531218 5.51619324 -4.71341778 3.89630589 -3.61653315 2.62202723 -3.10819235 
2.14406480 12.28851158 -7.19010899 4.70276559 -3.33884482 2.13415840 -1.93429797 1.38662808 -0.95423991 0.52680289 -0.64163053 0.03388371 -0.89407398 
2.42778059 15.60999040 -11.43672330 9.39054849 -8.14132701 6.84244765 -6.40824168 5.53916935 -4.73587069 3.91776822 -3.63662521 2.64045763 -3.12474762 
2.42778059 15.60999040 -11.43672330 9.39054849 -8.14132701 6.84244765 -6.40824168 5.53916935 -4.73587069 3.91776822 -3.63662521 2.64045763 -3.12474762 
2.42778059 15.60999040 -11.43672330 9.39054849 -8.14132701 6.84244765 -6.40824168 5.53916935 -4.73587069 3.91776822 -3.63662521 2.64045763 -3.12474762 
2.42778059 15.60999040 -11.43672330 9.39054849 -8.14132701 6.84244765 -6.40824168 5.53916935 -4.73587069 3.91776822 -3.63662521 2.64045763 -3.12474762 
2.42778059 15.60999040 -11.43672330 9.39054849 -8.14132701 6.84244765 -6.40824168 5.53916935 -4.73587069 3.91776822 -3.63662521 2.64045763 -3.12474762 
2.42778059 15.60999040 -11.43672330 9.39054849 -8.14132701 6.84244765 -6.40824168 5.53916935 -4.73587069 3.91776822 -3.63662521 2.64045763 -3.12474762 
2.13564796 12.14436916 -7.02898558 4.54721405 -3.19960288 2.01462504 -1.83475700 1.30553355 -0.88925721 0.47514905 -0.60091947 0.00196645 -0.86938340 
1.30388592 9.82592384 -4.69548306 2.50326441 -1.53011545 0.69479612 -0.81597592 0.53125335 -0.30699520 0.03501203 -0.26780170 -0.25246763 -0.67745287 
0.52915957 15.47287770 -11.24090546 9.15131898 -7.87209640 6.55476882 -6.11223674 5.24349466 -4.44779083 3.64317059 -3.38023850 2.40585698 -2.91450659 
-0.18423980 2.79184917 -0.53970044 0.10076210 -0.15053811 -0.15992869 -0.27928822 0.18737586 -0.09275752 -0.12512643 -0.15005238 -0.35763202 -0.59699082 
-3.52797706 9.96034564 -4.81759274 2.59992105 -1.60144798 0.74608898 -0.85213531 0.55647794 -0.32448626 0.04749145 -0.27686313 -0.24562220 -0.68253579 
-0.61664885 1.91047448 -0.32626030 0.04113473 -0.13483973 -0.17270853 -0.27148148 0.18185517 -0.09165668 -0.12877246 -0.14827164 -0.36182551 -0.59394561 
-0.62928296 -0.72810512 -0.09494429 -0.03217325 -0.12537823 -0.20017977 -0.25784780 0.16976645 -0.09363578 -0.13872199 -0.14724370 -0.37233530 -0.58727054 
-4.86915099 4.31277467 -1.06852478 0.28542147 -0.21302270 -0.12419372 -0.30025947 0.20097678 -0.09797961 -0.11725710 -0.15537106 -0.34895752 -0.60360416 
-1.13788214 -2.95958921 -0.37627283 -0.10773069 -0.14242131 -0.22321702 -0.25552466 0.16047924 -0.10032405 -0.14860630 -0.15101711 -0.38042501 -0.58401665 
0.59639641 7.97555634 -3.17819621 1.40952625 -0.79063137 0.20018325 -0.48846444 0.31459462 -0.16383066 -0.06561968 -0.19483830 -0.30949261 -0.63456613 
1.08280130 15.58954924 -11.40742024 9.35462221 -8.10075875 6.79896088 -6.36335979 5.49420735 -4.69194286 3.87578768 -3.59733312 2.60442214 -3.09238436 
2.10552355 8.09034344 -3.26346980 1.46539704 -0.82499260 0.22142854 -0.50160191 0.32280326 -0.16896256 -0.06200813 -0.19749467 -0.30727171 -0.63627384 
2.88194194 13.37874189 -8.47042648 5.99975557 -4.55632633 3.22808693 -2.88663544 2.19660734 -1.63075698 1.08512366 -1.09696924 0.40152978 -1.18656197 
3.52713075 12.02896055 -6.90134487 4.42524228 -3.09150480 1.92269801 -1.75889460 1.24426115 -0.84055911 0.43671529 -0.57081728 -0.02151526 -0.85130406 
4.13547476 13.07835303 -8.10674326 5.62054526 -4.19037311 2.89063386 -2.58553338 1.93447206 -1.40695204 0.89673923 -0.94056512 0.27326731 -1.08301900 
