8.75096863 0.83014733 -0.15767424 -0.00072106 -0.12656474 -0.18497033 -0.26441820 0.17636374 -0.09163262 -0.13286194 -0.14712318 -0.36640873 -0.59081524 
3.56141720 14.46747101 -9.85908618 7.52305034 -6.10162296 4.72356133 -4.28554960 3.47184521 -2.76920514 2.08450730 -1.96029532 1.13606246 -1.80088590 
3.40613881 15.60195023 -11.42519288 9.37640662 -8.12535220 6.82531783 -6.39055661 5.52144728 -4.71855121 3.90121197 -3.62112523 2.62623888 -3.11197494 
3.42791697 15.60212300 -11.42544059 9.37671037 -8.12569524 6.82568559 -6.39093621 5.52182760 -4.71892282 3.90156715 -3.62145769 2.62654381 -3.11224882 
3.27083675 14.11718516 -9.40015624 7.00668110 -5.56490298 4.19207799 -3.77736756 2.99882573 -2.33849060 1.69940848 -1.62189594 0.84359104 -1.55262611 
3.07549181 15.60718802 -11.43270372 9.38561777 -8.13575637 6.83647340 -6.40207294 5.53298690 -4.72982794 3.91199110 -3.63121607 2.63549510 -3.12028936 
3.08836726 15.60722384 -11.43275509 9.38568078 -8.13582756 6.83654973 -6.40215175 5.53306589 -4.72990514 3.91206490 -3.63128517 2.63555849 -3.12034630 
3.10116035 15.60725897 -11.43280549 9.38574259 -8.13589739 6.83662462 -6.40222907 5.53314337 -4.72998086 3.91213729 -3.63135295 2.63562066 -3.12040216 
2.90369529 13.58400917 -8.72375770 6.26882981 -4.82071520 3.47612443 -3.11167798 2.39570625 -1.80339057 1.23253184 -1.22099672 0.50448167 -1.27063850 
2.91148253 13.50890208 -8.63060958 6.16942676 -4.72259526 3.38366953 -3.02743915 2.32087463 -1.73825210 1.17670928 -1.17386894 0.46524086 -1.23849747 
3.12650362 15.60732727 -11.43290344 9.38586274 -8.13603311 6.83677017 -6.40237935 5.53329397 -4.73012805 3.91227800 -3.63148469 2.63574152 -3.12051073 
2.93147252 13.62242870 -8.77160886 6.32010405 -4.87153047 3.52418989 -3.15563527 2.43489536 -1.83762160 1.26196213 -1.24591835 0.52529044 -1.28772776 
2.93914285 13.54827028 -8.67936870 6.22139265 -4.77382542 3.43188316 -3.07131635 2.35980735 -1.77210443 1.20569029 -1.19831231 0.48557549 -1.25513884 
2.94521961 13.64123002 -8.79507586 6.34530171 -4.89655289 3.54790398 -3.17736317 2.45430147 -1.85460208 1.27658497 -1.25831995 0.53565998 -1.29625524 
2.43800310 12.73935279 -7.70631287 5.21283124 -3.80593708 2.54390418 -2.28271149 1.67622600 -1.19078628 0.71805907 -0.79468279 0.15541026 -0.98922048 
2.42789130 12.83103848 -7.81356994 5.32101922 -3.90701310 2.63426558 -2.36095677 1.74240287 -1.24574045 0.76315377 -0.83125421 0.18478164 -1.01246484 
2.67915702 15.60999040 -11.43672330 9.39054849 -8.14132701 6.84244765 -6.40824168 5.53916935 -4.73587069 3.91776822 -3.63662521 2.64045763 -3.12474762 
2.67915702 15.60999040 -11.43672330 9.39054849 -8.14132701 6.84244765 -6.40824168 5.53916935 -4.73587069 3.91776822 -3.63662521 2.64045763 -3.12474762 
2.67915702 15.60999040 -11.43672330 9.39054849 -8.14132701 6.84244765 -6.40824168 5.53916935 -4.73587069 3.91776822 -3.63662521 2.64045763 -3.12474762 
2.67915702 15.60999040 -11.43672330 9.39054849 -8.14132701 6.84244765 -6.40824168 5.53916935 -4.73587069 3.91776822 -3.63662521 2.64045763 -3.12474762 
2.42035691 12.70696751 -7.66861192 5.17498176 -3.77073803 2.51257404 -2.25569688 1.65347095 -1.17196365 0.70266789 -0.78224077 0.14544573 -0.98135551 
2.41014531 12.79927529 -7.77632486 5.28336579 -3.87175724 2.60268088 -2.33355176 1.71917971 -1.22641984 0.74727287 -0.81835521 0.17440831 -1.00424505 
2.40255726 12.67401535 -7.63034979 5.13666425 -3.73519006 2.48100627 -2.22853792 1.63064321 -1.15311944 0.68728749 -0.76982831 0.13551929 -0.97353137 
2.39224391 12.76695026 -7.73851613 5.24523507 -3.83613887 2.57084325 -2.30598735 1.69587031 -1.20706625 0.73139373 -0.80547900 0.16406829 -0.99606291 
2.64741032 15.60999040 -11.43672330 9.39054849 -8.14132701 6.84244765 -6.40824168 5.53916935 -4.73587069 3.91776822 -3.63662521 2.64045763 -3.12474762 
2.38460151 12.64048226 -7.59151534 5.09787202 -3.69929059 2.44920125 -2.20123687 1.60774600 -1.13425719 0.67192122 -0.75744833 0.12563335 -0.96574998 
2.01619159 15.60192088 -11.42515080 9.37635503 -8.12529393 6.82525536 -6.39049213 5.52138268 -4.71848809 3.90115164 -3.62106876 2.62618708 -3.11192842 
2.35596414 12.70055804 -7.66116182 5.16751333 -3.76380258 2.50640937 -2.25038838 1.64900516 -1.16827410 0.69965428 -0.77980704 0.14349830 -0.97981967 
2.34821092 12.57161478 -7.51208347 5.01883630 -3.62642717 2.38488174 -2.14621832 1.56175680 -1.09649322 0.64124491 -0.73279790 0.10599283 -0.95032318 
1.97182884 15.60155582 -11.42462740 9.37571325 -8.12456915 6.82447835 -6.38969012 5.52057916 -4.71770297 3.90040127 -3.62036638 2.62554287 -3.11134981 
2.31902970 12.63174379 -7.58141231 5.08779626 -3.68998087 2.44096569 -2.19417777 1.60183381 -1.12939330 0.66796355 -0.75426324 0.12309229 -0.96375163 
2.58236394 15.60999040 -11.43672330 9.39054849 -8.14132701 6.84244765 -6.40824168 5.53916935 -4.73587069 3.91776822 -3.63662521 2.64045763 -3.12474762 
2.31116277 12.50024318 -7.43022156 4.93781969 -3.55212869 2.31962159 -2.09066276 1.51553231 -1.05870254 0.61066767 -0.70831427 0.08654422 -0.93509081 
2.30030971 12.59638934 -7.54060845 5.04717105 -3.65250599 2.40786642 -2.16584949 1.57814230 -1.10992944 0.65214573 -0.74154752 0.11295744 -0.95578857 
2.56576633 15.60999040 -11.43672330 9.39054849 -8.14132701 6.84244765 -6.40824168 5.53916935 -4.73587069 3.91776822 -3.63662521 2.64045763 -3.12474762 
2.29238481 12.46357798 -7.38834844 4.89655113 -3.51443574 2.28664144 -2.06269114 1.49234164 -1.03980743 0.59542561 -0.69614304 0.07689832 -0.92755251 
1.90338333 15.60096000 -11.42377320 9.37466589 -8.12338636 6.82321037 -6.38838135 5.51926796 -4.71642184 3.89917685 -3.61922031 2.62449172 -3.11040573 
2.26234897 12.52370291 -7.45707801 4.96434980 -3.57641500 2.34091697 -2.10876144 1.53056727 -1.07097572 0.62058470 -0.71624529 0.09283771 -0.94001511 
2.53215209 15.60999040 -11.43672330 9.39054849 -8.14132701 6.84244765 -6.40824168 5.53916935 -4.73587069 3.91776822 -3.63662521 2.64045763 -3.12474762 
2.25430584 12.38820322 -7.30265343 4.81245813 -3.43795228 2.21998794 -2.00637712 1.44582465 -1.00203943 0.56505439 -0.67195840 0.05777649 -0.91264178 
2.24310188 12.48633608 -7.41432462 4.92213853 -3.53779392 2.30706895 -2.08000811 1.50669217 -1.05149471 0.60484966 -0.70366578 0.08285845 -0.93220906 
2.51513072 15.60999040 -11.43672330 9.39054849 -8.14132701 6.84244765 -6.40824168 5.53916935 -4.73587069 3.91776822 -3.63662521 2.64045763 -3.12474762 
2.23499847 12.34945766 -7.25880481 4.76961940 -3.39915809 2.18631798 -1.97804212 1.42250740 -0.98317570 0.54993344 -0.65995185 0.04830593 -0.90527341 
1.83251224 15.60029883 -11.42282533 9.37350371 -8.12207396 6.82180348 -6.38692927 5.51781322 -4.71500051 3.89781847 -3.61794887 2.62332563 -3.10935844 
2.20405780 12.40946341 -7.32677198 4.83607615 -3.45938908 2.23863327 -2.02210062 1.45878938 -1.01254772 0.57349179 -0.67866796 0.06307543 -0.91676931 
2.48064710 15.60999040 -11.43672330 9.39054849 -8.14132701 6.84244765 -6.40824168 5.53916935 -4.73587069 3.91776822 -3.63662521 2.64045763 -3.12474762 
2.48064710 15.60999040 -11.43672330 9.39054849 -8.14132701 6.84244765 -6.40824168 5.53916935 -4.73587069 3.91776822 -3.63662521 2.64045763 -3.12474762 
2.19583146 12.26975538 -7.16903600 4.68232140 -3.32045672 2.11830184 -1.92103644 1.37577960 -0.94551286 0.51984217 -0.63612790 0.02955914 -0.89072089 
2.18425395 12.36991889 -7.28194385 4.79220944 -3.41960113 2.20404907 -1.99295429 1.43477139 -0.99309158 0.55787783 -0.66625709 0.05327751 -0.90914006 
2.46317974 15.60999040 -11.43672330 9.39054849 -8.14132701 6.84244765 -6.40824168 5.53916935 -4.73587069 3.91776822 -3.63662521 2.64045763 -3.12474762 
2.17596494 12.22875873 -7.12308707 4.63784763 -3.28054678 2.08396046 -1.89237459 1.35237934 -0.92672386 0.50488071 -0.62431772 0.02028845 -0.88354083 
1.75903735 15.59956237 -11.42176958 9.37220933 -8.12061232 6.82023668 -6.38531218 5.51619324 -4.71341778 3.89630589 -3.61653315 2.62202723 -3.10819235 
2.14406480 12.28851158 -7.19010899 4.70276559 -3.33884482 2.13415840 -1.93429797 1.38662808 -0.95423991 0.52680289 -0.64163053 0.03388371 -0.89407398 
2.13564796 12.14436916 -7.02898558 4.54721405 -3.19960288 2.01462504 -1.83475700 1.30553355 -0.88925721 0.47514905 -0.60091947 0.00196645 -0.86938340 
2.12367206 12.24660577 -7.14307114 4.65717257 -3.29787327 2.09885693 -1.90479740 1.36251382 -0.93485529 0.51135151 -0.62942269 0.02429386 -0.88664163 
2.40984325 15.60999040 -11.43672330 9.39054849 -8.14132701 6.84244765 -6.40824168 5.53916935 -4.73587069 3.91776822 -3.63662521 2.64045763 -3.12474762 
2.40984325 15.60999040 -11.43672330 9.39054849 -8.14132701 6.84244765 -6.40824168 5.53916935 -4.73587069 3.91776822 -3.63662521 2.64045763 -3.12474762 
2.11519005 12.10093182 -6.98080210 4.50103963 -3.15856735 1.97963744 -1.80581172 1.28209967 -0.87059066 0.46038834 -0.58933897 -0.00707919 -0.86241011 
2.10307541 12.20386853 -7.09526493 4.61098820 -3.25650431 2.06332183 -1.87518865 1.33837896 -0.91550572 0.49596409 -0.61729049 0.01477945 -0.87927942 
2.39174358 15.60999040 -11.43672330 9.39054849 -8.14132701 6.84244765 -6.40824168 5.53916935 -4.73587069 3.91776822 -3.63662521 2.64045763 -3.12474762 
2.09452737 12.05663513 -6.93184221 4.45428372 -3.11715542 1.94444138 -1.77678292 1.25866663 -0.85197632 0.44570420 -0.57784269 -0.01604414 -0.85550983 
2.08227086 12.16027633 -7.04667380 4.56420446 -3.21473688 2.02755634 -1.84547718 1.31422962 -0.89619711 0.48064575 -0.60523804 0.00534356 -0.87198959 
2.37347861 15.60999040 -11.43672330 9.39054849 -8.14132701 6.84244765 -6.40824168 5.53916935 -4.73587069 3.91776822 -3.63662521 2.64045763 -3.12474762 
2.37347861 15.60999040 -11.43672330 9.39054849 -8.14132701 6.84244765 -6.40824168 5.53916935 -4.73587069 3.91776822 -3.63662521 2.64045763 -3.12474762 
2.37347861 15.60999040 -11.43672330 9.39054849 -8.14132701 6.84244765 -6.40824168 5.53916935 -4.73587069 3.91776822 -3.63662521 2.64045763 -3.12474762 
2.37347861 15.60999040 -11.43672330 9.39054849 -8.14132701 6.84244765 -6.40824168 5.53916935 -4.73587069 3.91776822 -3.63662521 2.64045763 -3.12474762 
2.37347861 15.60999040 -11.43672330 9.39054849 -8.14132701 6.84244765 -6.40824168 5.53916935 -4.73587069 3.91776822 -3.63662521 2.64045763 -3.12474762 
2.37347861 15.60999040 -11.43672330 9.39054849 -8.14132701 6.84244765 -6.40824168 5.53916935 -4.73587069 3.91776822 -3.63662521 2.64045763 -3.12474762 
2.37347861 15.60999040 -11.43672330 9.39054849 -8.14132701 6.84244765 -6.40824168 5.53916935 -4.73587069 3.91776822 -3.63662521 2.64045763 -3.12474762 
2.07365594 12.01145479 -6.88208950 4.40693903 -3.07536690 1.90904087 -1.74767658 1.23524086 -0.83342016 0.43110164 -0.56643453 -0.02492553 -0.84868457 
2.06125433 12.11580472 -6.99728074 4.51681335 -3.17257012 1.99156403 -1.81566875 1.29007224 -0.87693557 0.46540168 -0.59326947 -0.00401072 -0.86477438 
2.35504530 15.60999040 -11.43672330 9.39054849 -8.14132701 6.84244765 -6.40824168 5.53916935 -4.73587069 3.91776822 -3.63662521 2.64045763 -3.12474762 
2.05257165 11.96536558 -6.83152714 4.35899832 -3.03320187 1.87344025 -1.71849901 1.21182905 -0.81492834 0.41658575 -0.55511846 -0.03372051 -0.84193635 
2.04002158 12.07042837 -6.94706836 4.46880686 -3.13000345 1.95534879 -1.78576947 1.26591349 -0.85772740 0.45023721 -0.58138901 -0.01328026 -0.85763602 
2.33644051 15.60999040 -11.43672330 9.39054849 -8.14132701 6.84244765 -6.40824168 5.53916935 -4.73587069 3.91776822 -3.63662521 2.64045763 -3.12474762 
2.33644051 15.60999040 -11.43672330 9.39054849 -8.14132701 6.84244765 -6.40824168 5.53916935 -4.73587069 3.91776822 -3.63662521 2.64045763 -3.12474762 
2.33644051 15.60999040 -11.43672330 9.39054849 -8.14132701 6.84244765 -6.40824168 5.53916935 -4.73587069 3.91776822 -3.63662521 2.64045763 -3.12474762 
2.03127027 11.91834131 -6.78013789 4.31045436 -2.99066070 1.83764425 -1.68925685 1.18843814 -0.79650720 0.40216174 -0.54389848 -0.04242621 -0.83526714 
2.01856830 12.02412095 -6.89601879 4.42017700 -3.08703658 1.91891491 -1.75578577 1.24176032 -0.83857908 0.43515778 -0.56960092 -0.02246195 -0.85057673 
2.00974746 11.87035481 -6.72790410 4.26130002 -2.94774409 1.80165796 -1.65995707 1.16507532 -0.77816323 0.38783491 -0.53277861 -0.05103977 -0.82867892 
1.99689001 11.97685512 -6.84411372 4.37091582 -3.04366949 1.88226703 -1.72572448 1.21761999 -0.81949731 0.42016896 -0.55790953 -0.03155264 -0.84359873 
2.29870355 15.60999040 -11.43672330 9.39054849 -8.14132701 6.84244765 -6.40824168 5.53916935 -4.73587069 3.91776822 -3.63662521 2.64045763 -3.12474762 
2.29870355 15.60999040 -11.43672330 9.39054849 -8.14132701 6.84244765 -6.40824168 5.53916935 -4.73587069 3.91776822 -3.63662521 2.64045763 -3.12474762 
2.29870355 15.60999040 -11.43672330 9.39054849 -8.14132701 6.84244765 -6.40824168 5.53916935 -4.73587069 3.91776822 -3.63662521 2.64045763 -3.12474762 
2.29870355 15.60999040 -11.43672330 9.39054849 -8.14132701 6.84244765 -6.40824168 5.53916935 -4.73587069 3.91776822 -3.63662521 2.64045763 -3.12474762 
1.98799875 11.82137785 -6.67480771 4.21152819 -2.90445305 1.76548687 -1.63060703 1.14174808 -0.75990311 0.37361063 -0.52176293 -0.05955833 -0.82217361 
1.97498212 11.92860248 -6.79133441 4.32101540 -2.99990251 1.84541022 -1.69559275 1.19350002 -0.80048896 0.40527641 -0.54631919 -0.04054919 -0.83670419 
2.27956464 15.60999040 -11.43672330 9.39054849 -8.14132701 6.84244765 -6.40824168 5.53916935 -4.73587069 3.91776822 -3.63662521 2.64045763 -3.12474762 
2.27956464 15.60999040 -11.43672330 9.39054849 -8.14132701 6.84244765 -6.40824168 5.53916935 -4.73587069 3.91776822 -3.63662521 2.64045763 -3.12474762 
2.27956464 15.60999040 -11.43672330 9.39054849 -8.14132701 6.84244765 -6.40824168 5.53916935 -4.73587069 3.91776822 -3.63662521 2.64045763 -3.12474762 
2.59574456 13.01660434 -8.03301688 5.54469953 -4.11813763 2.82486074 -2.52756120 1.88459775 -1.36485385 0.86167543 -0.91173737 0.24983408 -1.06426044 
2.60276250 13.12940684 -8.16796594 5.68379266 -4.25085715 2.94592271 -2.63444956 1.97670922 -1.44272875 0.92663374 -0.96521598 0.29335848 -1.09914283 
2.29870355 15.60999040 -11.43672330 9.39054849 -8.14132701 6.84244765 -6.40824168 5.53916935 -4.73587069 3.91776822 -3.63662521 2.64045763 -3.12474762 
2.29870355 15.60999040 -11.43672330 9.39054849 -8.14132701 6.84244765 -6.40824168 5.53916935 -4.73587069 3.91776822 -3.63662521 2.64045763 -3.12474762 
2.29870355 15.60999040 -11.43672330 9.39054849 -8.14132701 6.84244765 -6.40824168 5.53916935 -4.73587069 3.91776822 -3.63662521 2.64045763 -3.12474762 
2.61194433 13.04385673 -8.06551219 5.57808593 -4.14989485 2.85374212 -2.55298749 1.90644778 -1.38327726 0.87700519 -0.92432923 0.26006128 -1.07244107 
2.61891573 13.15565845 -8.19954004 5.71650460 -4.28222750 2.97467532 -2.65995400 1.99878627 -1.46147375 0.94233131 -0.97818649 0.30394914 -1.10765696 
2.62801636 13.07067423 -8.09755582 5.61107469 -4.18133563 2.88238947 -2.57825364 1.92819827 -1.40164757 0.89231434 -0.93692205 0.27030223 -1.08064257 
2.63494180 13.18148961 -8.23067061 5.74881929 -4.31327529 3.00318354 -2.68528577 2.02075075 -1.48015328 0.95799732 -0.99114875 0.31454618 -1.11618627 
2.33644051 15.60999040 -11.43672330 9.39054849 -8.14132701 6.84244765 -6.40824168 5.53916935 -4.73587069 3.91776822 -3.63662521 2.64045763 -3.12474762 
2.64396261 13.09706649 -8.12915611 5.64367151 -4.21246297 2.91080365 -2.60335896 1.94984757 -1.41996264 0.90760062 -0.94951368 0.28055504 -1.08886336 
2.65084265 13.20690964 -8.26136593 5.78074260 -4.34400382 3.03144859 -2.71044451 2.04260128 -1.49876540 0.97362965 -1.00410071 0.32514773 -1.12472914 
2.65978499 13.12304283 -8.16032122 5.67588202 -4.24327989 2.93898559 -2.62830285 1.97139413 -1.43822042 0.92286187 -0.96210206 0.29081788 -1.09710187 
2.66662018 13.23192760 -8.29163408 5.81228031 -4.37441642 3.05947171 -2.73542994 2.06433659 -1.51730827 0.98922627 -1.01704036 0.33575198 -1.13328401 
2.67548539 13.14861234 -8.19105909 5.70771178 -4.27378943 2.96693625 -2.65308481 1.99283650 -1.45641897 0.93809599 -0.97468518 0.30108896 -1.10535658 
2.68227627 13.25655225 -8.32148296 5.84343813 -4.40451640 3.08725421 -2.76024189 2.08595549 -1.53578016 1.00478522 -1.02996576 0.34635717 -1.14184934 
2.39174358 15.60999040 -11.43672330 9.39054849 -8.14132701 6.84244765 -6.40824168 5.53916935 -4.73587069 3.91776822 -3.63662521 2.64045763 -3.12474762 
2.09452737 12.05663513 -6.93184221 4.45428372 -3.11715542 1.94444138 -1.77678292 1.25866663 -0.85197632 0.44570420 -0.57784269 -0.01604414 -0.85550983 
2.08227086 12.16027633 -7.04667380 4.56420446 -3.21473688 2.02755634 -1.84547718 1.31422962 -0.89619711 0.48064575 -0.60523804 0.00534356 -0.87198959 
2.67548539 13.14861234 -8.19105909 5.70771178 -4.27378943 2.96693625 -2.65308481 1.99283650 -1.45641897 0.93809599 -0.97468518 0.30108896 -1.10535658 
2.68227627 13.25655225 -8.32148296 5.84343813 -4.40451640 3.08725421 -2.76024189 2.08595549 -1.53578016 1.00478522 -1.02996576 0.34635717 -1.14184934 
2.69106563 13.17378385 -8.22137751 5.73916624 -4.30399462 2.99465667 -2.67770439 2.01417331 -1.47455641 0.95330096 -0.98726106 0.31136651 -1.11362598 
2.69781273 13.28079216 -8.35092028 5.87422167 -4.43430707 3.11479746 -2.78488023 2.10745690 -1.55417939 1.02030463 -1.04287504 0.35696157 -1.15042363 
2.70652751 13.19856592 -8.25128409 5.77025081 -4.33389849 3.02214793 -2.70216127 2.03540328 -1.49263097 0.96847483 -0.99982783 0.32164883 -1.12190859 
2.71323135 13.30465561 -8.37995360 5.90463645 -4.46379171 3.14210286 -2.80934493 2.12883979 -1.57250439 1.03578267 -1.05576638 0.36756351 -1.15900539 
2.42778059 15.60999040 -11.43672330 9.39054849 -8.14132701 6.84244765 -6.40824168 5.53916935 -4.73587069 3.91776822 -3.63662521 2.64045763 -3.12474762 
2.72187277 13.22296689 -8.28078625 5.80097079 -4.36350407 3.04941117 -2.72645516 2.05652523 -1.51064093 0.98361573 -1.01238362 0.33193425 -1.13020298 
2.95572344 15.60683181 -11.43219285 9.38499116 -8.13504850 6.83571430 -6.40128920 5.53220148 -4.72906033 3.91125728 -3.63052904 2.63486483 -3.11972317 
2.96939075 15.60687465 -11.43225428 9.38506650 -8.13513362 6.83580558 -6.40138344 5.53229592 -4.72915263 3.91134551 -3.63061165 2.63494062 -3.11979125 
2.98296531 15.60691661 -11.43231447 9.38514033 -8.13521702 6.83589502 -6.40147578 5.53238846 -4.72924306 3.91143197 -3.63069259 2.63501487 -3.11985795 
2.99644835 15.60695774 -11.43237345 9.38521268 -8.13529875 6.83598266 -6.40156626 5.53247914 -4.72933169 3.91151669 -3.63077191 2.63508764 -3.11992332 
2.78861663 13.41860073 -8.51931205 6.05136616 -4.60673903 3.27511354 -2.92906702 2.23394661 -1.66296606 1.11249402 -1.11989451 0.42048075 -1.20197721 
2.79690867 13.33953117 -8.42247962 5.94928210 -4.50716323 3.18234977 -2.84547529 2.16047846 -1.59966771 1.05876449 -1.07493743 0.38335232 -1.17180300 
2.80336357 13.44036728 -8.54607028 6.07967953 -4.63445597 3.30102319 -2.95249265 2.25460149 -1.68081681 1.12768977 -1.13264329 0.43103521 -1.21057478 
2.81158903 13.36180812 -8.44970237 5.97792161 -4.53504232 3.20827104 -2.86878943 2.18093162 -1.61725865 1.07367179 -1.08739176 0.39362358 -1.18013934 
3.03636055 15.60707629 -11.43254347 9.38542121 -8.13553433 6.83623529 -6.40182709 5.53274053 -4.72958715 3.91176091 -3.63100056 2.63529739 -3.12011175 
3.04948955 15.60711426 -11.43259794 9.38548802 -8.13560980 6.83631621 -6.40191065 5.53282426 -4.72966899 3.91183914 -3.63107381 2.63536459 -3.12017212 
3.06253294 15.60715150 -11.43265134 9.38555352 -8.13568380 6.83639557 -6.40199258 5.53290637 -4.72974924 3.91191586 -3.63114563 2.63543048 -3.12023131 
3.07549181 15.60718802 -11.43270372 9.38561777 -8.13575637 6.83647340 -6.40207294 5.53298690 -4.72982794 3.91199110 -3.63121607 2.63549510 -3.12028936 
2.87553204 13.54446384 -8.67464797 6.21635497 -4.76885282 3.42719772 -3.06704735 2.35601515 -1.76880349 1.20286150 -1.19592417 0.48358705 -1.25351020 
2.61515156 15.60999040 -11.43672330 9.39054849 -8.14132701 6.84244765 -6.40824168 5.53916935 -4.73587069 3.91776822 -3.63662521 2.64045763 -3.12474762 
2.88343974 13.46839162 -8.58058621 6.11626774 -4.67033689 3.33462144 -2.98291979 2.28147243 -1.70407525 1.14751710 -1.14929998 0.44484174 -1.22183452 
2.88966258 13.56438004 -8.69936289 6.24274466 -4.79491640 3.45176960 -3.08944717 2.37592338 -1.78614121 1.21772619 -1.20847876 0.49404455 -1.26207872 
2.89750959 13.48879247 -8.60575864 6.14299852 -4.69659602 3.35925056 -3.00525998 2.30123207 -1.72120385 1.16213907 -1.16159958 0.45504880 -1.23016818 
2.90369529 13.58400917 -8.72375770 6.26882981 -4.82071520 3.47612443 -3.11167798 2.39570625 -1.80339057 1.23253184 -1.22099672 0.50448167 -1.27063850 
2.91148253 13.50890208 -8.63060958 6.16942676 -4.72259526 3.38366953 -3.02743915 2.32087463 -1.73825210 1.17670928 -1.17386894 0.46524086 -1.23849747 
2.91763150 13.60335688 -8.74783789 6.29461484 -4.84625223 3.50026395 -3.13374045 2.41536360 -1.82055091 1.24727746 -1.23347693 0.51489733 -1.27918852 
3.17561577 11.35070112 -6.17562088 3.75330684 -2.51390973 1.44528070 -1.37539723 0.94230407 -0.60623275 0.25546864 -0.43127268 -0.12899075 -0.76953955 
3.52308644 15.60283559 -11.42646229 9.37796320 -8.12711016 6.82720253 -6.39250204 5.52339644 -4.72045576 3.90303231 -3.62282918 2.62780176 -3.11337869 
3.54363403 15.60298078 -11.42667046 9.37821847 -8.12739848 6.82751163 -6.39282112 5.52371613 -4.72076815 3.90333089 -3.62310868 2.62805812 -3.11360895 
3.56397266 15.60312160 -11.42687237 9.37846607 -8.12767812 6.82781145 -6.39313060 5.52402622 -4.72107115 3.90362050 -3.62337978 2.62830678 -3.11383230 
3.58410655 15.60325822 -11.42706826 9.37870629 -8.12794943 6.82810233 -6.39343087 5.52432707 -4.72136513 3.90390149 -3.62364281 2.62854805 -3.11404901 
3.27890524 11.74274349 -6.59001457 4.13245216 -2.83601736 1.70857459 -1.58463381 1.10536406 -0.73153654 0.35158857 -0.50475768 -0.07268059 -0.81217281 
3.05914433 13.71242079 -8.88423194 6.44134365 -4.99222909 3.63885361 -3.26094141 2.52916222 -1.92028615 1.33329508 -1.30653227 0.57606273 -1.32955195 
3.06491525 13.79909387 -8.99341632 6.55962856 -5.11071636 3.75208660 -3.36553417 2.62331359 -2.00329356 1.40528489 -1.36799434 0.62777113 -1.37232584 
3.07204925 13.72944244 -8.90561917 6.46445571 -5.01532426 3.66087292 -3.28123424 2.54738895 -1.93632136 1.34717417 -1.31835940 0.58599561 -1.33775485 
3.07778800 13.81545844 -9.01411004 6.58212971 -5.13333694 3.77377857 -3.38563788 2.64146884 -2.01934969 1.41925049 -1.37995034 0.63785536 -1.38068793 
3.31515673 11.68570364 -6.52885801 4.07573181 -2.78719162 1.66817366 -1.55215436 1.07977584 -0.71167219 0.33622261 -0.49292839 -0.08178853 -0.80524591 
3.64331996 15.60364450 -11.42762214 9.37938551 -8.12871657 6.82892482 -6.39427991 5.52517779 -4.72219642 3.90469606 -3.62438661 2.62923030 -3.11466181 
3.50203518 14.35355865 -9.70857078 7.35231556 -5.92275884 4.54510558 -4.11367504 3.31074154 -2.62152382 1.95163074 -1.84283433 1.03397614 -1.71377022 
3.32986409 15.60781699 -11.43360582 9.38672428 -8.13700641 6.83781392 -6.40345703 5.53437399 -4.73118362 3.91328712 -3.63242949 2.63660828 -3.12128939 
3.34120618 15.60784148 -11.43364095 9.38676737 -8.13705509 6.83786613 -6.40351093 5.53442802 -4.73123642 3.91333760 -3.63247675 2.63665164 -3.12132834 
3.16567276 13.92408554 -9.15210948 6.73285248 -5.28552047 3.92032675 -3.52200936 2.76510917 -2.12911075 1.51506221 -1.46225224 0.70749056 -1.43860484 
3.39243285 11.86226154 -6.71911510 4.25304778 -2.94055488 1.79564212 -1.65506869 1.16118477 -0.77511387 0.38545692 -0.53093532 -0.05246620 -0.82758889 
3.55338096 14.40170159 -9.77203347 7.42414010 -5.99783688 4.61985271 -4.18551671 3.37794616 -2.68301018 2.00685177 -1.89156386 1.07625788 -1.74979479 
3.56978668 14.23996300 -9.55969579 7.18476409 -5.74856707 4.37258497 -3.94869765 3.15716618 -2.48167642 1.82659201 -1.73295982 0.93901745 -1.63317052 
3.58357130 14.42930090 -9.80851417 7.46553542 -6.04121726 4.66314736 -4.22722700 3.41705358 -2.71886895 2.03912384 -1.92009859 1.10106305 -1.77096671 
3.41884934 15.60800192 -11.43387106 9.38704963 -8.13737397 6.83820810 -6.40386402 5.53478188 -4.73158228 3.91366824 -3.63278632 2.63693565 -3.12158348 
3.60959348 14.28014428 -9.61221683 7.24372316 -5.80971034 4.43299658 -4.00633339 3.21069751 -2.53031650 1.86999181 -1.77102154 0.97185159 -1.66099054 
3.77502606 15.60442621 -11.42874305 9.38076012 -8.13026918 6.83058952 -6.39599839 5.52689969 -4.72387906 3.90630441 -3.62589223 2.63061136 -3.11590233 
3.94360296 14.53374659 -9.94722336 7.62364749 -6.20764494 4.82995360 -4.38859294 3.56895465 -2.85868837 2.16541763 -2.03215405 1.19879062 -1.85464048 
3.96295121 14.77912120 -10.27716475 8.00425869 -6.61295201 5.24074628 -4.79031760 3.95110229 -3.21401407 2.48946274 -2.32229944 1.45402096 -2.07497013 
3.83776333 15.60476401 -11.42922744 9.38135417 -8.13094017 6.83130896 -6.39674111 5.52764391 -4.72460633 3.90699959 -3.62654302 2.63120832 -3.11643855 
3.85533265 15.60485488 -11.42935775 9.38151398 -8.13112068 6.83150252 -6.39694092 5.52784414 -4.72480199 3.90718662 -3.62671811 2.63136893 -3.11658282 
3.87274897 15.60494341 -11.42948470 9.38166967 -8.13129654 6.83169108 -6.39713558 5.52803919 -4.72499261 3.90736883 -3.62688868 2.63152540 -3.11672337 
3.89001495 15.60502966 -11.42960839 9.38182137 -8.13146789 6.83187481 -6.39732526 5.52822926 -4.72517835 3.90754637 -3.62705489 2.63167786 -3.11686033 
4.04927177 14.61949161 -10.06187019 7.75518316 -6.34697495 4.97044984 -4.52530771 3.69838314 -2.97847543 2.27417852 -2.12912872 1.28375785 -1.92771111 
4.06770238 14.84751149 -10.37014430 8.11265390 -6.72956371 5.36009701 -4.90814051 4.06420728 -3.32010254 2.58701435 -2.41033251 1.53203319 -2.14278916 
3.94929839 15.60531478 -11.43001726 9.38232281 -8.13203430 6.83248215 -6.39795226 5.52885754 -4.72579233 3.90813328 -3.62760434 2.63218188 -3.11731307 
3.69286309 12.60824593 -7.55427982 5.06077031 -3.66503966 2.41892740 -2.17530849 1.58604693 -1.11641872 0.65741591 -0.74578160 0.11633041 -0.95843745 
3.52016129 14.24963217 -9.57232046 7.19892126 -5.76323353 4.38706152 -3.96249568 3.16996963 -2.49329951 1.83695404 -1.74203999 0.94684456 -1.63979752 
3.52486967 14.31498763 -9.65788407 7.29512200 -5.86314860 4.48592424 -4.05694858 3.25781595 -2.57322413 1.90835666 -1.80473420 1.00098801 -1.68572140 
3.53043856 14.26003897 -9.58591809 7.21418013 -5.77905208 4.40268544 -3.97739675 3.18380511 -2.50586692 1.84816419 -1.75186857 0.95532102 -1.64697774 
3.69292433 15.60847838 -11.43455445 9.38788791 -8.13832102 6.83922376 -6.40491272 5.53583289 -4.73260952 3.91465032 -3.63370583 2.63777922 -3.12234132 
3.70238802 15.60849261 -11.43457487 9.38791296 -8.13834932 6.83925410 -6.40494406 5.53586429 -4.73264022 3.91467966 -3.63373331 2.63780443 -3.12236397 
3.86816839 14.51853664 -9.92695946 7.60047849 -6.18318512 4.80536839 -4.36474407 3.54644492 -2.83791599 2.14660929 -2.01542786 1.18417164 -1.84209801 
4.01496666 15.60561154 -11.43044283 9.38284476 -8.13262387 6.83311433 -6.39860491 5.52951155 -4.72643147 3.90874424 -3.62817631 2.63270656 -3.11778438 
3.89737063 14.68679417 -10.15234699 7.85952920 -6.45806306 5.08301180 -4.63535504 3.80303853 -3.07575795 2.36287201 -2.20852145 1.35357758 -1.98796722 
3.60548804 14.39177128 -9.75892524 7.40928519 -5.98228918 4.60435449 -4.17060314 3.36397911 -2.67021736 1.99535045 -1.88140446 1.06743450 -1.74227044 
3.43149450 15.60999040 -11.43672330 9.39054849 -8.14132701 6.84244765 -6.40824168 5.53916935 -4.73587069 3.91776822 -3.63662521 2.64045763 -3.12474762 
3.43149450 15.60999040 -11.43672330 9.39054849 -8.14132701 6.84244765 -6.40824168 5.53916935 -4.73587069 3.91776822 -3.63662521 2.64045763 -3.12474762 
3.25243035 13.95501127 -9.19159969 6.77619749 -5.32949696 3.96287117 -3.56177740 2.80132140 -2.16139254 1.54335223 -1.48664346 0.72819907 -1.45588534 
3.02755975 15.60705055 -11.43250656 9.38537594 -8.13548319 6.83618044 -6.40177047 5.53268378 -4.72953169 3.91170789 -3.63095092 2.63525185 -3.12007085 
2.59280864 9.60883932 -4.50168999 2.35238021 -1.42052778 0.61709227 -0.76189073 0.49394979 -0.28139593 0.01684319 -0.25464030 -0.26244682 -0.67003349 
1.41000788 9.80351361 -4.67528249 2.48739189 -1.51848495 0.68648561 -0.81015098 0.52721083 -0.30420531 0.03302646 -0.26636168 -0.25355709 -0.67664352 
0.59124076 15.14338165 -10.77750911 8.59334525 -7.25279835 5.90169491 -5.44867119 4.58858784 -3.81696006 3.04830471 -2.83043547 1.90754226 -2.47193019 
1.15193581 10.32040256 -5.15263307 2.87128241 -1.80623229 0.89630087 -0.95998314 0.63296790 -0.37833947 0.08625103 -0.30514128 -0.22432538 -0.69833913 
2.36619029 9.26193443 -4.20073273 2.12430437 -1.25913789 0.50521235 -0.68558146 0.44224964 -0.24649239 -0.00775650 -0.23686068 -0.27604062 -0.65989364 
3.28192035 11.67870125 -6.52137056 4.06880556 -2.78124452 1.66326442 -1.54821663 1.07668025 -0.70927393 0.33437060 -0.49150468 -0.08288359 -0.80441388 
3.77050852 14.43298089 -9.81338382 7.47106705 -6.04702022 4.66894468 -4.23281761 3.42230026 -2.72368416 2.04346114 -1.92393673 1.10440209 -1.77381876 
3.92410606 15.60519568 -11.42984646 9.38211334 -8.13179768 6.83222843 -6.39769033 5.52859508 -4.72553584 3.90788810 -3.62737481 2.63197132 -3.11712393 
3.80110545 14.61330057 -10.05356900 7.74563333 -6.33683268 4.96019691 -4.51530642 3.68889258 -2.96967197 2.26616828 -2.12197201 1.27747529 -1.92229833 
3.97310034 12.95056492 -7.95455648 5.46436783 -4.04198516 2.75582867 -2.46697767 1.83269238 -1.32121490 0.82546035 -0.88206272 0.22578429 -1.04506285 
4.22798775 15.60203732 -11.42531774 9.37655973 -8.12552511 6.82550320 -6.39074796 5.52163899 -4.71873852 3.90139100 -3.62129281 2.62639258 -3.11211299 
4.36964408 14.80958047 -10.31852056 8.05240989 -6.66468933 5.29363619 -4.84247069 4.00111172 -3.26087128 2.53250594 -2.36110551 1.48837863 -2.10481283 
4.39184770 15.06208498 -10.66474957 8.45935432 -7.10596394 5.74872883 -5.29506262 4.43868576 -3.67412194 2.91498319 -2.70840493 1.79794811 -2.37543717 
4.06677404 13.30221562 -8.37698257 5.90152160 -4.46076981 3.13930225 -2.80683389 2.12664356 -1.57062099 1.03419090 -1.05443988 0.36647202 -1.15812145 
3.63490663 14.41885176 -9.79469404 7.44984421 -6.02476416 4.64671773 -4.21139015 3.40219733 -2.70524004 2.02685236 -1.90924339 1.09162268 -1.76290585 
2.85168760 5.04202951 -1.39424203 0.42199841 -0.26799457 -0.09560623 -0.31630714 0.21078000 -0.10279653 -0.11217437 -0.15927609 -0.34386391 -0.60759461 
