9.25046208 -0.03306695 -0.09659621 -0.01981528 -0.12481700 -0.19355599 -0.26029397 0.17259090 -0.09247000 -0.13606611 -0.14693981 -0.36976289 -0.58872020 
1.21513996 10.30913427 -5.14197176 2.86251031 -1.79951106 0.89130366 -0.95635052 0.63036242 -0.37648611 0.08490874 -0.30415831 -0.22506486 -0.69779032 
1.58099929 15.56075934 -11.36621415 9.30417764 -8.04387709 6.73806909 -6.30059514 5.43140750 -4.63065871 3.81728423 -3.54263261 2.55430373 -3.04741423 
1.52570680 15.55800581 -11.36227712 9.29936253 -8.03845250 6.73226710 -6.29461964 5.42543337 -4.62483314 3.81172691 -3.53744000 2.54954906 -3.04315048 
1.46884243 15.55501601 -11.35800304 9.29413612 -8.03256553 6.72597156 -6.28813681 5.41895296 -4.61851474 3.80570023 -3.53180951 2.54439403 -3.03852820 
1.41031421 15.55176227 -11.35335259 9.28845055 -8.02616252 6.71912533 -6.28108808 5.41190795 -4.61164689 3.79915039 -3.52569106 2.53879293 -3.03350655 
1.84007364 11.76636007 -6.61542193 4.15609368 -2.85643325 1.72551817 -1.59829400 1.11615496 -0.73993489 0.35809890 -0.50977860 -0.06880971 -0.81512035 
2.14366476 15.60288449 -11.42653239 9.37804916 -8.12720725 6.82730662 -6.39260949 5.52350409 -4.72056096 3.90313286 -3.62292330 2.62788809 -3.11345623 
2.12297547 15.60273628 -11.42631989 9.37778858 -8.12691296 6.82699110 -6.39228380 5.52317777 -4.72024209 3.90282809 -3.62263801 2.62762641 -3.11322119 
2.44548452 12.86225342 -7.85026251 5.35820238 -3.94190952 2.66559747 -2.38820056 1.76553690 -1.26502477 0.77903319 -0.84417309 0.19518582 -1.02072026 
2.69484337 15.60999040 -11.43672330 9.39054849 -8.14132701 6.84244765 -6.40824168 5.53916935 -4.73587069 3.91776822 -3.63662521 2.64045763 -3.12474762 
2.69484337 15.60999040 -11.43672330 9.39054849 -8.14132701 6.84244765 -6.40824168 5.53916935 -4.73587069 3.91776822 -3.63662521 2.64045763 -3.12474762 
2.69484337 15.60999040 -11.43672330 9.39054849 -8.14132701 6.84244765 -6.40824168 5.53916935 -4.73587069 3.91776822 -3.63662521 2.64045763 -3.12474762 
2.69484337 15.60999040 -11.43672330 9.39054849 -8.14132701 6.84244765 -6.40824168 5.53916935 -4.73587069 3.91776822 -3.63662521 2.64045763 -3.12474762 
2.95283276 13.56753985 -8.70328743 6.24693863 -4.79906193 3.45568091 -3.09301544 2.37909707 -1.78890706 1.22009909 -1.21048413 0.49571589 -1.26344890 
2.95887402 13.65976609 -8.81824405 6.37021200 -4.92132240 3.57140797 -3.19892488 2.47358193 -1.87149182 1.29114516 -1.27068076 0.54600495 -1.30477002 
2.96643084 13.58654016 -8.72690580 6.27219875 -4.82404976 3.47927471 -3.11455561 2.39826880 -1.80562646 1.23445218 -1.22262130 0.50583695 -1.27175058 
2.97243699 13.67804203 -8.84111849 6.39483903 -4.94584191 3.59470361 -3.22032119 2.49273677 -1.88829032 1.30564190 -1.28299985 0.55632438 -1.31327118 
2.97993828 13.60527638 -8.75022882 6.29717700 -4.84879165 3.50266613 -3.13593747 2.41732243 -1.82226202 1.24874868 -1.23472283 0.51593767 -1.28004294 
2.98590971 13.69606282 -8.86370410 6.41918684 -4.97011430 3.61779265 -3.24155290 2.51176606 -1.90499716 1.32007444 -1.29527631 0.56661735 -1.32175782 
2.99335627 13.62375354 -8.77326138 6.32187733 -4.87329034 3.52585675 -3.15716165 2.43625787 -1.83881318 1.26298775 -1.24678777 0.52601709 -1.28832507 
2.99929336 13.71383333 -8.88600573 6.44325942 -4.99414241 3.64067685 -3.26262084 2.53066991 -1.92161194 1.33444209 -1.30750929 0.57688295 -1.33022906 
2.75638669 15.60999040 -11.43672330 9.39054849 -8.14132701 6.84244765 -6.40824168 5.53916935 -4.73587069 3.91776822 -3.63662521 2.64045763 -3.12474762 
2.75638669 15.60999040 -11.43672330 9.39054849 -8.14132701 6.84244765 -6.40824168 5.53916935 -4.73587069 3.91776822 -3.63662521 2.64045763 -3.12474762 
2.75638669 15.60999040 -11.43672330 9.39054849 -8.14132701 6.84244765 -6.40824168 5.53916935 -4.73587069 3.91776822 -3.63662521 2.64045763 -3.12474762 
2.75638669 15.60999040 -11.43672330 9.39054849 -8.14132701 6.84244765 -6.40824168 5.53916935 -4.73587069 3.91776822 -3.63662521 2.64045763 -3.12474762 
2.75638669 15.60999040 -11.43672330 9.39054849 -8.14132701 6.84244765 -6.40824168 5.53916935 -4.73587069 3.91776822 -3.63662521 2.64045763 -3.12474762 
2.75638669 15.60999040 -11.43672330 9.39054849 -8.14132701 6.84244765 -6.40824168 5.53916935 -4.73587069 3.91776822 -3.63662521 2.64045763 -3.12474762 
2.50710352 12.86349080 -7.85171888 5.35968002 -3.94329795 2.66684549 -2.38928693 1.76646037 -1.26579534 0.77966829 -0.84469022 0.19560260 -1.02105119 
2.16414222 15.60302820 -11.42673845 9.37830184 -8.12749264 6.82761259 -6.39292532 5.52382054 -4.72087017 3.90342841 -3.62319996 2.62814185 -3.11368416 
2.48022273 12.92309085 -7.92203328 5.43118544 -4.01063656 2.72750393 -2.44219794 1.81152674 -1.30347194 0.81077509 -0.87005913 0.21607716 -1.03733020 
2.47284527 12.80247666 -7.78007455 5.28715249 -3.87529909 2.60585073 -2.33629947 1.72150596 -1.22835344 0.74886093 -0.81964413 0.17544418 -1.00506537 
2.46292750 12.89293329 -7.88641342 5.39492218 -3.97644962 2.69667679 -2.41528145 1.78857906 -1.28426962 0.79490798 -0.85710899 0.20561845 -1.02900936 
2.45549839 12.77118478 -7.74346354 5.25021930 -3.84078986 2.57499645 -2.30957967 1.69890530 -1.20958396 0.73345780 -0.80715151 0.16541052 -0.99712439 
2.10206993 15.60258339 -11.42610068 9.37751978 -8.12660937 6.82666562 -6.39194783 5.52284115 -4.71991318 3.90251371 -3.62234373 2.62735649 -3.11297875 
2.42789130 12.83103848 -7.81356994 5.32101922 -3.90701310 2.63426558 -2.36095677 1.74240287 -1.24574045 0.76315377 -0.83125421 0.18478164 -1.01246484 
2.42035691 12.70696751 -7.66861192 5.17498176 -3.77073803 2.51257404 -2.25569688 1.65347095 -1.17196365 0.70266789 -0.78224077 0.14544573 -0.98135551 
2.41014531 12.79927529 -7.77632486 5.28336579 -3.87175724 2.60268088 -2.33355176 1.71917971 -1.22641984 0.74727287 -0.81835521 0.17440831 -1.00424505 
2.66334666 15.60999040 -11.43672330 9.39054849 -8.14132701 6.84244765 -6.40824168 5.53916935 -4.73587069 3.91776822 -3.63662521 2.64045763 -3.12474762 
2.66334666 15.60999040 -11.43672330 9.39054849 -8.14132701 6.84244765 -6.40824168 5.53916935 -4.73587069 3.91776822 -3.63662521 2.64045763 -3.12474762 
2.66334666 15.60999040 -11.43672330 9.39054849 -8.14132701 6.84244765 -6.40824168 5.53916935 -4.73587069 3.91776822 -3.63662521 2.64045763 -3.12474762 
2.66334666 15.60999040 -11.43672330 9.39054849 -8.14132701 6.84244765 -6.40824168 5.53916935 -4.73587069 3.91776822 -3.63662521 2.64045763 -3.12474762 
2.66334666 15.60999040 -11.43672330 9.39054849 -8.14132701 6.84244765 -6.40824168 5.53916935 -4.73587069 3.91776822 -3.63662521 2.64045763 -3.12474762 
2.92535985 13.52872616 -8.65514449 6.19555674 -4.74833746 3.40787988 -3.04945777 2.34039981 -1.75521921 1.19122670 -1.18610689 0.47541679 -1.24682137 
2.93147252 13.62242870 -8.77160886 6.32010405 -4.87153047 3.52418989 -3.15563527 2.43489536 -1.83762160 1.26196213 -1.24591835 0.52529044 -1.28772776 
2.67915702 15.60999040 -11.43672330 9.39054849 -8.14132701 6.84244765 -6.40824168 5.53916935 -4.73587069 3.91776822 -3.63662521 2.64045763 -3.12474762 
2.93914285 13.54827028 -8.67936870 6.22139265 -4.77382542 3.43188316 -3.07131635 2.35980735 -1.77210443 1.20569029 -1.19831231 0.48557549 -1.25513884 
3.15152977 15.60739304 -11.43299776 9.38597843 -8.13616382 6.83691033 -6.40252406 5.53343900 -4.73026980 3.91241351 -3.63161156 2.63585791 -3.12061529 
2.95887402 13.65976609 -8.81824405 6.37021200 -4.92132240 3.57140797 -3.19892488 2.47358193 -1.87149182 1.29114516 -1.27068076 0.54600495 -1.30477002 
2.71040765 15.60999040 -11.43672330 9.39054849 -8.14132701 6.84244765 -6.40824168 5.53916935 -4.73587069 3.91776822 -3.63662521 2.64045763 -3.12474762 
2.96643084 13.58654016 -8.72690580 6.27219875 -4.82404976 3.47927471 -3.11455561 2.39826880 -1.80562646 1.23445218 -1.22262130 0.50583695 -1.27175058 
2.97243699 13.67804203 -8.84111849 6.39483903 -4.94584191 3.59470361 -3.22032119 2.49273677 -1.88829032 1.30564190 -1.28299985 0.55632438 -1.31327118 
2.72585175 15.60999040 -11.43672330 9.39054849 -8.14132701 6.84244765 -6.40824168 5.53916935 -4.73587069 3.91776822 -3.63662521 2.64045763 -3.12474762 
2.72585175 15.60999040 -11.43672330 9.39054849 -8.14132701 6.84244765 -6.40824168 5.53916935 -4.73587069 3.91776822 -3.63662521 2.64045763 -3.12474762 
2.97993828 13.60527638 -8.75022882 6.29717700 -4.84879165 3.50266613 -3.13593747 2.41732243 -1.82226202 1.24874868 -1.23472283 0.51593767 -1.28004294 
2.98590971 13.69606282 -8.86370410 6.41918684 -4.97011430 3.61779265 -3.24155290 2.51176606 -1.90499716 1.32007444 -1.29527631 0.56661735 -1.32175782 
2.74117749 15.60999040 -11.43672330 9.39054849 -8.14132701 6.84244765 -6.40824168 5.53916935 -4.73587069 3.91776822 -3.63662521 2.64045763 -3.12474762 
2.99335627 13.62375354 -8.77326138 6.32187733 -4.87329034 3.52585675 -3.15716165 2.43625787 -1.83881318 1.26298775 -1.24678777 0.52601709 -1.28832507 
2.99929336 13.71383333 -8.88600573 6.44325942 -4.99414241 3.64067685 -3.26262084 2.53066991 -1.92161194 1.33444209 -1.30750929 0.57688295 -1.33022906 
3.00668597 13.64197652 -8.79600829 6.34630361 -4.89754850 3.54884816 -3.17822882 2.45507510 -1.85527942 1.27716859 -1.25881517 0.53607426 -1.29659608 
3.01258909 13.73135831 -8.90802811 6.46706068 -5.01792906 3.66335796 -3.28352584 2.54944846 -1.93813429 1.34874417 -1.31969796 0.58712031 -1.33868408 
3.01992852 13.65995013 -8.81847424 6.37045967 -4.92156883 3.57164195 -3.19913966 2.47377410 -1.87166025 1.29129044 -1.27080416 0.54610827 -1.30485510 
3.02579805 13.74864240 -8.92977586 6.49059447 -5.04147704 3.68583773 -3.30426878 2.56810189 -1.95456389 1.36298007 -1.33184154 0.59732860 -1.34712204 
3.03308503 13.67767902 -8.84066385 6.39434924 -4.94535395 3.59423973 -3.21989488 2.49235490 -1.88795525 1.30535259 -1.28275388 0.55611825 -1.31310130 
3.23673457 15.60760502 -11.43330179 9.38635136 -8.13658511 6.83736213 -6.40299054 5.53390649 -4.73072670 3.91285031 -3.63202051 2.63623308 -3.12095233 
3.24861569 15.60763317 -11.43334217 9.38640088 -8.13664106 6.83742213 -6.40305249 5.53396858 -4.73078738 3.91290832 -3.63207483 2.63628291 -3.12099709 
3.26042664 15.60766083 -11.43338184 9.38644954 -8.13669603 6.83748107 -6.40311336 5.53402957 -4.73084700 3.91296531 -3.63212819 2.63633186 -3.12104107 
3.07778800 13.81545844 -9.01411004 6.58212971 -5.13333694 3.77377857 -3.38563788 2.64146884 -2.01934969 1.41925049 -1.37995034 0.63785536 -1.38068793 
2.60655870 13.03482140 -8.05473102 5.56700160 -4.13934442 2.84414103 -2.54452982 1.89917541 -1.37714192 0.87189745 -0.92013173 0.25665059 -1.06971179 
2.59734948 13.12056122 -8.15734121 5.67279937 -4.24032810 2.93628400 -2.62590979 1.96932543 -1.43646621 0.92139458 -0.96089101 0.28983001 -1.09630844 
2.59031590 13.00742186 -8.02208327 5.53348136 -4.10748104 2.81518148 -2.51905032 1.87729259 -1.35870130 0.85656133 -0.90754067 0.24642840 -1.06153848 
2.58102357 13.09373404 -8.12516252 5.63954845 -4.20852248 2.90720376 -2.60017582 1.94710058 -1.41763706 0.90565835 -0.94791282 0.27925083 -1.08781709 
2.81609262 15.60999040 -11.43672330 9.39054849 -8.14132701 6.84244765 -6.40824168 5.53916935 -4.73587069 3.91776822 -3.63662521 2.64045763 -3.12474762 
2.81609262 15.60999040 -11.43672330 9.39054849 -8.14132701 6.84244765 -6.40824168 5.53916935 -4.73587069 3.91776822 -3.63662521 2.64045763 -3.12474762 
3.05914433 13.71242079 -8.88423194 6.44134365 -4.99222909 3.63885361 -3.26094141 2.52916222 -1.92028615 1.33329508 -1.30653227 0.57606273 -1.32955195 
3.26042664 15.60766083 -11.43338184 9.38644954 -8.13669603 6.83748107 -6.40311336 5.53402957 -4.73084700 3.91296531 -3.63212819 2.63633186 -3.12104107 
3.07778800 13.81545844 -9.01411004 6.58212971 -5.13333694 3.77377857 -3.38563788 2.64146884 -2.01934969 1.41925049 -1.37995034 0.63785536 -1.38068793 
2.84529022 15.60999040 -11.43672330 9.39054849 -8.14132701 6.84244765 -6.40824168 5.53916935 -4.73587069 3.91776822 -3.63662521 2.64045763 -3.12474762 
3.08487239 13.74623696 -8.92674754 6.48731570 -5.03819458 3.68270262 -3.30137449 2.56549793 -1.95226934 1.36099105 -1.33014418 0.59590122 -1.34594179 
3.09057932 13.83160363 -9.03455091 6.60438169 -5.15573234 3.79527795 -3.40558412 2.65950027 -2.03531199 1.43314729 -1.39185780 0.64790677 -1.38902925 
2.85973071 15.60999040 -11.43672330 9.39054849 -8.14132701 6.84244765 -6.40824168 5.53916935 -4.73587069 3.91776822 -3.63662521 2.64045763 -3.12474762 
2.85973071 15.60999040 -11.43672330 9.39054849 -8.14132701 6.84244765 -6.40824168 5.53916935 -4.73587069 3.91776822 -3.63662521 2.64045763 -3.12474762 
2.85973071 15.60999040 -11.43672330 9.39054849 -8.14132701 6.84244765 -6.40824168 5.53916935 -4.73587069 3.91776822 -3.63662521 2.64045763 -3.12474762 
3.09761479 13.76280847 -8.94762120 6.50992710 -5.06084257 3.70434430 -3.32136298 2.58348935 -1.96812982 1.37474517 -1.34188592 0.60577883 -1.35411204 
3.10329023 13.84753345 -9.05474301 6.62638801 -5.17790519 3.81658647 -3.42537386 2.67740821 -2.05118034 1.44697489 -1.40371615 0.65792469 -1.39734913 
3.11027743 13.77916102 -8.96824421 6.53229331 -5.08327072 3.72579957 -3.34120051 2.60136340 -1.98390257 1.38843602 -1.35358396 0.61562771 -1.36226490 
3.11592173 13.86325180 -9.07469036 6.64815208 -5.19985806 3.83770589 -3.44500806 2.69519304 -2.06695466 1.46073290 -1.41552480 0.66790850 -1.40564691 
3.12286131 13.79529855 -8.98862056 6.55441769 -5.10548150 3.74707002 -3.36088794 2.61912033 -1.99958739 1.40206312 -1.36523766 0.62544719 -1.37039970 
3.12847477 13.87876250 -9.09439687 6.66967727 -5.22159351 3.85863790 -3.46448771 2.71285513 -2.08263489 1.47442095 -1.42728323 0.67785756 -1.41392197 
2.90243696 15.60999040 -11.43672330 9.39054849 -8.14132701 6.84244765 -6.40824168 5.53916935 -4.73587069 3.91776822 -3.63662521 2.64045763 -3.12474762 
3.13536737 13.81122492 -9.00875417 6.57630352 -5.12747735 3.76815725 -3.38042610 2.63676040 -2.01518411 1.41562603 -1.37684642 0.63523659 -1.37851576 
3.14095034 13.89406928 -9.11386640 6.69096690 -5.24311407 3.87938425 -3.48381380 2.73039490 -2.09822098 1.48803871 -1.43899093 0.68777130 -1.42217370 
2.68588546 13.16543704 -8.21131750 5.72872279 -4.29395986 2.98544204 -2.66951593 2.00707285 -1.46851750 0.94823600 -0.98307002 0.30794005 -1.11086797 
2.96119409 10.87514113 -5.69157293 3.32616412 -2.16356151 1.16807925 -1.16179590 0.78059351 -0.48528641 0.16467485 -0.36305409 -0.18071461 -0.73077660 
3.14095034 13.89406928 -9.11386640 6.69096690 -5.24311407 3.87938425 -3.48381380 2.73039490 -2.09822098 1.48803871 -1.43899093 0.68777130 -1.42217370 
2.91647211 15.60999040 -11.43672330 9.39054849 -8.14132701 6.84244765 -6.40824168 5.53916935 -4.73587069 3.91776822 -3.63662521 2.64045763 -3.12474762 
3.14779658 13.82694387 -9.02864885 6.59795406 -5.14926070 3.78906285 -3.39981587 2.65428388 -2.03069259 1.42912433 -1.38840967 0.64499528 -1.38661245 
3.34120618 15.60784148 -11.43364095 9.38676737 -8.13705509 6.83786613 -6.40351093 5.53442802 -4.73123642 3.91333760 -3.63247675 2.63665164 -3.12132834 
3.16567276 13.92408554 -9.15210948 6.73285248 -5.28552047 3.92032675 -3.52200936 2.76510917 -2.12911075 1.51506221 -1.46225224 0.70749056 -1.43860484 
3.39243285 11.86226154 -6.71911510 4.25304778 -2.94055488 1.79564212 -1.65506869 1.16118477 -0.77511387 0.38545692 -0.53093532 -0.05246620 -0.82758889 
3.55338096 14.40170159 -9.77203347 7.42414010 -5.99783688 4.61985271 -4.18551671 3.37794616 -2.68301018 2.00685177 -1.89156386 1.07625788 -1.74979479 
3.38594208 15.60793544 -11.43377571 9.38693267 -8.13724183 6.83806640 -6.40371771 5.53463524 -4.73143896 3.91353123 -3.63265804 2.63681796 -3.12147775 
3.39697144 15.60795796 -11.43380801 9.38697230 -8.13728660 6.83811441 -6.40376728 5.53468493 -4.73148752 3.91357765 -3.63270151 2.63685783 -3.12151357 
3.40794031 15.60798012 -11.43383979 9.38701128 -8.13733064 6.83816164 -6.40381605 5.53473380 -4.73153529 3.91362332 -3.63274426 2.63689706 -3.12154881 
3.23807482 14.00960209 -9.26152781 6.85318413 -5.40783598 4.03887440 -3.63301670 2.86636411 -2.21952481 1.59441972 -1.53077392 0.76574653 -1.48728141 
3.24457118 13.94565302 -9.17964033 6.76306070 -5.31615888 3.94995821 -3.54969875 2.79031537 -2.15157476 1.53474322 -1.47921664 0.72189022 -1.45061813 
3.24989340 14.02322781 -9.27902532 6.87249425 -5.42753143 4.05802568 -3.65100683 2.88282418 -2.23426608 1.60739436 -1.54200644 0.77531966 -1.49529914 
3.25634850 13.95966115 -9.19754505 6.78273142 -5.33613422 3.96929987 -3.56779345 2.80680559 -2.16628671 1.54764552 -1.49034858 0.73134755 -1.45851485 
3.26164319 14.03668251 -9.29632035 6.89159912 -5.44703567 4.07700801 -3.66885374 2.89916693 -2.24891414 1.62029681 -1.55318451 0.78485281 -1.50328854 
3.05165869 15.60999040 -11.43672330 9.39054849 -8.14132701 6.84244765 -6.40824168 5.53916935 -4.73587069 3.91776822 -3.63662521 2.64045763 -3.12474762 
3.26805753 13.97349512 -9.21524525 6.80219659 -5.35591983 3.98847549 -3.58574889 2.82318310 -2.18091031 1.56048044 -1.50143061 0.74076901 -1.46638684 
3.27332498 14.04996909 -9.31341598 6.91050152 -5.46635092 4.09582300 -3.68655847 2.91539293 -2.26346917 1.63312698 -1.56430790 0.79434564 -1.51124922 
3.27969907 13.98715787 -9.23274400 6.82145895 -5.37551783 4.00748659 -3.60356602 2.83944837 -2.19544567 1.57324782 -1.51246243 0.75015421 -1.47423366 
3.46190002 15.60808566 -11.43399116 9.38719695 -8.13754041 6.83838660 -6.40404832 5.53496658 -4.73176280 3.91384083 -3.63294791 2.63708389 -3.12171666 
3.64862896 14.31861803 -9.66264884 7.30049193 -5.86873884 4.49146797 -4.06225652 3.26276296 -2.57773413 1.91239347 -1.80828508 1.00405980 -1.68833109 
3.66193221 14.49854418 -9.90035728 7.57009911 -6.15115069 4.77320591 -4.33357882 3.51706061 -2.81082710 2.12210520 -1.99365632 1.16515925 -1.82579956 
3.67741696 14.34641083 -9.69916712 7.34169317 -5.91167591 4.53409122 -4.10310717 3.30087236 -2.61250899 1.94354691 -1.83571116 1.02780394 -1.70851831 
3.69054811 14.52298587 -9.93288481 7.60725082 -6.19033221 4.81254965 -4.37170793 3.55301564 -2.84397768 2.15209623 -2.02030601 1.18843411 -1.84575411 
3.36442159 14.15053761 -9.44335442 7.05474937 -5.61432635 4.24050895 -3.82320490 3.04107044 -2.37658989 1.73316418 -1.65130253 0.86880034 -1.57385801 
3.37049077 14.09062749 -9.36583358 6.96856907 -5.52579662 4.15383220 -3.74123899 2.96559034 -2.30856990 1.67294352 -1.59887744 0.82388744 -1.53605491 
3.54531728 15.60823801 -11.43420969 9.38746501 -8.13784324 6.83871137 -6.40438366 5.53530266 -4.73209127 3.91415486 -3.63324193 2.63735363 -3.12195898 
3.38656708 14.17418366 -9.47404432 7.08896737 -5.64957740 4.27511672 -3.85601873 3.07136547 -2.40395833 1.75745114 -1.67249235 0.88699141 -1.58919975 
3.39256450 14.11496987 -9.39729070 7.00349648 -5.56163255 4.18887698 -3.77434141 2.99603983 -2.33598073 1.69718698 -1.61996249 0.84193503 -1.55123256 
3.56563908 15.60827325 -11.43426022 9.38752700 -8.13791328 6.83878647 -6.40446121 5.53538038 -4.73216724 3.91422748 -3.63330993 2.63741601 -3.12201502 
3.57572308 15.60829047 -11.43428492 9.38755729 -8.13794750 6.83882318 -6.40449911 5.53541836 -4.73220436 3.91426297 -3.63334316 2.63744650 -3.12204241 
3.58575648 15.60830743 -11.43430925 9.38758713 -8.13798122 6.83885934 -6.40453644 5.53545578 -4.73224093 3.91429794 -3.63337590 2.63747653 -3.12206939 
3.59573980 15.60832414 -11.43433322 9.38761653 -8.13801443 6.83889495 -6.40457322 5.53549264 -4.73227696 3.91433238 -3.63340814 2.63750611 -3.12209597 
3.60567353 15.60834060 -11.43435683 9.38764550 -8.13804715 6.83893005 -6.40460945 5.53552895 -4.73231245 3.91436631 -3.63343991 2.63753526 -3.12212216 
3.61555817 15.60835682 -11.43438009 9.38767403 -8.13807939 6.83896462 -6.40464515 5.53556473 -4.73234742 3.91439974 -3.63347122 2.63756398 -3.12214795 
3.46221490 14.25264827 -9.57626028 7.20334127 -5.76781451 4.39158505 -3.96680892 3.17397352 -2.49693564 1.84019680 -1.74488255 0.94929562 -1.64187340 
3.46797379 14.19578562 -9.50212730 7.12032830 -5.68193489 4.30693080 -3.88622705 3.09929379 -2.42922252 1.77989918 -1.69210125 0.90384421 -1.60342813 
3.47279361 14.26334019 -9.59023362 7.21902521 -5.78407720 4.40765095 -3.98213458 3.18820597 -2.50986604 1.85173277 -1.75499849 0.95802126 -1.64926580 
3.47851995 14.20680286 -9.51646687 7.13635986 -5.69849424 4.32322941 -3.90171901 3.11363083 -2.44220443 1.79144454 -1.70219511 0.91252636 -1.61076392 
3.64492231 15.60840407 -11.43444786 9.38775716 -8.13817331 6.83906534 -6.40474915 5.53566895 -4.73244929 3.91449713 -3.63356240 2.63764764 -3.12222311 
3.65461532 15.60841936 -11.43446980 9.38778407 -8.13820371 6.83909794 -6.40478281 5.53570269 -4.73248227 3.91452866 -3.63359192 2.63767472 -3.12224744 
3.66426159 15.60843444 -11.43449142 9.38781059 -8.13823367 6.83913008 -6.40481599 5.53573595 -4.73251477 3.91455973 -3.63362102 2.63770141 -3.12227142 
3.51456160 14.30489359 -9.64464258 7.28020581 -5.84762762 4.47053924 -4.04222432 3.24409861 -2.56072362 1.89717197 -1.79489940 0.99248303 -1.67849821 
3.52016129 14.24963217 -9.57232046 7.19892126 -5.76323353 4.38706152 -3.96249568 3.16996963 -2.49329951 1.83695404 -1.74203999 0.94684456 -1.63979752 
3.68341565 15.60846394 -11.43453374 9.38786251 -8.13829232 6.83919298 -6.40488094 5.53580104 -4.73257839 3.91462056 -3.63367796 2.63775365 -3.12231835 
3.53512525 14.32496751 -9.67098528 7.30989043 -5.87852623 4.50117707 -4.07155556 3.27143234 -2.58563997 1.91947178 -1.81451298 1.00944874 -1.69291043 
3.54066367 14.27032918 -9.59937343 7.22929020 -5.79472734 4.41817827 -3.99218245 3.19754215 -2.51835251 1.85930779 -1.76164415 0.96375608 -1.65412639 
3.70238802 15.60849261 -11.43457487 9.38791296 -8.13834932 6.83925410 -6.40494406 5.53586429 -4.73264022 3.91467966 -3.63373331 2.63780443 -3.12236397 
3.86816839 14.51853664 -9.92695946 7.60047849 -6.18318512 4.80536839 -4.36474407 3.54644492 -2.83791599 2.14660929 -2.01542786 1.18417164 -1.84209801 
3.74834997 12.71178833 -7.67421792 5.18060395 -3.77596117 2.51721855 -2.25969787 1.65683803 -1.17474644 0.70494159 -0.78407749 0.14691581 -0.98251516 
3.58105292 14.31035865 -9.65181053 7.28827902 -5.85602685 4.47886363 -4.05019005 3.25151855 -2.56748444 1.90322036 -1.80021715 0.99708121 -1.68240297 
3.58563404 14.37321388 -9.73445409 7.38158043 -5.95332005 4.57550405 -4.14286578 3.33802451 -2.64646452 1.97401233 -1.86257002 1.05108836 -1.72834019 
3.40975515 15.60999040 -11.43672330 9.39054849 -8.14132701 6.84244765 -6.40824168 5.53916935 -4.73587069 3.91776822 -3.63662521 2.64045763 -3.12474762 
3.59102495 14.32009152 -9.66458310 7.30267224 -5.87100900 4.49371961 -4.06441273 3.26477287 -2.57956676 1.91403405 -1.80972837 1.00530851 -1.68939208 
3.59558552 14.38254395 -9.74675333 7.39550046 -5.96787084 4.58999091 -4.15678969 3.35104985 -2.65838169 1.98471526 -1.87201485 1.05928353 -1.73532262 
3.60094785 14.32971781 -9.67722461 7.31692734 -5.88585705 4.50845187 -4.07852555 3.27793256 -2.59156962 1.92478239 -1.81918693 1.01349417 -1.69634900 
3.91103874 14.55444656 -9.97483675 7.65525839 -6.24105678 4.86357520 -4.42124378 3.59980517 -2.88718720 2.19124716 -2.05514552 1.21890316 -1.87191062 
4.05494070 15.60578290 -11.43068857 9.38314615 -8.13296432 6.83347939 -6.39898180 5.52988922 -4.72680056 3.90909706 -3.62850661 2.63300956 -3.11805656 
3.93964794 14.71761239 -10.19392040 7.90763468 -6.50944170 5.13523306 -4.68656239 3.85187751 -3.12128231 2.40448623 -2.24586487 1.38649545 -2.01643989 
3.95301413 14.58865835 -10.02056374 7.70770328 -6.29659050 4.91955536 -4.47569980 3.65134290 -2.93487140 2.23452970 -2.09372704 1.25269874 -1.90096712 
3.96459371 14.73538951 -10.21794254 7.93547680 -6.53922551 5.16555152 -4.71633610 3.88031463 -3.14782577 2.42878134 -2.26769349 1.40575953 -2.03312102 
3.83038228 15.60867249 -11.43483286 9.38822943 -8.13870687 6.83963756 -6.40534000 5.53626111 -4.73302807 3.91505047 -3.63408049 2.63812295 -3.12265012 
3.83921877 15.60868408 -11.43484949 9.38824983 -8.13872991 6.83966227 -6.40536551 5.53628668 -4.73305306 3.91507436 -3.63410286 2.63814347 -3.12266856 
3.84801640 15.60869551 -11.43486589 9.38826995 -8.13875265 6.83968665 -6.40539069 5.53631192 -4.73307772 3.91509794 -3.63412494 2.63816372 -3.12268676 
3.85677549 15.60870680 -11.43488208 9.38828981 -8.13877508 6.83971072 -6.40541554 5.53633682 -4.73310206 3.91512121 -3.63414673 2.63818371 -3.12270472 
3.86549640 15.60871794 -11.43489806 9.38830941 -8.13879723 6.83973447 -6.40544006 5.53636140 -4.73312609 3.91514418 -3.63416824 2.63820344 -3.12272244 
4.01840332 14.64012419 -10.08956147 7.78706871 -6.38086853 5.00474235 -4.55878611 3.73017714 -3.00799017 2.30105339 -2.15315646 1.30486443 -1.94590688 
4.15528179 15.60618411 -11.43126395 9.38385184 -8.13376148 6.83433418 -6.39986430 5.53077357 -4.72766481 3.90992323 -3.62928007 2.63371908 -3.11869393 
4.04557704 14.79106517 -10.29337106 8.02311624 -6.63320181 5.26143524 -4.81070694 3.97064303 -3.23231362 2.50626450 -2.33744019 1.46742020 -2.08660368 
4.05821690 14.67039244 -10.13025803 7.83401033 -6.43085000 5.05539351 -4.60831191 3.77728196 -3.05178150 2.34098268 -2.18890222 1.33630301 -1.97304156 
4.06924856 14.80676334 -10.31469192 8.04794801 -6.65989085 5.28872659 -4.83762547 3.99646193 -3.25651123 2.52849786 -2.35748948 1.48517502 -2.10202848 
4.08173180 14.68789726 -10.15383349 7.86124753 -6.45989652 5.08487358 -4.63717902 3.80477663 -3.07737672 2.36435057 -2.20984727 1.35474544 -1.98897669 
4.09264422 14.82202779 -10.33544617 8.07214496 -6.68592370 5.31537259 -4.86393194 4.02171644 -3.28020032 2.55028178 -2.37714875 1.50259721 -2.11717486 
4.10497466 14.70493136 -10.17680292 7.88781556 -6.48826151 5.11369325 -4.66542917 3.83171100 -3.10247487 2.38728586 -2.23042266 1.37287740 -2.00465595 
4.11577037 14.83687418 -10.35565323 8.09572766 -6.71132044 5.34139181 -4.88964284 4.04642073 -3.30339271 2.57162588 -2.39642561 1.51969264 -2.13204723 
3.99194243 15.60886903 -11.43511478 9.38857525 -8.13909758 6.84005658 -6.40577266 5.53669474 -4.73345190 3.91545567 -3.63445989 2.63847102 -3.12296283 
4.00009458 15.60887813 -11.43512783 9.38859127 -8.13911567 6.84007598 -6.40579270 5.53671482 -4.73347153 3.91547444 -3.63447746 2.63848714 -3.12297731 
4.00821364 15.60888712 -11.43514073 9.38860709 -8.13913354 6.84009515 -6.40581249 5.53673466 -4.73349092 3.91549298 -3.63449482 2.63850306 -3.12299162 
4.01629987 15.60889600 -11.43515347 9.38862272 -8.13915120 6.84011409 -6.40583204 5.53675426 -4.73351007 3.91551129 -3.63451196 2.63851879 -3.12300575 
4.02435354 15.60890478 -11.43516605 9.38863816 -8.13916864 6.84013280 -6.40585136 5.53677362 -4.73352900 3.91552938 -3.63452890 2.63853434 -3.12301971 
3.89908571 14.64067745 -10.09030456 7.78792498 -6.38177936 5.00566451 -4.55968697 3.73103320 -3.00878534 2.30177785 -2.15380453 1.30543400 -1.94639814 
3.75057755 15.60999040 -11.43672330 9.39054849 -8.14132701 6.84244765 -6.40824168 5.53916935 -4.73587069 3.91776822 -3.63662521 2.64045763 -3.12474762 
3.59764565 14.32652079 -9.67302522 7.31219088 -5.88092251 4.50355479 -4.07383343 3.27355647 -2.58757747 1.92120686 -1.81603992 1.01077025 -1.69403361 
3.23134761 13.85752795 -9.06742384 6.64022093 -5.19185534 3.83000443 -3.43784589 2.68870346 -2.06119697 1.45570975 -1.41121222 0.66426146 -1.40261505 
2.98975228 15.59781374 -11.41926305 9.36913646 -8.11714262 6.81651759 -6.38147399 5.51234840 -4.70966157 3.89271636 -3.61317365 2.61894631 -3.10542550 
2.96260379 15.59747997 -11.41878463 9.36854998 -8.11648044 6.81580786 -6.38074158 5.51161476 -4.70894487 3.89203150 -3.61253270 2.61835854 -3.10489767 
2.93508173 15.59713229 -11.41828631 9.36793912 -8.11579075 6.81506865 -6.37997875 5.51085066 -4.70819843 3.89131823 -3.61186518 2.61774640 -3.10434796 
3.13825308 13.96635441 -9.20610666 6.79214437 -5.34569977 3.97856832 -3.57647014 2.81471801 -2.17335025 1.55384383 -1.49569935 0.73589574 -1.46231438 
3.50073494 14.29125426 -9.62676561 7.26008444 -5.82670717 4.44981802 -4.02240784 3.22565061 -2.54392378 1.88215039 -1.78169904 0.98107426 -1.66881429 
3.49597519 14.22488615 -9.54002813 7.16272798 -5.72575736 4.35008876 -3.92727262 3.13730052 -2.46365533 1.81053723 -1.71890032 0.92690560 -1.62292174 
3.29930023 15.60774958 -11.43350914 9.38660569 -8.13687244 6.83767025 -6.40330869 5.53422533 -4.73103832 3.91314821 -3.63229943 2.63648897 -3.12118220 
3.28771728 15.60772350 -11.43347172 9.38655980 -8.13682059 6.83761465 -6.40325127 5.53416779 -4.73098209 3.91309446 -3.63224910 2.63644279 -3.12114072 
3.08344113 13.66588672 -8.82590126 6.37845228 -4.92952320 3.57919625 -3.20607533 2.47998083 -1.87710148 1.29598449 -1.27479181 0.54944765 -1.30760530 
2.82104238 15.59558617 -11.41607037 9.36522288 -8.11272415 6.81178205 -6.37658732 5.50745375 -4.70488019 3.88814756 -3.60889799 2.61502549 -3.10190464 
2.54878657 12.72882291 -7.69404408 5.20050389 -3.79446367 2.53368401 -2.27389254 1.66879228 -1.18463303 0.71302449 -0.79061063 0.15214738 -0.98664391 
2.17112782 15.54882639 -11.34915728 9.28332239 -8.02038830 6.71295249 -6.27473368 5.40555790 -4.60545742 3.79324835 -3.52017846 2.53374708 -3.02898322 
2.44887266 13.08638627 -8.11636060 5.63046477 -4.19984442 2.89927870 -2.59317075 1.94105742 -1.41252265 0.90138822 -0.94439428 0.27638500 -1.08551861 
2.41129410 12.46822674 -7.39365070 4.90177039 -3.51919703 2.29080265 -2.06621651 1.49526136 -1.04218394 0.59734094 -0.69767125 0.07810863 -0.92849776 
2.35938449 12.93498865 -7.93610910 5.44553816 -4.02418834 2.73974185 -2.45289857 1.82066206 -1.31112627 0.81710751 -0.87523307 0.22025974 -1.04066088 
2.85809615 13.60791291 -8.75351341 6.30069742 -4.85228138 3.50596776 -3.13895757 2.42001550 -1.82461485 1.25077192 -1.23643642 0.51736869 -1.28121836 
3.05384681 15.60712675 -11.43261586 9.38551000 -8.13563462 6.83634284 -6.40193814 5.53285181 -4.72969591 3.91186488 -3.63109790 2.63538669 -3.12019198 
3.46774056 12.09342320 -6.97249047 4.49309059 -3.15151686 1.97363721 -1.80085655 1.27809480 -0.86740567 0.45787330 -0.58736822 -0.00861707 -0.86122565 
3.76740888 15.60858686 -11.43471005 9.38807878 -8.13853666 6.83945502 -6.40515151 5.53607221 -4.73284343 3.91487395 -3.63391522 2.63797132 -3.12251390 
3.92793421 14.56832898 -9.99337841 7.67650932 -6.26354417 4.88622869 -4.44326667 3.62063522 -2.90644851 2.20872079 -2.07071310 1.23253286 -1.88362351 
4.33081550 13.47124823 -8.58410863 6.12000584 -4.67400674 3.33806144 -2.98603828 2.28422915 -1.70646363 1.14955493 -1.15101334 0.44626299 -1.22299445 
