9.71920324 1.74501361 -0.29379579 0.03284055 -0.13294835 -0.17476475 -0.27024298 0.18093863 -0.09156663 -0.12941700 -0.14802563 -0.36256240 -0.59342606 
5.80518192 14.60122213 -10.03738420 7.72702562 -6.31708250 4.94024279 -4.49585294 3.67044254 -2.95256658 2.25061182 -2.10807969 1.26528522 -1.91180034 
5.61284814 15.50303721 -11.28382869 9.20358639 -7.93073429 6.61723810 -6.17633082 5.30734292 -4.50983777 3.70216904 -3.43519704 2.45603642 -2.95938359 
5.40545558 14.14365913 -9.43443682 7.04481722 -5.60410499 4.23048414 -3.81370897 3.03231166 -2.36868441 1.72615479 -1.64519196 0.86355852 -1.56944045 
5.22189086 15.59400466 -11.41380396 9.36244504 -8.10958829 6.80842150 -6.37311985 5.50398095 -4.70148806 3.88490652 -3.60586513 2.61224455 -3.09940755 
5.10688854 14.62708915 -10.07206226 7.76691379 -6.35943897 4.98305536 -4.53760905 3.71006105 -2.98931214 2.28404249 -2.13794475 1.29149963 -1.93438321 
4.88561095 15.27756439 -10.96498916 8.81768370 -7.50029676 6.16118938 -5.71087123 4.84598494 -4.06362569 3.27977832 -3.04338856 2.09971342 -2.64190161 
4.81961901 15.60216533 -11.42550127 9.37678477 -8.12577927 6.82577568 -6.39102921 5.52192077 -4.71901386 3.90165416 -3.62153914 2.62661851 -3.11231592 
4.93047456 15.08815935 -10.70084687 8.50217117 -7.15280344 5.79744315 -5.34390310 4.48627421 -3.71940077 2.95718609 -2.74698231 1.83255057 -2.40586689 
4.95236664 15.29718960 -10.99255178 8.85082751 -7.53703516 6.19988211 -5.75013655 4.88469077 -4.10086455 3.31485425 -3.07577203 2.12903367 -2.66791630 
4.80128791 15.22803527 -10.89558926 8.73441459 -7.40819199 6.06438069 -5.61282022 4.74951049 -3.97097223 3.19265265 -2.96307822 2.02710820 -2.57757282 
4.82109521 15.06266442 -10.66555105 8.46030420 -7.10700223 5.74980785 -5.29614363 4.43973831 -3.67512273 2.91591538 -2.70925652 1.79871151 -2.37610815 
4.92481125 15.60294490 -11.42661901 9.37815539 -8.12732723 6.82743524 -6.39274226 5.52363712 -4.72069095 3.90325710 -3.62303960 2.62799476 -3.11355204 
4.94520172 15.60308680 -11.42682247 9.37840487 -8.12760900 6.82773734 -6.39305411 5.52394957 -4.72099626 3.90354892 -3.62331277 2.62824532 -3.11377710 
4.96538641 15.60322445 -11.42701984 9.37864691 -8.12788236 6.82803042 -6.39335664 5.52425270 -4.72129246 3.90383203 -3.62357779 2.62848841 -3.11399544 
5.06850747 15.14750399 -10.78324352 8.60017829 -7.26030637 5.90953643 -5.45656498 4.59630932 -3.82433427 3.05520231 -2.83676167 1.91323454 -2.47695105 
5.16512199 15.60133785 -11.42431491 9.37533009 -8.12413644 6.82401447 -6.38921131 5.52009946 -4.71723427 3.89995331 -3.61994708 2.62515830 -3.11100441 
5.18771187 15.60153060 -11.42459125 9.37566893 -8.12451910 6.82442469 -6.38963473 5.52052367 -4.71764875 3.90034945 -3.62031788 2.62549838 -3.11130985 
5.13563383 15.34571507 -11.06085879 8.93314390 -7.62846876 6.29637049 -5.84823918 4.98157186 -4.19423610 3.40294726 -3.15722953 2.20289392 -2.73354039 
5.07765395 15.60394158 -11.42804812 9.37990789 -8.12930659 6.82955743 -6.39493295 5.52583212 -4.72283582 3.90530723 -3.62495873 2.62975508 -3.11513319 
5.01786970 15.29608212 -10.99099542 8.84895490 -7.53495828 6.19769356 -5.74791447 4.88249927 -4.09875511 3.31286644 -3.07393603 2.12737069 -2.66644025 
4.95109880 15.60612622 -11.43118093 9.38375001 -8.13364645 6.83421084 -6.39973696 5.53064596 -4.72754010 3.90980401 -3.62916846 2.63361669 -3.11860195 
4.88232776 15.23280770 -10.90226630 8.74241453 -7.41702862 6.07365641 -5.62220309 4.75873130 -3.97981757 3.20096114 -2.97072884 2.03401804 -2.58368932 
4.89591405 15.12142968 -10.74699976 8.55702142 -7.21291887 5.86007643 -5.40680659 4.54766651 -3.77790601 3.01179863 -2.79697421 1.87745144 -2.44540332 
4.90830675 15.24152410 -10.91446683 8.75703863 -7.43318892 6.09062643 -5.63937571 4.77561348 -3.99601797 3.21618333 -2.98475009 2.04668541 -2.59490543 
4.83215878 15.60805489 -11.43394703 9.38714282 -8.13747925 6.83832101 -6.40398060 5.53489871 -4.73169646 3.91377741 -3.63288853 2.63702941 -3.12166772 
4.75376207 15.16182623 -10.80317906 8.62394738 -7.28643842 5.93684424 -5.48406939 4.62322703 -3.85005389 3.07927065 -2.85884580 1.93311392 -2.49449241 
4.66527381 15.60941840 -11.43590278 9.38954192 -8.14018973 6.84122790 -6.40698214 5.53790695 -4.73463674 3.91658846 -3.63552055 2.63944412 -3.12383707 
4.76803177 15.09046499 -10.70404189 8.50596445 -7.15695680 5.80176644 -5.34824115 4.49050440 -3.72342870 2.96094307 -2.75041888 1.83563501 -2.40858103 
4.86410244 15.60811570 -11.43403425 9.38724981 -8.13760012 6.83845064 -6.40411445 5.53503285 -4.73182757 3.91390275 -3.63300589 2.63713708 -3.12176444 
4.87463795 15.60813534 -11.43406242 9.38728436 -8.13763915 6.83849249 -6.40415766 5.53507616 -4.73186990 3.91394322 -3.63304378 2.63717184 -3.12179567 
4.97233113 15.15315150 -10.79110213 8.60954546 -7.27060198 5.92029249 -5.46739578 4.60690655 -3.83445751 3.06467355 -2.84545032 1.92105425 -2.48384982 
5.06414947 15.60653883 -11.43177266 9.38447578 -8.13446630 6.83508998 -6.40064462 5.53155553 -4.72842903 3.91065378 -3.62996403 2.63434651 -3.11925755 
5.15769906 15.20274908 -10.86024760 8.69211157 -7.36150794 6.01542029 -5.56333631 4.70092093 -3.92439756 3.14893693 -2.92285206 1.99080080 -2.54545398 
5.17299588 15.33777652 -11.04966895 8.91964179 -7.61345272 6.28050574 -5.83209088 4.96560748 -4.17883425 3.38840203 -3.14376759 2.19067702 -2.72267697 
5.03337564 15.28097822 -10.96978111 8.82344300 -7.50667753 6.16790640 -5.71768455 4.85269826 -4.07008189 3.28585714 -3.04899867 2.10479108 -2.64640532 
4.87807101 15.20869774 -10.86855643 8.70205083 -7.37246999 6.02691029 -5.57494279 4.71231164 -3.93531042 3.15917503 -2.93226866 1.99929644 -2.55296650 
4.61376628 13.96126169 -9.19959198 6.78498148 -5.33842036 3.97151462 -3.56986646 2.80869570 -2.16797378 1.54912573 -1.49162621 0.73243341 -1.45942186 
4.28182577 14.82610444 -10.34099272 8.07861574 -6.69288980 5.32250704 -4.87097957 4.02848604 -3.28655372 2.55612719 -2.38242659 1.50727660 -2.12124476 
4.14521902 15.60614566 -11.43120881 9.38378421 -8.13368508 6.83425226 -6.39977973 5.53068881 -4.72758199 3.90984405 -3.62920595 2.63365108 -3.11863284 
4.13002930 15.60608689 -11.43112452 9.38368083 -8.13356830 6.83412704 -6.39965044 5.53055926 -4.72745537 3.90972302 -3.62909263 2.63354714 -3.11853946 
4.24201160 14.91379144 -10.46067876 8.21867382 -6.84411707 5.47783102 -5.02483674 4.17666677 -3.42597990 2.68471680 -2.49879822 1.61067728 -2.21136389 
4.34543461 15.60920286 -11.43559361 9.38916265 -8.13976122 6.84076832 -6.40650759 5.53743132 -4.73417185 3.91614399 -3.63510437 2.63906230 -3.12349404 
4.56553952 13.90334586 -9.12567648 6.70389233 -5.25619082 3.89200086 -3.49557605 2.74107815 -2.10772130 1.49634504 -1.44613688 0.69382599 -1.42721628 
4.65776803 15.09486041 -10.71013421 8.51319913 -7.16487991 5.81001538 -5.35651986 4.49857877 -3.73111838 2.96811672 -2.75698176 1.84152632 -2.41376579 
4.55843321 15.60999040 -11.43672330 9.39054849 -8.14132701 6.84244765 -6.40824168 5.53916935 -4.73587069 3.91776822 -3.63662521 2.64045763 -3.12474762 
4.45606332 14.96470137 -10.53050203 8.30075844 -6.93314258 5.56965860 -5.11617198 4.26498142 -3.50939338 2.76192470 -2.56890932 1.67317455 -2.26600070 
4.45265417 14.99542097 -10.57275318 8.35056316 -6.98729950 5.62565960 -5.17200695 4.31909506 -3.56061760 2.80943799 -2.61214152 1.71178447 -2.29981499 
4.44958529 14.96115920 -10.52563596 8.29502890 -6.92691916 5.56323000 -5.10976891 4.25878179 -3.50353026 2.75649114 -2.56396948 1.66876636 -2.26214294 
4.44616453 14.99201909 -10.56806989 8.34503764 -6.98128590 5.61943606 -5.16579688 4.31307180 -3.55491174 2.80414178 -2.60731930 1.70747514 -2.29603866 
4.44308626 14.95758870 -10.52073216 8.28925630 -6.92065040 5.55675597 -5.10332195 4.25254091 -3.49762927 2.75102349 -2.55899952 1.66433202 -2.25826290 
4.43965382 14.98858977 -10.56334993 8.33947010 -6.97522789 5.61316787 -5.15954352 4.30700771 -3.54916826 2.79881158 -2.60246696 1.70313956 -2.29223990 
4.53988594 15.60999040 -11.43672330 9.39054849 -8.14132701 6.84244765 -6.40824168 5.53916935 -4.73587069 3.91776822 -3.63662521 2.64045763 -3.12474762 
4.53988594 15.60999040 -11.43672330 9.39054849 -8.14132701 6.84244765 -6.40824168 5.53916935 -4.73587069 3.91776822 -3.63662521 2.64045763 -3.12474762 
4.43656611 14.95398956 -10.51579027 8.28344024 -6.91433588 5.55023611 -5.09683073 4.24625847 -3.49169014 2.74552152 -2.55399925 1.65987137 -2.25436045 
4.43312191 14.98513271 -10.55859292 8.33386013 -6.96912506 5.60685462 -5.15324647 4.30090245 -3.54338687 2.79344716 -2.59758427 1.69877756 -2.28841856 
4.43002469 14.95036149 -10.51080990 8.27758028 -6.90797517 5.54367003 -5.09029487 4.23993413 -3.48571259 2.73998499 -2.54896845 1.65538423 -2.25043546 
4.31091141 15.60917520 -11.43555394 9.38911398 -8.13970624 6.84070935 -6.40644670 5.53737029 -4.73411220 3.91608696 -3.63505098 2.63901331 -3.12345002 
4.30393468 15.60916949 -11.43554576 9.38910394 -8.13969489 6.84069719 -6.40643414 5.53735770 -4.73409989 3.91607520 -3.63503996 2.63900321 -3.12344094 
4.29693353 15.60916373 -11.43553749 9.38909380 -8.13968343 6.84068489 -6.40642144 5.53734498 -4.73408746 3.91606331 -3.63502883 2.63899299 -3.12343177 
4.28990778 15.60915790 -11.43552913 9.38908354 -8.13967184 6.84067247 -6.40640861 5.53733212 -4.73407489 3.91605129 -3.63501758 2.63898267 -3.12342249 
4.28285727 15.60915201 -11.43552068 9.38907318 -8.13966014 6.84065992 -6.40639565 5.53731913 -4.73406219 3.91603915 -3.63500621 2.63897224 -3.12341312 
4.15818445 14.74293882 -10.22815298 7.94732098 -6.55190617 5.17847006 -4.72903226 3.89244982 -3.15916093 2.43916337 -2.27702749 1.41400191 -2.04026236 
4.01227310 15.60559975 -11.43042592 9.38282401 -8.13260044 6.83308920 -6.39857897 5.52948556 -4.72640607 3.90871996 -3.62815357 2.63268570 -3.11776564 
3.86126481 14.46278039 -9.85286408 7.51596589 -6.09417413 4.71610348 -4.27834243 3.46506757 -2.76297261 2.07888286 -1.95530934 1.13171761 -1.79716881 
3.83781415 14.69071603 -10.15763253 7.86563966 -6.46458353 5.08963359 -4.64184295 3.80922147 -3.08151688 2.36813249 -2.21323883 1.35773322 -1.99155947 
3.81731604 14.42336267 -9.80065894 7.45661531 -6.03186262 4.65380471 -4.21822016 3.40860329 -2.71111576 2.03214200 -1.91392181 1.09569074 -1.76637896 
3.63197260 15.59558617 -11.41607037 9.36522288 -8.11272415 6.81178205 -6.37658732 5.50745375 -4.70488019 3.88814756 -3.60889799 2.61502549 -3.10190464 
3.60241702 15.59515612 -11.41545405 9.36446746 -8.11187134 6.81086810 -6.37564427 5.50650922 -4.70395758 3.88726602 -3.60807305 2.61426906 -3.10122540 
3.57241815 15.59470655 -11.41480978 9.36367780 -8.11097990 6.80991278 -6.37465854 5.50552197 -4.70299326 3.88634465 -3.60721086 2.61347848 -3.10051551 
3.54196247 15.59423626 -11.41413584 9.36285179 -8.11004745 6.80891354 -6.37362753 5.50448939 -4.70198468 3.88538101 -3.60630913 2.61265166 -3.09977309 
3.51103587 15.59374397 -11.41343039 9.36198719 -8.10907146 6.80786766 -6.37254843 5.50340867 -4.70092911 3.88437248 -3.60536542 2.61178636 -3.09899614 
3.47962355 15.59322828 -11.41269142 9.36108155 -8.10804917 6.80677221 -6.37141820 5.50227678 -4.69982357 3.88331625 -3.60437709 2.61088017 -3.09818248 
3.27179508 13.76517222 -8.95060069 6.51315683 -5.06407966 3.70743952 -3.32422351 2.58606562 -1.97040226 1.37671687 -1.34356999 0.60719620 -1.35528494 
3.22651546 14.21061252 -9.52142803 7.14190928 -5.70422924 4.32887684 -3.90708947 3.11860317 -2.44670877 1.79545209 -1.70570021 0.91554235 -1.61331310 
3.18860736 13.65497307 -8.81225020 6.36376426 -4.91490800 3.56531848 -3.19333610 2.46858227 -1.86711027 1.28736647 -1.26747168 0.54331831 -1.30255798 
3.14121728 14.11969666 -9.40340550 7.01029276 -5.56861255 4.19570939 -3.78080111 3.00198715 -2.34133917 1.70193011 -1.62409088 0.84547124 -1.55420850 
3.29165293 15.58978403 -11.40775660 9.35503434 -8.10122386 6.79945918 -6.36387380 5.49472202 -4.69244545 3.87626778 -3.59778228 2.60483391 -3.09275403 
3.25656701 15.58906725 -11.40672975 9.35377619 -8.09980399 6.79793802 -6.36230469 5.49315091 -4.69091123 3.87480225 -3.59641119 2.60357697 -3.09162561 
3.41840868 14.33558939 -9.68493963 7.32563178 -5.89492829 4.51745689 -4.08715614 3.28598406 -2.59891667 1.93136436 -1.82498143 1.01851080 -1.70061415 
3.39360694 13.98407926 -9.22879951 6.81711528 -5.37109687 4.00319652 -3.59954402 2.83577547 -2.19216237 1.57036301 -1.50996907 0.74803245 -1.47245925 
3.15987939 15.58695864 -11.40370927 9.35007563 -8.09562811 6.79346460 -6.35769058 5.48853126 -4.68640034 3.87049357 -3.59238042 2.59988198 -3.08830860 
2.91636071 13.25782184 -8.32302341 5.84504767 -4.40607275 3.08869201 -2.76152706 2.08707621 -1.53673850 1.00559303 -1.03063730 0.34690850 -1.14229489 
2.59362316 15.53894536 -11.33504335 9.26607692 -8.00097743 6.69220889 -6.25338719 5.38423289 -4.58467807 3.77343964 -3.50168187 2.51682090 -3.01381348 
2.52678324 15.53414899 -11.32819553 9.25771347 -7.99156787 6.68215737 -6.24304753 5.37390746 -4.57462038 3.76385494 -3.49273485 2.50863590 -3.00647987 
2.45763277 15.52885413 -11.32063850 9.24848668 -7.98119002 6.67107460 -6.23165011 5.36252862 -4.56353928 3.75329737 -3.48288180 2.49962386 -2.99840677 
2.38600631 15.52298985 -11.31227178 9.23827479 -7.96970794 6.65881637 -6.21904759 5.34995018 -4.55129326 3.74163286 -3.47199827 2.48967152 -2.98949323 
2.31172000 15.51647224 -11.30297667 9.22693407 -7.95696122 6.64521271 -6.20506645 5.33600013 -4.53771591 3.72870387 -3.45993813 2.47864598 -2.97962082 
2.55303908 13.35744645 -8.44436873 5.97230671 -4.52957301 3.20318270 -2.86421015 2.17691198 -1.61379962 1.07073896 -1.08494036 0.39160100 -1.17849710 
2.74892666 15.57537999 -11.38713070 9.32977272 -8.07272646 6.76894031 -6.33240405 5.46322298 -4.66169586 3.84690371 -3.57031844 2.57966330 -3.07016279 
2.22777056 8.10584119 -3.27507236 1.47305374 -0.82973406 0.22437553 -0.50343197 0.32395041 -0.16968211 -0.06150252 -0.19786588 -0.30696316 -0.63651072 
1.64790222 11.78717795 -6.63786032 4.17701015 -2.87452757 1.74055970 -1.61043974 1.12576378 -0.74742374 0.36391106 -0.51426556 -0.06534797 -0.81775816 
1.30778918 3.46949768 -0.75020450 0.16829044 -0.17142170 -0.14690573 -0.28711449 0.19260880 -0.09445817 -0.12195062 -0.15202456 -0.35403357 -0.59969525 
-1.55389604 11.56056803 -6.39572338 3.95316679 -2.68244449 1.58208279 -1.48338638 1.02592653 -0.67010665 0.30422243 -0.46839147 -0.10062752 -0.79095626 
-0.90989521 -8.16369041 -2.73355914 -1.18529209 -0.63386994 -0.48099215 -0.37179632 0.08022462 -0.16041829 -0.20195708 -0.18816909 -0.41163898 -0.59120396 
0.87797057 7.05011132 -2.53332793 1.01084235 -0.55849261 0.06214816 -0.40563111 0.26392319 -0.13290660 -0.08779668 -0.17826162 -0.32405341 -0.62324460 
0.74435870 2.20843724 -0.39078441 0.05820595 -0.13899379 -0.16877274 -0.27387790 0.18359187 -0.09190666 -0.12758498 -0.14878270 -0.36046105 -0.59492105 
-1.66901169 -9.09488627 -3.40731840 -1.61648464 -0.89273361 -0.63495772 -0.46053003 0.02506956 -0.19712314 -0.22842815 -0.20683366 -0.42494005 -0.59859737 
1.11287372 3.93928272 -0.91982508 0.22857217 -0.19209394 -0.13535890 -0.29386483 0.19695834 -0.09619487 -0.11946121 -0.15375294 -0.35129901 -0.60179015 
2.12712379 12.50914033 -7.44040099 4.94786979 -3.56132375 2.32768007 -2.09750812 1.52121617 -1.06334021 0.61441348 -0.71130883 0.08891975 -0.93694898 
2.37966914 15.58765051 -11.40470029 9.35128974 -8.09699811 6.79493216 -6.35920424 5.49004668 -4.68788003 3.87190688 -3.59370254 2.60109393 -3.08939654 
1.79387318 6.38244673 -2.11511437 0.77629121 -0.43410034 -0.00748548 -0.36559589 0.24005414 -0.11892818 -0.09839185 -0.17010373 -0.33192956 -0.61703588 
-0.33788769 0.86705583 -0.16174365 0.00030369 -0.12671537 -0.18458680 -0.26462265 0.17653483 -0.09161278 -0.13272521 -0.14714516 -0.36626011 -0.59091246 
-5.17220109 -15.52335460 -10.17356946 -7.92609519 -6.45748178 -5.41703346 -4.49559634 -3.36187529 -3.02313846 -2.57156447 -2.12796292 -1.98265938 -1.83968698 
-3.51439451 6.05750406 -1.92581434 0.67684232 -0.38455984 -0.03431392 -0.35047117 0.23110068 -0.11383303 -0.10246799 -0.16691562 -0.33521832 -0.61443247 
-2.31227841 10.53487088 -5.35771856 3.04175211 -1.93814716 0.99526090 -1.03252146 0.68539453 -0.41589613 0.11357743 -0.32521234 -0.20922662 -0.70955104 
-1.54420902 12.37965525 -7.29296784 4.80298452 -3.42936329 2.21252538 -2.00009046 1.44064612 -0.99784602 0.56169019 -0.66928512 0.05566655 -0.91099922 
0.01548130 -7.48776522 -2.29252275 -0.92854948 -0.49303791 -0.40294574 -0.33024072 0.10556065 -0.14326222 -0.18892101 -0.17882247 -0.40478421 -0.58790887 
1.81016077 7.13341632 -2.58827269 1.04311051 -0.57636442 0.07241323 -0.41163355 0.26753296 -0.13505976 -0.08621289 -0.17946540 -0.32294188 -0.62411656 
2.64555616 13.19848142 -8.25118201 5.77014462 -4.33379624 3.02205385 -2.70207750 2.03533051 -1.49256896 0.96842274 -0.99978466 0.32161349 -1.12188011 
3.11027743 13.77916102 -8.96824421 6.53229331 -5.08327072 3.72579957 -3.34120051 2.60136340 -1.98390257 1.38843602 -1.35358396 0.61562771 -1.36226490 
3.30698509 15.60776673 -11.43353373 9.38663585 -8.13690651 6.83770679 -6.40334641 5.53426313 -4.73107527 3.91318354 -3.63233251 2.63651931 -3.12120946 
3.12847477 13.87876250 -9.09439687 6.66967727 -5.22159351 3.85863790 -3.46448771 2.71285513 -2.08263489 1.47442095 -1.42728323 0.67785756 -1.41392197 
2.45728022 9.25855412 -4.19785291 2.12215928 -1.25764524 0.50419247 -0.68489479 0.44178966 -0.24618507 -0.00797228 -0.23670482 -0.27616060 -0.65980390 
1.18985003 9.26643191 -4.20456588 2.12716066 -1.26112618 0.50657134 -0.68649670 0.44286288 -0.24690219 -0.00746873 -0.23706854 -0.27588064 -0.66001329 
0.29361614 15.24567863 -10.92028452 8.76401485 -7.44090102 6.09872801 -5.64757698 4.78367885 -4.00376020 3.22346036 -2.99145501 2.05274460 -2.60027187 
0.98081399 9.58516085 -4.48080648 2.33630683 -1.40898339 0.60898634 -0.75629848 0.49012300 -0.27878877 0.01499901 -0.25330613 -0.26346162 -0.66927809 
1.86347251 11.81962253 -6.67290880 4.20975181 -2.90291105 1.76420089 -1.62956542 1.14092163 -0.75925722 0.37310818 -0.52137427 -0.05985863 -0.82194448 
2.16414222 15.60302820 -11.42673845 9.37830184 -8.12749264 6.82761259 -6.39292532 5.52382054 -4.72087017 3.90342841 -3.62319996 2.62814185 -3.11368416 
2.14366476 15.60288449 -11.42653239 9.37804916 -8.12720725 6.82730662 -6.39260949 5.52350409 -4.72056096 3.90313286 -3.62292330 2.62788809 -3.11345623 
2.12297547 15.60273628 -11.42631989 9.37778858 -8.12691296 6.82699110 -6.39228380 5.52317777 -4.72024209 3.90282809 -3.62263801 2.62762641 -3.11322119 
2.44548452 12.86225342 -7.85026251 5.35820238 -3.94190952 2.66559747 -2.38820056 1.76553690 -1.26502477 0.77903319 -0.84417309 0.19518582 -1.02072026 
2.20838567 8.36858688 -3.47502211 1.60703601 -0.91393617 0.27731352 -0.53661765 0.34490547 -0.18292338 -0.05222242 -0.20465436 -0.30138840 -0.64077554 
1.71895703 11.48137340 -6.31219857 3.87691534 -2.61780868 1.52936305 -1.44157970 0.99341375 -0.64517220 0.28512826 -0.45381530 -0.11178487 -0.78251755 
1.42590999 4.66688436 -1.22084012 0.34730143 -0.23717073 -0.11158085 -0.30737917 0.20536545 -0.10007066 -0.11493629 -0.15713286 -0.34657874 -0.60546160 
0.51014379 7.89088394 -3.11604291 1.36925368 -0.76612602 0.18515329 -0.47923031 0.30885284 -0.16025921 -0.06813981 -0.19297920 -0.31106139 -0.63335692 
0.44717321 6.29904066 -2.06563613 0.74988026 -0.42074476 -0.01476892 -0.36147470 0.23761282 -0.11752907 -0.09949537 -0.16924317 -0.33280323 -0.61634465 
1.20688596 4.11643118 -0.98882434 0.25450088 -0.20147978 -0.13031020 -0.29676981 0.19879440 -0.09699223 -0.11844380 -0.15449160 -0.35020841 -0.60263305 
2.22367261 12.44826258 -7.37089403 4.87938324 -3.49878601 2.27297385 -2.05111991 1.48276463 -1.03201710 0.58915057 -0.69113877 0.07293672 -0.92445972 
2.78212146 13.31691852 -8.39489371 5.92030820 -4.47900388 3.15620814 -2.82199796 2.13991174 -1.58200355 1.04381432 -1.06246221 0.37307500 -1.16347038 
2.78861663 13.41860073 -8.51931205 6.05136616 -4.60673903 3.27511354 -2.92906702 2.23394661 -1.66296606 1.11249402 -1.11989451 0.42048075 -1.20197721 
2.79690867 13.33953117 -8.42247962 5.94928210 -4.50716323 3.18234977 -2.84547529 2.16047846 -1.59966771 1.05876449 -1.07493743 0.38335232 -1.17180300 
2.59884360 9.81965785 -4.68983039 2.49881947 -1.52685606 0.69246563 -0.81434150 0.53011846 -0.30621159 0.03445420 -0.26739709 -0.25277369 -0.67722552 
2.24310188 12.48633608 -7.41432462 4.92213853 -3.53779392 2.30706895 -2.08000811 1.50669217 -1.05149471 0.60484966 -0.70366578 0.08285845 -0.93220906 
2.23499847 12.34945766 -7.25880481 4.76961940 -3.39915809 2.18631798 -1.97804212 1.42250740 -0.98317570 0.54993344 -0.65995185 0.04830593 -0.90527341 
2.22367261 12.44826258 -7.37089403 4.87938324 -3.49878601 2.27297385 -2.05111991 1.48276463 -1.03201710 0.58915057 -0.69113877 0.07293672 -0.92445972 
2.49796323 15.60999040 -11.43672330 9.39054849 -8.14132701 6.84244765 -6.40824168 5.53916935 -4.73587069 3.91776822 -3.63662521 2.64045763 -3.12474762 
2.21550815 12.30998158 -7.21427040 4.72624290 -3.35999340 2.15242186 -1.94959380 1.39915737 -0.96433186 0.53486124 -0.64800716 0.03889923 -0.89796576 
2.20405780 12.40946341 -7.32677198 4.83607615 -3.45938908 2.23863327 -2.02210062 1.45878938 -1.01254772 0.57349179 -0.67866796 0.06307543 -0.91676931 
2.48064710 15.60999040 -11.43672330 9.39054849 -8.14132701 6.84244765 -6.40824168 5.53916935 -4.73587069 3.91776822 -3.63662521 2.64045763 -3.12474762 
2.48064710 15.60999040 -11.43672330 9.39054849 -8.14132701 6.84244765 -6.40824168 5.53916935 -4.73587069 3.91776822 -3.63662521 2.64045763 -3.12474762 
2.76722586 13.29396312 -8.36693813 5.89099508 -4.45056128 3.12984477 -2.79835730 2.11923222 -1.56426742 1.02882278 -1.04996761 0.36279305 -1.15514276 
2.77376178 13.39650291 -8.49219158 6.02271536 -4.57873554 3.24897516 -2.90546884 2.21316875 -1.64503321 1.09724750 -1.10711809 0.40991469 -1.19337897 
2.21550815 12.30998158 -7.21427040 4.72624290 -3.35999340 2.15242186 -1.94959380 1.39915737 -0.96433186 0.53486124 -0.64800716 0.03889923 -0.89796576 
2.20405780 12.40946341 -7.32677198 4.83607615 -3.45938908 2.23863327 -2.02210062 1.45878938 -1.01254772 0.57349179 -0.67866796 0.06307543 -0.91676931 
2.48064710 15.60999040 -11.43672330 9.39054849 -8.14132701 6.84244765 -6.40824168 5.53916935 -4.73587069 3.91776822 -3.63662521 2.64045763 -3.12474762 
2.48064710 15.60999040 -11.43672330 9.39054849 -8.14132701 6.84244765 -6.40824168 5.53916935 -4.73587069 3.91776822 -3.63662521 2.64045763 -3.12474762 
2.48064710 15.60999040 -11.43672330 9.39054849 -8.14132701 6.84244765 -6.40824168 5.53916935 -4.73587069 3.91776822 -3.63662521 2.64045763 -3.12474762 
2.48064710 15.60999040 -11.43672330 9.39054849 -8.14132701 6.84244765 -6.40824168 5.53916935 -4.73587069 3.91776822 -3.63662521 2.64045763 -3.12474762 
2.19583146 12.26975538 -7.16903600 4.68232140 -3.32045672 2.11830184 -1.92103644 1.37577960 -0.94551286 0.51984217 -0.63612790 0.02955914 -0.89072089 
2.18425395 12.36991889 -7.28194385 4.79220944 -3.41960113 2.20404907 -1.99295429 1.43477139 -0.99309158 0.55787783 -0.66625709 0.05327751 -0.90914006 
2.17596494 12.22875873 -7.12308707 4.63784763 -3.28054678 2.08396046 -1.89237459 1.35237934 -0.92672386 0.50488071 -0.62431772 0.02028845 -0.88354083 
2.16425751 12.32960865 -7.23639464 4.74777523 -3.37942027 2.16922333 -1.96368522 1.41071581 -0.97365385 0.54231328 -0.65390998 0.04354594 -0.90157420 
2.44555848 15.60999040 -11.43672330 9.39054849 -8.14132701 6.84244765 -6.40824168 5.53916935 -4.73587069 3.91776822 -3.63662521 2.64045763 -3.12474762 
2.73710314 13.24699487 -8.30989127 5.83133141 -4.39281438 3.07644757 -2.75058587 2.07753804 -1.52858468 0.99872184 -1.02492667 0.34222115 -1.13850772 
2.96939075 15.60687465 -11.43225428 9.38506650 -8.13513362 6.83580558 -6.40138344 5.53229592 -4.72915263 3.91134551 -3.63061165 2.63494062 -3.11979125 
2.38524408 5.70621577 -1.73164308 0.57944524 -0.33812498 -0.05900496 -0.33666953 0.22292896 -0.10928505 -0.10627560 -0.16391858 -0.33845870 -0.61186589 
0.85716437 -15.85205323 -10.62089669 -8.44763606 -7.01804746 -5.98959773 -5.05931512 -3.90173013 -3.52820223 -3.03436102 -2.54375096 -2.34915730 -2.15649423 
2.53956573 5.88719643 -1.83031949 0.62834503 -0.36116839 -0.04680499 -0.34347709 0.22696183 -0.11151534 -0.10438396 -0.16540919 -0.33682683 -0.61315835 
2.59382575 7.33580635 -2.72431800 1.12440600 -0.62214420 0.09899486 -0.42729756 0.27699720 -0.14074574 -0.08207055 -0.18259672 -0.32009855 -0.62634145 
3.24105633 -5.50486115 -1.23125744 -0.40616306 -0.24663597 -0.27781456 -0.27179809 0.14286757 -0.11581081 -0.16538604 -0.16180424 -0.39140438 -0.58361169 
5.49832417 5.68136413 -1.71831865 0.57293834 -0.33510121 -0.06059846 -0.33578177 0.22240246 -0.10899619 -0.10652459 -0.16372222 -0.33867692 -0.61169310 
6.66489688 10.88030874 -5.69672332 3.33061778 -2.16714265 1.17086108 -1.16390243 0.78216241 -0.48644198 0.16553221 -0.36369248 -0.18023273 -0.73113610 
7.11402652 15.20248058 -10.85987266 8.69166314 -7.36101346 6.01490209 -5.56281295 4.70040738 -3.92390564 3.14847550 -2.92242771 1.99041801 -2.54511553 
7.00162487 13.76383688 -8.94891744 6.51133214 -5.06225075 3.70569070 -3.32260724 2.58460991 -1.96911819 1.37560271 -1.34261834 0.60639523 -1.35462211 
6.30496421 8.96968069 -3.95550909 1.94423402 -1.13554255 0.42173295 -0.62994409 0.40530238 -0.22200413 -0.02491497 -0.22446359 -0.28564619 -0.65269076 
4.76298105 2.63037590 -0.49549241 0.08766627 -0.14682919 -0.16255526 -0.27768483 0.18627130 -0.09247057 -0.12582790 -0.14966369 -0.35843763 -0.59639563 
1.12674815 -6.05005767 -1.48851173 -0.51915108 -0.29439714 -0.30097855 -0.28143876 0.13611567 -0.12120283 -0.17044823 -0.16542636 -0.39442450 -0.58422903 
1.58889016 -4.75784140 -0.92125889 -0.28327084 -0.19921183 -0.25484316 -0.26328318 0.14976110 -0.10995179 -0.15950416 -0.15772343 -0.38776390 -0.58324484 
4.62643958 3.72736016 -0.84090633 0.19990097 -0.18205070 -0.14087429 -0.29066081 0.19490968 -0.09534738 -0.12061897 -0.15293344 -0.35255963 -0.60082084 
5.64260200 12.53661309 -7.47187892 4.97899134 -3.58983654 2.35270086 -2.11878893 1.53890730 -1.07779153 0.62609767 -0.72065825 0.09634224 -0.94275922 
5.82779817 15.16096101 -10.80197419 8.62251019 -7.28485770 5.93519174 -5.48240435 4.62159690 -3.84849576 3.07781207 -2.85750705 1.93190846 -2.49342842 
5.31886391 9.82423301 -4.69395739 2.50206445 -1.52923536 0.69416673 -0.81553445 0.53094675 -0.30678348 0.03486130 -0.26769237 -0.25255033 -0.67739144 
3.93621533 -3.88928001 -0.62253956 -0.18012338 -0.16392720 -0.23669262 -0.25791270 0.15563447 -0.10468182 -0.15377929 -0.15400383 -0.38403579 -0.58336787 
3.59569572 4.18293257 -1.01543908 0.26471205 -0.20525079 -0.12830265 -0.29791847 0.19951539 -0.09731398 -0.11804914 -0.15478212 -0.34978984 -0.60295751 
3.92973875 11.97629324 -6.84349791 4.37033249 -3.04315691 1.88183463 -1.72537038 1.21733609 -0.81927324 0.41999318 -0.55777257 -0.03165903 -0.84351713 
2.90754304 -6.25480690 -1.59188622 -0.56716803 -0.31574255 -0.31146811 -0.28604385 0.13306573 -0.12354813 -0.17256336 -0.16695541 -0.39566007 -0.58455233 
4.09884469 3.00189255 -0.60063335 0.11944185 -0.15603679 -0.15626619 -0.28151206 0.18888780 -0.09319507 -0.12418527 -0.15060307 -0.35655582 -0.59779228 
5.31064959 11.06729141 -5.88469937 3.49451803 -2.30000246 1.27483684 -1.24319183 0.84160317 -0.53049065 0.19836343 -0.38822331 -0.16168761 -0.74499364 
5.74169036 15.26548503 -10.94804232 8.79732582 -7.47775286 6.13746819 -5.68682038 4.82229697 -4.04085403 3.25834578 -3.02361558 2.08182305 -2.62603847 
5.72478370 15.10229800 -10.72044732 8.52545075 -7.17830235 5.82399478 -5.37055451 4.51227150 -3.74416286 2.98028944 -2.76812126 1.85152859 -2.42257071 
5.40599432 13.32796164 -8.40835965 5.93444568 -4.49273822 3.16895330 -2.83343976 2.14993131 -1.59060599 1.05109264 -1.06853375 0.37807544 -1.16752354 
5.05962520 15.34469942 -11.05942685 8.93141569 -7.62654636 6.29433904 -5.84617102 4.97952688 -4.19226284 3.40108344 -3.15550425 2.20132797 -2.73214774 
5.08679165 15.13322772 -10.76339128 8.57653041 -7.23433074 5.88241521 -5.42927091 4.56961850 -3.79885068 3.03137184 -2.81491057 1.89357746 -2.45961631 
5.11160378 15.35717812 -11.07702705 8.95266512 -7.65019153 6.31933389 -5.87162553 5.00470373 -4.21656383 3.42404291 -3.17676257 2.22062770 -2.74931564 
5.05779040 15.60036049 -11.42291372 9.37361209 -8.12219635 6.82193468 -6.38706468 5.51794888 -4.71513305 3.89794514 -3.61806743 2.62343436 -3.10945609 
4.69715159 10.69527329 -5.51380071 3.17366476 -2.04188504 1.07422729 -1.09119539 0.72833316 -0.44701222 0.13639534 -0.34206064 -0.19654329 -0.71898275 
3.45285709 3.86103547 -0.89022644 0.21769414 -0.18824061 -0.13745862 -0.29264909 0.19618408 -0.09586898 -0.11989585 -0.15344244 -0.35176988 -0.60142743 
3.10626761 -5.10945695 -1.06105525 -0.33680521 -0.21923046 -0.26459527 -0.26673097 0.14678979 -0.11252508 -0.16214247 -0.15953045 -0.38941658 -0.58335589 
4.09801984 12.53762566 -7.47304044 4.98014096 -3.59089092 2.35362705 -2.11957745 1.53956342 -1.07832798 0.62653174 -0.72100583 0.09661836 -0.94297548 
4.19639177 14.07779875 -9.34927773 6.95021078 -5.50698472 4.13545811 -3.72390387 2.94966282 -2.29424772 1.66028952 -1.58788288 0.81448544 -1.52815502 
3.30809308 1.67622197 -0.28100580 0.02962255 -0.13224042 -0.17559606 -0.26974621 0.18056678 -0.09153898 -0.12968233 -0.14793108 -0.36286465 -0.59321453 
2.92000583 -2.48931704 -0.28062174 -0.08281206 -0.13586190 -0.21771791 -0.25521660 0.16260191 -0.09851322 -0.14627605 -0.14984634 -0.37868832 -0.58451642 
4.63931574 8.08270894 -3.25776199 1.46163516 -0.82266588 0.21998375 -0.50070539 0.32224162 -0.16861048 -0.06225559 -0.19731293 -0.30742293 -0.63615772 
5.38268593 13.70047780 -8.86924206 6.42516170 -4.97607533 3.62346734 -3.24677493 2.51644971 -1.90911199 1.32363139 -1.29830370 0.56915701 -1.32385290 
5.59732518 15.58762343 -11.40466151 9.35124223 -8.09694450 6.79487473 -6.35914500 5.48998737 -4.68782212 3.87185157 -3.59365080 2.60104649 -3.08935396 
5.39396805 13.30951143 -8.38586785 5.91083865 -4.46981043 3.14768222 -2.81434861 2.13321719 -1.57625911 1.03895666 -1.05841195 0.36974075 -1.16076893 
4.55812284 6.82121534 -2.38551535 0.92568048 -0.51217675 0.03584589 -0.39036997 0.25478504 -0.12749811 -0.09182192 -0.17518450 -0.32694809 -0.62096843 
3.98285106 -10.24250247 -4.34337672 -2.28623859 -1.34032073 -0.92678708 -0.64549219 -0.09583023 -0.27871974 -0.28580009 -0.24690367 -0.45299587 -0.61609594 
