9.23108765 1.49248227 -0.24888093 0.02164825 -0.13055687 -0.17775586 -0.26846919 0.17959829 -0.09149239 -0.13038447 -0.14770037 -0.36366072 -0.59266216 
4.75976426 9.89965005 -4.76225650 2.55596889 -1.56890377 0.72261922 -0.83554614 0.54487792 -0.31642517 0.04173342 -0.27267978 -0.24878051 -0.68019112 
3.66804089 10.67459394 -5.49354862 3.15644362 -2.02826155 1.06380100 -1.08340949 0.72260893 -0.44284635 0.13333132 -0.33979351 -0.19825083 -0.71771209 
2.85022562 13.41962382 -8.52056877 6.05269491 -4.60803884 3.27632773 -2.93016405 2.23491325 -1.66380093 1.11320430 -1.12049008 0.42097356 -1.20237845 
2.84217269 13.49684326 -8.61570308 6.15356951 -4.70699097 3.36900969 -3.01412044 2.30907615 -1.72800939 1.16795339 -1.16649415 0.45911348 -1.23348903 
3.47735777 12.04916711 -6.92360560 4.44643402 -3.11021682 1.93855538 -1.77193708 1.25476165 -0.84887942 0.44326464 -0.57593510 -0.01753025 -0.85436702 
4.08355756 13.08746368 -8.11765092 5.63179609 -4.20111599 2.90043969 -2.59419674 1.94194235 -1.41327143 0.90201328 -0.94490924 0.27680437 -1.08585491 
4.67371078 12.66561576 -7.62061260 5.12692832 -3.72617172 2.47300941 -2.22166763 1.62487640 -1.14836514 0.68341162 -0.76670368 0.13302277 -0.97156529 
5.03764253 15.06627538 -10.67054641 8.46622533 -7.11347530 5.75653569 -5.30288472 4.44630268 -3.68136494 2.92173040 -2.71456926 1.80347454 -2.38029487 
4.91996242 13.47719906 -8.59144889 6.12779803 -4.68165907 3.34523662 -2.99254475 2.28998245 -1.71144952 1.15381011 -1.15459184 0.44923204 -1.22541806 
4.06266179 5.73629429 -1.74784277 0.58738726 -0.34182939 -0.05705049 -0.33775880 0.22357474 -0.10964013 -0.10597086 -0.16415886 -0.33819273 -0.61207651 
1.96490850 -9.28402312 -3.55354758 -1.71589230 -0.95590695 -0.67433521 -0.48435646 0.00993707 -0.20720588 -0.23555529 -0.21181818 -0.42844722 -0.60068174 
2.20478871 7.56710384 -2.88423216 1.22246079 -0.67874050 0.13241108 -0.44723237 0.28913751 -0.14811845 -0.07676610 -0.18657418 -0.31657369 -0.62908798 
2.30242049 9.70356211 -4.58573237 2.41743258 -1.46750750 0.65023745 -0.78485656 0.50972564 -0.29218172 0.02448465 -0.26017169 -0.25824640 -0.67315823 
2.19069683 -11.02190274 -5.04585165 -2.83800384 -1.74359927 -1.21170993 -0.84103760 -0.23102567 -0.37317162 -0.35286448 -0.29423174 -0.48628793 -0.63823719 
3.96540205 6.58284244 -2.23650353 0.84231136 -0.46808670 0.01121900 -0.37623495 0.24636689 -0.12257567 -0.09556024 -0.17230259 -0.32973898 -0.61876727 
4.84917057 12.94597496 -7.94911814 5.45881451 -4.03673434 2.75108055 -2.46282061 1.82913898 -1.31823400 0.82299155 -0.88004354 0.22415056 -1.04376077 
4.95573182 14.53209941 -9.94502780 7.62113601 -6.20499235 4.82728625 -4.38600440 3.56651047 -2.85643196 2.16337381 -2.03033585 1.19720096 -1.85327618 
4.54264052 12.79586340 -7.77232964 5.27933214 -3.86798534 2.59930592 -2.33062692 1.71670403 -1.22436245 0.74558346 -0.81698426 0.17330668 -1.00337279 
3.97086522 13.15051501 -8.19334876 5.71008519 -4.27606667 2.96902447 -2.65493799 1.99444137 -1.45778221 0.93923806 -0.97562919 0.30186002 -1.10597666 
3.67386155 15.60844929 -11.43451273 9.38783674 -8.13826321 6.83916175 -6.40484870 5.53576873 -4.73254681 3.91459036 -3.63364970 2.63772772 -3.12229506 
3.68341565 15.60846394 -11.43453374 9.38786251 -8.13829232 6.83919298 -6.40488094 5.53580104 -4.73257839 3.91462056 -3.63367796 2.63775365 -3.12231835 
3.85076106 14.50367198 -9.90717677 7.57788293 -6.15935451 4.78143861 -4.34155258 3.52457536 -2.81775184 2.12836665 -1.99921737 1.17001378 -1.82995967 
3.99875062 15.60554006 -11.43034032 9.38271903 -8.13248185 6.83296204 -6.39844769 5.52935400 -4.72627751 3.90859706 -3.62803852 2.63258016 -3.11767084 
4.14966166 14.69563236 -10.16426038 7.87330420 -6.47276474 5.09794425 -4.64998776 3.81698545 -3.08875023 2.37474135 -2.21916670 1.36295631 -1.99607536 
4.05110006 13.27793537 -8.34744812 5.87058787 -4.43078777 3.11154127 -2.78196539 2.10491143 -1.55199974 1.01846501 -1.04134395 0.35570320 -1.14940567 
3.76740888 15.60858686 -11.43471005 9.38807878 -8.13853666 6.83945502 -6.40515151 5.53607221 -4.73284343 3.91487395 -3.63391522 2.63797132 -3.12251390 
3.77652739 15.60859960 -11.43472831 9.38810119 -8.13856198 6.83948217 -6.40517955 5.53610031 -4.73287089 3.91490020 -3.63393980 2.63799387 -3.12253416 
3.78560451 15.60861216 -11.43474633 9.38812329 -8.13858695 6.83950895 -6.40520720 5.53612802 -4.73289798 3.91492610 -3.63396404 2.63801611 -3.12255414 
3.79464062 15.60862455 -11.43476411 9.38814509 -8.13861158 6.83953537 -6.40523448 5.53615536 -4.73292470 3.91495165 -3.63398796 2.63803806 -3.12257386 
3.80363610 15.60863678 -11.43478164 9.38816660 -8.13863589 6.83956143 -6.40526139 5.53618233 -4.73295107 3.91497685 -3.63401156 2.63805971 -3.12259331 
3.81259129 15.60864884 -11.43479895 9.38818783 -8.13865987 6.83958715 -6.40528794 5.53620894 -4.73297708 3.91500172 -3.63403485 2.63808107 -3.12261250 
3.96956193 14.60189139 -10.03828063 7.72805585 -6.31817557 4.94134675 -4.49692882 3.67146258 -2.95351198 2.25147134 -2.10884704 1.26595836 -1.91237988 
3.98105374 14.74695608 -10.23358851 7.95362869 -6.55866190 5.18535501 -4.73580107 3.89892175 -3.16520815 2.44470381 -2.28201011 1.41840300 -2.04407655 
3.84801640 15.60869551 -11.43486589 9.38826995 -8.13875265 6.83968665 -6.40539069 5.53631192 -4.73307772 3.91509794 -3.63412494 2.63816372 -3.12268676 
3.71131644 14.48690305 -9.88488492 7.55244898 -6.13255858 4.75455836 -4.31552717 3.50005664 -2.79516574 2.10795050 -1.98109038 1.15419431 -1.81640676 
3.37787555 14.09880624 -9.37639657 6.98029069 -5.53781649 4.16558046 -3.75233037 2.97578772 -2.31774523 1.68105493 -1.60592906 0.82992079 -1.54112687 
3.16804158 15.60743554 -11.43305872 9.38605320 -8.13624828 6.83700091 -6.40261759 5.53353273 -4.73036140 3.91250108 -3.63169355 2.63593313 -3.12068286 
3.36070691 14.14654085 -9.43817228 7.04897708 -5.60838540 4.23468169 -3.81768456 3.03597818 -2.37199333 1.72908832 -1.64774905 0.86575184 -1.57128871 
3.35563964 14.07407263 -9.34447196 6.94488491 -5.50153035 4.13013357 -3.71888308 2.94505207 -2.29010373 1.65662992 -1.58470459 0.81176864 -1.52587318 
3.54972292 12.26528453 -7.16401764 4.67745720 -3.31608559 2.11453566 -1.91788915 1.37320697 -0.94344483 0.51819376 -0.63482553 0.02853608 -0.88992799 
3.83921877 15.60868408 -11.43484949 9.38824983 -8.13872991 6.83966227 -6.40536551 5.53628668 -4.73305306 3.91507436 -3.63410286 2.63814347 -3.12266856 
4.13774352 13.22264879 -8.28040129 5.80056959 -4.36311709 3.04905451 -2.72613709 2.05624847 -1.51040477 0.98341705 -1.01221877 0.33179913 -1.13009395 
4.48761337 14.88384297 -10.41971925 8.17065050 -6.79216787 5.42437976 -4.97179950 4.12550203 -3.37776180 2.64017971 -2.45843558 1.57476555 -2.18002510 
4.70948956 14.97916189 -10.55037959 8.32417711 -6.95859450 5.59596410 -5.14238692 4.29037646 -3.53342180 2.78420302 -2.58917222 1.69126420 -2.28183782 
4.91437358 15.05606458 -10.65642411 8.44948941 -7.09518314 5.73752736 -5.28384262 4.42776319 -3.66373841 2.90531292 -2.69957223 1.79003127 -2.36847984 
5.02315070 15.59565602 -11.41617049 9.36534559 -8.11286269 6.81193052 -6.37674051 5.50760719 -4.70503007 3.88829077 -3.60903200 2.61514838 -3.10201499 
5.05220537 15.59606470 -11.41675619 9.36606352 -8.11367319 6.81279914 -6.37763682 5.50850492 -4.70590699 3.88912868 -3.60981612 2.61586740 -3.10266064 
5.00133859 15.33002708 -11.03875137 8.90647472 -7.59881625 6.26504901 -5.81636472 4.95006690 -4.16384721 3.37425386 -3.13067777 2.17880179 -2.71212068 
4.77489042 14.27419274 -9.60442794 7.23496911 -5.80062148 4.42400650 -3.99774715 3.20271441 -2.52305554 1.86350696 -1.76532919 0.96693691 -1.65682303 
4.39742206 13.77005547 -8.95675766 6.51983261 -5.07077236 3.71384046 -3.33014052 2.59139584 -1.97510488 1.38079800 -1.34705645 0.61013105 -1.35771401 
4.16403484 15.60904626 -11.43536900 9.38888711 -8.13944991 6.84043445 -6.40616284 5.53708579 -4.73383412 3.91582110 -3.63480205 2.63878493 -3.12324484 
3.92510832 12.97119299 -7.97902121 5.48937346 -4.06565048 2.77724718 -2.48574598 1.84874843 -1.33469469 0.83663239 -0.89120612 0.23318667 -1.05096577 
3.92510832 12.97119299 -7.97902121 5.48937346 -4.06565048 2.77724718 -2.48574598 1.84874843 -1.33469469 0.83663239 -0.89120612 0.23318667 -1.05096577 
4.17151612 15.60905330 -11.43537909 9.38889949 -8.13946390 6.84044945 -6.40617833 5.53710132 -4.73384930 3.91583561 -3.63481563 2.63879739 -3.12325604 
4.17896952 15.60906026 -11.43538907 9.38891173 -8.13947772 6.84046428 -6.40619364 5.53711667 -4.73386430 3.91584995 -3.63482906 2.63880971 -3.12326711 
4.30984372 14.84398166 -10.36533448 8.10703447 -6.72350564 5.35388418 -4.90199530 4.05829711 -3.31454904 2.58189905 -2.40570889 1.52792965 -2.13921663 
4.31965859 14.95776663 -10.52097651 8.28954391 -6.92096269 5.55707845 -5.10364306 4.25285172 -3.49792313 2.75129574 -2.55924697 1.66455278 -2.25845605 
4.20850842 15.60908732 -11.43542789 9.38895935 -8.13953153 6.84052199 -6.40625323 5.53717639 -4.73392267 3.91590576 -3.63488131 2.63885765 -3.12331018 
4.21582548 15.60909390 -11.43543733 9.38897093 -8.13954462 6.84053602 -6.40626772 5.53719091 -4.73393687 3.91591933 -3.63489402 2.63886931 -3.12332065 
4.22311586 15.60910041 -11.43544667 9.38898239 -8.13955756 6.84054990 -6.40628205 5.53720528 -4.73395091 3.91593275 -3.63490659 2.63888084 -3.12333101 
4.10960920 14.79186700 -10.29445953 8.02438330 -6.63456299 5.26282649 -4.81207857 3.97195806 -3.23354556 2.50739599 -2.33846014 1.46832311 -2.08738784 
3.97690573 15.60999040 -11.43672330 9.39054849 -8.14132701 6.84244765 -6.40824168 5.53916935 -4.73587069 3.91776822 -3.63662521 2.64045763 -3.12474762 
3.97690573 15.60999040 -11.43672330 9.39054849 -8.14132701 6.84244765 -6.40824168 5.53916935 -4.73587069 3.91776822 -3.63662521 2.64045763 -3.12474762 
4.11369159 14.75314749 -10.24196879 7.96335700 -6.56908465 5.19598053 -4.74625056 3.90891590 -3.17454914 2.45326431 -2.28971069 1.42520652 -2.04997416 
4.11728165 14.79697902 -10.30140035 8.03246465 -6.64324624 5.27170322 -4.82083167 3.98035139 -3.24140986 2.51462019 -2.34497321 1.47408958 -2.09239654 
3.98511930 15.60999040 -11.43672330 9.39054849 -8.14132701 6.84244765 -6.40824168 5.53916935 -4.73587069 3.91776822 -3.63662521 2.64045763 -3.12474762 
3.98511930 15.60999040 -11.43672330 9.39054849 -8.14132701 6.84244765 -6.40824168 5.53916935 -4.73587069 3.91776822 -3.63662521 2.64045763 -3.12474762 
3.98511930 15.60999040 -11.43672330 9.39054849 -8.14132701 6.84244765 -6.40824168 5.53916935 -4.73587069 3.91776822 -3.63662521 2.64045763 -3.12474762 
3.98511930 15.60999040 -11.43672330 9.39054849 -8.14132701 6.84244765 -6.40824168 5.53916935 -4.73587069 3.91776822 -3.63662521 2.64045763 -3.12474762 
3.84897810 14.55201285 -9.97158812 7.65153715 -6.23712115 4.85961255 -4.41739339 3.59616510 -2.88382285 2.18819640 -2.05242869 1.21652547 -1.86986809 
3.84428063 14.59771225 -10.03268364 7.72162423 -6.31135244 4.93445642 -4.49021444 3.66509736 -2.94761317 2.24610885 -2.10406004 1.26175944 -1.90876505 
3.84020839 14.54473344 -9.96187456 7.64041414 -6.22536111 4.84777546 -4.40589504 3.58529799 -2.87378166 2.17909360 -2.04432429 1.20943441 -1.86377797 
3.83548895 14.59067541 -10.02326319 7.71080313 -6.29987685 4.92287194 -4.47892968 3.65440298 -2.93770561 2.23710481 -2.09602460 1.25471306 -1.90270042 
3.83140026 14.53738070 -9.95206825 7.62919053 -6.21350047 4.83584268 -4.39430897 3.57435275 -2.86367254 2.16993286 -2.03617138 1.20230345 -1.85765566 
3.82665864 14.58356703 -10.01375173 7.69988274 -6.28830139 4.91119188 -4.46755675 3.64362957 -2.92772887 2.22804137 -2.08793910 1.24762521 -1.89660211 
3.96037671 15.60999040 -11.43672330 9.39054849 -8.14132701 6.84244765 -6.40824168 5.53916935 -4.73587069 3.91776822 -3.63662521 2.64045763 -3.12474762 
3.96037671 15.60999040 -11.43672330 9.39054849 -8.14132701 6.84244765 -6.40824168 5.53916935 -4.73587069 3.91776822 -3.63662521 2.64045763 -3.12474762 
3.96037671 15.60999040 -11.43672330 9.39054849 -8.14132701 6.84244765 -6.40824168 5.53916935 -4.73587069 3.91776822 -3.63662521 2.64045763 -3.12474762 
3.96037671 15.60999040 -11.43672330 9.39054849 -8.14132701 6.84244765 -6.40824168 5.53916935 -4.73587069 3.91776822 -3.63662521 2.64045763 -3.12474762 
3.96037671 15.60999040 -11.43672330 9.39054849 -8.14132701 6.84244765 -6.40824168 5.53916935 -4.73587069 3.91776822 -3.63662521 2.64045763 -3.12474762 
3.82255338 14.52995365 -9.94216805 7.61786518 -6.20153817 4.82381329 -4.38263443 3.56332880 -2.85349504 2.16071387 -2.02796977 1.19513247 -1.85150111 
3.81778939 14.57638613 -10.00414810 7.68886190 -6.27662496 4.89941530 -4.45609487 3.63277651 -2.91768248 2.21891820 -2.07980330 1.24049574 -1.89047001 
3.95206069 15.60999040 -11.43672330 9.39054849 -8.14132701 6.84244765 -6.40824168 5.53916935 -4.73587069 3.91776822 -3.63662521 2.64045763 -3.12474762 
3.95206069 15.60999040 -11.43672330 9.39054849 -8.14132701 6.84244765 -6.40824168 5.53916935 -4.73587069 3.91776822 -3.63662521 2.64045763 -3.12474762 
3.95206069 15.60999040 -11.43672330 9.39054849 -8.14132701 6.84244765 -6.40824168 5.53916935 -4.73587069 3.91776822 -3.63662521 2.64045763 -3.12474762 
3.95206069 15.60999040 -11.43672330 9.39054849 -8.14132701 6.84244765 -6.40824168 5.53916935 -4.73587069 3.91776822 -3.63662521 2.64045763 -3.12474762 
3.95206069 15.60999040 -11.43672330 9.39054849 -8.14132701 6.84244765 -6.40824168 5.53916935 -4.73587069 3.91776822 -3.63662521 2.64045763 -3.12474762 
3.95206069 15.60999040 -11.43672330 9.39054849 -8.14132701 6.84244765 -6.40824168 5.53916935 -4.73587069 3.91776822 -3.63662521 2.64045763 -3.12474762 
3.95206069 15.60999040 -11.43672330 9.39054849 -8.14132701 6.84244765 -6.40824168 5.53916935 -4.73587069 3.91776822 -3.63662521 2.64045763 -3.12474762 
3.81366741 14.52245129 -9.93217277 7.60643689 -6.18947313 4.81168635 -4.37087066 3.55222554 -2.84324872 2.15143632 -2.01971925 1.18792136 -1.84531426 
3.80888083 14.56913173 -9.99445114 7.67773941 -6.26484647 4.88754122 -4.44454324 3.62184317 -2.90756596 2.20973493 -2.07161696 1.23332449 -1.88430404 
3.80474201 14.51487259 -9.92208121 7.59490447 -6.17730425 4.79946093 -4.35901688 3.54104238 -2.83293314 2.14209990 -2.01141963 1.18066999 -1.83909506 
3.63843410 15.60839375 -11.43443306 9.38773900 -8.13815279 6.83904334 -6.40472643 5.53564619 -4.73242704 3.91447586 -3.63354249 2.63762936 -3.12220669 
3.79094442 14.55439839 -9.97477245 7.65518472 -6.24097886 4.86349674 -4.42116754 3.59973309 -2.88712058 2.19118674 -2.05509171 1.21885606 -1.87187016 
3.92690313 15.60999040 -11.43672330 9.39054849 -8.14132701 6.84244765 -6.40824168 5.53916935 -4.73587069 3.91776822 -3.63662521 2.64045763 -3.12474762 
3.78677150 14.49948205 -9.90160438 7.57152235 -6.15265052 4.77471082 -4.33503621 3.51843393 -2.81209244 2.12324921 -1.99467225 1.16604602 -1.82655940 
3.78191585 14.54691740 -9.96478828 7.64375006 -6.22888749 4.85132437 -4.40934185 3.58855508 -2.87679076 2.18182111 -2.04675233 1.21155859 -1.86560209 
3.91844646 15.60999040 -11.43672330 9.39054849 -8.14132701 6.84244765 -6.40824168 5.53916935 -4.73587069 3.91776822 -3.63662521 2.64045763 -3.12474762 
3.91844646 15.60999040 -11.43672330 9.39054849 -8.14132701 6.84244765 -6.40824168 5.53916935 -4.73587069 3.91776822 -3.63662521 2.64045763 -3.12474762 
4.05926673 14.71463878 -10.18990510 7.90298413 -6.50447020 5.13017561 -4.68159895 3.84713977 -3.11686265 2.40044317 -2.24223418 1.38329291 -2.01366806 
4.06294844 14.76019050 -10.25150617 7.97443346 -6.58095692 5.20808876 -4.75816298 3.92031363 -3.18520593 2.46303411 -2.29850205 1.43297618 -2.05671129 
3.92690313 15.60999040 -11.43672330 9.39054849 -8.14132701 6.84244765 -6.40824168 5.53916935 -4.73587069 3.91776822 -3.63662521 2.64045763 -3.12474762 
4.06713258 14.72029233 -10.19753987 7.91182758 -6.51392480 5.13979447 -4.69103979 3.85615202 -3.12527048 2.40813511 -2.24914205 1.38938657 -2.01894250 
4.07080092 14.76559242 -10.25882443 7.98293625 -6.59007429 5.21739097 -4.76731820 3.92907646 -3.19340197 2.47055047 -2.30526776 1.43895739 -2.06189910 
3.93532419 15.60999040 -11.43672330 9.39054849 -8.14132701 6.84244765 -6.40824168 5.53916935 -4.73587069 3.91776822 -3.63662521 2.64045763 -3.12474762 
3.79577682 14.50721653 -9.91189216 7.58326670 -6.16503042 4.78713607 -4.34707232 3.52977871 -2.82254786 2.13270430 -2.00307069 1.17337824 -1.83284346 
3.62866215 15.60837807 -11.43441058 9.38771143 -8.13812164 6.83900993 -6.40469194 5.53561162 -4.73239325 3.91444356 -3.63351224 2.63760161 -3.12218177 
3.78191585 14.54691740 -9.96478828 7.64375006 -6.22888749 4.85132437 -4.40934185 3.58855508 -2.87679076 2.18182111 -2.04675233 1.21155859 -1.86560209 
3.91844646 15.60999040 -11.43672330 9.39054849 -8.14132701 6.84244765 -6.40824168 5.53916935 -4.73587069 3.91776822 -3.63662521 2.64045763 -3.12474762 
3.91844646 15.60999040 -11.43672330 9.39054849 -8.14132701 6.84244765 -6.40824168 5.53916935 -4.73587069 3.91776822 -3.63662521 2.64045763 -3.12474762 
3.91844646 15.60999040 -11.43672330 9.39054849 -8.14132701 6.84244765 -6.40824168 5.53916935 -4.73587069 3.91776822 -3.63662521 2.64045763 -3.12474762 
4.05926673 14.71463878 -10.18990510 7.90298413 -6.50447020 5.13017561 -4.68159895 3.84713977 -3.11686265 2.40044317 -2.24223418 1.38329291 -2.01366806 
4.06294844 14.76019050 -10.25150617 7.97443346 -6.58095692 5.20808876 -4.75816298 3.92031363 -3.18520593 2.46303411 -2.29850205 1.43297618 -2.05671129 
3.92690313 15.60999040 -11.43672330 9.39054849 -8.14132701 6.84244765 -6.40824168 5.53916935 -4.73587069 3.91776822 -3.63662521 2.64045763 -3.12474762 
3.78677150 14.49948205 -9.90160438 7.57152235 -6.15265052 4.77471082 -4.33503621 3.51843393 -2.81209244 2.12324921 -1.99467225 1.16604602 -1.82655940 
3.78191585 14.54691740 -9.96478828 7.64375006 -6.22888749 4.85132437 -4.40934185 3.58855508 -2.87679076 2.18182111 -2.04675233 1.21155859 -1.86560209 
3.91844646 15.60999040 -11.43672330 9.39054849 -8.14132701 6.84244765 -6.40824168 5.53916935 -4.73587069 3.91776822 -3.63662521 2.64045763 -3.12474762 
3.91844646 15.60999040 -11.43672330 9.39054849 -8.14132701 6.84244765 -6.40824168 5.53916935 -4.73587069 3.91776822 -3.63662521 2.64045763 -3.12474762 
4.05926673 14.71463878 -10.18990510 7.90298413 -6.50447020 5.13017561 -4.68159895 3.84713977 -3.11686265 2.40044317 -2.24223418 1.38329291 -2.01366806 
4.18639525 15.60906713 -11.43539893 9.38892383 -8.13949140 6.84047895 -6.40620879 5.53713185 -4.73387914 3.91586414 -3.63484234 2.63882190 -3.12327806 
4.19379351 15.60907394 -11.43540869 9.38893580 -8.13950493 6.84049345 -6.40622376 5.53714686 -4.73389381 3.91587816 -3.63485547 2.63883395 -3.12328888 
4.20116450 15.60908067 -11.43541834 9.38894764 -8.13951830 6.84050780 -6.40623858 5.53716170 -4.73390832 3.91589204 -3.63486846 2.63884587 -3.12329959 
4.20850842 15.60908732 -11.43542789 9.38895935 -8.13953153 6.84052199 -6.40625323 5.53717639 -4.73392267 3.91590576 -3.63488131 2.63885765 -3.12331018 
4.09417578 14.78150180 -10.28039381 8.00801479 -6.61698418 5.24486466 -4.79437517 3.95498990 -3.21765378 2.49280369 -2.32530938 1.45668409 -2.07728183 
4.09829153 14.74239478 -10.22741698 7.94646702 -6.55099169 5.17753822 -4.72811627 3.89157412 -3.15834280 2.43841390 -2.27635356 1.41340669 -2.03974657 
4.10190731 14.78670812 -10.28745758 8.01623360 -6.62580920 5.25388053 -4.80325993 3.96350439 -3.22562700 2.50012394 -2.33190562 1.46252135 -2.08234965 
3.96865830 15.60999040 -11.43672330 9.39054849 -8.14132701 6.84244765 -6.40824168 5.53916935 -4.73587069 3.91776822 -3.63662521 2.64045763 -3.12474762 
4.10600632 14.74779552 -10.23472451 7.95494719 -6.56007427 5.18679462 -4.73721659 3.90027538 -3.16647313 2.44586293 -2.28305265 1.41932398 -2.04487480 
4.10960920 14.79186700 -10.29445953 8.02438330 -6.63456299 5.26282649 -4.81207857 3.97195806 -3.23354556 2.50739599 -2.33846014 1.46832311 -2.08738784 
4.11369159 14.75314749 -10.24196879 7.96335700 -6.56908465 5.19598053 -4.74625056 3.90891590 -3.17454914 2.45326431 -2.28971069 1.42520652 -2.04997416 
4.11728165 14.79697902 -10.30140035 8.03246465 -6.64324624 5.27170322 -4.82083167 3.98035139 -3.24140986 2.51462019 -2.34497321 1.47408958 -2.09239654 
3.98511930 15.60999040 -11.43672330 9.39054849 -8.14132701 6.84244765 -6.40824168 5.53916935 -4.73587069 3.91776822 -3.63662521 2.64045763 -3.12474762 
4.12134756 14.75845127 -10.24915053 7.97169720 -6.57802356 5.20509660 -4.75521874 3.91749616 -3.18257123 2.46061836 -2.29632795 1.43105450 -2.05504479 
4.12492489 14.80204472 -10.30828076 8.04047838 -6.65185967 5.28051136 -4.82951979 3.98868490 -3.24922032 2.52179685 -2.35144507 1.47982096 -2.09737590 
4.12897446 14.76370744 -10.25627044 7.97996852 -6.58689169 5.21414349 -4.76412169 3.92601664 -3.19053978 2.46792539 -2.30290464 1.43686810 -2.06008681 
4.25201452 15.60912576 -11.43548302 9.38902698 -8.13960794 6.84060394 -6.40633785 5.53726120 -4.73400557 3.91598501 -3.63495552 2.63892574 -3.12337134 
4.25917441 15.60913192 -11.43549187 9.38903784 -8.13962020 6.84061709 -6.40635143 5.53727481 -4.73401887 3.91599773 -3.63496743 2.63893666 -3.12338116 
4.14768157 14.81696945 -10.32856616 8.06412096 -6.67728804 5.30653074 -4.85520007 4.01333128 -3.27233269 2.54304494 -2.37061607 1.49680652 -2.11213943 
4.15168286 14.77919584 -10.27726598 8.00437644 -6.61307841 5.24087537 -4.79044477 3.95122413 -3.21412813 2.48956743 -2.32239375 1.45410440 -2.07504256 
4.15521016 14.82185534 -10.33521157 8.07187130 -6.68562914 5.31507095 -4.86363400 4.02143030 -3.27993180 2.55003476 -2.37692573 1.50239950 -2.11700292 
4.02568864 15.60999040 -11.43672330 9.39054849 -8.14132701 6.84244765 -6.40824168 5.53916935 -4.73587069 3.91776822 -3.63662521 2.64045763 -3.12474762 
4.02568864 15.60999040 -11.43672330 9.39054849 -8.14132701 6.84244765 -6.40824168 5.53916935 -4.73587069 3.91776822 -3.63662521 2.64045763 -3.12474762 
4.02568864 15.60999040 -11.43672330 9.39054849 -8.14132701 6.84244765 -6.40824168 5.53916935 -4.73587069 3.91776822 -3.63662521 2.64045763 -3.12474762 
4.02568864 15.60999040 -11.43672330 9.39054849 -8.14132701 6.84244765 -6.40824168 5.53916935 -4.73587069 3.91776822 -3.63662521 2.64045763 -3.12474762 
4.02568864 15.60999040 -11.43672330 9.39054849 -8.14132701 6.84244765 -6.40824168 5.53916935 -4.73587069 3.91776822 -3.63662521 2.64045763 -3.12474762 
4.02568864 15.60999040 -11.43672330 9.39054849 -8.14132701 6.84244765 -6.40824168 5.53916935 -4.73587069 3.91776822 -3.63662521 2.64045763 -3.12474762 
3.89226195 14.58734344 -10.01880421 7.70568298 -6.29444889 4.91739428 -4.47359543 3.64934935 -2.93302519 2.23285241 -2.09223067 1.25138694 -1.89983842 
3.57981234 14.25017393 -9.57302807 7.19971505 -5.76405616 4.38787376 -3.96327010 3.17068846 -2.49395227 1.83753614 -1.74255021 0.94728449 -1.64017009 
3.38042758 15.60174138 -11.42489344 9.37603945 -8.12493754 6.82487329 -6.39009776 5.52098757 -4.71810202 3.90078266 -3.62072338 2.62587030 -3.11164390 
2.99880057 10.73443740 -5.55226090 3.20645478 -2.06789106 1.09417639 -1.10612490 0.73933147 -0.45503127 0.14230123 -0.34643465 -0.19324799 -0.72143578 
2.94997838 11.09246569 -5.91024785 3.51699644 -2.31838420 1.28933857 -1.25433447 0.85001552 -0.53676561 0.20306371 -0.39174859 -0.15901766 -0.74699243 
3.48112453 14.33351180 -9.68220938 7.32255099 -5.89171727 4.51426891 -4.08410035 3.28313298 -2.59631475 1.92903315 -1.82292892 1.01673366 -1.69910308 
4.10399082 11.68106116 -6.52389345 4.07113891 -2.78324764 1.66491768 -1.54954251 1.07772241 -0.71008120 0.33499392 -0.49198380 -0.08251510 -0.80469385 
4.31965859 14.95776663 -10.52097651 8.28954391 -6.92096269 5.55707845 -5.10364306 4.25285172 -3.49792313 2.75129574 -2.55924697 1.66455278 -2.25845605 
4.08641435 14.77624747 -10.27326751 7.99972614 -6.60808717 5.23577823 -4.78542369 3.94641409 -3.20962547 2.48543492 -2.31867117 1.45081114 -2.07218423 
3.34817287 5.30559976 -1.52348244 0.48047441 -0.29327358 -0.08248594 -0.32360683 0.21515794 -0.10508636 -0.11000777 -0.16097638 -0.34181919 -0.60920764 
1.05864612 -8.03399087 -2.64580149 -1.13252736 -0.60404445 -0.46409665 -0.36256868 0.08586415 -0.15663559 -0.19914013 -0.18616024 -0.41018129 -0.59046411 
0.15171502 13.64097072 -8.79475198 6.34495372 -4.89620709 3.54757606 -3.17706253 2.45403280 -1.85436686 1.27638230 -1.25814798 0.53551613 -1.29613689 
-0.13478888 -8.88144661 -3.24610604 -1.50923910 -0.82597893 -0.59407655 -0.43624127 0.04035238 -0.18696145 -0.22120389 -0.20176883 -0.42136229 -0.59651849 
2.69096352 1.71615470 -0.28837965 0.03147457 -0.13264598 -0.17511509 -0.27003331 0.18078200 -0.09155434 -0.12952849 -0.14798542 -0.36268948 -0.59333700 
4.07002975 10.03582602 -4.88686778 2.65529368 -1.64270058 0.77600095 -0.87338334 0.57140229 -0.33490014 0.05494699 -0.28228614 -0.24153211 -0.68557135 
4.69850771 13.92117600 -9.14839880 6.72878447 -5.28139802 3.91634303 -3.51828967 2.76172565 -2.12609755 1.51242413 -1.45997979 0.70556285 -1.43699753 
4.89297817 15.59864129 -11.42044924 9.37059062 -8.11878453 6.81827747 -6.38329019 5.51416771 -4.71143890 3.89441479 -3.61476320 2.62040403 -3.10673460 
4.83270226 15.26121666 -10.94205727 8.79013984 -7.46979925 6.12910322 -5.67834305 4.81395122 -4.03283449 3.25080084 -3.01665748 2.07552967 -2.62046009 
4.76487271 15.60172615 -11.42487160 9.37601268 -8.12490731 6.82484088 -6.39006431 5.52095405 -4.71806927 3.90075136 -3.62069408 2.62584343 -3.11161976 
4.60394070 14.05806134 -9.32383626 6.92203176 -5.47814163 4.10731643 -3.69738109 2.92531819 -2.27237801 1.64098479 -1.57112427 0.80016591 -1.51613258 
4.29176980 14.94225536 -10.49968685 8.26449787 -6.89378015 5.52902191 -5.07571924 4.22583492 -3.47239075 2.72764977 -2.53776322 1.64539263 -2.24169786 
4.05506514 14.75473818 -10.24412243 7.96585772 -6.57176457 5.19871324 -4.74893864 3.91148742 -3.17695313 2.45546789 -2.29169331 1.42695850 -2.05149313 
4.05926673 14.71463878 -10.18990510 7.90298413 -6.50447020 5.13017561 -4.68159895 3.84713977 -3.11686265 2.40044317 -2.24223418 1.38329291 -2.01366806 
4.55100795 12.54416369 -7.48054240 4.98756827 -3.59770484 2.35961414 -2.12467591 1.54380689 -1.08179825 0.62934036 -0.72325527 0.09840555 -0.94437550 
4.92024157 15.08350318 -10.69439616 8.49451431 -7.14442156 5.78872017 -5.33515210 4.47774246 -3.71127846 2.94961145 -2.74005484 1.82633389 -2.40039738 
5.02394716 15.60003005 -11.42244002 9.37303130 -8.12154050 6.82123163 -6.38633906 5.51722195 -4.71442283 3.89726639 -3.61743214 2.62285171 -3.10893281 
4.88725079 14.38289495 -9.74721620 7.39602449 -5.96841880 4.59053663 -4.15731437 3.35154081 -2.65883101 1.98511891 -1.87237114 1.05959274 -1.73558614 
4.35227348 10.92886961 -5.74523969 3.37266837 -2.20103147 1.19724042 -1.18391707 0.79709591 -0.49745974 0.17371690 -0.36979257 -0.17562639 -0.73457402 
3.48348351 11.99785277 -6.86714726 4.39275322 -3.06287440 1.89848075 -1.73901190 1.22828090 -0.82791723 0.42677810 -0.56306150 -0.02754863 -0.84667081 
3.24879498 14.16347060 -9.46013345 7.07345030 -5.63358483 4.25940935 -3.84111947 3.05760442 -2.39152188 1.74641095 -1.66285674 0.87871677 -1.58221906 
3.76047880 12.73404935 -7.70013234 5.20661998 -3.80015497 2.53875270 -2.27826551 1.67247772 -1.18768314 0.71551971 -0.79262859 0.15376411 -0.98792044 
4.53771889 11.29044819 -6.11316447 3.69722915 -2.46713774 1.40770134 -1.34601965 0.91976289 -0.58916256 0.24252962 -0.42147709 -0.13644890 -0.76392733 
4.88861993 15.60268585 -11.42624758 9.37769991 -8.12681281 6.82688373 -6.39217297 5.52306673 -4.72013359 3.90272438 -3.62254094 2.62753737 -3.11314122 
4.82295365 15.23540080 -10.90589516 8.74676339 -7.42183341 6.07870103 -5.62730706 4.76374811 -3.98463102 3.20548326 -2.97489360 2.03778015 -2.58702000 
4.38527069 11.01616871 -5.83299244 3.44917202 -2.26303764 1.24575920 -1.22091071 0.82482461 -0.51800498 0.18902806 -0.38123148 -0.16697929 -0.74103498 
3.28744735 7.06396178 -2.54242063 1.01615966 -0.56142566 0.06382844 -0.40661186 0.26451237 -0.13325742 -0.08753798 -0.17845851 -0.32387085 -0.62338789 
1.96509845 15.41005273 -11.15176427 9.04308390 -7.75100289 6.42609987 -5.98055089 5.11262672 -4.32090374 3.52277597 -3.26831441 2.30385938 -2.82345031 
2.23077371 12.94846781 -7.95207151 5.46183008 -4.03958543 2.75365849 -2.46507748 1.83106800 -1.31985212 0.82433161 -0.88113948 0.22503725 -1.04446743 
3.00302515 11.22838086 -6.04916991 3.64006390 -2.41969571 1.36975929 -1.31648803 0.89719646 -0.57213883 0.22966520 -0.41176175 -0.14383515 -0.75837705 
3.70532406 12.63174379 -7.58141231 5.08779626 -3.68998087 2.44096569 -2.19417777 1.60183381 -1.12939330 0.66796355 -0.75426324 0.12309229 -0.96375163 
3.83140026 14.53738070 -9.95206825 7.62919053 -6.21350047 4.83584268 -4.39430897 3.57435275 -2.86367254 2.16993286 -2.03617138 1.20230345 -1.85765566 
3.35521401 11.70955353 -6.55439334 4.09938289 -2.80752402 1.68497699 -1.56564713 1.09039395 -0.71990643 0.34258654 -0.49782393 -0.07802124 -0.80810962 
2.42304380 8.83324636 -3.84363244 1.86384578 -1.08151246 0.38587732 -0.60641354 0.38988057 -0.21190659 -0.03197317 -0.21935784 -0.28964741 -0.64967731 
1.91489934 12.35940259 -7.27004648 4.78058985 -3.40908193 2.19492208 -1.98527570 1.42845433 -0.98798241 0.55378334 -0.66300661 0.05071404 -0.90714594 
2.48534096 13.25312445 -8.31732456 5.83909400 -4.40031656 3.08337490 -2.75677491 2.08293263 -1.53319564 1.00260695 -1.02815517 0.34487085 -1.14064833 
3.63495431 8.68615408 -3.72487034 1.77974248 -1.02577228 0.34931229 -0.58265619 0.37443966 -0.20187513 -0.03898010 -0.21428167 -0.29365948 -0.64664623 
4.48907115 12.42329167 -7.34248157 4.85148066 -3.47338949 2.25082589 -2.03239503 1.46728741 -1.01944321 0.57903379 -0.68307890 0.06656155 -0.91948665 
4.86827812 15.05929049 -10.66088471 8.45477433 -7.10095822 5.74352728 -5.28985198 4.43361279 -3.66929891 2.91049109 -2.70430159 1.79426997 -2.37220459 
4.97458413 15.59952771 -11.42171990 9.37214842 -8.12054354 6.82016295 -6.38523609 5.51611701 -4.71334330 3.89623472 -3.61646654 2.62196614 -3.10813749 
4.91669800 15.28683980 -10.97801150 8.83333779 -7.51764312 6.17945297 -5.72939973 4.86424435 -4.08118840 3.29631679 -3.05865390 2.11353169 -2.65415942 
4.42535871 9.85824073 -4.72469251 2.52627472 -1.54701817 0.70690037 -0.82447689 0.53716357 -0.31108072 0.03792216 -0.26991308 -0.25087111 -0.67863869 
3.04996512 3.55695917 -0.78031364 0.17862158 -0.17484156 -0.14493739 -0.28827707 0.19336729 -0.09474325 -0.12150775 -0.15232237 -0.35354068 -0.60007064 
