9.67744195 1.98075478 -0.34077707 0.04490563 -0.13572882 -0.17180886 -0.27202689 0.18225442 -0.09170525 -0.12849570 -0.14838420 -0.36150813 -0.59417100 
5.50032930 4.70120522 -1.23618930 0.35373432 -0.23975611 -0.11023853 -0.30813235 0.20582555 -0.10029672 -0.11469756 -0.15731651 -0.34633913 -0.60564936 
2.95902244 -7.12981220 -2.07530013 -0.81012090 -0.43198121 -0.37055064 -0.31391131 0.11554568 -0.13631479 -0.18338659 -0.17481643 -0.40177399 -0.58664156 
2.85421778 7.07766982 -2.55143654 1.02144097 -0.56434354 0.06550174 -0.40758923 0.26509977 -0.13360742 -0.08728014 -0.17865464 -0.32368930 -0.62353036 
3.27253368 14.72483899 -10.20368205 7.91894459 -6.52153619 5.14754058 -4.69864490 3.86341405 -3.13204741 2.41433670 -2.25471293 1.39430202 -2.02319812 
2.47600707 -3.69726932 -0.56545413 -0.16228035 -0.15833798 -0.23352515 -0.25718703 0.15672857 -0.10368684 -0.15264020 -0.15330877 -0.38326445 -0.58346183 
2.85131650 2.67049765 -0.50626308 0.09082115 -0.14771101 -0.16191683 -0.27807508 0.18654133 -0.09253801 -0.12565527 -0.14975752 -0.35823915 -0.59654186 
3.69638284 14.36445471 -9.72291492 7.36852880 -5.93968529 4.56193713 -4.12983342 3.32583987 -2.63532241 1.96401048 -1.85374805 1.04343705 -1.72182392 
3.70940165 14.53884670 -9.95402304 7.63142739 -6.21586383 4.83821997 -4.39661677 3.57653252 -2.86568545 2.17175664 -2.03779427 1.20372271 -1.85887400 
3.55550399 15.60825577 -11.43423515 9.38749624 -8.13787853 6.83874920 -6.40442273 5.53534181 -4.73212954 3.91419145 -3.63327619 2.63738506 -3.12198722 
3.39754928 14.18579549 -9.48913447 7.10581301 -5.66695244 4.29219438 -3.87222927 3.08634790 -2.41750755 1.76948668 -1.68300289 0.89602241 -1.59682257 
3.40351143 14.12692569 -9.41276137 7.02069571 -5.57930106 4.20617601 -3.79070054 3.01110474 -2.34955690 1.70920663 -1.63042632 0.85089954 -1.55877804 
3.57572308 15.60829047 -11.43428492 9.38755729 -8.13794750 6.83882318 -6.40449911 5.53541836 -4.73220436 3.91426297 -3.63334316 2.63744650 -3.12204241 
3.58575648 15.60830743 -11.43430925 9.38758713 -8.13798122 6.83885934 -6.40453644 5.53545578 -4.73224093 3.91429794 -3.63337590 2.63747653 -3.12206939 
3.59573980 15.60832414 -11.43433322 9.38761653 -8.13801443 6.83889495 -6.40457322 5.53549264 -4.73227696 3.91433238 -3.63340814 2.63750611 -3.12209597 
3.44088939 14.23088668 -9.54785322 7.17149262 -5.73482690 4.35903100 -3.93578662 3.14519265 -2.47081274 1.81691207 -1.72448156 0.93171259 -1.62698842 
3.44671450 14.17336561 -9.47298171 7.08778166 -5.64835494 4.27391567 -3.85487912 3.07031259 -2.40300652 1.75660596 -1.67175450 0.88635762 -1.58866495 
3.45158036 14.24183110 -9.56213421 7.18749776 -5.75139834 4.37537886 -3.95135994 3.15963598 -2.48391801 1.82858996 -1.73471025 0.94052603 -1.63444755 
3.45737217 14.18464055 -9.48763299 7.10413625 -5.66522237 4.29049333 -3.87061406 3.08485458 -2.41615666 1.76828636 -1.68195437 0.89512125 -1.59606174 
3.46221490 14.25264827 -9.57626028 7.20334127 -5.76781451 4.39158505 -3.96680892 3.17397352 -2.49693564 1.84019680 -1.74488255 0.94929562 -1.64187340 
3.46797379 14.19578562 -9.50212730 7.12032830 -5.68193489 4.30693080 -3.88622705 3.09929379 -2.42922252 1.77989918 -1.69210125 0.90384421 -1.60342813 
3.47279361 14.26334019 -9.59023362 7.21902521 -5.78407720 4.40765095 -3.98213458 3.18820597 -2.50986604 1.85173277 -1.75499849 0.95802126 -1.64926580 
3.28577180 15.60999040 -11.43672330 9.39054849 -8.14132701 6.84244765 -6.40824168 5.53916935 -4.73587069 3.91776822 -3.63662521 2.64045763 -3.12474762 
3.28577180 15.60999040 -11.43672330 9.39054849 -8.14132701 6.84244765 -6.40824168 5.53916935 -4.73587069 3.91776822 -3.63662521 2.64045763 -3.12474762 
3.28577180 15.60999040 -11.43672330 9.39054849 -8.14132701 6.84244765 -6.40824168 5.53916935 -4.73587069 3.91776822 -3.63662521 2.64045763 -3.12474762 
3.28577180 15.60999040 -11.43672330 9.39054849 -8.14132701 6.84244765 -6.40824168 5.53916935 -4.73587069 3.91776822 -3.63662521 2.64045763 -3.12474762 
3.09337623 13.75730916 -8.94069136 6.50241738 -5.05331779 3.69715120 -3.31471696 2.57750526 -1.96285273 1.37016747 -1.33797683 0.60248945 -1.35139052 
3.08632453 13.82624603 -9.02776513 6.59699183 -5.14829206 3.78813278 -3.39895281 2.65350353 -2.03000165 1.42852270 -1.38789408 0.64455999 -1.38625116 
3.08060703 13.74066377 -8.91973326 6.47972350 -5.03059597 3.67544702 -3.29467798 2.55947468 -1.94696306 1.35639237 -1.32622067 0.59260243 -1.34321462 
2.83318960 15.60642053 -11.43160301 9.38426770 -8.13423125 6.83483793 -6.40038439 5.53129475 -4.72817416 3.91041014 -3.62973593 2.63413726 -3.11906958 
2.35978276 8.81535865 -3.82908719 1.85347678 -1.07459637 0.38131667 -0.60343701 0.38793877 -0.21064066 -0.03285762 -0.21871759 -0.29015144 -0.64929706 
1.88833604 12.01863076 -6.88997929 4.41443562 -3.08197396 1.91463016 -1.75226599 1.23892988 -0.83633882 0.43339605 -0.56822541 -0.02353229 -0.84975455 
2.49903611 13.06197246 -8.08715099 5.60035575 -4.17111295 2.87306919 -2.57002843 1.92111341 -1.39566039 0.88732227 -0.93281378 0.26695982 -1.07796470 
2.72842896 15.60602676 -11.43103829 9.38357507 -8.13344883 6.83399893 -6.39951818 5.53042672 -4.72732584 3.90959919 -3.62897671 2.63344079 -3.11844394 
2.96792609 13.67197864 -8.83352601 6.38666124 -4.93769634 3.58696144 -3.21320742 2.48636577 -1.88270099 1.30081675 -1.27889818 0.55288747 -1.31043903 
2.96190828 13.58023632 -8.71906607 6.26381022 -4.81574794 3.47143267 -3.10739317 2.39189134 -1.80006261 1.22967406 -1.21857949 0.50246547 -1.26898434 
2.69746107 15.60590225 -11.43085974 9.38335608 -8.13320146 6.83373367 -6.39924432 5.53015229 -4.72705764 3.90934282 -3.62873669 2.63322061 -3.11824615 
2.42466225 12.60457007 -7.55003995 5.05655148 -3.66115021 2.41549396 -2.17237150 1.58359191 -1.11440276 0.65577830 -0.74446567 0.11528192 -0.95761391 
2.39392668 12.88211432 -7.87365526 5.38195357 -3.96424194 2.68568464 -2.40569704 1.78041876 -1.27744991 0.78927935 -0.85252002 0.20191583 -1.02606624 
2.63404856 15.60563499 -11.43047646 9.38288599 -8.13267045 6.83316428 -6.39865648 5.52956322 -4.72648197 3.90879251 -3.62822150 2.63274801 -3.11782162 
2.61787623 15.60556408 -11.43037477 9.38276128 -8.13252957 6.83301322 -6.39850052 5.52940694 -4.72632924 3.90864652 -3.62808482 2.63262263 -3.11770899 
2.60157206 15.60549142 -11.43027057 9.38263349 -8.13238523 6.83285844 -6.39834073 5.52924682 -4.72617276 3.90849694 -3.62794479 2.63249418 -3.11759360 
2.58513389 15.60541697 -11.43016380 9.38250254 -8.13223731 6.83269982 -6.39817698 5.52908273 -4.72601240 3.90834365 -3.62780128 2.63236253 -3.11747535 
2.56855949 15.60534065 -11.43005435 9.38236830 -8.13208568 6.83253724 -6.39800914 5.52891454 -4.72584804 3.90818653 -3.62765419 2.63222761 -3.11735414 
2.55184660 15.60526240 -11.42994214 9.38223069 -8.13193024 6.83237056 -6.39783706 5.52874211 -4.72567953 3.90802545 -3.62750339 2.63208928 -3.11722989 
2.53499286 15.60518216 -11.42982708 9.38208957 -8.13177084 6.83219965 -6.39766061 5.52856530 -4.72550674 3.90786028 -3.62734876 2.63194744 -3.11710247 
2.23985770 12.23864798 -7.13415688 4.64854899 -3.29013855 2.09220463 -1.89924786 1.35798504 -0.93122048 0.50845822 -0.62713956 0.02250214 -0.88525431 
1.81248245 15.57080828 -11.38058822 9.32176441 -8.06369730 6.75927570 -6.32244326 5.45325764 -4.65197199 3.83762191 -3.56164076 2.57171316 -3.06302987 
2.16595650 12.45832294 -7.38235704 4.89065579 -3.50905969 2.28194462 -2.05871335 1.48904830 -1.03712765 0.59326647 -0.69442071 0.07553457 -0.92648762 
2.72344583 13.32035943 -8.39908833 5.92471078 -4.48327975 3.16017502 -2.82555827 2.14302875 -1.58467907 1.04607752 -1.06434978 0.37462929 -1.16473001 
2.71677053 13.21487508 -8.27099668 5.79077099 -4.35366850 3.04034869 -2.71837532 2.04949665 -1.50464489 0.97857254 -1.00819969 0.32850554 -1.12743696 
2.70810480 13.29674245 -8.37032026 5.89453882 -4.45399730 3.13302740 -2.80120932 2.12172539 -1.56640440 1.03062802 -1.05147137 0.36402990 -1.15614406 
2.70138659 13.19034798 -8.24136053 5.75993006 -4.32396383 3.01300957 -2.69402707 2.02833857 -1.48661321 0.96342045 -0.99564003 0.31822097 -1.11914634 
2.39479219 15.60445977 -11.42879118 9.38081914 -8.13033584 6.83066099 -6.39607218 5.52697363 -4.72395131 3.90637348 -3.62595688 2.63067066 -3.11595560 
2.37655536 15.60435817 -11.42864548 9.38064046 -8.13013402 6.83044460 -6.39584879 5.52674979 -4.72373258 3.90616439 -3.62576115 2.63049112 -3.11579433 
2.35815071 15.60425374 -11.42849574 9.38045682 -8.12992660 6.83022220 -6.39561920 5.52651974 -4.72350777 3.90594951 -3.62555999 2.63030660 -3.11562858 
2.33957512 15.60414638 -11.42834179 9.38026803 -8.12971336 6.82999357 -6.39538318 5.52628325 -4.72327667 3.90572861 -3.62535320 2.63011691 -3.11545820 
2.32082540 15.60403598 -11.42818349 9.38007390 -8.12949409 6.82975846 -6.39514048 5.52604006 -4.72303903 3.90550146 -3.62514056 2.62992187 -3.11528300 
2.61354555 13.14695510 -8.18906503 5.70564506 -4.27180672 2.96511833 -2.65147169 1.99143969 -1.45523259 0.93710219 -0.97386380 0.30041812 -1.10481715 
2.60655870 13.03482140 -8.05473102 5.56700160 -4.13934442 2.84414103 -2.54452982 1.89917541 -1.37714192 0.87189745 -0.92013173 0.25665059 -1.06971179 
2.59734948 13.12056122 -8.15734121 5.67279937 -4.24032810 2.93628400 -2.62590979 1.96932543 -1.43646621 0.92139458 -0.96089101 0.28983001 -1.09630844 
2.83074470 15.60999040 -11.43672330 9.39054849 -8.14132701 6.84244765 -6.40824168 5.53916935 -4.73587069 3.91776822 -3.63662521 2.64045763 -3.12474762 
2.59031590 13.00742186 -8.02208327 5.53348136 -4.10748104 2.81518148 -2.51905032 1.87729259 -1.35870130 0.85656133 -0.90754067 0.24642840 -1.06153848 
2.26349794 15.60368536 -11.42768073 9.37945735 -8.12879771 6.82901183 -6.39436972 5.52526778 -4.72228436 3.90478011 -3.62446529 2.62930247 -3.11472664 
2.24401773 15.60356159 -11.42750325 9.37923971 -8.12855190 6.82874827 -6.39409765 5.52499517 -4.72201797 3.90452549 -3.62422694 2.62908384 -3.11453026 
2.22434592 15.60343414 -11.42732050 9.37901560 -8.12829878 6.82847688 -6.39381751 5.52471447 -4.72174369 3.90426332 -3.62398152 2.62885873 -3.11432806 
2.53124597 13.01055137 -8.02580871 5.53730290 -4.11111047 2.81847735 -2.52194776 1.87977906 -1.36079506 0.85830141 -0.90896837 0.24758684 -1.06246423 
2.52401959 12.89323743 -7.88677223 5.39528706 -3.97679323 2.69698631 -2.41555143 1.78880901 -1.28446186 0.79506669 -0.85723842 0.20572291 -1.02909242 
2.51437963 12.98188808 -7.99172094 5.50236920 -4.07796374 2.78840358 -2.49553227 1.85712900 -1.34173742 0.84247461 -0.89599141 0.23706359 -1.05405950 
2.75638669 15.60999040 -11.43672330 9.39054849 -8.14132701 6.84244765 -6.40824168 5.53916935 -4.73587069 3.91776822 -3.63662521 2.64045763 -3.12474762 
2.50710352 12.86349080 -7.85171888 5.35968002 -3.94329795 2.66684549 -2.38928693 1.76646037 -1.26579534 0.77966829 -0.84469022 0.19560260 -1.02105119 
2.16414222 15.60302820 -11.42673845 9.37830184 -8.12749264 6.82761259 -6.39292532 5.52382054 -4.72087017 3.90342841 -3.62319996 2.62814185 -3.11368416 
2.14366476 15.60288449 -11.42653239 9.37804916 -8.12720725 6.82730662 -6.39260949 5.52350409 -4.72056096 3.90313286 -3.62292330 2.62788809 -3.11345623 
2.12297547 15.60273628 -11.42631989 9.37778858 -8.12691296 6.82699110 -6.39228380 5.52317777 -4.72024209 3.90282809 -3.62263801 2.62762641 -3.11322119 
2.44548452 12.86225342 -7.85026251 5.35820238 -3.94190952 2.66559747 -2.38820056 1.76553690 -1.26502477 0.77903319 -0.84417309 0.19518582 -1.02072026 
2.69484337 15.60999040 -11.43672330 9.39054849 -8.14132701 6.84244765 -6.40824168 5.53916935 -4.73587069 3.91776822 -3.63662521 2.64045763 -3.12474762 
2.43800310 12.73935279 -7.70631287 5.21283124 -3.80593708 2.54390418 -2.28271149 1.67622600 -1.19078628 0.71805907 -0.79468279 0.15541026 -0.98922048 
2.42789130 12.83103848 -7.81356994 5.32101922 -3.90701310 2.63426558 -2.36095677 1.74240287 -1.24574045 0.76315377 -0.83125421 0.18478164 -1.01246484 
2.42035691 12.70696751 -7.66861192 5.17498176 -3.77073803 2.51257404 -2.25569688 1.65347095 -1.17196365 0.70266789 -0.78224077 0.14544573 -0.98135551 
2.41014531 12.79927529 -7.77632486 5.28336579 -3.87175724 2.60268088 -2.33355176 1.71917971 -1.22641984 0.74727287 -0.81835521 0.17440831 -1.00424505 
2.66334666 15.60999040 -11.43672330 9.39054849 -8.14132701 6.84244765 -6.40824168 5.53916935 -4.73587069 3.91776822 -3.63662521 2.64045763 -3.12474762 
2.66334666 15.60999040 -11.43672330 9.39054849 -8.14132701 6.84244765 -6.40824168 5.53916935 -4.73587069 3.91776822 -3.63662521 2.64045763 -3.12474762 
2.66334666 15.60999040 -11.43672330 9.39054849 -8.14132701 6.84244765 -6.40824168 5.53916935 -4.73587069 3.91776822 -3.63662521 2.64045763 -3.12474762 
2.40255726 12.67401535 -7.63034979 5.13666425 -3.73519006 2.48100627 -2.22853792 1.63064321 -1.15311944 0.68728749 -0.76982831 0.13551929 -0.97353137 
2.03800934 15.60209460 -11.42539986 9.37666042 -8.12563884 6.82562512 -6.39087380 5.52176507 -4.71886172 3.90150875 -3.62140303 2.62649367 -3.11220379 
2.37418444 12.73404935 -7.70013234 5.20661998 -3.80015497 2.53875270 -2.27826551 1.67247772 -1.18768314 0.71551971 -0.79262859 0.15376411 -0.98792044 
2.36648699 12.60635373 -7.55209713 5.05859831 -3.66303710 2.41715952 -2.17379614 1.58478269 -1.11538052 0.65657251 -0.74510384 0.11579037 -0.95801326 
2.35596414 12.70055804 -7.66116182 5.16751333 -3.76380258 2.50640937 -2.25038838 1.64900516 -1.16827410 0.69965428 -0.77980704 0.14349830 -0.97981967 
2.34821092 12.57161478 -7.51208347 5.01883630 -3.62642717 2.38488174 -2.14621832 1.56175680 -1.09649322 0.64124491 -0.73279790 0.10599283 -0.95032318 
2.33758019 12.66646136 -7.62159257 5.12790788 -3.72707882 2.47381355 -2.22235831 1.62545600 -1.14884286 0.68380100 -0.76701752 0.13327348 -0.97176270 
2.32977048 12.53624993 -7.47146237 4.97857908 -3.58945845 2.35236876 -2.11850621 1.53867205 -1.07759921 0.62594205 -0.72053364 0.09624326 -0.94268170 
2.31902970 12.63174379 -7.58141231 5.08779626 -3.68998087 2.44096569 -2.19417777 1.60183381 -1.12939330 0.66796355 -0.75426324 0.12309229 -0.96375163 
2.58236394 15.60999040 -11.43672330 9.39054849 -8.14132701 6.84244765 -6.40824168 5.53916935 -4.73587069 3.91776822 -3.63662521 2.64045763 -3.12474762 
2.58236394 15.60999040 -11.43672330 9.39054849 -8.14132701 6.84244765 -6.40824168 5.53916935 -4.73587069 3.91776822 -3.63662521 2.64045763 -3.12474762 
2.58236394 15.60999040 -11.43672330 9.39054849 -8.14132701 6.84244765 -6.40824168 5.53916935 -4.73587069 3.91776822 -3.63662521 2.64045763 -3.12474762 
2.58236394 15.60999040 -11.43672330 9.39054849 -8.14132701 6.84244765 -6.40824168 5.53916935 -4.73587069 3.91776822 -3.63662521 2.64045763 -3.12474762 
2.31116277 12.50024318 -7.43022156 4.93781969 -3.55212869 2.31962159 -2.09066276 1.51553231 -1.05870254 0.61066767 -0.70831427 0.08654422 -0.93509081 
2.30030971 12.59638934 -7.54060845 5.04717105 -3.65250599 2.40786642 -2.16584949 1.57814230 -1.10992944 0.65214573 -0.74154752 0.11295744 -0.95578857 
2.29238481 12.46357798 -7.38834844 4.89655113 -3.51443574 2.28664144 -2.06269114 1.49234164 -1.03980743 0.59542561 -0.69614304 0.07689832 -0.92755251 
2.28141718 12.56038142 -7.49916810 5.00602476 -3.61465154 2.37451652 -2.13737634 1.55438542 -1.09045547 0.63635144 -0.72887371 0.10287165 -0.94787567 
2.54902983 15.60999040 -11.43672330 9.39054849 -8.14132701 6.84244765 -6.40824168 5.53916935 -4.73587069 3.91776822 -3.63662521 2.64045763 -3.12474762 
2.54902983 15.60999040 -11.43672330 9.39054849 -8.14132701 6.84244765 -6.40824168 5.53916935 -4.73587069 3.91776822 -3.63662521 2.64045763 -3.12474762 
2.54902983 15.60999040 -11.43672330 9.39054849 -8.14132701 6.84244765 -6.40824168 5.53916935 -4.73587069 3.91776822 -3.63662521 2.64045763 -3.12474762 
2.54902983 15.60999040 -11.43672330 9.39054849 -8.14132701 6.84244765 -6.40824168 5.53916935 -4.73587069 3.91776822 -3.63662521 2.64045763 -3.12474762 
2.54902983 15.60999040 -11.43672330 9.39054849 -8.14132701 6.84244765 -6.40824168 5.53916935 -4.73587069 3.91776822 -3.63662521 2.64045763 -3.12474762 
2.27343354 12.42623723 -7.34583013 4.85476632 -3.47637757 2.25342969 -2.03459473 1.46910427 -1.02091823 0.58021984 -0.68402329 0.06730819 -0.92006883 
1.88003755 15.60074733 -11.42346830 9.37429205 -8.12296419 6.82275780 -6.38791424 5.51879999 -4.71596461 3.89873987 -3.61881129 2.62411659 -3.11006882 
2.24310188 12.48633608 -7.41432462 4.92213853 -3.53779392 2.30706895 -2.08000811 1.50669217 -1.05149471 0.60484966 -0.70366578 0.08285845 -0.93220906 
2.51513072 15.60999040 -11.43672330 9.39054849 -8.14132701 6.84244765 -6.40824168 5.53916935 -4.73587069 3.91776822 -3.63662521 2.64045763 -3.12474762 
2.51513072 15.60999040 -11.43672330 9.39054849 -8.14132701 6.84244765 -6.40824168 5.53916935 -4.73587069 3.91776822 -3.63662521 2.64045763 -3.12474762 
2.51513072 15.60999040 -11.43672330 9.39054849 -8.14132701 6.84244765 -6.40824168 5.53916935 -4.73587069 3.91776822 -3.63662521 2.64045763 -3.12474762 
2.51513072 15.60999040 -11.43672330 9.39054849 -8.14132701 6.84244765 -6.40824168 5.53916935 -4.73587069 3.91776822 -3.63662521 2.64045763 -3.12474762 
2.23499847 12.34945766 -7.25880481 4.76961940 -3.39915809 2.18631798 -1.97804212 1.42250740 -0.98317570 0.54993344 -0.65995185 0.04830593 -0.90527341 
2.22367261 12.44826258 -7.37089403 4.87938324 -3.49878601 2.27297385 -2.05111991 1.48276463 -1.03201710 0.58915057 -0.69113877 0.07293672 -0.92445972 
2.21550815 12.30998158 -7.21427040 4.72624290 -3.35999340 2.15242186 -1.94959380 1.39915737 -0.96433186 0.53486124 -0.64800716 0.03889923 -0.89796576 
2.20405780 12.40946341 -7.32677198 4.83607615 -3.45938908 2.23863327 -2.02210062 1.45878938 -1.01254772 0.57349179 -0.67866796 0.06307543 -0.91676931 
2.48064710 15.60999040 -11.43672330 9.39054849 -8.14132701 6.84244765 -6.40824168 5.53916935 -4.73587069 3.91776822 -3.63662521 2.64045763 -3.12474762 
2.48064710 15.60999040 -11.43672330 9.39054849 -8.14132701 6.84244765 -6.40824168 5.53916935 -4.73587069 3.91776822 -3.63662521 2.64045763 -3.12474762 
2.48064710 15.60999040 -11.43672330 9.39054849 -8.14132701 6.84244765 -6.40824168 5.53916935 -4.73587069 3.91776822 -3.63662521 2.64045763 -3.12474762 
2.76722586 13.29396312 -8.36693813 5.89099508 -4.45056128 3.12984477 -2.79835730 2.11923222 -1.56426742 1.02882278 -1.04996761 0.36279305 -1.15514276 
2.77376178 13.39650291 -8.49219158 6.02271536 -4.57873554 3.24897516 -2.90546884 2.21316875 -1.64503321 1.09724750 -1.10711809 0.40991469 -1.19337897 
2.49796323 15.60999040 -11.43672330 9.39054849 -8.14132701 6.84244765 -6.40824168 5.53916935 -4.73587069 3.91776822 -3.63662521 2.64045763 -3.12474762 
2.78212146 13.31691852 -8.39489371 5.92030820 -4.47900388 3.15620814 -2.82199796 2.13991174 -1.58200355 1.04381432 -1.06246221 0.37307500 -1.16347038 
2.78861663 13.41860073 -8.51931205 6.05136616 -4.60673903 3.27511354 -2.92906702 2.23394661 -1.66296606 1.11249402 -1.11989451 0.42048075 -1.20197721 
2.51513072 15.60999040 -11.43672330 9.39054849 -8.14132701 6.84244765 -6.40824168 5.53916935 -4.73587069 3.91776822 -3.63662521 2.64045763 -3.12474762 
2.23499847 12.34945766 -7.25880481 4.76961940 -3.39915809 2.18631798 -1.97804212 1.42250740 -0.98317570 0.54993344 -0.65995185 0.04830593 -0.90527341 
2.22367261 12.44826258 -7.37089403 4.87938324 -3.49878601 2.27297385 -2.05111991 1.48276463 -1.03201710 0.58915057 -0.69113877 0.07293672 -0.92445972 
2.78212146 13.31691852 -8.39489371 5.92030820 -4.47900388 3.15620814 -2.82199796 2.13991174 -1.58200355 1.04381432 -1.06246221 0.37307500 -1.16347038 
2.78861663 13.41860073 -8.51931205 6.05136616 -4.60673903 3.27511354 -2.92906702 2.23394661 -1.66296606 1.11249402 -1.11989451 0.42048075 -1.20197721 
2.51513072 15.60999040 -11.43672330 9.39054849 -8.14132701 6.84244765 -6.40824168 5.53916935 -4.73587069 3.91776822 -3.63662521 2.64045763 -3.12474762 
2.51513072 15.60999040 -11.43672330 9.39054849 -8.14132701 6.84244765 -6.40824168 5.53916935 -4.73587069 3.91776822 -3.63662521 2.64045763 -3.12474762 
2.79690867 13.33953117 -8.42247962 5.94928210 -4.50716323 3.18234977 -2.84547529 2.16047846 -1.59966771 1.05876449 -1.07493743 0.38335232 -1.17180300 
2.80336357 13.44036728 -8.54607028 6.07967953 -4.63445597 3.30102319 -2.95249265 2.25460149 -1.68081681 1.12768977 -1.13264329 0.43103521 -1.21057478 
2.81158903 13.36180812 -8.44970237 5.97792161 -4.53504232 3.20827104 -2.86878943 2.18093162 -1.61725865 1.07367179 -1.08739176 0.39362358 -1.18013934 
2.81800412 13.46180940 -8.57247271 6.10766041 -4.66188953 3.32670572 -2.97574611 2.27513285 -1.69858436 1.14283337 -1.14536299 0.44157671 -1.21917045 
2.82616404 13.38375625 -8.47656831 6.00623151 -4.56264410 3.23397333 -2.89194054 2.20127055 -1.63477517 1.08853479 -1.09982372 0.40388740 -1.18847816 
3.04948955 15.60711426 -11.43259794 9.38548802 -8.13560980 6.83631621 -6.40191065 5.53282426 -4.72966899 3.91183914 -3.63107381 2.63536459 -3.12017212 
3.06253294 15.60715150 -11.43265134 9.38555352 -8.13568380 6.83639557 -6.40199258 5.53290637 -4.72974924 3.91191586 -3.63114563 2.63543048 -3.12023131 
3.07549181 15.60718802 -11.43270372 9.38561777 -8.13575637 6.83647340 -6.40207294 5.53298690 -4.72982794 3.91199110 -3.63121607 2.63549510 -3.12028936 
3.08836726 15.60722384 -11.43275509 9.38568078 -8.13582756 6.83654973 -6.40215175 5.53306589 -4.72990514 3.91206490 -3.63128517 2.63555849 -3.12034630 
3.10116035 15.60725897 -11.43280549 9.38574259 -8.13589739 6.83662462 -6.40222907 5.53314337 -4.72998086 3.91213729 -3.63135295 2.63562066 -3.12040216 
3.11387213 15.60729345 -11.43285493 9.38580323 -8.13596589 6.83669808 -6.40230492 5.53321939 -4.73005516 3.91220831 -3.63141944 2.63568167 -3.12045696 
3.12650362 15.60732727 -11.43290344 9.38586274 -8.13603311 6.83677017 -6.40237935 5.53329397 -4.73012805 3.91227800 -3.63148469 2.63574152 -3.12051073 
2.93147252 13.62242870 -8.77160886 6.32010405 -4.87153047 3.52418989 -3.15563527 2.43489536 -1.83762160 1.26196213 -1.24591835 0.52529044 -1.28772776 
2.93914285 13.54827028 -8.67936870 6.22139265 -4.77382542 3.43188316 -3.07131635 2.35980735 -1.77210443 1.20569029 -1.19831231 0.48557549 -1.25513884 
3.15152977 15.60739304 -11.43299776 9.38597843 -8.13616382 6.83691033 -6.40252406 5.53343900 -4.73026980 3.91241351 -3.63161156 2.63585791 -3.12061529 
3.36916655 14.02235109 -9.27789896 6.87125065 -5.42626245 4.05679125 -3.64984677 2.88176236 -2.23331478 1.60655676 -1.54128106 0.77470124 -1.49478104 
3.38424344 14.23722834 -9.55612686 7.18076365 -5.74442447 4.36849766 -3.94480345 3.15355404 -2.47839848 1.82367073 -1.73040076 0.93681223 -1.63130396 
3.20066177 15.60751747 -11.43317623 9.38619734 -8.13641111 6.83717553 -6.40279788 5.53371341 -4.73053799 3.91266990 -3.63185161 2.63607813 -3.12081312 
3.21275847 15.60754718 -11.43321884 9.38624961 -8.13647016 6.83723885 -6.40286326 5.53377893 -4.73060203 3.91273112 -3.63190893 2.63613072 -3.12086036 
3.22478245 15.60757636 -11.43326069 9.38630094 -8.13652815 6.83730104 -6.40292747 5.53384328 -4.73066493 3.91279125 -3.63196522 2.63618236 -3.12090676 
3.03892134 13.76569009 -8.95125354 6.51386458 -5.06478910 3.70811793 -3.32485055 2.58663039 -1.97090046 1.37714918 -1.34393927 0.60750702 -1.35554217 
3.04615661 13.69516776 -8.86258161 6.41797602 -4.96890651 3.61664308 -3.24049522 2.51081758 -1.90416401 1.31935435 -1.29466351 0.56610334 -1.32133384 
3.44542029 14.10809640 -9.38840262 6.99362183 -5.55149500 4.17895755 -3.76496655 2.98741166 -2.32820956 1.69031042 -1.61397903 0.83681131 -1.54692183 
3.62377629 15.60351952 -11.42744293 9.37916574 -8.12846835 6.82865869 -6.39400519 5.52490252 -4.72192744 3.90443896 -3.62414593 2.62900954 -3.11446352 
3.64331996 15.60364450 -11.42762214 9.37938551 -8.12871657 6.82892482 -6.39427991 5.52517779 -4.72219642 3.90469606 -3.62438661 2.62923030 -3.11466181 
3.50203518 14.35355865 -9.70857078 7.35231556 -5.92275884 4.54510558 -4.11367504 3.31074154 -2.62152382 1.95163074 -1.84283433 1.03397614 -1.71377022 
3.51889632 14.18717662 -9.49093016 7.10781851 -5.66902189 4.29422927 -3.87416164 3.08813458 -2.41912393 1.77092301 -1.68425766 0.89710089 -1.59773317 
3.69135959 15.60394158 -11.42804812 9.37990789 -8.12930659 6.82955743 -6.39493295 5.52583212 -4.72283582 3.90530723 -3.62495873 2.62975508 -3.11513319 
3.71025695 15.60405460 -11.42821018 9.38010663 -8.12953106 6.82979811 -6.39518140 5.52608107 -4.72307910 3.90553976 -3.62517641 2.62995475 -3.11531254 
3.88431745 14.48302453 -9.87973278 7.54657480 -6.12637409 4.74835851 -4.30952833 3.49440859 -2.78996598 2.10325297 -1.97692180 1.15055822 -1.81329313 
3.90419819 14.73854694 -10.22221231 7.94042902 -6.54452672 5.17095143 -4.72164235 3.88538578 -3.15256201 2.43311882 -2.27159268 1.40920235 -2.03610364 
3.62313322 14.46468716 -9.85539315 7.51884521 -6.09720126 4.71913400 -4.28127083 3.46782122 -2.76550459 2.08116762 -1.95733460 1.13348233 -1.79867845 
3.46190002 15.60808566 -11.43399116 9.38719695 -8.13754041 6.83838660 -6.40404832 5.53496658 -4.73176280 3.91384083 -3.63294791 2.63708389 -3.12171666 
3.64862896 14.31861803 -9.66264884 7.30049193 -5.86873884 4.49146797 -4.06225652 3.26276296 -2.57773413 1.91239347 -1.80828508 1.00405980 -1.68833109 
3.96022557 14.54762645 -9.96573436 7.64483333 -6.23003272 4.85247703 -4.41046144 3.58961314 -2.87776835 2.18270728 -2.04754126 1.21224884 -1.86619488 
3.97942682 14.79020921 -10.29220920 8.02176379 -6.63174899 5.25995040 -4.80924312 3.96923968 -3.23099900 2.50505713 -2.33635187 1.46645681 -2.08576703 
3.70940165 14.53884670 -9.95402304 7.63142739 -6.21586383 4.83821997 -4.39661677 3.57653252 -2.86568545 2.17175664 -2.03779427 1.20372271 -1.85887400 
3.72450082 14.39082042 -9.75767058 7.40786387 -5.98080212 4.60287268 -4.16917772 3.36264460 -2.66899543 1.99425221 -1.88043463 1.06659244 -1.74155253 
3.88140059 15.60498681 -11.42954695 9.38174601 -8.13138277 6.83178354 -6.39723103 5.52813484 -4.72508608 3.90745817 -3.62697232 2.63160212 -3.11679229 
3.75577637 14.57705126 -10.00503743 7.68988224 -6.27770576 4.90050515 -4.45715538 3.63378050 -2.91861167 2.21976185 -2.08055552 1.24115481 -1.89103679 
3.93185897 12.87879255 -7.86974025 5.37797609 -3.96049978 2.68231676 -2.40276188 1.77792088 -1.27536331 0.78755786 -0.85111703 0.20078419 -1.02516700 
4.06770238 14.84751149 -10.37014430 8.11265390 -6.72956371 5.36009701 -4.90814051 4.06420728 -3.32010254 2.58701435 -2.41033251 1.53203319 -2.14278916 
3.94929839 15.60531478 -11.43001726 9.38232281 -8.13203430 6.83248215 -6.39795226 5.52885754 -4.72579233 3.90813328 -3.62760434 2.63218188 -3.11731307 
3.96591870 15.60539174 -11.43012762 9.38245816 -8.13218718 6.83264608 -6.39812150 5.52902713 -4.72595807 3.90829171 -3.62775265 2.63231793 -3.11743528 
3.98240203 15.60546681 -11.43023527 9.38259020 -8.13233633 6.83280600 -6.39828660 5.52919257 -4.72611975 3.90844626 -3.62789734 2.63245065 -3.11755450 
3.99875062 15.60554006 -11.43034032 9.38271903 -8.13248185 6.83296204 -6.39844769 5.52935400 -4.72627751 3.90859706 -3.62803852 2.63258016 -3.11767084 
4.01496666 15.60561154 -11.43044283 9.38284476 -8.13262387 6.83311433 -6.39860491 5.52951155 -4.72643147 3.90874424 -3.62817631 2.63270656 -3.11778438 
4.03105228 15.60568132 -11.43054290 9.38296748 -8.13276250 6.83326298 -6.39875838 5.52966534 -4.72658176 3.90888791 -3.62831080 2.63282993 -3.11789521 
4.04700956 15.60574944 -11.43064059 9.38308730 -8.13289785 6.83340811 -6.39890821 5.52981548 -4.72672849 3.90902817 -3.62844212 2.63295039 -3.11800341 
4.06284052 15.60581597 -11.43073599 9.38320430 -8.13303001 6.83354983 -6.39905453 5.52996210 -4.72687178 3.90916514 -3.62857035 2.63306802 -3.11810908 
4.20903594 14.73832047 -10.22190602 7.94007374 -6.54414636 5.17056396 -4.72126157 3.88502184 -3.15222207 2.43280748 -2.27131278 1.40895519 -2.03588951 
4.22615330 14.94183615 -10.49911179 8.26382170 -6.89304668 5.52826523 -5.07496649 4.22510695 -3.47170307 2.72701316 -2.53718506 1.64487719 -2.24124719 
4.11728247 15.60603688 -11.43105280 9.38359286 -8.13346893 6.83402048 -6.39954043 5.53044902 -4.72734764 3.90962003 -3.62899622 2.63345869 -3.11846001 
4.13256894 15.60609678 -11.43113870 9.38369822 -8.13358795 6.83414811 -6.39967219 5.53058106 -4.72747668 3.90974338 -3.62911170 2.63356462 -3.11855518 
4.02162310 14.77491693 -10.27146336 7.99762819 -6.60583572 5.23347932 -4.78315936 3.94424521 -3.20759544 2.48357197 -2.31699320 1.44932685 -2.07089608 
4.03442353 14.65239955 -10.10605556 7.80608230 -6.40110142 5.02523467 -4.57881210 3.74921405 -3.02567891 2.31717429 -2.16758166 1.31754595 -1.95684777 
4.04557704 14.79106517 -10.29337106 8.02311624 -6.63320181 5.26143524 -4.81070694 3.97064303 -3.23231362 2.50626450 -2.33744019 1.46742020 -2.08660368 
3.91703802 15.60878184 -11.43498972 9.38842184 -8.13892425 6.83987070 -6.40558072 5.53650238 -4.73326388 3.91527592 -3.63429158 2.63831661 -3.12282410 
3.92550062 15.60879202 -11.43500432 9.38843976 -8.13894449 6.83989240 -6.40560313 5.53652484 -4.73328583 3.91529691 -3.63431123 2.63833464 -3.12284030 
3.79394495 14.55687499 -9.97807889 7.65897282 -6.24498584 4.86753183 -4.42508892 3.60344080 -2.89054792 2.19429501 -2.05786010 1.22127916 -1.87395193 
3.47501069 14.20314453 -9.51170407 7.13103371 -5.69299137 4.31781188 -3.89656841 3.10886313 -2.43788644 1.78760357 -1.69883639 0.90963685 -1.60832207 
3.08344113 13.66588672 -8.82590126 6.37845228 -4.92952320 3.57919625 -3.20607533 2.47998083 -1.87710148 1.29598449 -1.27479181 0.54944765 -1.30760530 
3.06208915 13.87438319 -9.08883062 6.66359491 -5.21544937 3.85271868 -3.45897721 2.70785706 -2.07819616 1.47054494 -1.42395264 0.67503870 -1.41157678 
3.24070279 15.60761446 -11.43331533 9.38636796 -8.13660387 6.83738224 -6.40301131 5.53392731 -4.73074705 3.91286976 -3.63203872 2.63624979 -3.12096734 
2.68836969 6.93855292 -2.46070919 0.96870096 -0.53541694 0.04898908 -0.39797455 0.25933165 -0.13018120 -0.08981586 -0.17672131 -0.32549231 -0.62211409 
1.45015858 -16.29258930 -11.23621247 -9.18313434 -7.82796355 -6.83646941 -5.91231166 -4.73665881 -4.32589738 -3.78019676 -3.22700310 -2.96279390 -2.69658175 
4.20518247 3.17476403 -0.65369058 0.13629020 -0.16118806 -0.15301608 -0.28347116 0.19020235 -0.09361332 -0.12338332 -0.15109617 -0.35564456 -0.59847607 
5.79092868 8.67385099 -3.71502399 1.77282717 -1.02122563 0.34634923 -0.58074184 0.37320125 -0.20107411 -0.03953952 -0.21387597 -0.29398180 -0.64640227 
