9.04586829 -0.07376985 -0.09533073 -0.02056055 -0.12480597 -0.19394796 -0.26012958 0.17242168 -0.09252648 -0.13621887 -0.14694657 -0.36991612 -0.58862960 
1.47477539 5.56797147 -1.65821300 0.54387466 -0.32172095 -0.06763033 -0.33186723 0.22007864 -0.10772823 -0.10762982 -0.16285048 -0.33965558 -0.61091842 
2.41014531 12.79927529 -7.77632486 5.28336579 -3.87175724 2.60268088 -2.33355176 1.71917971 -1.22641984 0.74727287 -0.81835521 0.17440831 -1.00424505 
2.66334666 15.60999040 -11.43672330 9.39054849 -8.14132701 6.84244765 -6.40824168 5.53916935 -4.73587069 3.91776822 -3.63662521 2.64045763 -3.12474762 
2.92535985 13.52872616 -8.65514449 6.19555674 -4.74833746 3.40787988 -3.04945777 2.34039981 -1.75521921 1.19122670 -1.18610689 0.47541679 -1.24682137 
2.93147252 13.62242870 -8.77160886 6.32010405 -4.87153047 3.52418989 -3.15563527 2.43489536 -1.83762160 1.26196213 -1.24591835 0.52529044 -1.28772776 
2.93914285 13.54827028 -8.67936870 6.22139265 -4.77382542 3.43188316 -3.07131635 2.35980735 -1.77210443 1.20569029 -1.19831231 0.48557549 -1.25513884 
2.94521961 13.64123002 -8.79507586 6.34530171 -4.89655289 3.54790398 -3.17736317 2.45430147 -1.85460208 1.27658497 -1.25831995 0.53565998 -1.29625524 
2.69484337 15.60999040 -11.43672330 9.39054849 -8.14132701 6.84244765 -6.40824168 5.53916935 -4.73587069 3.91776822 -3.63662521 2.64045763 -3.12474762 
2.69484337 15.60999040 -11.43672330 9.39054849 -8.14132701 6.84244765 -6.40824168 5.53916935 -4.73587069 3.91776822 -3.63662521 2.64045763 -3.12474762 
2.69484337 15.60999040 -11.43672330 9.39054849 -8.14132701 6.84244765 -6.40824168 5.53916935 -4.73587069 3.91776822 -3.63662521 2.64045763 -3.12474762 
2.43800310 12.73935279 -7.70631287 5.21283124 -3.80593708 2.54390418 -2.28271149 1.67622600 -1.19078628 0.71805907 -0.79468279 0.15541026 -0.98922048 
2.42789130 12.83103848 -7.81356994 5.32101922 -3.90701310 2.63426558 -2.36095677 1.74240287 -1.24574045 0.76315377 -0.83125421 0.18478164 -1.01246484 
2.42035691 12.70696751 -7.66861192 5.17498176 -3.77073803 2.51257404 -2.25569688 1.65347095 -1.17196365 0.70266789 -0.78224077 0.14544573 -0.98135551 
2.41014531 12.79927529 -7.77632486 5.28336579 -3.87175724 2.60268088 -2.33355176 1.71917971 -1.22641984 0.74727287 -0.81835521 0.17440831 -1.00424505 
2.40255726 12.67401535 -7.63034979 5.13666425 -3.73519006 2.48100627 -2.22853792 1.63064321 -1.15311944 0.68728749 -0.76982831 0.13551929 -0.97353137 
2.39224391 12.76695026 -7.73851613 5.24523507 -3.83613887 2.57084325 -2.30598735 1.69587031 -1.20706625 0.73139373 -0.80547900 0.16406829 -0.99606291 
2.64741032 15.60999040 -11.43672330 9.39054849 -8.14132701 6.84244765 -6.40824168 5.53916935 -4.73587069 3.91776822 -3.63662521 2.64045763 -3.12474762 
2.64741032 15.60999040 -11.43672330 9.39054849 -8.14132701 6.84244765 -6.40824168 5.53916935 -4.73587069 3.91776822 -3.63662521 2.64045763 -3.12474762 
2.64741032 15.60999040 -11.43672330 9.39054849 -8.14132701 6.84244765 -6.40824168 5.53916935 -4.73587069 3.91776822 -3.63662521 2.64045763 -3.12474762 
2.38460151 12.64048226 -7.59151534 5.09787202 -3.69929059 2.44920125 -2.20123687 1.60774600 -1.13425719 0.67192122 -0.75744833 0.12563335 -0.96574998 
2.37418444 12.73404935 -7.70013234 5.20661998 -3.80015497 2.53875270 -2.27826551 1.67247772 -1.18768314 0.71551971 -0.79262859 0.15376411 -0.98792044 
2.63134598 15.60999040 -11.43672330 9.39054849 -8.14132701 6.84244765 -6.40824168 5.53916935 -4.73587069 3.91776822 -3.63662521 2.64045763 -3.12474762 
2.63134598 15.60999040 -11.43672330 9.39054849 -8.14132701 6.84244765 -6.40824168 5.53916935 -4.73587069 3.91776822 -3.63662521 2.64045763 -3.12474762 
2.63134598 15.60999040 -11.43672330 9.39054849 -8.14132701 6.84244765 -6.40824168 5.53916935 -4.73587069 3.91776822 -3.63662521 2.64045763 -3.12474762 
2.63134598 15.60999040 -11.43672330 9.39054849 -8.14132701 6.84244765 -6.40824168 5.53916935 -4.73587069 3.91776822 -3.63662521 2.64045763 -3.12474762 
2.63134598 15.60999040 -11.43672330 9.39054849 -8.14132701 6.84244765 -6.40824168 5.53916935 -4.73587069 3.91776822 -3.63662521 2.64045763 -3.12474762 
2.63134598 15.60999040 -11.43672330 9.39054849 -8.14132701 6.84244765 -6.40824168 5.53916935 -4.73587069 3.91776822 -3.63662521 2.64045763 -3.12474762 
2.36648699 12.60635373 -7.55209713 5.05859831 -3.66303710 2.41715952 -2.17379614 1.58478269 -1.11538052 0.65657251 -0.74510384 0.11579037 -0.95801326 
1.99413321 15.60174138 -11.42489344 9.37603945 -8.12493754 6.82487329 -6.39009776 5.52098757 -4.71810202 3.90078266 -3.62072338 2.62587030 -3.11164390 
1.97182884 15.60155582 -11.42462740 9.37571325 -8.12456915 6.82447835 -6.38969012 5.52057916 -4.71770297 3.90040127 -3.62036638 2.62554287 -3.11134981 
2.31902970 12.63174379 -7.58141231 5.08779626 -3.68998087 2.44096569 -2.19417777 1.60183381 -1.12939330 0.66796355 -0.75426324 0.12309229 -0.96375163 
2.31116277 12.50024318 -7.43022156 4.93781969 -3.55212869 2.31962159 -2.09066276 1.51553231 -1.05870254 0.61066767 -0.70831427 0.08654422 -0.93509081 
2.30030971 12.59638934 -7.54060845 5.04717105 -3.65250599 2.40786642 -2.16584949 1.57814230 -1.10992944 0.65214573 -0.74154752 0.11295744 -0.95578857 
2.56576633 15.60999040 -11.43672330 9.39054849 -8.14132701 6.84244765 -6.40824168 5.53916935 -4.73587069 3.91776822 -3.63662521 2.64045763 -3.12474762 
2.56576633 15.60999040 -11.43672330 9.39054849 -8.14132701 6.84244765 -6.40824168 5.53916935 -4.73587069 3.91776822 -3.63662521 2.64045763 -3.12474762 
2.29238481 12.46357798 -7.38834844 4.89655113 -3.51443574 2.28664144 -2.06269114 1.49234164 -1.03980743 0.59542561 -0.69614304 0.07689832 -0.92755251 
2.28141718 12.56038142 -7.49916810 5.00602476 -3.61465154 2.37451652 -2.13737634 1.55438542 -1.09045547 0.63635144 -0.72887371 0.10287165 -0.94787567 
2.54902983 15.60999040 -11.43672330 9.39054849 -8.14132701 6.84244765 -6.40824168 5.53916935 -4.73587069 3.91776822 -3.63662521 2.64045763 -3.12474762 
2.54902983 15.60999040 -11.43672330 9.39054849 -8.14132701 6.84244765 -6.40824168 5.53916935 -4.73587069 3.91776822 -3.63662521 2.64045763 -3.12474762 
2.54902983 15.60999040 -11.43672330 9.39054849 -8.14132701 6.84244765 -6.40824168 5.53916935 -4.73587069 3.91776822 -3.63662521 2.64045763 -3.12474762 
2.82616404 13.38375625 -8.47656831 6.00623151 -4.56264410 3.23397333 -2.89194054 2.20127055 -1.63477517 1.08853479 -1.09982372 0.40388740 -1.18847816 
2.83253978 13.48293372 -8.59852562 6.13531366 -4.68904287 3.35216277 -2.99882782 2.29554026 -1.71626773 1.15792356 -1.15805223 0.45210392 -1.22776299 
2.56576633 15.60999040 -11.43672330 9.39054849 -8.14132701 6.84244765 -6.40824168 5.53916935 -4.73587069 3.91776822 -3.63662521 2.64045763 -3.12474762 
2.56576633 15.60999040 -11.43672330 9.39054849 -8.14132701 6.84244765 -6.40824168 5.53916935 -4.73587069 3.91776822 -3.63662521 2.64045763 -3.12474762 
2.56576633 15.60999040 -11.43672330 9.39054849 -8.14132701 6.84244765 -6.40824168 5.53916935 -4.73587069 3.91776822 -3.63662521 2.64045763 -3.12474762 
2.56576633 15.60999040 -11.43672330 9.39054849 -8.14132701 6.84244765 -6.40824168 5.53916935 -4.73587069 3.91776822 -3.63662521 2.64045763 -3.12474762 
2.56576633 15.60999040 -11.43672330 9.39054849 -8.14132701 6.84244765 -6.40824168 5.53916935 -4.73587069 3.91776822 -3.63662521 2.64045763 -3.12474762 
2.56576633 15.60999040 -11.43672330 9.39054849 -8.14132701 6.84244765 -6.40824168 5.53916935 -4.73587069 3.91776822 -3.63662521 2.64045763 -3.12474762 
2.56576633 15.60999040 -11.43672330 9.39054849 -8.14132701 6.84244765 -6.40824168 5.53916935 -4.73587069 3.91776822 -3.63662521 2.64045763 -3.12474762 
2.56576633 15.60999040 -11.43672330 9.39054849 -8.14132701 6.84244765 -6.40824168 5.53916935 -4.73587069 3.91776822 -3.63662521 2.64045763 -3.12474762 
2.56576633 15.60999040 -11.43672330 9.39054849 -8.14132701 6.84244765 -6.40824168 5.53916935 -4.73587069 3.91776822 -3.63662521 2.64045763 -3.12474762 
2.29238481 12.46357798 -7.38834844 4.89655113 -3.51443574 2.28664144 -2.06269114 1.49234164 -1.03980743 0.59542561 -0.69614304 0.07689832 -0.92755251 
1.90338333 15.60096000 -11.42377320 9.37466589 -8.12338636 6.82321037 -6.38838135 5.51926796 -4.71642184 3.89917685 -3.61922031 2.62449172 -3.11040573 
2.26234897 12.52370291 -7.45707801 4.96434980 -3.57641500 2.34091697 -2.10876144 1.53056727 -1.07097572 0.62058470 -0.71624529 0.09283771 -0.94001511 
2.25430584 12.38820322 -7.30265343 4.81245813 -3.43795228 2.21998794 -2.00637712 1.44582465 -1.00203943 0.56505439 -0.67195840 0.05777649 -0.91264178 
2.59884360 9.81965785 -4.68983039 2.49881947 -1.52685606 0.69246563 -0.81434150 0.53011846 -0.30621159 0.03445420 -0.26739709 -0.25277369 -0.67722552 
2.80336357 13.44036728 -8.54607028 6.07967953 -4.63445597 3.30102319 -2.95249265 2.25460149 -1.68081681 1.12768977 -1.13264329 0.43103521 -1.21057478 
2.53215209 15.60999040 -11.43672330 9.39054849 -8.14132701 6.84244765 -6.40824168 5.53916935 -4.73587069 3.91776822 -3.63662521 2.64045763 -3.12474762 
2.53215209 15.60999040 -11.43672330 9.39054849 -8.14132701 6.84244765 -6.40824168 5.53916935 -4.73587069 3.91776822 -3.63662521 2.64045763 -3.12474762 
2.25430584 12.38820322 -7.30265343 4.81245813 -3.43795228 2.21998794 -2.00637712 1.44582465 -1.00203943 0.56505439 -0.67195840 0.05777649 -0.91264178 
2.24310188 12.48633608 -7.41432462 4.92213853 -3.53779392 2.30706895 -2.08000811 1.50669217 -1.05149471 0.60484966 -0.70366578 0.08285845 -0.93220906 
2.23499847 12.34945766 -7.25880481 4.76961940 -3.39915809 2.18631798 -1.97804212 1.42250740 -0.98317570 0.54993344 -0.65995185 0.04830593 -0.90527341 
2.22367261 12.44826258 -7.37089403 4.87938324 -3.49878601 2.27297385 -2.05111991 1.48276463 -1.03201710 0.58915057 -0.69113877 0.07293672 -0.92445972 
2.78212146 13.31691852 -8.39489371 5.92030820 -4.47900388 3.15620814 -2.82199796 2.13991174 -1.58200355 1.04381432 -1.06246221 0.37307500 -1.16347038 
2.78861663 13.41860073 -8.51931205 6.05136616 -4.60673903 3.27511354 -2.92906702 2.23394661 -1.66296606 1.11249402 -1.11989451 0.42048075 -1.20197721 
2.79690867 13.33953117 -8.42247962 5.94928210 -4.50716323 3.18234977 -2.84547529 2.16047846 -1.59966771 1.05876449 -1.07493743 0.38335232 -1.17180300 
2.80336357 13.44036728 -8.54607028 6.07967953 -4.63445597 3.30102319 -2.95249265 2.25460149 -1.68081681 1.12768977 -1.13264329 0.43103521 -1.21057478 
2.81158903 13.36180812 -8.44970237 5.97792161 -4.53504232 3.20827104 -2.86878943 2.18093162 -1.61725865 1.07367179 -1.08739176 0.39362358 -1.18013934 
2.81800412 13.46180940 -8.57247271 6.10766041 -4.66188953 3.32670572 -2.97574611 2.27513285 -1.69858436 1.14283337 -1.14536299 0.44157671 -1.21917045 
2.54902983 15.60999040 -11.43672330 9.39054849 -8.14132701 6.84244765 -6.40824168 5.53916935 -4.73587069 3.91776822 -3.63662521 2.64045763 -3.12474762 
2.82616404 13.38375625 -8.47656831 6.00623151 -4.56264410 3.23397333 -2.89194054 2.20127055 -1.63477517 1.08853479 -1.09982372 0.40388740 -1.18847816 
2.83253978 13.48293372 -8.59852562 6.13531366 -4.68904287 3.35216277 -2.99882782 2.29554026 -1.71626773 1.15792356 -1.15805223 0.45210392 -1.22776299 
2.84063518 13.40538224 -8.50308365 6.03421649 -4.58997152 3.25945807 -2.91492884 2.22149462 -1.65221613 1.10335211 -1.11223188 0.41414242 -1.19681826 
2.84697204 13.50374673 -8.62423514 6.16264406 -4.71591913 3.37739600 -3.02173825 2.31582333 -1.73386595 1.17295908 -1.17070969 0.46261554 -1.23635122 
2.58236394 15.60999040 -11.43672330 9.39054849 -8.14132701 6.84244765 -6.40824168 5.53916935 -4.73587069 3.91776822 -3.63662521 2.64045763 -3.12474762 
2.58236394 15.60999040 -11.43672330 9.39054849 -8.14132701 6.84244765 -6.40824168 5.53916935 -4.73587069 3.91776822 -3.63662521 2.64045763 -3.12474762 
2.58236394 15.60999040 -11.43672330 9.39054849 -8.14132701 6.84244765 -6.40824168 5.53916935 -4.73587069 3.91776822 -3.63662521 2.64045763 -3.12474762 
2.31116277 12.50024318 -7.43022156 4.93781969 -3.55212869 2.31962159 -2.09066276 1.51553231 -1.05870254 0.61066767 -0.70831427 0.08654422 -0.93509081 
1.92645974 15.60116543 -11.42406771 9.37502699 -8.12379415 6.82364753 -6.38883257 5.51972001 -4.71686352 3.89959897 -3.61961542 2.62485410 -3.11073120 
1.90338333 15.60096000 -11.42377320 9.37466589 -8.12338636 6.82321037 -6.38838135 5.51926796 -4.71642184 3.89917685 -3.61922031 2.62449172 -3.11040573 
2.26234897 12.52370291 -7.45707801 4.96434980 -3.57641500 2.34091697 -2.10876144 1.53056727 -1.07097572 0.62058470 -0.71624529 0.09283771 -0.94001511 
2.25430584 12.38820322 -7.30265343 4.81245813 -3.43795228 2.21998794 -2.00637712 1.44582465 -1.00203943 0.56505439 -0.67195840 0.05777649 -0.91264178 
1.85641606 15.60052706 -11.42315252 9.37390487 -8.12252697 6.82228910 -6.38743048 5.51831534 -4.71549110 3.89828732 -3.61838771 2.62372811 -3.10971991 
2.22367261 12.44826258 -7.37089403 4.87938324 -3.49878601 2.27297385 -2.05111991 1.48276463 -1.03201710 0.58915057 -0.69113877 0.07293672 -0.92445972 
2.21550815 12.30998158 -7.21427040 4.72624290 -3.35999340 2.15242186 -1.94959380 1.39915737 -0.96433186 0.53486124 -0.64800716 0.03889923 -0.89796576 
2.20405780 12.40946341 -7.32677198 4.83607615 -3.45938908 2.23863327 -2.02210062 1.45878938 -1.01254772 0.57349179 -0.67866796 0.06307543 -0.91676931 
2.48064710 15.60999040 -11.43672330 9.39054849 -8.14132701 6.84244765 -6.40824168 5.53916935 -4.73587069 3.91776822 -3.63662521 2.64045763 -3.12474762 
2.76722586 13.29396312 -8.36693813 5.89099508 -4.45056128 3.12984477 -2.79835730 2.11923222 -1.56426742 1.02882278 -1.04996761 0.36279305 -1.15514276 
2.99644835 15.60695774 -11.43237345 9.38521268 -8.13529875 6.83598266 -6.40156626 5.53247914 -4.72933169 3.91151669 -3.63077191 2.63508764 -3.11992332 
2.78861663 13.41860073 -8.51931205 6.05136616 -4.60673903 3.27511354 -2.92906702 2.23394661 -1.66296606 1.11249402 -1.11989451 0.42048075 -1.20197721 
3.06448657 11.06845459 -5.88587858 3.49555447 -2.30084917 1.27550422 -1.24370418 0.84198966 -0.53077873 0.19857909 -0.38838499 -0.16156519 -0.74508526 
3.24736951 14.09132610 -9.36673560 6.96956976 -5.52682251 4.15483466 -3.74218518 2.96646006 -2.30935228 1.67363503 -1.59947848 0.82440159 -1.53648706 
3.04948955 15.60711426 -11.43259794 9.38548802 -8.13560980 6.83631621 -6.40191065 5.53282426 -4.72966899 3.91183914 -3.63107381 2.63536459 -3.12017212 
3.06253294 15.60715150 -11.43265134 9.38555352 -8.13568380 6.83639557 -6.40199258 5.53290637 -4.72974924 3.91191586 -3.63114563 2.63543048 -3.12023131 
2.86130232 13.52425472 -8.64960730 6.18965628 -4.74252141 3.40240709 -3.04447791 2.33598172 -1.75137815 1.18793877 -1.18333408 0.47311032 -1.24493400 
2.59882494 15.60999040 -11.43672330 9.39054849 -8.14132701 6.84244765 -6.40824168 5.53916935 -4.73587069 3.91776822 -3.63662521 2.64045763 -3.12474762 
2.59882494 15.60999040 -11.43672330 9.39054849 -8.14132701 6.84244765 -6.40824168 5.53916935 -4.73587069 3.91776822 -3.63662521 2.64045763 -3.12474762 
2.86927163 13.44769366 -8.55508671 6.08923009 -4.64381501 3.30978065 -2.96041812 2.26159603 -1.68686716 1.13284451 -1.13697132 0.43462084 -1.21349758 
2.87553204 13.54446384 -8.67464797 6.21635497 -4.76885282 3.42719772 -3.06704735 2.35601515 -1.76880349 1.20286150 -1.19592417 0.48358705 -1.25351020 
2.61515156 15.60999040 -11.43672330 9.39054849 -8.14132701 6.84244765 -6.40824168 5.53916935 -4.73587069 3.91776822 -3.63662521 2.64045763 -3.12474762 
2.88343974 13.46839162 -8.58058621 6.11626774 -4.67033689 3.33462144 -2.98291979 2.28147243 -1.70407525 1.14751710 -1.14929998 0.44484174 -1.22183452 
3.10116035 15.60725897 -11.43280549 9.38574259 -8.13589739 6.83662462 -6.40222907 5.53314337 -4.72998086 3.91213729 -3.63135295 2.63562066 -3.12040216 
3.11387213 15.60729345 -11.43285493 9.38580323 -8.13596589 6.83669808 -6.40230492 5.53321939 -4.73005516 3.91220831 -3.63141944 2.63568167 -3.12045696 
3.12650362 15.60732727 -11.43290344 9.38586274 -8.13603311 6.83677017 -6.40237935 5.53329397 -4.73012805 3.91227800 -3.63148469 2.63574152 -3.12051073 
3.13905584 15.60736046 -11.43295104 9.38592113 -8.13609908 6.83684091 -6.40245238 5.53336717 -4.73019959 3.91234639 -3.63154872 2.63580026 -3.12056350 
3.15152977 15.60739304 -11.43299776 9.38597843 -8.13616382 6.83691033 -6.40252406 5.53343900 -4.73026980 3.91241351 -3.63161156 2.63585791 -3.12061529 
3.16392639 15.60742501 -11.43304362 9.38603468 -8.13622736 6.83697847 -6.40259442 5.53350951 -4.73033871 3.91247939 -3.63167324 2.63591450 -3.12066612 
2.97243699 13.67804203 -8.84111849 6.39483903 -4.94584191 3.59470361 -3.22032119 2.49273677 -1.88829032 1.30564190 -1.28299985 0.55632438 -1.31327118 
2.72585175 15.60999040 -11.43672330 9.39054849 -8.14132701 6.84244765 -6.40824168 5.53916935 -4.73587069 3.91776822 -3.63662521 2.64045763 -3.12474762 
2.72585175 15.60999040 -11.43672330 9.39054849 -8.14132701 6.84244765 -6.40824168 5.53916935 -4.73587069 3.91776822 -3.63662521 2.64045763 -3.12474762 
2.97993828 13.60527638 -8.75022882 6.29717700 -4.84879165 3.50266613 -3.13593747 2.41732243 -1.82226202 1.24874868 -1.23472283 0.51593767 -1.28004294 
2.98590971 13.69606282 -8.86370410 6.41918684 -4.97011430 3.61779265 -3.24155290 2.51176606 -1.90499716 1.32007444 -1.29527631 0.56661735 -1.32175782 
2.99335627 13.62375354 -8.77326138 6.32187733 -4.87329034 3.52585675 -3.15716165 2.43625787 -1.83881318 1.26298775 -1.24678777 0.52601709 -1.28832507 
3.20066177 15.60751747 -11.43317623 9.38619734 -8.13641111 6.83717553 -6.40279788 5.53371341 -4.73053799 3.91266990 -3.63185161 2.63607813 -3.12081312 
3.41309230 14.07220775 -9.34206722 6.94222044 -5.49880212 4.12747077 -3.71637263 2.94274705 -2.28803240 1.65480098 -1.58311644 0.81041128 -1.52473328 
3.42787787 14.28129360 -9.61372135 7.24541453 -5.81146682 4.43473438 -4.00799349 3.21224134 -2.53172097 1.87124640 -1.77212301 0.97280275 -1.66179724 
3.05196005 13.78250582 -8.97246557 6.53687472 -5.08786797 3.73020030 -3.34527203 2.60503420 -1.98714376 1.39125096 -1.35599043 0.61765478 -1.36394368 
3.05914433 13.71242079 -8.88423194 6.44134365 -4.99222909 3.63885361 -3.26094141 2.52916222 -1.92028615 1.33329508 -1.30653227 0.57606273 -1.32955195 
3.06491525 13.79909387 -8.99341632 6.55962856 -5.11071636 3.75208660 -3.36553417 2.62331359 -2.00329356 1.40528489 -1.36799434 0.62777113 -1.37232584 
3.07204925 13.72944244 -8.90561917 6.46445571 -5.01532426 3.66087292 -3.28123424 2.54738895 -1.93632136 1.34717417 -1.31835940 0.58599561 -1.33775485 
3.07778800 13.81545844 -9.01411004 6.58212971 -5.13333694 3.77377857 -3.38563788 2.64146884 -2.01934969 1.41925049 -1.37995034 0.63785536 -1.38068793 
3.08487239 13.74623696 -8.92674754 6.48731570 -5.03819458 3.68270262 -3.30137449 2.56549793 -1.95226934 1.36099105 -1.33014418 0.59590122 -1.34594179 
3.09057932 13.83160363 -9.03455091 6.60438169 -5.15573234 3.79527795 -3.40558412 2.65950027 -2.03531199 1.43314729 -1.39185780 0.64790677 -1.38902925 
3.09761479 13.76280847 -8.94762120 6.50992710 -5.06084257 3.70434430 -3.32136298 2.58348935 -1.96812982 1.37474517 -1.34188592 0.60577883 -1.35411204 
3.10329023 13.84753345 -9.05474301 6.62638801 -5.17790519 3.81658647 -3.42537386 2.67740821 -2.05118034 1.44697489 -1.40371615 0.65792469 -1.39734913 
2.87406769 15.60999040 -11.43672330 9.39054849 -8.14132701 6.84244765 -6.40824168 5.53916935 -4.73587069 3.91776822 -3.63662521 2.64045763 -3.12474762 
3.11027743 13.77916102 -8.96824421 6.53229331 -5.08327072 3.72579957 -3.34120051 2.60136340 -1.98390257 1.38843602 -1.35358396 0.61562771 -1.36226490 
3.11592173 13.86325180 -9.07469036 6.64815208 -5.19985806 3.83770589 -3.44500806 2.69519304 -2.06695466 1.46073290 -1.41552480 0.66790850 -1.40564691 
3.12286131 13.79529855 -8.98862056 6.55441769 -5.10548150 3.74707002 -3.36088794 2.61912033 -1.99958739 1.40206312 -1.36523766 0.62544719 -1.37039970 
3.31845730 15.60779207 -11.43357008 9.38668044 -8.13695689 6.83776082 -6.40340219 5.53431904 -4.73112991 3.91323578 -3.63238141 2.63656418 -3.12124977 
3.32986409 15.60781699 -11.43360582 9.38672428 -8.13700641 6.83781392 -6.40345703 5.53437399 -4.73118362 3.91328712 -3.63242949 2.63660828 -3.12128939 
3.15334936 13.90917577 -9.13310270 6.71202424 -5.26442224 3.89994663 -3.50298735 2.74781276 -2.11371293 1.50158589 -1.45064742 0.69764915 -1.43040151 
3.16014984 13.84245910 -9.04830836 6.61937251 -5.17083393 3.80978840 -3.41905811 2.67169108 -2.04611270 1.44255762 -1.39992686 0.65472264 -1.39468914 
3.53940690 14.20864446 -9.51886494 7.13904210 -5.70126599 4.32595866 -3.90431425 3.11603353 -2.44438086 1.79338082 -1.70388854 0.91398341 -1.61199540 
3.71025695 15.60405460 -11.42821018 9.38010663 -8.12953106 6.82979811 -6.39518140 5.52608107 -4.72307910 3.90553976 -3.62517641 2.62995475 -3.11531254 
3.72897742 15.60416448 -11.42836775 9.38029986 -8.12974931 6.83003211 -6.39542297 5.52632312 -4.72331563 3.90576585 -3.62538806 2.63014890 -3.11548693 
3.74752430 15.60427135 -11.42852098 9.38048778 -8.12996157 6.83025969 -6.39565791 5.52655853 -4.72354567 3.90598573 -3.62559390 2.63033771 -3.11565653 
3.61331543 14.45598749 -9.84385703 7.50571455 -6.08339964 4.70531993 -4.26792507 3.45527444 -2.75397011 2.07076126 -1.94811183 1.12544736 -1.79180595 
3.45122392 15.60806523 -11.43396186 9.38716101 -8.13749980 6.83834304 -6.40400335 5.53492152 -4.73171875 3.91379872 -3.63290849 2.63704772 -3.12168416 
3.46190002 15.60808566 -11.43399116 9.38719695 -8.13754041 6.83838660 -6.40404832 5.53496658 -4.73176280 3.91384083 -3.63294791 2.63708389 -3.12171666 
3.64862896 14.31861803 -9.66264884 7.30049193 -5.86873884 4.49146797 -4.06225652 3.26276296 -2.57773413 1.91239347 -1.80828508 1.00405980 -1.68833109 
3.66193221 14.49854418 -9.90035728 7.57009911 -6.15115069 4.77320591 -4.33357882 3.51706061 -2.81082710 2.12210520 -1.99365632 1.16515925 -1.82579956 
3.67741696 14.34641083 -9.69916712 7.34169317 -5.91167591 4.53409122 -4.10310717 3.30087236 -2.61250899 1.94354691 -1.83571116 1.02780394 -1.70851831 
3.83776333 15.60476401 -11.42922744 9.38135417 -8.13094017 6.83130896 -6.39674111 5.52764391 -4.72460633 3.90699959 -3.62654302 2.63120832 -3.11643855 
4.00119067 14.58120405 -10.01059097 7.69625495 -6.28445718 4.90731411 -4.46378204 3.64005485 -2.92441939 2.22503563 -2.08525833 1.24527575 -1.89458110 
4.02003388 14.81700540 -10.32861506 8.06417798 -6.67734939 5.30659354 -4.85526209 4.01339082 -3.27238855 2.54309632 -2.37066245 1.49684761 -2.11217517 
4.04133770 14.61325615 -10.05350944 7.74556483 -6.33675995 4.96012340 -4.51523472 3.68882456 -2.96960889 2.26611089 -2.12192075 1.27743029 -1.92225957 
4.18395060 15.60168021 -11.42480574 9.37593192 -8.12481611 6.82474310 -6.38996338 5.52085294 -4.71797048 3.90065693 -3.62060569 2.62576236 -3.11154695 
4.20609037 15.60186170 -11.42506595 9.37625099 -8.12517644 6.82512940 -6.39036212 5.52125242 -4.71836081 3.90102999 -3.62095489 2.62608264 -3.11183461 
4.10657919 14.87164742 -10.40306423 8.15115052 -6.77110235 5.40273330 -4.95034767 4.10483260 -3.35830537 2.62222839 -2.44218384 1.56032019 -2.16743102 
3.99059303 15.60550366 -11.43028812 9.38265501 -8.13240953 6.83288450 -6.39836764 5.52927378 -4.72619911 3.90852212 -3.62796836 2.63251580 -3.11761303 
4.00687508 15.60557602 -11.43039189 9.38278227 -8.13255329 6.83303865 -6.39852678 5.52943325 -4.72635495 3.90867110 -3.62810783 2.63264374 -3.11772795 
4.15718013 14.70113265 -10.17167821 7.88188532 -6.48192743 5.10725497 -4.65911558 3.82568914 -3.09686144 2.38215436 -2.22581761 1.36881794 -2.00114455 
4.29227715 15.60253136 -11.42602607 9.37742829 -8.12650605 6.82655485 -6.39183348 5.52272659 -4.71980123 3.90240671 -3.62224357 2.62726463 -3.11289624 
4.31325579 15.60268585 -11.42624758 9.37769991 -8.12681281 6.82688373 -6.39217297 5.52306673 -4.72013359 3.90272438 -3.62254094 2.62753737 -3.11314122 
4.21888511 14.93773968 -10.49349325 8.25721628 -6.88588248 5.52087531 -5.06761598 4.21799934 -3.46498973 2.72079912 -2.53154207 1.63984691 -2.23684950 
3.73499911 10.80225739 -5.61918790 3.26378187 -2.11356450 1.12935778 -1.13255634 0.75887322 -0.46932707 0.15285513 -0.35426457 -0.18734579 -0.72583231 
2.51741299 -4.76169710 -0.92273287 -0.28381851 -0.19941121 -0.25494123 -0.26331632 0.14973074 -0.10997845 -0.15953196 -0.15774223 -0.38778151 -0.58324551 
3.59241203 2.40153388 -0.43676280 0.07087164 -0.14226909 -0.16603277 -0.27555555 0.18478338 -0.09213270 -0.12679327 -0.14916232 -0.35954907 -0.59558182 
4.66299814 12.28592145 -7.18719702 4.69993872 -3.33630069 2.13196325 -1.93246104 1.38512459 -0.95302982 0.52583729 -0.64086689 0.03328337 -0.89360835 
4.43951403 7.89177435 -3.11669320 1.36967307 -0.76638006 0.18530858 -0.47932545 0.30891189 -0.16029585 -0.06811392 -0.19299832 -0.31104519 -0.63336942 
3.72530579 -13.23513833 -7.33698757 -4.89663177 -3.46278817 -2.59134563 -1.91615689 -1.05994906 -1.00729118 -0.83535962 -0.65717135 -0.75642226 -0.83483747 
5.28724474 6.95576404 -2.47184097 0.97512317 -0.53891396 0.05097635 -0.39912808 0.26002250 -0.13059028 -0.08951166 -0.17695378 -0.32527390 -0.62228582 
5.96383795 14.80893375 -10.31764156 8.05138543 -6.66358751 5.29250878 -4.84135799 4.00004383 -3.25986988 2.53158532 -2.36027490 1.48764272 -2.10417319 
5.77343015 11.90147592 -6.76175591 4.29313452 -2.97552039 1.82493438 -1.67889729 1.18016917 -0.79000824 0.39708176 -0.53995280 -0.04548422 -0.83292698 
4.94471108 10.45296743 -5.27891156 2.97586011 -1.88686708 0.95659434 -1.00404424 0.66472361 -0.40102920 0.10273169 -0.31723246 -0.21523010 -0.70509134 
3.98004227 11.48385949 -6.31481196 3.87929362 -2.61981845 1.53099759 -1.44287234 0.99441643 -0.64593930 0.28571451 -0.45426210 -0.11144324 -0.78277567 
3.48483099 15.60999040 -11.43672330 9.39054849 -8.14132701 6.84244765 -6.40824168 5.53916935 -4.73587069 3.91776822 -3.63662521 2.64045763 -3.12474762 
3.65947981 14.38532286 -9.75041820 7.39965001 -5.97221018 4.59431287 -4.16094528 3.35493868 -2.66194093 1.98791292 -1.87483753 1.06173346 -1.73741060 
3.96130506 14.59530632 -10.02946222 7.71792326 -6.30742702 4.93049317 -4.48635318 3.66143760 -2.94422223 2.24302675 -2.10130917 1.25934689 -1.90668842 
3.84632502 12.88785659 -7.88042543 5.38883410 -3.97071755 2.69151443 -2.41077935 1.78474519 -1.28106502 0.79226263 -0.85495194 0.20387781 -1.02762559 
3.34442911 14.06148095 -9.32824151 6.92690822 -5.48313021 4.11218108 -3.70196350 2.92952215 -2.27615275 1.64431527 -1.57401424 0.80263426 -1.51820416 
2.92387505 13.44106624 -8.54693027 6.08059024 -4.63534820 3.30185788 -2.95324788 2.25526787 -1.68139312 1.12818067 -1.13305539 0.43137657 -1.21085299 
2.37543127 12.39735712 -7.31303298 4.82261750 -3.44716916 2.22800113 -2.01313177 1.45139193 -1.00655015 0.56867495 -0.67483666 0.06004905 -0.91441154 
1.95707518 15.53456683 -11.32879200 9.25844186 -7.99238726 6.68303256 -6.24394771 5.37480629 -4.57549582 3.76468912 -3.49351346 2.50934814 -3.00711796 
2.26579194 12.76921847 -7.74116599 5.24790446 -3.83862960 2.57306725 -2.30791087 1.69749531 -1.20841420 0.73249875 -0.80637435 0.16478680 -0.99663111 
3.05321907 11.19628988 -6.01621878 3.61074554 -2.39545771 1.35044389 -1.30150488 0.88578343 -0.56355453 0.22319342 -0.40688325 -0.14754013 -0.75559591 
3.75883733 12.61779698 -7.56530211 5.07174347 -3.67516108 2.42786636 -2.18295841 1.59244426 -1.12167411 0.66168658 -0.74921454 0.11906644 -0.96058708 
4.03105228 15.60568132 -11.43054290 9.38296748 -8.13276250 6.83326298 -6.39875838 5.52966534 -4.72658176 3.90888791 -3.62831080 2.63282993 -3.11789521 
3.91438847 14.69930459 -10.16921252 7.87903259 -6.47888100 5.10415896 -4.65608005 3.82279435 -3.09416342 2.37968834 -2.22360491 1.36686765 -1.99945778 
3.47816834 12.11565270 -6.99711221 4.51665193 -3.17242674 1.99144184 -1.81556772 1.28999048 -0.87687048 0.46535022 -0.59322911 -0.00404223 -0.86475009 
2.63968276 9.75909097 -4.63537252 2.45613132 -1.49564860 0.67021160 -0.79877202 0.51933091 -0.29877790 0.02916763 -0.26356434 -0.25567494 -0.67506981 
1.86460098 15.52744448 -11.31862702 9.24603126 -7.97842884 6.66812640 -6.22861875 5.35950271 -4.56059302 3.75049073 -3.48026283 2.49722875 -2.99626148 
1.79232757 15.52142530 -11.31004013 9.23555160 -7.96664669 6.65554887 -6.21568898 5.34659862 -4.54803085 3.73852589 -3.46909979 2.48702143 -2.98712008 
2.12712379 12.50914033 -7.44040099 4.94786979 -3.56132375 2.32768007 -2.09750812 1.52121617 -1.06334021 0.61441348 -0.71130883 0.08891975 -0.93694898 
2.67868846 13.34794378 -8.43275454 5.96008627 -4.51767532 3.19211900 -2.85425790 2.16817989 -1.60628856 1.06437305 -1.07962138 0.38721394 -1.17493615 
3.12429908 13.87361511 -9.08785456 6.66252854 -5.21437236 3.85168128 -3.45801160 2.70698138 -2.07741860 1.46986606 -1.42336936 0.67454510 -1.41116618 
3.49944817 14.22846163 -9.54469039 7.16794959 -5.73116018 4.35541532 -3.93234370 3.14200086 -2.46791779 1.81433338 -1.72222367 0.92976775 -1.62534297 
3.98124954 12.96457247 -7.97116505 5.48133939 -4.05804315 2.77035874 -2.47970702 1.84357983 -1.33035352 0.83303301 -0.88825924 0.23080014 -1.04906208 
4.35609796 14.80065508 -10.30639306 8.03827947 -6.64949593 5.27809391 -4.82713501 3.98639721 -3.24707600 2.51982635 -2.34966792 1.47824701 -2.09600835 
4.59216272 14.91364173 -10.46047379 8.21843326 -6.84385660 5.47756278 -5.02457033 4.17640956 -3.42573730 2.68449254 -2.49859483 1.61049619 -2.21120576 
4.61784867 15.18705454 -10.83834224 8.66592596 -7.33264707 5.98518877 -5.53281710 4.67098677 -3.89573533 3.12206130 -2.89814539 1.96852109 -2.52576137 
4.33532253 13.73040136 -8.90682483 6.46575944 -5.01662786 3.66211654 -3.28238103 2.54841956 -1.93722855 1.34795978 -1.31902918 0.58655837 -1.33821979 
4.10187825 15.60597558 -11.43096490 9.38348505 -8.13334715 6.83388989 -6.39940561 5.53031391 -4.72721560 3.90949381 -3.62887805 2.63335029 -3.11836264 
3.74402476 10.82676540 -5.64347492 3.28466878 -2.13027038 1.14227187 -1.14229095 0.76609265 -0.47462361 0.15677344 -0.35717596 -0.18515001 -0.72746894 
3.15567052 15.60740376 -11.43301314 9.38599730 -8.13618513 6.83693319 -6.40254766 5.53346265 -4.73029291 3.91243561 -3.63163224 2.63587689 -3.12063234 
2.74527078 10.08665171 -4.93380209 2.69302847 -1.67097228 0.79660366 -0.88808596 0.58177215 -0.34216358 0.06015834 -0.28608123 -0.23867207 -0.68769362 
2.02372950 15.53932451 -11.33558477 9.26673826 -8.00172161 6.69300396 -6.25420516 5.38504984 -4.58547394 3.77419817 -3.50239001 2.51746880 -3.01439404 
