9.71609144 -1.86226750 -0.18329631 -0.05876439 -0.13013828 -0.21113160 -0.25552685 0.16523607 -0.09644956 -0.14340436 -0.14860843 -0.37642084 -0.58534296 
5.10021548 7.61970048 -2.92125719 1.24554100 -0.69227334 0.14048944 -0.45209156 0.29211329 -0.14993816 -0.07546584 -0.18754425 -0.31572686 -0.62974587 
3.27386674 1.27945757 -0.21534568 0.01344777 -0.12894784 -0.18016278 -0.26707522 0.17851713 -0.09148630 -0.13118860 -0.14747191 -0.36456429 -0.59204404 
2.22828973 -2.71590416 -0.32428358 -0.09397882 -0.13873564 -0.22029014 -0.25530160 0.16159913 -0.09935596 -0.14737794 -0.15038359 -0.37951980 -0.58426225 
3.76945206 9.00339225 -3.98340781 1.96445411 -1.14924606 0.43088989 -0.63598956 0.40928463 -0.22462379 -0.02308252 -0.22578827 -0.28461295 -0.65346754 
4.24127516 15.59606470 -11.41675619 9.36606352 -8.11367319 6.81279914 -6.37763682 5.50850492 -4.70590699 3.88912868 -3.60981612 2.61586740 -3.10266064 
4.03347710 13.29969364 -8.37391231 5.89830331 -4.45764809 3.13640963 -2.80424079 2.12437592 -1.56867665 1.03254786 -1.05307083 0.36534566 -1.15720937 
3.45457801 12.13072785 -7.01383526 4.53267836 -3.18667012 2.00358643 -1.82561530 1.29812519 -0.88335047 0.47047445 -0.59724941 -0.00090189 -0.86717102 
3.25634850 13.95966115 -9.19754505 6.78273142 -5.33613422 3.96929987 -3.56779345 2.80680559 -2.16628671 1.54764552 -1.49034858 0.73134755 -1.45851485 
4.27402747 9.16380928 -4.11755012 2.06263363 -1.21641754 0.47613420 -0.66606982 0.42921746 -0.23780886 -0.01384895 -0.23245999 -0.27943521 -0.65735261 
4.83493267 14.99034663 -10.56576785 8.34232205 -6.97833092 5.61637839 -5.16274629 4.31011340 -3.55210961 2.80154117 -2.60495174 1.70535963 -2.29418501 
4.70061420 13.10458817 -8.13817384 5.65298534 -4.22136787 2.91894193 -2.61055771 1.95606214 -1.42522562 0.91199750 -0.95313872 0.28350911 -1.09123375 
4.29607168 15.01510036 -10.59986689 8.38257727 -7.02216697 5.66176969 -5.20806329 4.35408963 -3.59378889 2.84024601 -2.64020805 1.73687917 -2.32181692 
4.07553822 14.85242950 -10.37684768 8.12048782 -6.73801142 5.36876279 -4.91671414 4.07245501 -3.32785432 2.59415607 -2.41678914 1.53776470 -2.14777994 
3.81895469 14.62728246 -10.07232165 7.76721241 -6.35975635 4.98337641 -4.53792244 3.71035862 -2.98958833 2.28429395 -2.13816953 1.29169706 -1.93455339 
3.36046296 11.85834883 -6.71486816 4.24906214 -2.93708429 1.79273925 -1.65271085 1.15930898 -0.77364421 0.38431121 -0.53004746 -0.05315313 -0.82706407 
2.67393194 13.04866160 -8.07124855 5.58398664 -4.15551417 2.85885825 -2.55749644 1.91032656 -1.38655101 0.87973169 -0.92657066 0.26188315 -1.07389940 
2.34274816 15.58681642 -11.40350556 9.34982608 -8.09534653 6.79316297 -6.35737948 5.48821980 -4.68609623 3.87020310 -3.59210871 2.59963291 -3.08808502 
2.90787192 10.81398915 -5.63080714 3.27376890 -2.12154808 1.13552625 -1.13720397 0.76231854 -0.47185372 0.15472376 -0.35565271 -0.18629893 -0.72661252 
3.27410996 15.60999040 -11.43672330 9.39054849 -8.14132701 6.84244765 -6.40824168 5.53916935 -4.73587069 3.91776822 -3.63662521 2.64045763 -3.12474762 
3.46797379 14.19578562 -9.50212730 7.12032830 -5.68193489 4.30693080 -3.88622705 3.09929379 -2.42922252 1.77989918 -1.69210125 0.90384421 -1.60342813 
3.47279361 14.26334019 -9.59023362 7.21902521 -5.78407720 4.40765095 -3.98213458 3.18820597 -2.50986604 1.85173277 -1.75499849 0.95802126 -1.64926580 
3.28577180 15.60999040 -11.43672330 9.39054849 -8.14132701 6.84244765 -6.40824168 5.53916935 -4.73587069 3.91776822 -3.63662521 2.64045763 -3.12474762 
3.28577180 15.60999040 -11.43672330 9.39054849 -8.14132701 6.84244765 -6.40824168 5.53916935 -4.73587069 3.91776822 -3.63662521 2.64045763 -3.12474762 
3.28577180 15.60999040 -11.43672330 9.39054849 -8.14132701 6.84244765 -6.40824168 5.53916935 -4.73587069 3.91776822 -3.63662521 2.64045763 -3.12474762 
3.28577180 15.60999040 -11.43672330 9.39054849 -8.14132701 6.84244765 -6.40824168 5.53916935 -4.73587069 3.91776822 -3.63662521 2.64045763 -3.12474762 
3.28577180 15.60999040 -11.43672330 9.39054849 -8.14132701 6.84244765 -6.40824168 5.53916935 -4.73587069 3.91776822 -3.63662521 2.64045763 -3.12474762 
3.09337623 13.75730916 -8.94069136 6.50241738 -5.05331779 3.69715120 -3.31471696 2.57750526 -1.96285273 1.37016747 -1.33797683 0.60248945 -1.35139052 
3.08632453 13.82624603 -9.02776513 6.59699183 -5.14829206 3.78813278 -3.39895281 2.65350353 -2.03000165 1.42852270 -1.38789408 0.64455999 -1.38625116 
3.27410996 15.60999040 -11.43672330 9.39054849 -8.14132701 6.84244765 -6.40824168 5.53916935 -4.73587069 3.91776822 -3.63662521 2.64045763 -3.12474762 
3.08060703 13.74066377 -8.91973326 6.47972350 -5.03059597 3.67544702 -3.29467798 2.55947468 -1.94696306 1.35639237 -1.32622067 0.59260243 -1.34321462 
2.83318960 15.60642053 -11.43160301 9.38426770 -8.13423125 6.83483793 -6.40038439 5.53129475 -4.72817416 3.91041014 -3.62973593 2.63413726 -3.11906958 
2.57784205 12.88395294 -7.87582268 5.38415599 -3.96631445 2.68755020 -2.40732319 1.78180288 -1.27860632 0.79023354 -0.85329778 0.20254324 -1.02656485 
2.54962597 13.14519020 -8.18694173 5.70344466 -4.26969603 2.96318329 -2.64975485 1.98995323 -1.45397021 0.93604482 -0.97298996 0.29970450 -1.10424336 
2.77399990 15.60620312 -11.43129121 9.38388527 -8.13379925 6.83437468 -6.39990611 5.53081547 -4.72770576 3.90996237 -3.62931672 2.63375270 -3.11872413 
2.75892466 15.60614566 -11.43120881 9.38378421 -8.13368508 6.83425226 -6.39977973 5.53068881 -4.72758199 3.90984405 -3.62920595 2.63365108 -3.11863284 
2.74373493 15.60608689 -11.43112452 9.38368083 -8.13356830 6.83412704 -6.39965044 5.53055926 -4.72745537 3.90972302 -3.62909263 2.63354714 -3.11853946 
2.47700679 12.70241621 -7.66332128 5.16967773 -3.76581218 2.50819534 -2.25192608 1.65029855 -1.16934253 0.70052685 -0.78051163 0.14406204 -0.98026423 
2.44715830 12.97438937 -7.98281560 5.49325521 -4.06932737 2.78057774 -2.48866678 1.85124907 -1.33679565 0.83837484 -0.89263306 0.23434254 -1.05188798 
2.42466225 12.60457007 -7.55003995 5.05655148 -3.66115021 2.41549396 -2.17237150 1.58359191 -1.11440276 0.65577830 -0.74446567 0.11528192 -0.95761391 
2.39392668 12.88211432 -7.87365526 5.38195357 -3.96424194 2.68568464 -2.40569704 1.78041876 -1.27744991 0.78927935 -0.85252002 0.20191583 -1.02606624 
2.63404856 15.60563499 -11.43047646 9.38288599 -8.13267045 6.83316428 -6.39865648 5.52956322 -4.72648197 3.90879251 -3.62822150 2.63274801 -3.11782162 
2.61787623 15.60556408 -11.43037477 9.38276128 -8.13252957 6.83301322 -6.39850052 5.52940694 -4.72632924 3.90864652 -3.62808482 2.63262263 -3.11770899 
2.60157206 15.60549142 -11.43027057 9.38263349 -8.13238523 6.83285844 -6.39834073 5.52924682 -4.72617276 3.90849694 -3.62794479 2.63249418 -3.11759360 
2.58513389 15.60541697 -11.43016380 9.38250254 -8.13223731 6.83269982 -6.39817698 5.52908273 -4.72601240 3.90834365 -3.62780128 2.63236253 -3.11747535 
2.56855949 15.60534065 -11.43005435 9.38236830 -8.13208568 6.83253724 -6.39800914 5.52891454 -4.72584804 3.90818653 -3.62765419 2.63222761 -3.11735414 
2.55184660 15.60526240 -11.42994214 9.38223069 -8.13193024 6.83237056 -6.39783706 5.52874211 -4.72567953 3.90802545 -3.62750339 2.63208928 -3.11722989 
2.53499286 15.60518216 -11.42982708 9.38208957 -8.13177084 6.83219965 -6.39766061 5.52856530 -4.72550674 3.90786028 -3.62734876 2.63194744 -3.11710247 
2.51799590 15.60509987 -11.42970907 9.38194484 -8.13160735 6.83202435 -6.39747964 5.52838395 -4.72532952 3.90769088 -3.62719018 2.63180196 -3.11697180 
2.50085325 15.60501544 -11.42958800 9.38179636 -8.13143964 6.83184452 -6.39729398 5.52819792 -4.72514772 3.90751710 -3.62702749 2.63165273 -3.11683775 
2.48356240 15.60492881 -11.42946377 9.38164400 -8.13126754 6.83165999 -6.39710349 5.52800704 -4.72496118 3.90733879 -3.62686056 2.63149960 -3.11670020 
2.46612076 15.60483990 -11.42933627 9.38148764 -8.13109092 6.83147061 -6.39690798 5.52781113 -4.72476974 3.90715579 -3.62668924 2.63134245 -3.11655904 
2.44852568 15.60474863 -11.42920539 9.38132712 -8.13090962 6.83127621 -6.39670729 5.52761003 -4.72457321 3.90696794 -3.62651338 2.63118114 -3.11641413 
2.43077444 15.60465491 -11.42907099 9.38116231 -8.13072345 6.83107659 -6.39650122 5.52740354 -4.72437143 3.90677505 -3.62633282 2.63101550 -3.11626535 
2.41286423 15.60455865 -11.42893297 9.38099303 -8.13053225 6.83087159 -6.39628958 5.52719148 -4.72416419 3.90657696 -3.62614737 2.63084540 -3.11611256 
2.39479219 15.60445977 -11.42879118 9.38081914 -8.13033584 6.83066099 -6.39607218 5.52697363 -4.72395131 3.90637348 -3.62595688 2.63067066 -3.11595560 
2.37655536 15.60435817 -11.42864548 9.38064046 -8.13013402 6.83044460 -6.39584879 5.52674979 -4.72373258 3.90616439 -3.62576115 2.63049112 -3.11579433 
2.66137459 13.22363241 -8.28159167 5.80181023 -4.36431379 3.05015747 -2.72712073 2.05710436 -1.51113512 0.98403149 -1.01272863 0.33221704 -1.13043115 
2.65452451 13.11442970 -8.14998071 5.66518776 -4.23304189 2.92961736 -2.62000619 1.96422345 -1.43214098 0.91777770 -0.95790642 0.28739593 -1.09435383 
2.33957512 15.60414638 -11.42834179 9.38026803 -8.12971336 6.82999357 -6.39538318 5.52628325 -4.72327667 3.90572861 -3.62535320 2.63011691 -3.11545820 
2.32082540 15.60403598 -11.42818349 9.38007390 -8.12949409 6.82975846 -6.39514048 5.52604006 -4.72303903 3.90550146 -3.62514056 2.62992187 -3.11528300 
2.61354555 13.14695510 -8.18906503 5.70564506 -4.27180672 2.96511833 -2.65147169 1.99143969 -1.45523259 0.93710219 -0.97386380 0.30041812 -1.10481715 
2.84529022 15.60999040 -11.43672330 9.39054849 -8.14132701 6.84244765 -6.40824168 5.53916935 -4.73587069 3.91776822 -3.63662521 2.64045763 -3.12474762 
2.60655870 13.03482140 -8.05473102 5.56700160 -4.13934442 2.84414103 -2.54452982 1.89917541 -1.37714192 0.87189745 -0.92013173 0.25665059 -1.06971179 
2.59734948 13.12056122 -8.15734121 5.67279937 -4.24032810 2.93628400 -2.62590979 1.96932543 -1.43646621 0.92139458 -0.96089101 0.28983001 -1.09630844 
2.37153150 8.96262868 -3.94968584 1.94002223 -1.13269383 0.41983255 -0.62869125 0.40447814 -0.22146253 -0.02529375 -0.22418973 -0.28586003 -0.65252992 
1.93212477 11.97261769 -6.83947030 4.36651797 -3.03980559 1.87900795 -1.72305596 1.21548076 -0.81780910 0.41884472 -0.55687787 -0.03235405 -0.84298411 
2.54797395 13.03873956 -8.05940533 5.57180644 -4.14391697 2.84830140 -2.54819409 1.90232563 -1.37979918 0.87410933 -0.92194919 0.25812719 -1.07089325 
2.54079667 12.92249273 -7.92132602 5.43046461 -4.00995626 2.72688985 -2.44166123 1.81106873 -1.30308833 0.81045784 -0.86980000 0.21586774 -1.03716349 
2.53124597 13.01055137 -8.02580871 5.53730290 -4.11111047 2.81847735 -2.52194776 1.87977906 -1.36079506 0.85830141 -0.90896837 0.24758684 -1.06246423 
2.77148110 15.60999040 -11.43672330 9.39054849 -8.14132701 6.84244765 -6.40824168 5.53916935 -4.73587069 3.91776822 -3.63662521 2.64045763 -3.12474762 
2.52401959 12.89323743 -7.88677223 5.39528706 -3.97679323 2.69698631 -2.41555143 1.78880901 -1.28446186 0.79506669 -0.85723842 0.20572291 -1.02909242 
2.18441214 15.60316760 -11.42693833 9.37854695 -8.12776946 6.82790938 -6.39323169 5.52412751 -4.72117013 3.90371510 -3.62346833 2.62838801 -3.11390526 
2.16414222 15.60302820 -11.42673845 9.37830184 -8.12749264 6.82761259 -6.39292532 5.52382054 -4.72087017 3.90342841 -3.62319996 2.62814185 -3.11368416 
2.14366476 15.60288449 -11.42653239 9.37804916 -8.12720725 6.82730662 -6.39260949 5.52350409 -4.72056096 3.90313286 -3.62292330 2.62788809 -3.11345623 
2.46292750 12.89293329 -7.88641342 5.39492218 -3.97644962 2.69667679 -2.41528145 1.78857906 -1.28426962 0.79490798 -0.85710899 0.20561845 -1.02900936 
2.45549839 12.77118478 -7.74346354 5.25021930 -3.84078986 2.57499645 -2.30957967 1.69890530 -1.20958396 0.73345780 -0.80715151 0.16541052 -0.99712439 
2.44548452 12.86225342 -7.85026251 5.35820238 -3.94190952 2.66559747 -2.38820056 1.76553690 -1.26502477 0.77903319 -0.84417309 0.19518582 -1.02072026 
2.43800310 12.73935279 -7.70631287 5.21283124 -3.80593708 2.54390418 -2.28271149 1.67622600 -1.19078628 0.71805907 -0.79468279 0.15541026 -0.98922048 
2.08094356 15.60242563 -11.42587448 9.37724240 -8.12629610 6.82632977 -6.39160115 5.52249381 -4.71957378 3.90218932 -3.62204008 2.62707798 -3.11272860 
2.05959165 15.60226277 -11.42564098 9.37695608 -8.12597274 6.82598309 -6.39124330 5.52213528 -4.71922345 3.90185448 -3.62172665 2.62679050 -3.11247039 
2.03800934 15.60209460 -11.42539986 9.37666042 -8.12563884 6.82562512 -6.39087380 5.52176507 -4.71886172 3.90150875 -3.62140303 2.62649367 -3.11220379 
2.37418444 12.73404935 -7.70013234 5.20661998 -3.80015497 2.53875270 -2.27826551 1.67247772 -1.18768314 0.71551971 -0.79262859 0.15376411 -0.98792044 
2.63134598 15.60999040 -11.43672330 9.39054849 -8.14132701 6.84244765 -6.40824168 5.53916935 -4.73587069 3.91776822 -3.63662521 2.64045763 -3.12474762 
2.63134598 15.60999040 -11.43672330 9.39054849 -8.14132701 6.84244765 -6.40824168 5.53916935 -4.73587069 3.91776822 -3.63662521 2.64045763 -3.12474762 
2.36648699 12.60635373 -7.55209713 5.05859831 -3.66303710 2.41715952 -2.17379614 1.58478269 -1.11538052 0.65657251 -0.74510384 0.11579037 -0.95801326 
2.35596414 12.70055804 -7.66116182 5.16751333 -3.76380258 2.50640937 -2.25038838 1.64900516 -1.16827410 0.69965428 -0.77980704 0.14349830 -0.97981967 
2.34821092 12.57161478 -7.51208347 5.01883630 -3.62642717 2.38488174 -2.14621832 1.56175680 -1.09649322 0.64124491 -0.73279790 0.10599283 -0.95032318 
2.33758019 12.66646136 -7.62159257 5.12790788 -3.72707882 2.47381355 -2.22235831 1.62545600 -1.14884286 0.68380100 -0.76701752 0.13327348 -0.97176270 
2.32977048 12.53624993 -7.47146237 4.97857908 -3.58945845 2.35236876 -2.11850621 1.53867205 -1.07759921 0.62594205 -0.72053364 0.09624326 -0.94268170 
1.94927293 15.60136393 -11.42435230 9.37537593 -8.12418821 6.82406997 -6.38926860 5.52015685 -4.71729034 3.90000690 -3.61999725 2.62520431 -3.11104573 
2.30030971 12.59638934 -7.54060845 5.04717105 -3.65250599 2.40786642 -2.16584949 1.57814230 -1.10992944 0.65214573 -0.74154752 0.11295744 -0.95578857 
2.56576633 15.60999040 -11.43672330 9.39054849 -8.14132701 6.84244765 -6.40824168 5.53916935 -4.73587069 3.91776822 -3.63662521 2.64045763 -3.12474762 
2.56576633 15.60999040 -11.43672330 9.39054849 -8.14132701 6.84244765 -6.40824168 5.53916935 -4.73587069 3.91776822 -3.63662521 2.64045763 -3.12474762 
2.29238481 12.46357798 -7.38834844 4.89655113 -3.51443574 2.28664144 -2.06269114 1.49234164 -1.03980743 0.59542561 -0.69614304 0.07689832 -0.92755251 
2.28141718 12.56038142 -7.49916810 5.00602476 -3.61465154 2.37451652 -2.13737634 1.55438542 -1.09045547 0.63635144 -0.72887371 0.10287165 -0.94787567 
2.54902983 15.60999040 -11.43672330 9.39054849 -8.14132701 6.84244765 -6.40824168 5.53916935 -4.73587069 3.91776822 -3.63662521 2.64045763 -3.12474762 
2.54902983 15.60999040 -11.43672330 9.39054849 -8.14132701 6.84244765 -6.40824168 5.53916935 -4.73587069 3.91776822 -3.63662521 2.64045763 -3.12474762 
2.82616404 13.38375625 -8.47656831 6.00623151 -4.56264410 3.23397333 -2.89194054 2.20127055 -1.63477517 1.08853479 -1.09982372 0.40388740 -1.18847816 
2.83253978 13.48293372 -8.59852562 6.13531366 -4.68904287 3.35216277 -2.99882782 2.29554026 -1.71626773 1.15792356 -1.15805223 0.45210392 -1.22776299 
2.29238481 12.46357798 -7.38834844 4.89655113 -3.51443574 2.28664144 -2.06269114 1.49234164 -1.03980743 0.59542561 -0.69614304 0.07689832 -0.92755251 
2.28141718 12.56038142 -7.49916810 5.00602476 -3.61465154 2.37451652 -2.13737634 1.55438542 -1.09045547 0.63635144 -0.72887371 0.10287165 -0.94787567 
2.54902983 15.60999040 -11.43672330 9.39054849 -8.14132701 6.84244765 -6.40824168 5.53916935 -4.73587069 3.91776822 -3.63662521 2.64045763 -3.12474762 
2.82616404 13.38375625 -8.47656831 6.00623151 -4.56264410 3.23397333 -2.89194054 2.20127055 -1.63477517 1.08853479 -1.09982372 0.40388740 -1.18847816 
2.83253978 13.48293372 -8.59852562 6.13531366 -4.68904287 3.35216277 -2.99882782 2.29554026 -1.71626773 1.15792356 -1.15805223 0.45210392 -1.22776299 
2.56576633 15.60999040 -11.43672330 9.39054849 -8.14132701 6.84244765 -6.40824168 5.53916935 -4.73587069 3.91776822 -3.63662521 2.64045763 -3.12474762 
2.56576633 15.60999040 -11.43672330 9.39054849 -8.14132701 6.84244765 -6.40824168 5.53916935 -4.73587069 3.91776822 -3.63662521 2.64045763 -3.12474762 
2.56576633 15.60999040 -11.43672330 9.39054849 -8.14132701 6.84244765 -6.40824168 5.53916935 -4.73587069 3.91776822 -3.63662521 2.64045763 -3.12474762 
2.84063518 13.40538224 -8.50308365 6.03421649 -4.58997152 3.25945807 -2.91492884 2.22149462 -1.65221613 1.10335211 -1.11223188 0.41414242 -1.19681826 
2.84697204 13.50374673 -8.62423514 6.16264406 -4.71591913 3.37739600 -3.02173825 2.31582333 -1.73386595 1.17295908 -1.17070969 0.46261554 -1.23635122 
2.85500391 13.42669259 -8.52925447 6.06188117 -4.61702752 3.28472668 -2.93775459 2.24160328 -1.66958047 1.11812244 -1.12461486 0.42438732 -1.20515845 
3.07549181 15.60718802 -11.43270372 9.38561777 -8.13575637 6.83647340 -6.40207294 5.53298690 -4.72982794 3.91199110 -3.63121607 2.63549510 -3.12028936 
2.87553204 13.54446384 -8.67464797 6.21635497 -4.76885282 3.42719772 -3.06704735 2.35601515 -1.76880349 1.20286150 -1.19592417 0.48358705 -1.25351020 
2.88343974 13.46839162 -8.58058621 6.11626774 -4.67033689 3.33462144 -2.98291979 2.28147243 -1.70407525 1.14751710 -1.14929998 0.44484174 -1.22183452 
2.88966258 13.56438004 -8.69936289 6.24274466 -4.79491640 3.45176960 -3.08944717 2.37592338 -1.78614121 1.21772619 -1.20847876 0.49404455 -1.26207872 
2.89750959 13.48879247 -8.60575864 6.14299852 -4.69659602 3.35925056 -3.00525998 2.30123207 -1.72120385 1.16213907 -1.16159958 0.45504880 -1.23016818 
3.11387213 15.60729345 -11.43285493 9.38580323 -8.13596589 6.83669808 -6.40230492 5.53321939 -4.73005516 3.91220831 -3.63141944 2.63568167 -3.12045696 
3.12650362 15.60732727 -11.43290344 9.38586274 -8.13603311 6.83677017 -6.40237935 5.53329397 -4.73012805 3.91227800 -3.63148469 2.63574152 -3.12051073 
3.13905584 15.60736046 -11.43295104 9.38592113 -8.13609908 6.83684091 -6.40245238 5.53336717 -4.73019959 3.91234639 -3.63154872 2.63580026 -3.12056350 
3.15152977 15.60739304 -11.43299776 9.38597843 -8.13616382 6.83691033 -6.40252406 5.53343900 -4.73026980 3.91241351 -3.63161156 2.63585791 -3.12061529 
3.16392639 15.60742501 -11.43304362 9.38603468 -8.13622736 6.83697847 -6.40259442 5.53350951 -4.73033871 3.91247939 -3.63167324 2.63591450 -3.12066612 
3.17624664 15.60745640 -11.43308864 9.38608990 -8.13628974 6.83704537 -6.40266349 5.53357873 -4.73040636 3.91254406 -3.63173379 2.63597005 -3.12071603 
2.98590971 13.69606282 -8.86370410 6.41918684 -4.97011430 3.61779265 -3.24155290 2.51176606 -1.90499716 1.32007444 -1.29527631 0.56661735 -1.32175782 
2.99335627 13.62375354 -8.77326138 6.32187733 -4.87329034 3.52585675 -3.15716165 2.43625787 -1.83881318 1.26298775 -1.24678777 0.52601709 -1.28832507 
2.99929336 13.71383333 -8.88600573 6.44325942 -4.99414241 3.64067685 -3.26262084 2.53066991 -1.92161194 1.33444209 -1.30750929 0.57688295 -1.33022906 
3.24655349 11.52364990 -6.35671608 3.91749437 -2.65215507 1.55733860 -1.46373498 1.01062225 -0.65835411 0.29521290 -0.46150762 -0.10589992 -0.78696630 
3.41705753 14.27047432 -9.59956327 7.22950347 -5.79494866 4.41839709 -3.99239135 3.19773630 -2.51852903 1.85946537 -1.76178243 0.96387543 -1.65422756 
3.23673457 15.60760502 -11.43330179 9.38635136 -8.13658511 6.83736213 -6.40299054 5.53390649 -4.73072670 3.91285031 -3.63202051 2.63623308 -3.12095233 
3.24861569 15.60763317 -11.43334217 9.38640088 -8.13664106 6.83742213 -6.40305249 5.53396858 -4.73078738 3.91290832 -3.63207483 2.63628291 -3.12099709 
3.26042664 15.60766083 -11.43338184 9.38644954 -8.13669603 6.83748107 -6.40311336 5.53402957 -4.73084700 3.91296531 -3.63212819 2.63633186 -3.12104107 
3.27216826 15.60768800 -11.43342081 9.38649735 -8.13675004 6.83753899 -6.40317316 5.53408950 -4.73090557 3.91302130 -3.63218061 2.63637996 -3.12108427 
3.09057932 13.83160363 -9.03455091 6.60438169 -5.15573234 3.79527795 -3.40558412 2.65950027 -2.03531199 1.43314729 -1.39185780 0.64790677 -1.38902925 
3.09761479 13.76280847 -8.94762120 6.50992710 -5.06084257 3.70434430 -3.32136298 2.58348935 -1.96812982 1.37474517 -1.34188592 0.60577883 -1.35411204 
3.48773382 14.15405535 -9.44791671 7.05983256 -5.61955942 4.24564313 -3.82806982 3.04555915 -2.38064255 1.73675851 -1.65443682 0.87148973 -1.57612506 
3.66267449 15.60376590 -11.42779622 9.37959898 -8.12895768 6.82918333 -6.39454677 5.52544517 -4.72245771 3.90494581 -3.62462040 2.62944474 -3.11485443 
3.52273090 14.37314733 -9.73436640 7.38148122 -5.95321638 4.57540087 -4.14276663 3.33793178 -2.64637971 1.97393618 -1.86250284 1.05103008 -1.72829055 
3.53940690 14.20864446 -9.51886494 7.13904210 -5.70126599 4.32595866 -3.90431425 3.11603353 -2.44438086 1.79338082 -1.70388854 0.91398341 -1.61199540 
3.55338096 14.40170159 -9.77203347 7.42414010 -5.99783688 4.61985271 -4.18551671 3.37794616 -2.68301018 2.00685177 -1.89156386 1.07625788 -1.74979479 
3.38594208 15.60793544 -11.43377571 9.38693267 -8.13724183 6.83806640 -6.40371771 5.53463524 -4.73143896 3.91353123 -3.63265804 2.63681796 -3.12147775 
3.39697144 15.60795796 -11.43380801 9.38697230 -8.13728660 6.83811441 -6.40376728 5.53468493 -4.73148752 3.91357765 -3.63270151 2.63685783 -3.12151357 
3.58978838 14.26027337 -9.58622447 7.21452407 -5.77940876 4.40303786 -3.97773298 3.18411739 -2.50615067 1.84841737 -1.75209061 0.95551256 -1.64714003 
3.75673363 15.60432368 -11.42859602 9.38057981 -8.13006551 6.83037115 -6.39577296 5.52667381 -4.72365833 3.90609342 -3.62569471 2.63043018 -3.11573958 
3.62313322 14.46468716 -9.85539315 7.51884521 -6.09720126 4.71913400 -4.28127083 3.46782122 -2.76550459 2.08116762 -1.95733460 1.13348233 -1.79867845 
3.63894078 14.30915430 -9.65023066 7.28649936 -5.85417505 4.47702808 -4.04843335 3.24988200 -2.56599308 1.90188600 -1.79904385 0.99606657 -1.68154125 
3.65230239 14.49021843 -9.88929012 7.55747279 -6.13784904 4.75986318 -4.32066115 3.50489144 -2.79961772 2.11197327 -1.98466085 1.15730924 -1.81907455 
3.66786661 14.33724487 -9.68711546 7.32808730 -5.89748793 4.51999846 -4.08959260 3.28825756 -2.60099171 1.93322372 -1.82661866 1.01992849 -1.70181969 
3.82892045 15.60471766 -11.42916099 9.38127267 -8.13084811 6.83121026 -6.39663920 5.52754181 -4.72450655 3.90690421 -3.62645373 2.63112641 -3.11636498 
3.99306415 14.57461359 -10.00177829 7.68614319 -6.27374538 4.89651185 -4.45326979 3.63010220 -2.91520758 2.21667127 -2.07780002 1.23874063 -1.88896074 
4.13892199 15.60129851 -11.42425851 9.37526094 -8.12405835 6.82393075 -6.38912490 5.52001288 -4.71714968 3.89987246 -3.61987141 2.62508889 -3.11094207 
4.03604949 14.82736818 -10.34271243 8.08062237 -6.69505041 5.32472023 -4.87316618 4.03058671 -3.28852553 2.55794160 -2.38406504 1.50872946 -2.12250854 
4.05717465 14.62567038 -10.07015857 7.76472226 -6.35710996 4.98069944 -4.53530955 3.70787769 -2.98728569 2.28219764 -2.13629563 1.29005124 -1.93313477 
4.07553822 14.85242950 -10.37684768 8.12048782 -6.73801142 5.36876279 -4.91671414 4.07245501 -3.32785432 2.59415607 -2.41678914 1.53776470 -2.14777994 
4.09622951 14.65573749 -10.11054316 7.81125811 -6.40661197 5.03081864 -4.58427160 3.75440631 -3.03050559 2.32157500 -2.17152105 1.32101046 -1.95983782 
4.23523392 15.60209460 -11.42539986 9.37666042 -8.12563884 6.82562512 -6.39087380 5.52176507 -4.71886172 3.90150875 -3.62140303 2.62649367 -3.11220379 
4.25681623 15.60226277 -11.42564098 9.37695608 -8.12597274 6.82598309 -6.39124330 5.52213528 -4.71922345 3.90185448 -3.62172665 2.62679050 -3.11247039 
4.27816814 15.60242563 -11.42587448 9.37724240 -8.12629610 6.82632977 -6.39160115 5.52249381 -4.71957378 3.90218932 -3.62204008 2.62707798 -3.11272860 
4.29929451 15.60258339 -11.42610068 9.37751978 -8.12660937 6.82666562 -6.39194783 5.52284115 -4.71991318 3.90251371 -3.62234373 2.62735649 -3.11297875 
4.20426925 14.92943650 -10.48210985 8.24383891 -6.87137923 5.50592079 -5.05274667 4.20362646 -3.45141875 2.70824149 -2.52014194 1.62968751 -2.22797014 
4.22360927 14.74853893 -10.23573062 7.95611499 -6.56132528 5.18806981 -4.73847052 3.90147453 -3.16759379 2.44688985 -2.28397633 1.42013998 -2.04558209 
4.24061117 14.94992096 -10.51020525 8.27686894 -6.90720315 5.54287317 -5.08950178 4.23916680 -3.48498741 2.73931338 -2.54835825 1.65484003 -2.24995948 
4.13256894 15.60609678 -11.43113870 9.38369822 -8.13358795 6.83414811 -6.39967219 5.53058106 -4.72747668 3.90974338 -3.62911170 2.63356462 -3.11855518 
4.14773947 15.60615533 -11.43122267 9.38380121 -8.13370429 6.83427286 -6.39980099 5.53071012 -4.72760281 3.90986396 -3.62922458 2.63366818 -3.11864820 
4.16279579 15.60621257 -11.43130476 9.38390189 -8.13381802 6.83439482 -6.39992690 5.53083630 -4.72772612 3.90998184 -3.62933494 2.63376942 -3.11873914 
4.17773961 15.60626854 -11.43138503 9.38400034 -8.13392923 6.83451407 -6.40005002 5.53095968 -4.72784670 3.91009710 -3.62944286 2.63386841 -3.11882807 
4.19257260 15.60632327 -11.43146353 9.38409662 -8.13403799 6.83463069 -6.40017043 5.53108034 -4.72796462 3.91020983 -3.62954839 2.63396522 -3.11891504 
3.84942494 11.10585622 -5.92386067 3.52899311 -2.32821012 1.29710185 -1.26030778 0.85453103 -0.54013790 0.20559208 -0.39364627 -0.15757987 -0.74806919 
3.10885521 13.69993706 -8.86856368 6.42442970 -4.97534492 3.62277193 -3.24613491 2.51587560 -1.90860755 1.32319529 -1.29793249 0.56884558 -1.32359596 
3.08779746 13.90587148 -9.12889325 6.70741437 -5.25975555 3.89544151 -3.49878492 2.74399373 -2.11031497 1.49861350 -1.44808906 0.69548053 -1.42859464 
3.45867628 14.24905656 -9.57156866 7.19807793 -5.76235960 4.38619864 -3.96167301 3.16920605 -2.49260614 1.83633574 -1.74149805 0.94637730 -1.63940182 
2.95557975 3.03729233 -0.61128436 0.12278096 -0.15704381 -0.15561893 -0.28190335 0.18915160 -0.09327632 -0.12402316 -0.15070106 -0.35637114 -0.59793049 
4.98829844 -1.35964538 -0.13020960 -0.04507716 -0.12733166 -0.20619779 -0.25629235 0.16725711 -0.09506166 -0.14126104 -0.14786847 -0.37461713 -0.58613002 
6.11714500 11.93170709 -6.79472390 4.32421423 -3.00270323 1.84776483 -1.69751468 1.19503616 -0.80169783 0.40622236 -0.54705462 -0.03997880 -0.83714097 
6.13955552 12.31782434 -7.22310678 4.73483892 -3.36774541 2.15912340 -1.95521210 1.40376396 -0.96804574 0.53782916 -0.65035738 0.04074889 -0.89940180 
5.11014286 4.20872296 -1.02586541 0.26874369 -0.20675093 -0.12750676 -0.29837293 0.19979991 -0.09744219 -0.11789412 -0.15489679 -0.34962613 -0.60308456 
2.35425433 6.26683891 -2.04669765 0.73984860 -0.41570894 -0.01750541 -0.35992931 0.23669779 -0.11700647 -0.09991037 -0.16891902 -0.33313489 -0.61608216 
0.97704218 15.11795778 -10.74217861 8.55128619 -7.20662724 5.85351543 -5.40021163 4.54122467 -3.77176226 3.00605937 -2.79171682 1.87272630 -2.44124007 
0.59515151 8.73076648 -3.76068714 1.80497199 -1.04240750 0.36017874 -0.58969073 0.37899787 -0.20482802 -0.03691779 -0.21577668 -0.29247395 -0.64754295 
-0.11072689 -14.80397998 -9.22974747 -6.86359097 -5.35372514 -4.32615822 -3.45537389 -2.39566945 -2.14528046 -1.78942675 -1.44404854 -1.39533238 -1.34463682 
0.90848110 9.12615813 -4.08586013 2.03929724 -1.20035727 0.46526298 -0.65881080 0.42438942 -0.23460434 -0.01609488 -0.23083755 -0.28069062 -0.65641171 
1.83843819 11.61662493 -6.45518832 4.00775581 -2.72896866 1.62022169 -1.51377585 1.04966750 -0.68839152 0.31827363 -0.47914905 -0.09237689 -0.79720815 
1.82902841 11.44818979 -6.27736914 3.84526606 -2.59110164 1.50767123 -1.42444692 0.98014001 -0.63502854 0.27738303 -0.44791684 -0.11629270 -0.77911324 
2.25790780 8.66418191 -3.70729513 1.76740522 -1.01766474 0.34403068 -0.57924505 0.37223357 -0.20044858 -0.03997638 -0.21355910 -0.29423373 -0.64621154 
2.99189356 13.53926004 -8.66819643 6.20947251 -4.76206144 3.42080049 -3.06122043 2.35084050 -1.76430046 1.19900353 -1.19266796 0.48087643 -1.25129052 
3.00967035 13.80875370 -9.00562858 6.57290428 -5.12405943 3.76487904 -3.37738739 2.63401573 -2.01275639 1.41351408 -1.37503811 0.63371117 -1.37725068 
2.53683723 13.01999967 -8.03706168 5.54885155 -4.12208361 2.82844641 -2.53071538 1.88730618 -1.36713584 0.86357294 -0.91329500 0.25109849 -1.06527129 
1.89865082 11.61496117 -6.45341931 4.00612823 -2.72757854 1.61907981 -1.51286423 1.04895404 -0.68784108 0.31785004 -0.47882437 -0.09262611 -0.79701916 
0.94408166 8.60247299 -3.65816447 1.73306714 -0.99519369 0.32944189 -0.56985019 0.36617213 -0.19653781 -0.04270770 -0.21157694 -0.29581345 -0.64501457 
-0.05606370 15.37140297 -11.09710787 8.97692988 -7.67721377 6.34792052 -5.90075932 5.03354004 -4.24441568 3.45037393 -3.20115726 2.24278734 -2.76903806 
1.52756078 5.67659249 -1.71576652 0.57169467 -0.33452443 -0.06090223 -0.33561257 0.22230209 -0.10894118 -0.10657212 -0.16368474 -0.33871866 -0.61166005 
2.46129705 12.78167478 -7.75572665 5.26258059 -3.85233098 2.58530765 -2.31850285 1.70644773 -1.21584374 0.73859184 -0.81131320 0.16875148 -0.99976736 
2.46870887 12.90304323 -7.89834520 5.40706033 -3.98788435 2.70698051 -2.42427195 1.79623891 -1.29067527 0.80019802 -0.86142425 0.20910190 -1.03177955 
1.80529486 11.39012878 -6.21666786 3.79031512 -2.54490181 1.47027515 -1.39500618 0.95740026 -0.61770079 0.26418311 -0.43788337 -0.12395124 -0.77333629 
1.79085493 11.50325176 -6.33521649 3.89787919 -2.63553808 1.54379281 -1.45299906 1.00227732 -0.65195742 0.29031645 -0.45777101 -0.10875946 -0.78480398 
2.46129705 12.78167478 -7.75572665 5.26258059 -3.85233098 2.58530765 -2.31850285 1.70644773 -1.21584374 0.73859184 -0.81131320 0.16875148 -0.99976736 
2.46870887 12.90304323 -7.89834520 5.40706033 -3.98788435 2.70698051 -2.42427195 1.79623891 -1.29067527 0.80019802 -0.86142425 0.20910190 -1.03177955 
2.47859501 12.81278949 -7.79216009 5.29936359 -3.88672629 2.61608260 -2.34517278 1.72902155 -1.23460311 0.75399576 -0.82381318 0.17879576 -1.00772028 
2.99189356 13.53926004 -8.66819643 6.20947251 -4.76206144 3.42080049 -3.06122043 2.35084050 -1.76430046 1.19900353 -1.19266796 0.48087643 -1.25129052 
3.00967035 13.80875370 -9.00562858 6.57290428 -5.12405943 3.76487904 -3.37738739 2.63401573 -2.01275639 1.41351408 -1.37503811 0.63371117 -1.37725068 
3.26891159 11.50582011 -6.33792145 3.90034526 -2.63762572 1.54549347 -1.45434608 1.00332372 -0.65275907 0.29092981 -0.45823890 -0.10840149 -0.78507461 
