9.76349551 0.44221924 -0.12213487 -0.01028702 -0.12539128 -0.18890693 -0.26241158 0.17461894 -0.09192206 -0.13429722 -0.14696298 -0.36794308 -0.58983195 
3.77652739 15.60859960 -11.43472831 9.38810119 -8.13856198 6.83948217 -6.40517955 5.53610031 -4.73287089 3.91490020 -3.63393980 2.63799387 -3.12253416 
3.63490663 14.41885176 -9.79469404 7.44984421 -6.02476416 4.64671773 -4.21139015 3.40219733 -2.70524004 2.02685236 -1.90924339 1.09162268 -1.76290585 
3.64015760 14.36718800 -9.72651493 7.37259982 -5.94393734 4.56616720 -4.13389606 3.32963755 -2.63879454 1.96712676 -1.85649629 1.04582024 -1.72385329 
3.64461804 14.42768292 -9.80637355 7.46310424 -6.03866728 4.66060030 -4.22477115 3.41474919 -2.71675440 2.03721943 -1.91841358 1.09959734 -1.76971492 
3.29895372 14.00955638 -9.26146914 6.85311942 -5.40777001 4.03881028 -3.63295649 2.86630904 -2.21947552 1.59437635 -1.53073639 0.76571456 -1.48725464 
3.29264562 14.07174749 -9.34147378 6.94156295 -5.49812895 4.12681380 -3.71575329 2.94217843 -2.28752146 1.65434987 -1.58272474 0.81007652 -1.52445217 
3.28742298 13.99617266 -9.24429942 6.83418916 -5.38847999 4.02007001 -3.61536774 2.85022976 -2.20508694 1.58172182 -1.51978892 0.75639066 -1.47945069 
3.06686190 15.60716375 -11.43266892 9.38557508 -8.13570815 6.83642168 -6.40201954 5.53293339 -4.72977564 3.91194110 -3.63116927 2.63545216 -3.12025079 
3.05384681 15.60712675 -11.43261586 9.38551000 -8.13563462 6.83634284 -6.40193814 5.53285181 -4.72969591 3.91186488 -3.63109790 2.63538669 -3.12019198 
2.82464935 13.29134107 -8.36374804 5.88765322 -4.44732164 3.12684459 -2.79566926 2.11688280 -1.56225400 1.02712217 -1.04855122 0.36162820 -1.15419988 
2.80003908 13.52649081 -8.65237611 6.19260650 -4.74542920 3.40514305 -3.04696726 2.33819009 -1.75329797 1.18958202 -1.18471980 0.47426292 -1.24587712 
2.78059454 13.22233989 -8.28002748 5.80018001 -4.36274132 3.04870819 -2.72582825 2.05597975 -1.51017548 0.98322416 -1.01205871 0.33166794 -1.12998810 
2.46909566 15.58954924 -11.40742024 9.35462221 -8.10075875 6.79896088 -6.36335979 5.49420735 -4.69194286 3.87578768 -3.59733312 2.60442214 -3.09238436 
2.72504932 13.41751155 -8.51797424 6.04995178 -4.60535557 3.27382130 -2.92789955 2.23291799 -1.66207771 1.11173829 -1.11926086 0.41995645 -1.20155035 
2.70498129 13.10019866 -8.13291063 5.64754868 -4.21616932 2.91419041 -2.60635429 1.95243302 -1.42215190 0.90942938 -0.95102124 0.28178343 -1.08984894 
2.37966914 15.58765051 -11.40470029 9.35128974 -8.09699811 6.79493216 -6.35920424 5.49004668 -4.68788003 3.87190688 -3.59370254 2.60109393 -3.08939654 
2.34274816 15.58681642 -11.40350556 9.34982608 -8.09534653 6.79316297 -6.35737948 5.48821980 -4.68609623 3.87020310 -3.59210871 2.59963291 -3.08808502 
2.30513282 15.58593485 -11.40224289 9.34827926 -8.09360120 6.79129345 -6.35545133 5.48628949 -4.68421151 3.86840300 -3.59042483 2.59808941 -3.08669949 
2.26679651 15.58500215 -11.40090705 9.34664291 -8.09175493 6.78931590 -6.35341186 5.48424784 -4.68221816 3.86649922 -3.58864403 2.59645712 -3.08523432 
2.22771105 15.58401428 -11.39949230 9.34490997 -8.08979981 6.78722187 -6.35125237 5.48208613 -4.68010769 3.86448368 -3.58675877 2.59472915 -3.08368331 
2.51603939 13.09018149 -8.12090628 5.63515534 -4.20432496 2.90336996 -2.59678664 1.94417643 -1.41516202 0.90359166 -0.94620973 0.27786354 -1.08670435 
2.74373493 15.60608689 -11.43112452 9.38368083 -8.13356830 6.83412704 -6.39965044 5.53055926 -4.72745537 3.90972302 -3.62909263 2.63354714 -3.11853946 
2.72842896 15.60602676 -11.43103829 9.38357507 -8.13344883 6.83399893 -6.39951818 5.53042672 -4.72732584 3.90959919 -3.62897671 2.63344079 -3.11844394 
2.71300495 15.60596523 -11.43095005 9.38346684 -8.13332658 6.83386783 -6.39938283 5.53029109 -4.72719330 3.90947249 -3.62885809 2.63333198 -3.11834619 
2.69746107 15.60590225 -11.43085974 9.38335608 -8.13320146 6.83373367 -6.39924432 5.53015229 -4.72705764 3.90934282 -3.62873669 2.63322061 -3.11824615 
2.68179543 15.60583779 -11.43076729 9.38324269 -8.13307338 6.83359633 -6.39910253 5.53001020 -4.72691879 3.90921008 -3.62861242 2.63310662 -3.11814375 
2.40691261 12.57082063 -7.51117002 5.01792983 -3.62559367 2.38414780 -2.14559202 1.56123449 -1.09606526 0.64089796 -0.73251960 0.10577143 -0.95014952 
2.37586986 12.85025222 -7.83614473 5.34388548 -3.92846361 2.65351687 -2.37768938 1.75660577 -1.25757541 0.77289578 -0.83917745 0.19116084 -1.01752524 
2.35272303 12.46597139 -7.39107806 4.89923779 -3.51688644 2.28878311 -2.06450541 1.49384411 -1.04103029 0.59641110 -0.69692930 0.07752099 -0.92803879 
2.32072189 12.75115593 -7.72007731 5.22667310 -3.81883075 2.55539853 -2.29263747 1.68459897 -1.19772184 0.72373733 -0.79927823 0.15909427 -0.99213097 
2.84217269 13.49684326 -8.61570308 6.15356951 -4.70699097 3.36900969 -3.01412044 2.30907615 -1.72800939 1.16795339 -1.16649415 0.45911348 -1.23348903 
3.26805753 13.97349512 -9.21524525 6.80219659 -5.35591983 3.98847549 -3.58574889 2.82318310 -2.18091031 1.56048044 -1.50143061 0.74076901 -1.46638684 
3.62920577 14.29958842 -9.63768705 7.27237477 -5.83948329 4.46247029 -4.03450566 3.23691116 -2.55417670 1.89131669 -1.78975289 0.98803410 -1.67472115 
3.79315270 15.60452599 -11.42888613 9.38093559 -8.13046737 6.83080202 -6.39621776 5.52711951 -4.72409387 3.90650974 -3.62608445 2.63078768 -3.11606071 
3.66193221 14.49854418 -9.90035728 7.57009911 -6.15115069 4.77320591 -4.33357882 3.51706061 -2.81082710 2.12210520 -1.99365632 1.16515925 -1.82579956 
3.16430814 11.39737005 -6.22422179 3.79713902 -2.55062719 1.47490065 -1.39864107 0.96020301 -0.61983306 0.26580532 -0.43911513 -0.12301168 -0.77404456 
2.15801273 8.06104997 -3.24159711 1.45099849 -0.81609729 0.21590978 -0.49817983 0.32066059 -0.16762011 -0.06295190 -0.19680134 -0.30784917 -0.63583028 
1.05996871 15.43089661 -11.18129849 9.07889748 -7.79102105 6.46857088 -6.02396812 5.15572722 -4.36264972 3.56234703 -3.30506727 2.33732346 -2.85330008 
0.42132526 5.90778043 -1.84172545 0.63407739 -0.36390585 -0.04534886 -0.34429106 0.22744365 -0.11178375 -0.10415968 -0.16558573 -0.33663630 -0.61330927 
0.18087259 6.78454128 -2.36226293 0.91250520 -0.50512476 0.03187972 -0.38808353 0.25342057 -0.12669611 -0.09242552 -0.17472079 -0.32739157 -0.62061906 
1.89822222 7.50596308 -2.84150036 1.19599850 -0.66332236 0.12324833 -0.44173961 0.28578155 -0.14607203 -0.07823222 -0.18547816 -0.31753625 -0.62833927 
2.70810480 13.29674245 -8.37032026 5.89453882 -4.45399730 3.13302740 -2.80120932 2.12172539 -1.56640440 1.03062802 -1.05147137 0.36402990 -1.15614406 
2.70138659 13.19034798 -8.24136053 5.75993006 -4.32396383 3.01300957 -2.69402707 2.02833857 -1.48661321 0.96342045 -0.99564003 0.31822097 -1.11914634 
2.39479219 15.60445977 -11.42879118 9.38081914 -8.13033584 6.83066099 -6.39607218 5.52697363 -4.72395131 3.90637348 -3.62595688 2.63067066 -3.11595560 
2.37655536 15.60435817 -11.42864548 9.38064046 -8.13013402 6.83044460 -6.39584879 5.52674979 -4.72373258 3.90616439 -3.62576115 2.63049112 -3.11579433 
2.35815071 15.60425374 -11.42849574 9.38045682 -8.12992660 6.83022220 -6.39561920 5.52651974 -4.72350777 3.90594951 -3.62555999 2.63030660 -3.11562858 
2.33957512 15.60414638 -11.42834179 9.38026803 -8.12971336 6.82999357 -6.39538318 5.52628325 -4.72327667 3.90572861 -3.62535320 2.63011691 -3.11545820 
2.62961379 13.17292536 -8.22034252 5.73809150 -4.30296166 2.99370788 -2.67686106 2.01344185 -1.47393417 0.95277896 -0.98682904 0.31101324 -1.11334158 
2.85973071 15.60999040 -11.43672330 9.39054849 -8.14132701 6.84244765 -6.40824168 5.53916935 -4.73587069 3.91776822 -3.63662521 2.64045763 -3.12474762 
2.62267308 13.06178279 -8.08692428 5.60012226 -4.17089035 2.87286630 -2.56984943 1.92095927 -1.39553017 0.88721372 -0.93272447 0.26688717 -1.07790651 
2.30189824 15.60392243 -11.42802066 9.37987422 -8.12926855 6.82951665 -6.39489085 5.52578994 -4.72279460 3.90526783 -3.62492185 2.62972125 -3.11510280 
2.28279025 15.60380560 -11.42785313 9.37966878 -8.12903651 6.82926786 -6.39463402 5.52553260 -4.72254314 3.90502747 -3.62469684 2.62951486 -3.11491742 
2.58102357 13.09373404 -8.12516252 5.63954845 -4.20852248 2.90720376 -2.60017582 1.94710058 -1.41763706 0.90565835 -0.94791282 0.27925083 -1.08781709 
2.57394269 12.97957416 -7.98897242 5.49955573 -4.07529721 2.78598687 -2.49341176 1.85531258 -1.34021057 0.84120772 -0.89495350 0.23622253 -1.05338822 
2.56456577 13.06646358 -8.09252022 5.60588620 -4.17638654 2.87787656 -2.57427037 1.92476674 -1.39874730 0.88989580 -0.93493145 0.26868255 -1.07934479 
2.55743699 12.95126800 -7.95538967 5.46521881 -4.04278994 2.75655653 -2.46761505 1.83323729 -1.32167209 0.82583906 -0.88237250 0.22603497 -1.04526266 
2.22434592 15.60343414 -11.42732050 9.37901560 -8.12829878 6.82847688 -6.39381751 5.52471447 -4.72174369 3.90426332 -3.62398152 2.62885873 -3.11432806 
2.20447869 15.60330286 -11.42713226 9.37878477 -8.12803807 6.82819736 -6.39352897 5.52442537 -4.72146118 3.90399330 -3.62372875 2.62862688 -3.11411981 
2.18441214 15.60316760 -11.42693833 9.37854695 -8.12776946 6.82790938 -6.39323169 5.52412751 -4.72117013 3.90371510 -3.62346833 2.62838801 -3.11390526 
2.16414222 15.60302820 -11.42673845 9.37830184 -8.12749264 6.82761259 -6.39292532 5.52382054 -4.72087017 3.90342841 -3.62319996 2.62814185 -3.11368416 
2.48022273 12.92309085 -7.92203328 5.43118544 -4.01063656 2.72750393 -2.44219794 1.81152674 -1.30347194 0.81077509 -0.87005913 0.21607716 -1.03733020 
2.47284527 12.80247666 -7.78007455 5.28715249 -3.87529909 2.60585073 -2.33629947 1.72150596 -1.22835344 0.74886093 -0.81964413 0.17544418 -1.00506537 
2.46292750 12.89293329 -7.88641342 5.39492218 -3.97644962 2.69667679 -2.41528145 1.78857906 -1.28426962 0.79490798 -0.85710899 0.20561845 -1.02900936 
2.45549839 12.77118478 -7.74346354 5.25021930 -3.84078986 2.57499645 -2.30957967 1.69890530 -1.20958396 0.73345780 -0.80715151 0.16541052 -0.99712439 
2.44548452 12.86225342 -7.85026251 5.35820238 -3.94190952 2.66559747 -2.38820056 1.76553690 -1.26502477 0.77903319 -0.84417309 0.19518582 -1.02072026 
2.43800310 12.73935279 -7.70631287 5.21283124 -3.80593708 2.54390418 -2.28271149 1.67622600 -1.19078628 0.71805907 -0.79468279 0.15541026 -0.98922048 
2.08094356 15.60242563 -11.42587448 9.37724240 -8.12629610 6.82632977 -6.39160115 5.52249381 -4.71957378 3.90218932 -3.62204008 2.62707798 -3.11272860 
2.41014531 12.79927529 -7.77632486 5.28336579 -3.87175724 2.60268088 -2.33355176 1.71917971 -1.22641984 0.74727287 -0.81835521 0.17440831 -1.00424505 
2.40255726 12.67401535 -7.63034979 5.13666425 -3.73519006 2.48100627 -2.22853792 1.63064321 -1.15311944 0.68728749 -0.76982831 0.13551929 -0.97353137 
2.39224391 12.76695026 -7.73851613 5.24523507 -3.83613887 2.57084325 -2.30598735 1.69587031 -1.20706625 0.73139373 -0.80547900 0.16406829 -0.99606291 
2.64741032 15.60999040 -11.43672330 9.39054849 -8.14132701 6.84244765 -6.40824168 5.53916935 -4.73587069 3.91776822 -3.63662521 2.64045763 -3.12474762 
2.64741032 15.60999040 -11.43672330 9.39054849 -8.14132701 6.84244765 -6.40824168 5.53916935 -4.73587069 3.91776822 -3.63662521 2.64045763 -3.12474762 
2.64741032 15.60999040 -11.43672330 9.39054849 -8.14132701 6.84244765 -6.40824168 5.53916935 -4.73587069 3.91776822 -3.63662521 2.64045763 -3.12474762 
2.64741032 15.60999040 -11.43672330 9.39054849 -8.14132701 6.84244765 -6.40824168 5.53916935 -4.73587069 3.91776822 -3.63662521 2.64045763 -3.12474762 
2.64741032 15.60999040 -11.43672330 9.39054849 -8.14132701 6.84244765 -6.40824168 5.53916935 -4.73587069 3.91776822 -3.63662521 2.64045763 -3.12474762 
2.64741032 15.60999040 -11.43672330 9.39054849 -8.14132701 6.84244765 -6.40824168 5.53916935 -4.73587069 3.91776822 -3.63662521 2.64045763 -3.12474762 
2.91148253 13.50890208 -8.63060958 6.16942676 -4.72259526 3.38366953 -3.02743915 2.32087463 -1.73825210 1.17670928 -1.17386894 0.46524086 -1.23849747 
2.91763150 13.60335688 -8.74783789 6.29461484 -4.84625223 3.50026395 -3.13374045 2.41536360 -1.82055091 1.24727746 -1.23347693 0.51489733 -1.27918852 
2.66334666 15.60999040 -11.43672330 9.39054849 -8.14132701 6.84244765 -6.40824168 5.53916935 -4.73587069 3.91776822 -3.63662521 2.64045763 -3.12474762 
2.92535985 13.52872616 -8.65514449 6.19555674 -4.74833746 3.40787988 -3.04945777 2.34039981 -1.75521921 1.19122670 -1.18610689 0.47541679 -1.24682137 
2.93147252 13.62242870 -8.77160886 6.32010405 -4.87153047 3.52418989 -3.15563527 2.43489536 -1.83762160 1.26196213 -1.24591835 0.52529044 -1.28772776 
2.67915702 15.60999040 -11.43672330 9.39054849 -8.14132701 6.84244765 -6.40824168 5.53916935 -4.73587069 3.91776822 -3.63662521 2.64045763 -3.12474762 
2.67915702 15.60999040 -11.43672330 9.39054849 -8.14132701 6.84244765 -6.40824168 5.53916935 -4.73587069 3.91776822 -3.63662521 2.64045763 -3.12474762 
2.67915702 15.60999040 -11.43672330 9.39054849 -8.14132701 6.84244765 -6.40824168 5.53916935 -4.73587069 3.91776822 -3.63662521 2.64045763 -3.12474762 
2.67915702 15.60999040 -11.43672330 9.39054849 -8.14132701 6.84244765 -6.40824168 5.53916935 -4.73587069 3.91776822 -3.63662521 2.64045763 -3.12474762 
2.42035691 12.70696751 -7.66861192 5.17498176 -3.77073803 2.51257404 -2.25569688 1.65347095 -1.17196365 0.70266789 -0.78224077 0.14544573 -0.98135551 
2.41014531 12.79927529 -7.77632486 5.28336579 -3.87175724 2.60268088 -2.33355176 1.71917971 -1.22641984 0.74727287 -0.81835521 0.17440831 -1.00424505 
2.66334666 15.60999040 -11.43672330 9.39054849 -8.14132701 6.84244765 -6.40824168 5.53916935 -4.73587069 3.91776822 -3.63662521 2.64045763 -3.12474762 
2.40255726 12.67401535 -7.63034979 5.13666425 -3.73519006 2.48100627 -2.22853792 1.63064321 -1.15311944 0.68728749 -0.76982831 0.13551929 -0.97353137 
2.39224391 12.76695026 -7.73851613 5.24523507 -3.83613887 2.57084325 -2.30598735 1.69587031 -1.20706625 0.73139373 -0.80547900 0.16406829 -0.99606291 
2.38460151 12.64048226 -7.59151534 5.09787202 -3.69929059 2.44920125 -2.20123687 1.60774600 -1.13425719 0.67192122 -0.75744833 0.12563335 -0.96574998 
2.01619159 15.60192088 -11.42515080 9.37635503 -8.12529393 6.82525536 -6.39049213 5.52138268 -4.71848809 3.90115164 -3.62106876 2.62618708 -3.11192842 
2.35596414 12.70055804 -7.66116182 5.16751333 -3.76380258 2.50640937 -2.25038838 1.64900516 -1.16827410 0.69965428 -0.77980704 0.14349830 -0.97981967 
2.61515156 15.60999040 -11.43672330 9.39054849 -8.14132701 6.84244765 -6.40824168 5.53916935 -4.73587069 3.91776822 -3.63662521 2.64045763 -3.12474762 
2.34821092 12.57161478 -7.51208347 5.01883630 -3.62642717 2.38488174 -2.14621832 1.56175680 -1.09649322 0.64124491 -0.73279790 0.10599283 -0.95032318 
2.33758019 12.66646136 -7.62159257 5.12790788 -3.72707882 2.47381355 -2.22235831 1.62545600 -1.14884286 0.68380100 -0.76701752 0.13327348 -0.97176270 
2.32977048 12.53624993 -7.47146237 4.97857908 -3.58945845 2.35236876 -2.11850621 1.53867205 -1.07759921 0.62594205 -0.72053364 0.09624326 -0.94268170 
1.94927293 15.60136393 -11.42435230 9.37537593 -8.12418821 6.82406997 -6.38926860 5.52015685 -4.71729034 3.90000690 -3.61999725 2.62520431 -3.11104573 
1.92645974 15.60116543 -11.42406771 9.37502699 -8.12379415 6.82364753 -6.38883257 5.51972001 -4.71686352 3.89959897 -3.61961542 2.62485410 -3.11073120 
2.28141718 12.56038142 -7.49916810 5.00602476 -3.61465154 2.37451652 -2.13737634 1.55438542 -1.09045547 0.63635144 -0.72887371 0.10287165 -0.94787567 
2.82616404 13.38375625 -8.47656831 6.00623151 -4.56264410 3.23397333 -2.89194054 2.20127055 -1.63477517 1.08853479 -1.09982372 0.40388740 -1.18847816 
3.26669374 13.90103608 -9.12273512 6.70067239 -5.25293240 3.88885637 -3.49264383 2.73841434 -2.10535195 1.49427306 -1.44435402 0.69231513 -1.42595777 
3.46014592 15.60237192 -11.42579747 9.37714797 -8.12618946 6.82621543 -6.39148313 5.52237556 -4.71945824 3.90207889 -3.62193671 2.62698317 -3.11264344 
3.30553348 14.15477184 -9.44884609 7.06086821 -5.62062575 4.24668946 -3.82906142 3.04647417 -2.38146880 1.73749140 -1.65507598 0.87203821 -1.57658746 
2.90369529 13.58400917 -8.72375770 6.26882981 -4.82071520 3.47612443 -3.11167798 2.39570625 -1.80339057 1.23253184 -1.22099672 0.50448167 -1.27063850 
2.38460151 12.64048226 -7.59151534 5.09787202 -3.69929059 2.44920125 -2.20123687 1.60774600 -1.13425719 0.67192122 -0.75744833 0.12563335 -0.96574998 
2.01619159 15.60192088 -11.42515080 9.37635503 -8.12529393 6.82525536 -6.39049213 5.52138268 -4.71848809 3.90115164 -3.62106876 2.62618708 -3.11192842 
1.99413321 15.60174138 -11.42489344 9.37603945 -8.12493754 6.82487329 -6.39009776 5.52098757 -4.71810202 3.90078266 -3.62072338 2.62587030 -3.11164390 
2.33758019 12.66646136 -7.62159257 5.12790788 -3.72707882 2.47381355 -2.22235831 1.62545600 -1.14884286 0.68380100 -0.76701752 0.13327348 -0.97176270 
2.59882494 15.60999040 -11.43672330 9.39054849 -8.14132701 6.84244765 -6.40824168 5.53916935 -4.73587069 3.91776822 -3.63662521 2.64045763 -3.12474762 
2.59882494 15.60999040 -11.43672330 9.39054849 -8.14132701 6.84244765 -6.40824168 5.53916935 -4.73587069 3.91776822 -3.63662521 2.64045763 -3.12474762 
2.59882494 15.60999040 -11.43672330 9.39054849 -8.14132701 6.84244765 -6.40824168 5.53916935 -4.73587069 3.91776822 -3.63662521 2.64045763 -3.12474762 
2.59882494 15.60999040 -11.43672330 9.39054849 -8.14132701 6.84244765 -6.40824168 5.53916935 -4.73587069 3.91776822 -3.63662521 2.64045763 -3.12474762 
2.59882494 15.60999040 -11.43672330 9.39054849 -8.14132701 6.84244765 -6.40824168 5.53916935 -4.73587069 3.91776822 -3.63662521 2.64045763 -3.12474762 
2.59882494 15.60999040 -11.43672330 9.39054849 -8.14132701 6.84244765 -6.40824168 5.53916935 -4.73587069 3.91776822 -3.63662521 2.64045763 -3.12474762 
2.59882494 15.60999040 -11.43672330 9.39054849 -8.14132701 6.84244765 -6.40824168 5.53916935 -4.73587069 3.91776822 -3.63662521 2.64045763 -3.12474762 
2.86927163 13.44769366 -8.55508671 6.08923009 -4.64381501 3.30978065 -2.96041812 2.26159603 -1.68686716 1.13284451 -1.13697132 0.43462084 -1.21349758 
2.87553204 13.54446384 -8.67464797 6.21635497 -4.76885282 3.42719772 -3.06704735 2.35601515 -1.76880349 1.20286150 -1.19592417 0.48358705 -1.25351020 
2.61515156 15.60999040 -11.43672330 9.39054849 -8.14132701 6.84244765 -6.40824168 5.53916935 -4.73587069 3.91776822 -3.63662521 2.64045763 -3.12474762 
2.88343974 13.46839162 -8.58058621 6.11626774 -4.67033689 3.33462144 -2.98291979 2.28147243 -1.70407525 1.14751710 -1.14929998 0.44484174 -1.22183452 
2.88966258 13.56438004 -8.69936289 6.24274466 -4.79491640 3.45176960 -3.08944717 2.37592338 -1.78614121 1.21772619 -1.20847876 0.49404455 -1.26207872 
2.63134598 15.60999040 -11.43672330 9.39054849 -8.14132701 6.84244765 -6.40824168 5.53916935 -4.73587069 3.91776822 -3.63662521 2.64045763 -3.12474762 
2.63134598 15.60999040 -11.43672330 9.39054849 -8.14132701 6.84244765 -6.40824168 5.53916935 -4.73587069 3.91776822 -3.63662521 2.64045763 -3.12474762 
2.89750959 13.48879247 -8.60575864 6.14299852 -4.69659602 3.35925056 -3.00525998 2.30123207 -1.72120385 1.16213907 -1.16159958 0.45504880 -1.23016818 
2.90369529 13.58400917 -8.72375770 6.26882981 -4.82071520 3.47612443 -3.11167798 2.39570625 -1.80339057 1.23253184 -1.22099672 0.50448167 -1.27063850 
2.91148253 13.50890208 -8.63060958 6.16942676 -4.72259526 3.38366953 -3.02743915 2.32087463 -1.73825210 1.17670928 -1.17386894 0.46524086 -1.23849747 
2.91763150 13.60335688 -8.74783789 6.29461484 -4.84625223 3.50026395 -3.13374045 2.41536360 -1.82055091 1.24727746 -1.23347693 0.51489733 -1.27918852 
2.92535985 13.52872616 -8.65514449 6.19555674 -4.74833746 3.40787988 -3.04945777 2.34039981 -1.75521921 1.19122670 -1.18610689 0.47541679 -1.24682137 
3.34683995 13.99652125 -9.24474641 6.83468176 -5.38898172 4.02055723 -3.61582484 2.85064745 -2.20546057 1.58205030 -1.52007299 0.75663252 -1.47965306 
3.36206673 14.21438596 -9.52634337 7.14740890 -5.70991424 4.33447642 -3.91241570 3.12353572 -2.45117805 1.79942930 -1.70917946 0.91853666 -1.61584443 
3.38023794 14.03503701 -9.29420427 6.88926063 -5.44464732 4.07468267 -3.66666666 2.89716345 -2.24711778 1.61871399 -1.55181281 0.78368262 -1.50230757 
3.23255845 11.63503751 -6.47478236 4.02579808 -2.74439108 1.63289948 -1.52390428 1.05759980 -0.69451515 0.32298852 -0.48276459 -0.08960082 -0.79931393 
2.75638669 15.60999040 -11.43672330 9.39054849 -8.14132701 6.84244765 -6.40824168 5.53916935 -4.73587069 3.91776822 -3.63662521 2.64045763 -3.12474762 
3.00668597 13.64197652 -8.79600829 6.34630361 -4.89754850 3.54884816 -3.17822882 2.45507510 -1.85527942 1.27716859 -1.25881517 0.53607426 -1.29659608 
3.21275847 15.60754718 -11.43321884 9.38624961 -8.13647016 6.83723885 -6.40286326 5.53377893 -4.73060203 3.91273112 -3.63190893 2.63613072 -3.12086036 
3.22478245 15.60757636 -11.43326069 9.38630094 -8.13652815 6.83730104 -6.40292747 5.53384328 -4.73066493 3.91279125 -3.63196522 2.63618236 -3.12090676 
3.23673457 15.60760502 -11.43330179 9.38635136 -8.13658511 6.83736213 -6.40299054 5.53390649 -4.73072670 3.91285031 -3.63202051 2.63623308 -3.12095233 
3.44542029 14.10809640 -9.38840262 6.99362183 -5.55149500 4.17895755 -3.76496655 2.98741166 -2.32820956 1.69031042 -1.61397903 0.83681131 -1.54692183 
3.62377629 15.60351952 -11.42744293 9.37916574 -8.12846835 6.82865869 -6.39400519 5.52490252 -4.72192744 3.90443896 -3.62414593 2.62900954 -3.11446352 
3.48112453 14.33351180 -9.68220938 7.32255099 -5.89171727 4.51426891 -4.08410035 3.28313298 -2.59631475 1.92903315 -1.82292892 1.01673366 -1.69910308 
3.30698509 15.60776673 -11.43353373 9.38663585 -8.13690651 6.83770679 -6.40334641 5.53426313 -4.73107527 3.91318354 -3.63233251 2.63651931 -3.12120946 
3.50856224 14.17626067 -9.47674257 7.09197851 -5.65268216 4.27816739 -3.85891362 3.07404026 -2.40637657 1.75959865 -1.67436728 0.88860202 -1.59055892 
3.52273090 14.37314733 -9.73436640 7.38148122 -5.95321638 4.57540087 -4.14276663 3.33793178 -2.64637971 1.97393618 -1.86250284 1.05103008 -1.72829055 
3.35248432 15.60786557 -11.43367549 9.38680974 -8.13710296 6.83791747 -6.40356394 5.53448114 -4.73128834 3.91338724 -3.63252322 2.63669427 -3.12136664 
3.54958446 14.21919998 -9.53261612 7.15442939 -5.71717349 4.34162860 -3.91922059 3.12983929 -2.45689104 1.80451449 -1.71362898 0.92236683 -1.61908303 
3.56349481 14.41100533 -9.78432307 7.43807655 -6.01243268 4.63441108 -4.19953430 3.39108173 -2.69504816 2.01768020 -1.90113369 1.08457315 -1.75688905 
3.39697144 15.60795796 -11.43380801 9.38697230 -8.13728660 6.83811441 -6.40376728 5.53468493 -4.73148752 3.91357765 -3.63270151 2.63685783 -3.12151357 
3.40794031 15.60798012 -11.43383979 9.38701128 -8.13733064 6.83816164 -6.40381605 5.53473380 -4.73153529 3.91362332 -3.63274426 2.63689706 -3.12154881 
3.41884934 15.60800192 -11.43387106 9.38704963 -8.13737397 6.83820810 -6.40386402 5.53478188 -4.73158228 3.91366824 -3.63278632 2.63693565 -3.12158348 
3.60959348 14.28014428 -9.61221683 7.24372316 -5.80971034 4.43299658 -4.00633339 3.21069751 -2.53031650 1.86999181 -1.77102154 0.97185159 -1.66099054 
3.77502606 15.60442621 -11.42874305 9.38076012 -8.13026918 6.83058952 -6.39599839 5.52689969 -4.72387906 3.90630441 -3.62589223 2.63061136 -3.11590233 
3.64262625 14.48180124 -9.87810809 7.54472274 -6.12442453 4.74640442 -4.30763790 3.49262898 -2.78832786 2.10177327 -1.97560889 1.14941316 -1.81231273 
3.48308277 15.60812556 -11.43404839 9.38726715 -8.13761971 6.83847165 -6.40413614 5.53505459 -4.73184882 3.91392307 -3.63302491 2.63715453 -3.12178012 
3.49359060 15.60814504 -11.43407633 9.38730143 -8.13765844 6.83851317 -6.40417902 5.53509756 -4.73189082 3.91396322 -3.63306251 2.63718902 -3.12181110 
3.67741696 14.34641083 -9.69916712 7.34169317 -5.91167591 4.53409122 -4.10310717 3.30087236 -2.61250899 1.94354691 -1.83571116 1.02780394 -1.70851831 
3.83776333 15.60476401 -11.42922744 9.38135417 -8.13094017 6.83130896 -6.39674111 5.52764391 -4.72460633 3.90699959 -3.62654302 2.63120832 -3.11643855 
4.00119067 14.58120405 -10.01059097 7.69625495 -6.28445718 4.90731411 -4.46378204 3.64005485 -2.92441939 2.22503563 -2.08525833 1.24527575 -1.89458110 
3.89584648 13.02654790 -8.04486549 5.55686519 -4.12970233 2.83537184 -2.53680946 1.89254075 -1.37154758 0.86724240 -0.91630799 0.25354486 -1.06722751 
3.75223144 14.41637672 -9.79142204 7.44613088 -6.02087221 4.64283295 -4.20764704 3.39868737 -2.70202125 2.02395519 -1.90668146 1.08939538 -1.76100460 
3.90713314 15.60511373 -11.42972894 9.38196922 -8.13163489 6.83205388 -6.39751012 5.52841450 -4.72535937 3.90771941 -3.62721689 2.63182646 -3.11699381 
4.06504657 14.63179315 -10.07837540 7.77418297 -6.36716575 4.99087289 -4.54524083 3.71730868 -2.99604005 2.29016852 -2.14342168 1.29631061 -1.93853063 
4.32872840 14.78236485 -10.28156459 8.00937682 -6.61844646 5.24635837 -4.79584696 3.95640018 -3.21897424 2.49401587 -2.32640156 1.45765049 -2.07812076 
4.45966354 15.59878704 -11.42065817 9.37084676 -8.11907375 6.81858748 -6.38361013 5.51448819 -4.71175200 3.89471399 -3.61504324 2.62066084 -3.10696523 
4.37844235 15.05571074 -10.65593489 8.44890986 -7.09454990 5.73686954 -5.28318383 4.42712198 -3.66312895 2.90474542 -2.69905396 1.78956680 -2.36807172 
4.40311481 14.83127752 -10.34803329 8.08683204 -6.70173769 5.33157136 -4.87993608 4.03709151 -3.29463218 2.56356155 -2.38914066 1.51323067 -2.12642439 
4.42497410 15.07756138 -10.68616730 8.48475019 -7.13373648 5.77760378 -5.32400343 4.46687631 -3.70093670 2.93996962 -2.73123903 1.81842451 -2.39344020 
4.44905558 14.86024422 -10.38750407 8.13294672 -6.75145202 5.38255578 -4.93036565 4.08559242 -3.34020613 2.60553958 -2.42708394 1.54690605 -2.15574215 
4.57277822 15.59998146 -11.42237036 9.37294590 -8.12144406 6.82112826 -6.38623237 5.51711506 -4.71431840 3.89716659 -3.61733873 2.62276605 -3.10885587 
4.59706912 15.60022091 -11.42271363 9.37336677 -8.12191932 6.82163771 -6.38675818 5.51764182 -4.71483305 3.89765843 -3.61779908 2.62318824 -3.10923505 
4.62106854 15.60045188 -11.42304475 9.37377274 -8.12237775 6.82212915 -6.38726539 5.51814995 -4.71532950 3.89813289 -3.61824316 2.62359554 -3.10960084 
4.64478340 15.60067477 -11.42336428 9.37416450 -8.12282016 6.82260340 -6.38775488 5.51864033 -4.71580862 3.89859079 -3.61867175 2.62398861 -3.10995387 
4.76567592 15.00860341 -10.59091151 8.37199876 -7.01064079 5.64982796 -5.19613473 4.34250804 -3.58280681 2.83004291 -2.63090991 1.72856307 -2.31452364 
4.78934538 15.24727750 -10.92252389 8.76670067 -7.44387067 6.10184816 -5.65073604 4.78678605 -4.00674335 3.22626466 -2.99403918 2.05508019 -2.60234068 
4.71997046 15.60134765 -11.42432895 9.37534731 -8.12415588 6.82403532 -6.38923283 5.52012101 -4.71725533 3.89997343 -3.61996592 2.62517557 -3.11101993 
4.74254759 15.60154007 -11.42460483 9.37568557 -8.12453789 6.82444484 -6.38965553 5.52054450 -4.71766911 3.90036891 -3.62033609 2.62551509 -3.11132486 
4.76487271 15.60172615 -11.42487160 9.37601268 -8.12490731 6.82484088 -6.39006431 5.52095405 -4.71806927 3.90075136 -3.62069408 2.62584343 -3.11161976 
4.78695138 15.60190615 -11.42512967 9.37632912 -8.12526468 6.82522400 -6.39045976 5.52135025 -4.71845640 3.90112135 -3.62104041 2.62616108 -3.11190506 
4.71788825 15.19844472 -10.85423756 8.68492455 -7.35358386 6.00711709 -5.55495138 4.69269418 -3.91651804 3.14154649 -2.91605624 1.98467101 -2.54003469 
4.54106885 15.09977043 -10.71694195 8.52128583 -7.17373871 5.81924107 -5.36578134 4.50761397 -3.73972526 2.97614789 -2.76433080 1.84812472 -2.41957399 
4.55728910 14.95630175 -10.51896494 8.28717632 -6.91839198 5.55442395 -5.10100002 4.25029352 -3.49550455 2.74905505 -2.55721047 1.66273595 -2.25686649 
4.57183466 15.11327982 -10.73568451 8.54356287 -7.19815680 5.84468450 -5.39133707 4.53255812 -3.76349853 2.99834129 -2.78464811 1.86637437 -2.43564446 
4.48106840 15.60724149 -11.43278041 9.38571183 -8.13586264 6.83658735 -6.40219060 5.53310481 -4.72994318 3.91210127 -3.63131922 2.63558972 -3.12037437 
4.28298544 13.57423013 -8.71159996 6.25582502 -4.80784871 3.46397404 -3.10058366 2.38583050 -1.79477698 1.22513646 -1.21474239 0.49926573 -1.26635977 
3.52792998 8.11321457 -3.28059999 1.47670610 -0.83199855 0.22578430 -0.50430746 0.32449952 -0.17002674 -0.06126042 -0.19804357 -0.30681562 -0.63662396 
2.17656865 11.73441744 -6.58106923 4.12413930 -2.82884775 1.70263142 -1.57984773 1.10158732 -0.72860014 0.34931422 -0.50300491 -0.07403118 -0.81114488 
1.64894498 15.34140523 -11.05478309 8.92581188 -7.62031374 6.28775365 -5.83946744 4.97289920 -4.18586827 3.39504415 -3.14991442 2.19625484 -2.72763641 
1.51268714 15.30552473 -11.00426902 8.86492992 -7.55268036 6.21637297 -5.76688453 4.90121246 -4.11677141 3.32984732 -3.08962305 2.14158203 -2.67905629 
1.36647647 15.26215541 -10.94337343 8.79171992 -7.47154794 6.13094217 -5.68020653 4.81578562 -4.03459703 3.25245894 -3.01818650 2.07691251 -2.62168574 
2.38679564 -8.30819987 -2.83308898 -1.24611209 -0.66878103 -0.50100520 -0.38287375 0.07343520 -0.16495647 -0.20530508 -0.19054955 -0.41335759 -0.59209858 
4.87450107 4.72055501 -1.24488873 0.35739598 -0.24123377 -0.10947172 -0.30856229 0.20608788 -0.10042613 -0.11456180 -0.15742110 -0.34620329 -0.60575585 
5.72897609 13.80955221 -9.00663847 6.57400253 -5.12516365 3.76593807 -3.37836899 2.63490230 -2.01354054 1.41419620 -1.37562213 0.63420381 -1.37765923 
5.60031433 11.70030760 -6.54448790 4.09020292 -2.79962761 1.67844762 -1.56040147 1.08626387 -0.71670212 0.34010910 -0.49591751 -0.07948864 -0.80699393 
4.50803781 -5.05393656 -1.03825809 -0.32785877 -0.21581281 -0.26294044 -0.26612605 0.14728811 -0.11209862 -0.16171150 -0.15923230 -0.38914896 -0.58333143 
5.27678153 3.02857872 -0.60865242 0.12195381 -0.15679370 -0.15577909 -0.28180657 0.18908642 -0.09325611 -0.12406316 -0.15067680 -0.35641669 -0.59789638 
6.45856695 11.29103120 -6.11376724 3.69776901 -2.46758692 1.40806142 -1.34630054 0.91997798 -0.58932514 0.24265267 -0.42157014 -0.13637811 -0.76398057 
6.99029027 14.22067144 -9.53453390 7.15657626 -5.71939384 4.34381665 -3.92130280 3.13176848 -2.45863981 1.80607137 -1.71499147 0.92353984 -1.62007502 
7.03607320 14.82054087 -10.33342351 8.06978569 -6.68338429 5.31277226 -4.86136368 4.01924990 -3.27788578 2.54815261 -2.37522658 1.50089322 -2.11569300 
6.44972615 9.01633583 -3.99414642 1.97225547 -1.15454521 0.43443761 -0.63833568 0.41083223 -0.22564318 -0.02236929 -0.22630380 -0.28421134 -0.65376933 
