8.90449515 0.64433600 -0.13900338 -0.00555926 -0.12591348 -0.18687590 -0.26342501 0.17551637 -0.09175304 -0.13354949 -0.14703042 -0.36714978 -0.59033553 
4.29417313 9.19205470 -4.14140642 2.08025906 -1.22858596 0.48439313 -0.67159759 0.43290149 -0.24025864 -0.01213114 -0.23370083 -0.27847654 -0.65807067 
4.94798842 14.08118397 -9.35364495 6.95505185 -5.51194381 4.14030028 -3.72847086 2.95385775 -2.29801877 1.66362046 -1.59077627 0.81695914 -1.53023304 
5.13928199 15.58140393 -11.39575437 9.34033191 -8.08463530 6.78169098 -6.34554912 5.47637753 -4.67453488 3.85916194 -3.58178139 2.59016736 -3.07958898 
5.18028140 15.58254235 -11.39738447 9.34232830 -8.08688733 6.78410268 -6.34803587 5.47886653 -4.67696459 3.86148211 -3.58395136 2.59215608 -3.08137386 
4.92722324 12.46754194 -7.39286951 4.90100130 -3.51849532 2.29018930 -2.06569681 1.49483088 -1.04183351 0.59705849 -0.69744586 0.07793011 -0.92835833 
4.36101572 13.80522332 -9.00116435 6.56805024 -5.11917972 3.76019975 -3.37305078 2.63009950 -2.00929302 1.41050170 -1.37245924 0.63153607 -1.37544706 
3.88733800 13.01218756 -8.02775683 5.53930162 -4.11300905 2.82020174 -2.52346393 1.88108039 -1.36189102 0.85921235 -0.90971587 0.24819343 -1.06294903 
3.40847198 14.19726953 -9.50405803 7.12248612 -5.68416304 4.30912318 -3.88831029 3.10122116 -2.43096723 1.78145041 -1.69345712 0.90501017 -1.60441305 
3.01552395 13.65398634 -8.81101652 6.36243744 -4.91358831 3.56406588 -3.19218671 2.46755423 -1.86620949 1.28658975 -1.26681215 0.54276623 -1.30210348 
2.75892466 15.60614566 -11.43120881 9.38378421 -8.13368508 6.83425226 -6.39977973 5.53068881 -4.72758199 3.90984405 -3.62920595 2.63365108 -3.11863284 
3.23566897 11.56985389 -6.40555414 3.96217414 -2.69010677 1.58835309 -1.48837431 1.02981708 -0.67309864 0.30651885 -0.47014781 -0.09928141 -0.79197559 
3.39754928 14.18579549 -9.48913447 7.10581301 -5.66695244 4.29219438 -3.87222927 3.08634790 -2.41750755 1.76948668 -1.68300289 0.89602241 -1.59682257 
3.20267379 15.60999040 -11.43672330 9.39054849 -8.14132701 6.84244765 -6.40824168 5.53916935 -4.73587069 3.91776822 -3.63662521 2.64045763 -3.12474762 
3.40351143 14.12692569 -9.41276137 7.02069571 -5.57930106 4.20617601 -3.79070054 3.01110474 -2.34955690 1.70920663 -1.63042632 0.85089954 -1.55877804 
3.40847198 14.19726953 -9.50405803 7.12248612 -5.68416304 4.30912318 -3.88831029 3.10122116 -2.43096723 1.78145041 -1.69345712 0.90501017 -1.60441305 
3.21475842 15.60999040 -11.43672330 9.39054849 -8.14132701 6.84244765 -6.40824168 5.53916935 -4.73587069 3.91776822 -3.63662521 2.64045763 -3.12474762 
3.21475842 15.60999040 -11.43672330 9.39054849 -8.14132701 6.84244765 -6.40824168 5.53916935 -4.73587069 3.91776822 -3.63662521 2.64045763 -3.12474762 
3.60831982 12.32322264 -7.22919227 4.74076193 -3.37308956 2.16374556 -1.95908890 1.40694405 -0.97061063 0.53987962 -0.65198163 0.04202753 -0.90039477 
3.89859236 15.60507197 -11.42966906 9.38189577 -8.13155192 6.83196492 -6.39741828 5.52832247 -4.72526944 3.90763345 -3.62713641 2.63175264 -3.11692749 
3.77403084 14.59177805 -10.02473901 7.71249804 -6.30167392 4.92468572 -4.48069621 3.65607679 -2.93925601 2.23851359 -2.09728165 1.25581522 -1.90364889 
3.62539420 15.60837280 -11.43440301 9.38770215 -8.13811116 6.83899869 -6.40468033 5.53559998 -4.73238188 3.91443268 -3.63350206 2.63759227 -3.12217337 
3.47279361 14.26334019 -9.59023362 7.21902521 -5.78407720 4.40765095 -3.98213458 3.18820597 -2.50986604 1.85173277 -1.75499849 0.95802126 -1.64926580 
3.09337623 13.75730916 -8.94069136 6.50241738 -5.05331779 3.69715120 -3.31471696 2.57750526 -1.96285273 1.37016747 -1.33797683 0.60248945 -1.35139052 
2.84771731 15.60647196 -11.43167677 9.38435817 -8.13433344 6.83494751 -6.40049752 5.53140813 -4.72828497 3.91051607 -3.62983510 2.63422823 -3.11915130 
3.07350618 13.81002816 -9.00724043 6.57465718 -5.12582189 3.76656939 -3.37895419 2.63543086 -2.01400806 1.41460291 -1.37597037 0.63449756 -1.37790284 
3.26237972 15.60999040 -11.43672330 9.39054849 -8.14132701 6.84244765 -6.40824168 5.53916935 -4.73587069 3.91776822 -3.63662521 2.64045763 -3.12474762 
3.26237972 15.60999040 -11.43672330 9.39054849 -8.14132701 6.84244765 -6.40824168 5.53916935 -4.73587069 3.91776822 -3.63662521 2.64045763 -3.12474762 
3.06775674 13.72379400 -8.89851906 6.45677987 -5.00765098 3.65355430 -3.27448696 2.54132646 -1.93098597 1.34255470 -1.31442170 0.58268764 -1.33502229 
3.06060606 13.79358955 -8.98646151 6.55207220 -5.10312567 3.74481285 -3.35879777 2.61723427 -1.99792069 1.40061449 -1.36399833 0.62440255 -1.36953399 
3.05482434 13.70669570 -8.87704461 6.43358301 -4.98448029 3.63147142 -3.25414309 2.52306044 -1.91492175 1.32865499 -1.30258061 0.57274584 -1.32681423 
2.80381370 15.60631424 -11.43145056 9.38408072 -8.13402003 6.83461143 -6.40015054 5.53106041 -4.72794515 3.91019121 -3.62953096 2.63394924 -3.11890067 
2.78896235 15.60625930 -11.43137178 9.38398409 -8.13391087 6.83449438 -6.40002969 5.53093931 -4.72782679 3.91007807 -3.62942504 2.63385206 -3.11881338 
2.77399990 15.60620312 -11.43129121 9.38388527 -8.13379925 6.83437468 -6.39990611 5.53081547 -4.72770576 3.90996237 -3.62931672 2.63375270 -3.11872413 
2.75892466 15.60614566 -11.43120881 9.38378421 -8.13368508 6.83425226 -6.39977973 5.53068881 -4.72758199 3.90984405 -3.62920595 2.63365108 -3.11863284 
2.49416175 12.73394192 -7.70000718 5.20649422 -3.80003792 2.53864844 -2.27817554 1.67240189 -1.18762037 0.71546835 -0.79258705 0.15373082 -0.98789415 
2.46459798 13.00408830 -8.01811590 5.52941265 -4.10361777 2.81167403 -2.51596756 1.87464763 -1.35647453 0.85471107 -0.90602282 0.24519700 -1.06055457 
2.44225948 12.63774339 -7.58834802 5.09471253 -3.69637065 2.44661767 -2.19902190 1.60589054 -1.13273043 0.67067872 -0.75644822 0.12483536 -0.96512234 
2.41182525 12.91341547 -7.91059632 5.41953295 -3.99964300 2.71758370 -2.43353017 1.80413211 -1.29728028 0.80565587 -0.86587879 0.21269948 -1.03464176 
2.65009117 15.60570421 -11.43057572 9.38300774 -8.13280798 6.83331174 -6.39880872 5.52971578 -4.72663106 3.90893503 -3.62835492 2.63287041 -3.11793156 
2.63404856 15.60563499 -11.43047646 9.38288599 -8.13267045 6.83316428 -6.39865648 5.52956322 -4.72648197 3.90879251 -3.62822150 2.63274801 -3.11782162 
2.61787623 15.60556408 -11.43037477 9.38276128 -8.13252957 6.83301322 -6.39850052 5.52940694 -4.72632924 3.90864652 -3.62808482 2.63262263 -3.11770899 
2.60157206 15.60549142 -11.43027057 9.38263349 -8.13238523 6.83285844 -6.39834073 5.52924682 -4.72617276 3.90849694 -3.62794479 2.63249418 -3.11759360 
2.58513389 15.60541697 -11.43016380 9.38250254 -8.13223731 6.83269982 -6.39817698 5.52908273 -4.72601240 3.90834365 -3.62780128 2.63236253 -3.11747535 
2.56855949 15.60534065 -11.43005435 9.38236830 -8.13208568 6.83253724 -6.39800914 5.52891454 -4.72584804 3.90818653 -3.62765419 2.63222761 -3.11735414 
2.82770612 13.47592719 -8.58987977 6.12613202 -4.68002270 3.34370204 -2.99115297 2.28875159 -1.71038269 1.15289951 -1.15382595 0.44859652 -1.22489923 
2.82131731 13.37647632 -8.46765226 5.99683121 -4.55347413 3.22543014 -2.88424160 2.19450364 -1.62894467 1.08358546 -1.09568231 0.40046704 -1.18569835 
2.81313566 13.45469766 -8.56371105 6.09837009 -4.65277630 3.31817001 -2.96801406 2.26830281 -1.69267115 1.13779138 -1.14112641 0.43806440 -1.21630551 
2.80670735 13.35441934 -8.44066808 5.96841197 -4.52578025 3.19965502 -2.86103618 2.17412656 -1.61140322 1.06870754 -1.08324273 0.39020059 -1.17736022 
2.79845982 13.43314815 -8.53719072 6.07027892 -4.62524863 3.29241195 -2.94470326 2.24773023 -1.67487575 1.12263025 -1.12839686 0.42751843 -1.20770907 
3.01205343 15.60999040 -11.43672330 9.39054849 -8.14132701 6.84244765 -6.40824168 5.53916935 -4.73587069 3.91776822 -3.63662521 2.64045763 -3.12474762 
2.79199155 13.33203126 -8.41332499 5.93966152 -4.49780807 3.17366045 -2.83766765 2.15363547 -1.59378773 1.05378579 -1.07078127 0.37992715 -1.16902498 
2.50085325 15.60501544 -11.42958800 9.38179636 -8.13143964 6.83184452 -6.39729398 5.52819792 -4.72514772 3.90751710 -3.62702749 2.63165273 -3.11683775 
2.48356240 15.60492881 -11.42946377 9.38164400 -8.13126754 6.83165999 -6.39710349 5.52800704 -4.72496118 3.90733879 -3.62686056 2.63149960 -3.11670020 
2.46612076 15.60483990 -11.42933627 9.38148764 -8.13109092 6.83147061 -6.39690798 5.52781113 -4.72476974 3.90715579 -3.62668924 2.63134245 -3.11655904 
2.73867191 13.34361328 -8.42746458 5.95452299 -4.51226165 3.18708720 -2.84973366 2.16421209 -1.60287705 1.06148280 -1.07720735 0.38522352 -1.17332106 
2.73203901 13.23902650 -8.30023328 5.82125081 -4.38307690 3.06746057 -2.74256044 2.07054596 -1.52261088 0.99369044 -1.02074718 0.33879212 -1.13573841 
2.43077444 15.60465491 -11.42907099 9.38116231 -8.13072345 6.83107659 -6.39650122 5.52740354 -4.72437143 3.90677505 -3.62633282 2.63101550 -3.11626535 
2.41286423 15.60455865 -11.42893297 9.38099303 -8.13053225 6.83087159 -6.39628958 5.52719148 -4.72416419 3.90657696 -3.62614737 2.63084540 -3.11611256 
2.09985924 11.93930736 -6.80302527 4.33205199 -3.00956837 1.85353876 -1.70222935 1.19880583 -0.80466537 0.40854518 -0.54886092 -0.03857760 -0.83821416 
2.45218453 9.44543728 -4.35859389 2.24297843 -1.34245757 0.56258008 -0.72447079 0.46845569 -0.26409671 0.00462727 -0.24580732 -0.26917961 -0.66501754 
2.65452451 13.11442970 -8.14998071 5.66518776 -4.23304189 2.92961736 -2.62000619 1.96422345 -1.43214098 0.91777770 -0.95790642 0.28739593 -1.09435383 
2.64555616 13.19848142 -8.25118201 5.77014462 -4.33379624 3.02205385 -2.70207750 2.03533051 -1.49256896 0.96842274 -0.99978466 0.32161349 -1.12188011 
2.63866105 13.08831574 -8.11867144 5.63284910 -4.20212183 2.90135811 -2.59500843 1.94264248 -1.41386388 0.90250787 -0.94531673 0.27713623 -1.08612105 
2.32082540 15.60403598 -11.42818349 9.38007390 -8.12949409 6.82975846 -6.39514048 5.52604006 -4.72303903 3.90550146 -3.62514056 2.62992187 -3.11528300 
2.61354555 13.14695510 -8.18906503 5.70564506 -4.27180672 2.96511833 -2.65147169 1.99143969 -1.45523259 0.93710219 -0.97386380 0.30041812 -1.10481715 
2.84529022 15.60999040 -11.43672330 9.39054849 -8.14132701 6.84244765 -6.40824168 5.53916935 -4.73587069 3.91776822 -3.63662521 2.64045763 -3.12474762 
2.60655870 13.03482140 -8.05473102 5.56700160 -4.13934442 2.84414103 -2.54452982 1.89917541 -1.37714192 0.87189745 -0.92013173 0.25665059 -1.06971179 
2.59734948 13.12056122 -8.15734121 5.67279937 -4.24032810 2.93628400 -2.62590979 1.96932543 -1.43646621 0.92139458 -0.96089101 0.28983001 -1.09630844 
2.59031590 13.00742186 -8.02208327 5.53348136 -4.10748104 2.81518148 -2.51905032 1.87729259 -1.35870130 0.85656133 -0.90754067 0.24642840 -1.06153848 
2.26349794 15.60368536 -11.42768073 9.37945735 -8.12879771 6.82901183 -6.39436972 5.52526778 -4.72228436 3.90478011 -3.62446529 2.62930247 -3.11472664 
2.24401773 15.60356159 -11.42750325 9.37923971 -8.12855190 6.82874827 -6.39409765 5.52499517 -4.72201797 3.90452549 -3.62422694 2.62908384 -3.11453026 
2.54797395 13.03873956 -8.05940533 5.57180644 -4.14391697 2.84830140 -2.54819409 1.90232563 -1.37979918 0.87410933 -0.92194919 0.25812719 -1.07089325 
2.54079667 12.92249273 -7.92132602 5.43046461 -4.00995626 2.72688985 -2.44166123 1.81106873 -1.30308833 0.81045784 -0.86980000 0.21586774 -1.03716349 
2.20447869 15.60330286 -11.42713226 9.37878477 -8.12803807 6.82819736 -6.39352897 5.52442537 -4.72146118 3.90399330 -3.62372875 2.62862688 -3.11411981 
2.51437963 12.98188808 -7.99172094 5.50236920 -4.07796374 2.78840358 -2.49553227 1.85712900 -1.34173742 0.84247461 -0.89599141 0.23706359 -1.05405950 
2.75638669 15.60999040 -11.43672330 9.39054849 -8.14132701 6.84244765 -6.40824168 5.53916935 -4.73587069 3.91776822 -3.63662521 2.64045763 -3.12474762 
2.75638669 15.60999040 -11.43672330 9.39054849 -8.14132701 6.84244765 -6.40824168 5.53916935 -4.73587069 3.91776822 -3.63662521 2.64045763 -3.12474762 
2.75638669 15.60999040 -11.43672330 9.39054849 -8.14132701 6.84244765 -6.40824168 5.53916935 -4.73587069 3.91776822 -3.63662521 2.64045763 -3.12474762 
2.50710352 12.86349080 -7.85171888 5.35968002 -3.94329795 2.66684549 -2.38928693 1.76646037 -1.26579534 0.77966829 -0.84469022 0.19560260 -1.02105119 
2.16414222 15.60302820 -11.42673845 9.37830184 -8.12749264 6.82761259 -6.39292532 5.52382054 -4.72087017 3.90342841 -3.62319996 2.62814185 -3.11368416 
2.14366476 15.60288449 -11.42653239 9.37804916 -8.12720725 6.82730662 -6.39260949 5.52350409 -4.72056096 3.90313286 -3.62292330 2.62788809 -3.11345623 
2.46292750 12.89293329 -7.88641342 5.39492218 -3.97644962 2.69667679 -2.41528145 1.78857906 -1.28426962 0.79490798 -0.85710899 0.20561845 -1.02900936 
2.45549839 12.77118478 -7.74346354 5.25021930 -3.84078986 2.57499645 -2.30957967 1.69890530 -1.20958396 0.73345780 -0.80715151 0.16541052 -0.99712439 
2.44548452 12.86225342 -7.85026251 5.35820238 -3.94190952 2.66559747 -2.38820056 1.76553690 -1.26502477 0.77903319 -0.84417309 0.19518582 -1.02072026 
2.69484337 15.60999040 -11.43672330 9.39054849 -8.14132701 6.84244765 -6.40824168 5.53916935 -4.73587069 3.91776822 -3.63662521 2.64045763 -3.12474762 
2.43800310 12.73935279 -7.70631287 5.21283124 -3.80593708 2.54390418 -2.28271149 1.67622600 -1.19078628 0.71805907 -0.79468279 0.15541026 -0.98922048 
2.08094356 15.60242563 -11.42587448 9.37724240 -8.12629610 6.82632977 -6.39160115 5.52249381 -4.71957378 3.90218932 -3.62204008 2.62707798 -3.11272860 
2.41014531 12.79927529 -7.77632486 5.28336579 -3.87175724 2.60268088 -2.33355176 1.71917971 -1.22641984 0.74727287 -0.81835521 0.17440831 -1.00424505 
2.40255726 12.67401535 -7.63034979 5.13666425 -3.73519006 2.48100627 -2.22853792 1.63064321 -1.15311944 0.68728749 -0.76982831 0.13551929 -0.97353137 
2.39224391 12.76695026 -7.73851613 5.24523507 -3.83613887 2.57084325 -2.30598735 1.69587031 -1.20706625 0.73139373 -0.80547900 0.16406829 -0.99606291 
2.64741032 15.60999040 -11.43672330 9.39054849 -8.14132701 6.84244765 -6.40824168 5.53916935 -4.73587069 3.91776822 -3.63662521 2.64045763 -3.12474762 
2.38460151 12.64048226 -7.59151534 5.09787202 -3.69929059 2.44920125 -2.20123687 1.60774600 -1.13425719 0.67192122 -0.75744833 0.12563335 -0.96574998 
2.37418444 12.73404935 -7.70013234 5.20661998 -3.80015497 2.53875270 -2.27826551 1.67247772 -1.18768314 0.71551971 -0.79262859 0.15376411 -0.98792044 
2.36648699 12.60635373 -7.55209713 5.05859831 -3.66303710 2.41715952 -2.17379614 1.58478269 -1.11538052 0.65657251 -0.74510384 0.11579037 -0.95801326 
2.35596414 12.70055804 -7.66116182 5.16751333 -3.76380258 2.50640937 -2.25038838 1.64900516 -1.16827410 0.69965428 -0.77980704 0.14349830 -0.97981967 
2.61515156 15.60999040 -11.43672330 9.39054849 -8.14132701 6.84244765 -6.40824168 5.53916935 -4.73587069 3.91776822 -3.63662521 2.64045763 -3.12474762 
2.34821092 12.57161478 -7.51208347 5.01883630 -3.62642717 2.38488174 -2.14621832 1.56175680 -1.09649322 0.64124491 -0.73279790 0.10599283 -0.95032318 
2.33758019 12.66646136 -7.62159257 5.12790788 -3.72707882 2.47381355 -2.22235831 1.62545600 -1.14884286 0.68380100 -0.76701752 0.13327348 -0.97176270 
2.59882494 15.60999040 -11.43672330 9.39054849 -8.14132701 6.84244765 -6.40824168 5.53916935 -4.73587069 3.91776822 -3.63662521 2.64045763 -3.12474762 
2.59882494 15.60999040 -11.43672330 9.39054849 -8.14132701 6.84244765 -6.40824168 5.53916935 -4.73587069 3.91776822 -3.63662521 2.64045763 -3.12474762 
2.59882494 15.60999040 -11.43672330 9.39054849 -8.14132701 6.84244765 -6.40824168 5.53916935 -4.73587069 3.91776822 -3.63662521 2.64045763 -3.12474762 
2.59882494 15.60999040 -11.43672330 9.39054849 -8.14132701 6.84244765 -6.40824168 5.53916935 -4.73587069 3.91776822 -3.63662521 2.64045763 -3.12474762 
2.59882494 15.60999040 -11.43672330 9.39054849 -8.14132701 6.84244765 -6.40824168 5.53916935 -4.73587069 3.91776822 -3.63662521 2.64045763 -3.12474762 
2.59882494 15.60999040 -11.43672330 9.39054849 -8.14132701 6.84244765 -6.40824168 5.53916935 -4.73587069 3.91776822 -3.63662521 2.64045763 -3.12474762 
2.32977048 12.53624993 -7.47146237 4.97857908 -3.58945845 2.35236876 -2.11850621 1.53867205 -1.07759921 0.62594205 -0.72053364 0.09624326 -0.94268170 
2.31902970 12.63174379 -7.58141231 5.08779626 -3.68998087 2.44096569 -2.19417777 1.60183381 -1.12939330 0.66796355 -0.75426324 0.12309229 -0.96375163 
2.58236394 15.60999040 -11.43672330 9.39054849 -8.14132701 6.84244765 -6.40824168 5.53916935 -4.73587069 3.91776822 -3.63662521 2.64045763 -3.12474762 
2.58236394 15.60999040 -11.43672330 9.39054849 -8.14132701 6.84244765 -6.40824168 5.53916935 -4.73587069 3.91776822 -3.63662521 2.64045763 -3.12474762 
2.58236394 15.60999040 -11.43672330 9.39054849 -8.14132701 6.84244765 -6.40824168 5.53916935 -4.73587069 3.91776822 -3.63662521 2.64045763 -3.12474762 
2.58236394 15.60999040 -11.43672330 9.39054849 -8.14132701 6.84244765 -6.40824168 5.53916935 -4.73587069 3.91776822 -3.63662521 2.64045763 -3.12474762 
2.58236394 15.60999040 -11.43672330 9.39054849 -8.14132701 6.84244765 -6.40824168 5.53916935 -4.73587069 3.91776822 -3.63662521 2.64045763 -3.12474762 
2.31116277 12.50024318 -7.43022156 4.93781969 -3.55212869 2.31962159 -2.09066276 1.51553231 -1.05870254 0.61066767 -0.70831427 0.08654422 -0.93509081 
1.92645974 15.60116543 -11.42406771 9.37502699 -8.12379415 6.82364753 -6.38883257 5.51972001 -4.71686352 3.89959897 -3.61961542 2.62485410 -3.11073120 
1.90338333 15.60096000 -11.42377320 9.37466589 -8.12338636 6.82321037 -6.38838135 5.51926796 -4.71642184 3.89917685 -3.61922031 2.62449172 -3.11040573 
2.26234897 12.52370291 -7.45707801 4.96434980 -3.57641500 2.34091697 -2.10876144 1.53056727 -1.07097572 0.62058470 -0.71624529 0.09283771 -0.94001511 
2.25430584 12.38820322 -7.30265343 4.81245813 -3.43795228 2.21998794 -2.00637712 1.44582465 -1.00203943 0.56505439 -0.67195840 0.05777649 -0.91264178 
2.59884360 9.81965785 -4.68983039 2.49881947 -1.52685606 0.69246563 -0.81434150 0.53011846 -0.30621159 0.03445420 -0.26739709 -0.25277369 -0.67722552 
2.80336357 13.44036728 -8.54607028 6.07967953 -4.63445597 3.30102319 -2.95249265 2.25460149 -1.68081681 1.12768977 -1.13264329 0.43103521 -1.21057478 
2.53215209 15.60999040 -11.43672330 9.39054849 -8.14132701 6.84244765 -6.40824168 5.53916935 -4.73587069 3.91776822 -3.63662521 2.64045763 -3.12474762 
2.53215209 15.60999040 -11.43672330 9.39054849 -8.14132701 6.84244765 -6.40824168 5.53916935 -4.73587069 3.91776822 -3.63662521 2.64045763 -3.12474762 
2.25430584 12.38820322 -7.30265343 4.81245813 -3.43795228 2.21998794 -2.00637712 1.44582465 -1.00203943 0.56505439 -0.67195840 0.05777649 -0.91264178 
2.24310188 12.48633608 -7.41432462 4.92213853 -3.53779392 2.30706895 -2.08000811 1.50669217 -1.05149471 0.60484966 -0.70366578 0.08285845 -0.93220906 
2.79690867 13.33953117 -8.42247962 5.94928210 -4.50716323 3.18234977 -2.84547529 2.16047846 -1.59966771 1.05876449 -1.07493743 0.38335232 -1.17180300 
2.80336357 13.44036728 -8.54607028 6.07967953 -4.63445597 3.30102319 -2.95249265 2.25460149 -1.68081681 1.12768977 -1.13264329 0.43103521 -1.21057478 
2.53215209 15.60999040 -11.43672330 9.39054849 -8.14132701 6.84244765 -6.40824168 5.53916935 -4.73587069 3.91776822 -3.63662521 2.64045763 -3.12474762 
2.53215209 15.60999040 -11.43672330 9.39054849 -8.14132701 6.84244765 -6.40824168 5.53916935 -4.73587069 3.91776822 -3.63662521 2.64045763 -3.12474762 
2.53215209 15.60999040 -11.43672330 9.39054849 -8.14132701 6.84244765 -6.40824168 5.53916935 -4.73587069 3.91776822 -3.63662521 2.64045763 -3.12474762 
2.53215209 15.60999040 -11.43672330 9.39054849 -8.14132701 6.84244765 -6.40824168 5.53916935 -4.73587069 3.91776822 -3.63662521 2.64045763 -3.12474762 
2.53215209 15.60999040 -11.43672330 9.39054849 -8.14132701 6.84244765 -6.40824168 5.53916935 -4.73587069 3.91776822 -3.63662521 2.64045763 -3.12474762 
2.53215209 15.60999040 -11.43672330 9.39054849 -8.14132701 6.84244765 -6.40824168 5.53916935 -4.73587069 3.91776822 -3.63662521 2.64045763 -3.12474762 
2.53215209 15.60999040 -11.43672330 9.39054849 -8.14132701 6.84244765 -6.40824168 5.53916935 -4.73587069 3.91776822 -3.63662521 2.64045763 -3.12474762 
2.53215209 15.60999040 -11.43672330 9.39054849 -8.14132701 6.84244765 -6.40824168 5.53916935 -4.73587069 3.91776822 -3.63662521 2.64045763 -3.12474762 
2.53215209 15.60999040 -11.43672330 9.39054849 -8.14132701 6.84244765 -6.40824168 5.53916935 -4.73587069 3.91776822 -3.63662521 2.64045763 -3.12474762 
2.53215209 15.60999040 -11.43672330 9.39054849 -8.14132701 6.84244765 -6.40824168 5.53916935 -4.73587069 3.91776822 -3.63662521 2.64045763 -3.12474762 
2.81158903 13.36180812 -8.44970237 5.97792161 -4.53504232 3.20827104 -2.86878943 2.18093162 -1.61725865 1.07367179 -1.08739176 0.39362358 -1.18013934 
2.81800412 13.46180940 -8.57247271 6.10766041 -4.66188953 3.32670572 -2.97574611 2.27513285 -1.69858436 1.14283337 -1.14536299 0.44157671 -1.21917045 
2.54902983 15.60999040 -11.43672330 9.39054849 -8.14132701 6.84244765 -6.40824168 5.53916935 -4.73587069 3.91776822 -3.63662521 2.64045763 -3.12474762 
2.82616404 13.38375625 -8.47656831 6.00623151 -4.56264410 3.23397333 -2.89194054 2.20127055 -1.63477517 1.08853479 -1.09982372 0.40388740 -1.18847816 
2.83253978 13.48293372 -8.59852562 6.13531366 -4.68904287 3.35216277 -2.99882782 2.29554026 -1.71626773 1.15792356 -1.15805223 0.45210392 -1.22776299 
2.84063518 13.40538224 -8.50308365 6.03421649 -4.58997152 3.25945807 -2.91492884 2.22149462 -1.65221613 1.10335211 -1.11223188 0.41414242 -1.19681826 
2.84697204 13.50374673 -8.62423514 6.16264406 -4.71591913 3.37739600 -3.02173825 2.31582333 -1.73386595 1.17295908 -1.17070969 0.46261554 -1.23635122 
2.85500391 13.42669259 -8.52925447 6.06188117 -4.61702752 3.28472668 -2.93775459 2.24160328 -1.66958047 1.11812244 -1.12461486 0.42438732 -1.20515845 
3.07549181 15.60718802 -11.43270372 9.38561777 -8.13575637 6.83647340 -6.40207294 5.53298690 -4.72982794 3.91199110 -3.63121607 2.63549510 -3.12028936 
3.08836726 15.60722384 -11.43275509 9.38568078 -8.13582756 6.83654973 -6.40215175 5.53306589 -4.72990514 3.91206490 -3.63128517 2.63555849 -3.12034630 
3.10116035 15.60725897 -11.43280549 9.38574259 -8.13589739 6.83662462 -6.40222907 5.53314337 -4.72998086 3.91213729 -3.63135295 2.63562066 -3.12040216 
2.90369529 13.58400917 -8.72375770 6.26882981 -4.82071520 3.47612443 -3.11167798 2.39570625 -1.80339057 1.23253184 -1.22099672 0.50448167 -1.27063850 
2.91148253 13.50890208 -8.63060958 6.16942676 -4.72259526 3.38366953 -3.02743915 2.32087463 -1.73825210 1.17670928 -1.17386894 0.46524086 -1.23849747 
3.12650362 15.60732727 -11.43290344 9.38586274 -8.13603311 6.83677017 -6.40237935 5.53329397 -4.73012805 3.91227800 -3.63148469 2.63574152 -3.12051073 
3.13905584 15.60736046 -11.43295104 9.38592113 -8.13609908 6.83684091 -6.40245238 5.53336717 -4.73019959 3.91234639 -3.63154872 2.63580026 -3.12056350 
3.15152977 15.60739304 -11.43299776 9.38597843 -8.13616382 6.83691033 -6.40252406 5.53343900 -4.73026980 3.91241351 -3.63161156 2.63585791 -3.12061529 
3.36916655 14.02235109 -9.27789896 6.87125065 -5.42626245 4.05679125 -3.64984677 2.88176236 -2.23331478 1.60655676 -1.54128106 0.77470124 -1.49478104 
3.38424344 14.23722834 -9.55612686 7.18076365 -5.74442447 4.36849766 -3.94480345 3.15355404 -2.47839848 1.82367073 -1.73040076 0.93681223 -1.63130396 
3.20066177 15.60751747 -11.43317623 9.38619734 -8.13641111 6.83717553 -6.40279788 5.53371341 -4.73053799 3.91266990 -3.63185161 2.63607813 -3.12081312 
3.21275847 15.60754718 -11.43321884 9.38624961 -8.13647016 6.83723885 -6.40286326 5.53377893 -4.73060203 3.91273112 -3.63190893 2.63613072 -3.12086036 
3.22478245 15.60757636 -11.43326069 9.38630094 -8.13652815 6.83730104 -6.40292747 5.53384328 -4.73066493 3.91279125 -3.63196522 2.63618236 -3.12090676 
3.23673457 15.60760502 -11.43330179 9.38635136 -8.13658511 6.83736213 -6.40299054 5.53390649 -4.73072670 3.91285031 -3.63202051 2.63623308 -3.12095233 
3.24861569 15.60763317 -11.43334217 9.38640088 -8.13664106 6.83742213 -6.40305249 5.53396858 -4.73078738 3.91290832 -3.63207483 2.63628291 -3.12099709 
3.26042664 15.60766083 -11.43338184 9.38644954 -8.13669603 6.83748107 -6.40311336 5.53402957 -4.73084700 3.91296531 -3.63212819 2.63633186 -3.12104107 
3.46668802 14.13133926 -9.41847587 7.02705234 -5.58583478 4.21257655 -3.79675648 3.01668439 -2.35458760 1.71366260 -1.63430719 0.85422570 -1.56157877 
3.64331996 15.60364450 -11.42762214 9.37938551 -8.12871657 6.82892482 -6.39427991 5.52517779 -4.72219642 3.90469606 -3.62438661 2.62923030 -3.11466181 
3.50203518 14.35355865 -9.70857078 7.35231556 -5.92275884 4.54510558 -4.11367504 3.31074154 -2.62152382 1.95163074 -1.84283433 1.03397614 -1.71377022 
3.32986409 15.60781699 -11.43360582 9.38672428 -8.13700641 6.83781392 -6.40345703 5.53437399 -4.73118362 3.91328712 -3.63242949 2.63660828 -3.12128939 
3.34120618 15.60784148 -11.43364095 9.38676737 -8.13705509 6.83786613 -6.40351093 5.53442802 -4.73123642 3.91333760 -3.63247675 2.63665164 -3.12132834 
3.35248432 15.60786557 -11.43367549 9.38680974 -8.13710296 6.83791747 -6.40356394 5.53448114 -4.73128834 3.91338724 -3.63252322 2.63669427 -3.12136664 
3.36369921 15.60788925 -11.43370946 9.38685140 -8.13715003 6.83796794 -6.40361605 5.53453337 -4.73133939 3.91343604 -3.63256892 2.63673619 -3.12140430 
3.37485157 15.60791254 -11.43374286 9.38689237 -8.13719631 6.83801758 -6.40366730 5.53458473 -4.73138959 3.91348403 -3.63261385 2.63677742 -3.12144133 
3.56978668 14.23996300 -9.55969579 7.18476409 -5.74856707 4.37258497 -3.94869765 3.15716618 -2.48167642 1.82659201 -1.73295982 0.93901745 -1.63317052 
3.58357130 14.42930090 -9.80851417 7.46553542 -6.04121726 4.66314736 -4.22722700 3.41705358 -2.71886895 2.03912384 -1.92009859 1.10106305 -1.77096671 
3.41884934 15.60800192 -11.43387106 9.38704963 -8.13737397 6.83820810 -6.40386402 5.53478188 -4.73158228 3.91366824 -3.63278632 2.63693565 -3.12158348 
3.60959348 14.28014428 -9.61221683 7.24372316 -5.80971034 4.43299658 -4.00633339 3.21069751 -2.53031650 1.86999181 -1.77102154 0.97185159 -1.66099054 
3.62313322 14.46468716 -9.85539315 7.51884521 -6.09720126 4.71913400 -4.28127083 3.46782122 -2.76550459 2.08116762 -1.95733460 1.13348233 -1.79867845 
3.63894078 14.30915430 -9.65023066 7.28649936 -5.85417505 4.47702808 -4.04843335 3.24988200 -2.56599308 1.90188600 -1.79904385 0.99606657 -1.68154125 
3.80215478 15.60457488 -11.42895623 9.38102156 -8.13056447 6.83090614 -6.39632525 5.52722722 -4.72419912 3.90661035 -3.62617863 2.63087407 -3.11613831 
3.96848563 14.55446860 -9.97486617 7.65529209 -6.24109243 4.86361109 -4.42127866 3.59983815 -2.88721769 2.19127480 -2.05517014 1.21892471 -1.87192913 
3.98761420 14.79567268 -10.29962644 8.03039899 -6.64102645 5.26943370 -4.81859350 3.97820498 -3.23939852 2.51277237 -2.34330713 1.47261436 -2.09111506 
3.71876256 14.54665069 -9.96443243 7.64334263 -6.22845677 4.85089087 -4.40892079 3.58815718 -2.87642314 2.18148787 -2.04645566 1.21129904 -1.86537920 
3.73378687 14.39942746 -9.76903075 7.42073637 -5.99427349 4.61629978 -4.18209700 3.37474274 -2.68007543 2.00421274 -1.88923227 1.07423253 -1.74806731 
3.89001495 15.60502966 -11.42960839 9.38182137 -8.13146789 6.83187481 -6.39732526 5.52822926 -4.72517835 3.90754637 -3.62705489 2.63167786 -3.11686033 
3.76492432 14.58445320 -10.01493722 7.70124354 -6.28974352 4.91264676 -4.46897310 3.64497101 -2.92897090 2.22916951 -2.08894535 1.24850717 -1.89736082 
3.77958518 14.44115650 -9.82420702 7.48336655 -6.05992813 4.68184496 -4.24526252 3.43398374 -2.73441051 2.05312605 -1.93249199 1.11184702 -1.78017966 
4.07288779 14.63786060 -10.08652149 7.78356610 -6.37714309 5.00097087 -4.55510210 3.72667658 -3.00473886 2.29809142 -2.15050704 1.30253609 -1.94389879 
4.09111872 14.86212817 -10.39007395 8.13595227 -6.75469540 5.38588519 -4.93366187 4.08876540 -3.34319016 2.60829039 -2.42957225 1.54911608 -2.15766752 
4.11164138 14.66739062 -10.12621811 7.82934617 -6.42587935 5.05035193 -4.60337824 3.77258570 -3.04741221 2.33699581 -2.18533059 1.33315969 -1.97032686 
4.12954886 14.88559932 -10.42211901 8.17346148 -6.79520589 5.42750290 -4.97489585 4.12848665 -3.38057234 2.64277378 -2.46078486 1.57685439 -2.18184681 
4.01496666 15.60561154 -11.43044283 9.38284476 -8.13262387 6.83311433 -6.39860491 5.52951155 -4.72643147 3.90874424 -3.62817631 2.63270656 -3.11778438 
4.03105228 15.60568132 -11.43054290 9.38296748 -8.13276250 6.83326298 -6.39875838 5.52966534 -4.72658176 3.90888791 -3.62831080 2.63282993 -3.11789521 
4.04700956 15.60574944 -11.43064059 9.38308730 -8.13289785 6.83340811 -6.39890821 5.52981548 -4.72672849 3.90902817 -3.62844212 2.63295039 -3.11800341 
4.06284052 15.60581597 -11.43073599 9.38320430 -8.13303001 6.83354983 -6.39905453 5.52996210 -4.72687178 3.90916514 -3.62857035 2.63306802 -3.11810908 
4.07854717 15.60588093 -11.43082916 9.38331858 -8.13315910 6.83368825 -6.39919743 5.53010529 -4.72701172 3.90929892 -3.62869559 2.63318291 -3.11821228 
4.22360927 14.74853893 -10.23573062 7.95611499 -6.56132528 5.18806981 -4.73847052 3.90147453 -3.16759379 2.44688985 -2.28397633 1.42013998 -2.04558209 
4.24061117 14.94992096 -10.51020525 8.27686894 -6.90720315 5.54287317 -5.08950178 4.23916680 -3.48498741 2.73931338 -2.54835825 1.65484003 -2.24995948 
4.00549358 14.76389296 -10.25652179 7.98026058 -6.58720487 5.21446304 -4.76443621 3.92631770 -3.19082138 2.46818365 -2.30313711 1.43707363 -2.06026509 
4.01840332 14.64012419 -10.08956147 7.78706871 -6.38086853 5.00474235 -4.55878611 3.73017714 -3.00799017 2.30105339 -2.15315646 1.30486443 -1.94590688 
3.90631162 12.99149599 -8.00313869 5.51406196 -4.08905066 2.79845597 -2.50435617 1.86469040 -1.34809576 0.84775214 -0.90031648 0.24056930 -1.05685826 
3.58741758 15.60999040 -11.43672330 9.39054849 -8.14132701 6.84244765 -6.40824168 5.53916935 -4.73587069 3.91776822 -3.63662521 2.64045763 -3.12474762 
3.58741758 15.60999040 -11.43672330 9.39054849 -8.14132701 6.84244765 -6.40824168 5.53916935 -4.73587069 3.91776822 -3.63662521 2.64045763 -3.12474762 
3.42162532 14.14654085 -9.43817228 7.04897708 -5.60838540 4.23468169 -3.81768456 3.03597818 -2.37199333 1.72908832 -1.64774905 0.86575184 -1.57128871 
3.41572104 14.20484343 -9.51391573 7.13350680 -5.69554635 4.32032707 -3.89895953 3.11107635 -2.43989079 1.78938639 -1.70039529 0.91097791 -1.60945531 
