11.02707685 0.18933901 -0.10607878 -0.01557831 -0.12497992 -0.19139899 -0.26123918 0.17352708 -0.09218777 -0.13523552 -0.14692715 -0.36891869 -0.58922797 
4.15476609 14.90065648 -10.44270403 8.19758743 -6.82129458 5.45433650 -5.00151256 4.15415525 -3.40475506 2.66510372 -2.48101610 1.59484987 -2.19754678 
4.37429920 14.98725683 -10.56151564 8.33730676 -6.97287434 5.61073300 -5.15711475 4.30465278 -3.54693812 2.79674217 -2.60058329 1.70145668 -2.29076554 
4.68401348 14.04281819 -9.30421297 6.90032369 -5.45594860 4.08568805 -3.67701971 2.90664920 -2.25562444 1.62621071 -1.55831071 0.78922679 -1.50695593 
4.85969096 15.60951945 -11.43604773 9.38971973 -8.14039063 6.84144337 -6.40720464 5.53812994 -4.73485471 3.91679686 -3.63571568 2.63962315 -3.12399790 
4.95296664 15.16825359 -10.81213179 8.63462886 -7.29818938 5.94913148 -5.49645244 4.63535285 -3.86164631 3.09012441 -2.86880965 1.94208715 -2.50241376 
5.04090968 15.60841936 -11.43446980 9.38778407 -8.13820371 6.83909794 -6.40478281 5.53570269 -4.73248227 3.91452866 -3.63359192 2.63767472 -3.12224744 
5.13084507 15.21315275 -10.87478116 8.70949953 -7.38068782 6.03552656 -5.58364898 4.72085839 -3.94350085 3.16686100 -2.93933962 2.00567731 -2.55861020 
5.21594463 15.60702447 -11.43246916 9.38533007 -8.13543136 6.83612487 -6.40171309 5.53262628 -4.72947549 3.91165417 -3.63090062 2.63520571 -3.12002939 
5.22918957 15.60706346 -11.43252508 9.38539865 -8.13550884 6.83620795 -6.40179887 5.53271225 -4.72955951 3.91173449 -3.63097582 2.63527470 -3.12009137 
5.24234736 15.60710169 -11.43257990 9.38546590 -8.13558481 6.83628941 -6.40188298 5.53279654 -4.72964189 3.91181324 -3.63104955 2.63534234 -3.12015213 
5.25541917 15.60713917 -11.43263366 9.38553183 -8.13565929 6.83636929 -6.40196545 5.53287918 -4.72972266 3.91189046 -3.63112185 2.63540866 -3.12021171 
5.19630562 15.32657189 -11.03388543 8.90060827 -7.59229734 6.25816699 -5.80936493 4.94315176 -4.15718027 3.36796177 -3.12485784 2.17352314 -2.70742938 
5.13072340 15.60855425 -11.43466327 9.38802140 -8.13847184 6.83938550 -6.40507973 5.53600027 -4.73277311 3.91480672 -3.63385227 2.63791357 -3.12246202 
5.06314948 15.27031515 -10.95481714 8.80546238 -7.48676112 6.14694487 -5.69642680 4.83175661 -4.04994605 3.26690163 -3.03150761 2.08896255 -2.63236803 
4.90507206 15.19566120 -10.85035194 8.68027905 -7.34846307 6.00175242 -5.54953500 4.68738101 -3.91143006 3.13677515 -2.91166953 1.98071484 -2.53653759 
4.81778886 15.60999040 -11.43672330 9.39054849 -8.14132701 6.84244765 -6.40824168 5.53916935 -4.73587069 3.91776822 -3.63662521 2.64045763 -3.12474762 
4.81778886 15.60999040 -11.43672330 9.39054849 -8.14132701 6.84244765 -6.40824168 5.53916935 -4.73587069 3.91776822 -3.63662521 2.64045763 -3.12474762 
4.72782916 15.09894292 -10.71579445 8.51992257 -7.17224509 5.81768540 -5.36421945 4.50609008 -3.73827345 2.97479305 -2.76309091 1.84701138 -2.41859389 
4.52718012 14.97121838 -10.53945792 8.31130702 -6.94460409 5.58150163 -5.12797147 4.27640929 -3.52020393 2.77194581 -2.57802209 1.68130846 -2.27312053 
4.40722800 15.60703103 -11.43247856 9.38534159 -8.13544438 6.83613883 -6.40172750 5.53264073 -4.72948961 3.91166766 -3.63091326 2.63521730 -3.12003981 
4.50472224 15.05301146 -10.65220332 8.44448965 -7.08972074 5.73185338 -5.27816075 4.42223335 -3.65848275 2.90041941 -2.69510353 1.78602675 -2.36496135 
4.59602867 15.60937739 -11.43584397 9.38946976 -8.14010821 6.84114047 -6.40689186 5.53781646 -4.73454830 3.91650390 -3.63544137 2.63937148 -3.12377181 
4.58998029 15.60937367 -11.43583863 9.38946322 -8.14010081 6.84113254 -6.40688368 5.53780826 -4.73454028 3.91649624 -3.63543419 2.63936490 -3.12376589 
4.68487967 15.10688343 -10.72680818 8.53301020 -7.18658732 5.83262664 -5.37922351 4.52073212 -3.75222552 2.98781555 -2.77501052 1.85771621 -2.42801901 
4.68212968 15.07824784 -10.68711781 8.48587785 -7.13497029 5.77888719 -5.32529037 4.46813046 -3.70213016 2.94108215 -2.73225612 1.81933692 -2.39424267 
4.77952232 14.14851081 -9.44072631 7.05182177 -5.61131301 4.23755308 -3.82040454 3.03848708 -2.37425787 1.73109621 -1.64949951 0.86725347 -1.57255424 
4.86327878 15.17997536 -10.82846921 8.65413243 -7.31965782 5.97159181 -5.51909965 4.65754066 -3.88286823 3.11000303 -2.88706618 1.95853523 -2.51693926 
4.77407127 15.60999040 -11.43672330 9.39054849 -8.14132701 6.84244765 -6.40824168 5.53916935 -4.73587069 3.91776822 -3.63662521 2.64045763 -3.12474762 
4.86603083 15.15725883 -10.79681945 8.61636245 -7.27809692 5.92812489 -5.47528482 4.61462754 -3.84183505 3.07157761 -2.85178537 1.92675698 -2.48888196 
4.86855086 15.18198301 -10.83126872 8.65747595 -7.32333975 5.97544542 -5.52298685 4.66135044 -3.88651347 3.11341870 -2.89020415 1.96136321 -2.51943740 
4.77958851 15.60999040 -11.43672330 9.39054849 -8.14132701 6.84244765 -6.40824168 5.53916935 -4.73587069 3.91776822 -3.63662521 2.64045763 -3.12474762 
4.77958851 15.60999040 -11.43672330 9.39054849 -8.14132701 6.84244765 -6.40824168 5.53916935 -4.73587069 3.91776822 -3.63662521 2.64045763 -3.12474762 
4.68789942 15.08090074 -10.69079160 8.49023678 -7.13974008 5.78384923 -5.33026654 4.47298027 -3.70674568 2.94538509 -2.73619025 1.82286639 -2.39734711 
4.58391357 15.60936992 -11.43583325 9.38945662 -8.14009335 6.84112454 -6.40687541 5.53779998 -4.73453219 3.91648850 -3.63542695 2.63935825 -3.12375992 
4.47661400 14.94336462 -10.50120859 8.26628724 -6.89572127 5.53102456 -5.07771157 4.22776175 -3.47421098 2.72933489 -2.53929372 1.64675714 -2.24289093 
4.35341371 15.60686757 -11.43224413 9.38505405 -8.13511956 6.83579050 -6.40136786 5.53228032 -4.72913737 3.91133093 -3.63059800 2.63492809 -3.11978000 
4.33973080 15.60682459 -11.43218249 9.38497845 -8.13503415 6.83569891 -6.40127330 5.53218555 -4.72904476 3.91124240 -3.63051511 2.63485205 -3.11971169 
4.32595364 15.60678071 -11.43211957 9.38490127 -8.13494696 6.83560542 -6.40117678 5.53208882 -4.72895022 3.91115202 -3.63043050 2.63477443 -3.11964196 
4.42749059 15.01484764 -10.59951848 8.38216562 -7.02171836 5.66130481 -5.20759884 4.35363861 -3.59336114 2.83984854 -2.63984578 1.73655512 -2.32153269 
4.52221216 15.60933044 -11.43577662 9.38938714 -8.14001486 6.84104035 -6.40678848 5.53771285 -4.73444703 3.91640708 -3.63535071 2.63928831 -3.12369708 
4.51593602 15.60932628 -11.43577066 9.38937983 -8.14000660 6.84103149 -6.40677934 5.53770368 -4.73443807 3.91639851 -3.63534269 2.63928095 -3.12369047 
4.50964013 15.60932209 -11.43576464 9.38937245 -8.13999826 6.84102255 -6.40677011 5.53769443 -4.73442902 3.91638986 -3.63533459 2.63927352 -3.12368379 
4.50332435 15.60931786 -11.43575857 9.38936501 -8.13998985 6.84101353 -6.40676078 5.53768509 -4.73441989 3.91638113 -3.63532642 2.63926602 -3.12367706 
4.49698856 15.60931358 -11.43575244 9.38935749 -8.13998135 6.84100441 -6.40675138 5.53767566 -4.73441067 3.91637232 -3.63531817 2.63925845 -3.12367025 
4.59639738 15.06670473 -10.67114044 8.46692955 -7.11424526 5.75733605 -5.30368675 4.44708377 -3.68210778 2.92242247 -2.71520162 1.80404152 -2.38079329 
4.59352972 15.03601768 -10.62872649 8.41669825 -7.05937698 5.70035333 -5.24663531 4.39156863 -3.62935413 2.87331175 -2.67036108 1.76386449 -2.34549735 
4.37822382 14.88616305 -10.42288930 8.17436384 -6.79618121 5.42850562 -4.97589003 4.12944501 -3.38147487 2.64360685 -2.46153936 1.57752529 -2.18243193 
4.36754998 14.98367784 -10.55659132 8.33150001 -6.96655799 5.60419944 -5.15059849 4.29833548 -3.54095639 2.79119225 -2.59553211 1.69694445 -2.28681283 
4.46500502 15.60929159 -11.43572089 9.38931879 -8.13993763 6.84095752 -6.40670296 5.53762713 -4.73436324 3.91632697 -3.63527570 2.63921949 -3.12363525 
4.35115071 14.86970563 -10.40041370 8.14804870 -6.76775303 5.39929312 -4.94693986 4.10155041 -3.35521701 2.61937999 -2.43960603 1.55802966 -2.16543466 
4.34032365 14.96905872 -10.53648960 8.30781032 -6.94080424 5.57757476 -5.12405855 4.27261913 -3.51661809 2.76862145 -2.57499874 1.67860960 -2.27075791 
4.33060348 14.85700328 -10.38308392 8.12777812 -6.74587534 5.37683208 -4.92469989 4.08013931 -3.33507845 2.60081331 -2.42280920 1.54310986 -2.15243529 
4.31965859 14.95776663 -10.52097651 8.28954391 -6.92096269 5.55707845 -5.10364306 4.25285172 -3.49792313 2.75129574 -2.55924697 1.66455278 -2.25845605 
4.30984372 14.84398166 -10.36533448 8.10703447 -6.72350564 5.35388418 -4.90199530 4.05829711 -3.31454904 2.58189905 -2.40570889 1.52792965 -2.13921663 
4.17525671 15.60625930 -11.43137178 9.38398409 -8.13391087 6.83449438 -6.40002969 5.53093931 -4.72782679 3.91007807 -3.62942504 2.63385206 -3.11881338 
4.16029426 15.60620312 -11.43129121 9.38388527 -8.13379925 6.83437468 -6.39990611 5.53081547 -4.72770576 3.90996237 -3.62931672 2.63375270 -3.11872413 
4.14521902 15.60614566 -11.43120881 9.38378421 -8.13368508 6.83425226 -6.39977973 5.53068881 -4.72758199 3.90984405 -3.62920595 2.63365108 -3.11863284 
4.13002930 15.60608689 -11.43112452 9.38368083 -8.13356830 6.83412704 -6.39965044 5.53055926 -4.72745537 3.90972302 -3.62909263 2.63354714 -3.11853946 
4.11472332 15.60602676 -11.43103829 9.38357507 -8.13344883 6.83399893 -6.39951818 5.53042672 -4.72732584 3.90959919 -3.62897671 2.63344079 -3.11844394 
3.97123146 14.55673503 -9.97789202 7.65875871 -6.24475934 4.86730373 -4.42486723 3.60323117 -2.89035413 2.19411925 -2.05770355 1.22114213 -1.87383419 
3.94911752 14.76971382 -10.26440977 7.98942772 -6.59703712 5.22449706 -4.77431401 3.93577431 -3.19966826 2.47629855 -2.31044304 1.44353361 -2.06586916 
4.06021072 15.60580499 -11.43072025 9.38318500 -8.13300820 6.83352644 -6.39903038 5.52993790 -4.72684813 3.90914254 -3.62854919 2.63304861 -3.11809164 
3.91276667 14.50760361 -9.91240716 7.58385478 -6.16565049 4.78775858 -4.34767549 3.53034737 -2.82307206 2.13317845 -2.00349194 1.17374609 -1.83315878 
3.88995234 14.72846221 -10.20857815 7.92461932 -6.52760673 5.15372015 -4.70471349 3.86921026 -3.13745769 2.41928874 -2.25916226 1.39822865 -2.02659828 
3.86994053 14.47043376 -9.86301733 7.52752751 -6.10633161 4.72827684 -4.29010768 3.47613263 -2.77314861 2.08806676 -1.96345135 1.13881319 -1.80323961 
3.68980493 15.59639208 -11.41722540 9.36663865 -8.11432250 6.81349503 -6.37835491 5.50922416 -4.70660957 3.88980001 -3.61044436 2.61644349 -3.10317796 
3.82012965 14.67761051 -10.13997580 7.84523356 -6.44281472 5.06753289 -4.62019515 3.78859680 -3.06231159 2.35059376 -2.19751454 1.34388441 -1.97959070 
3.79946423 14.40703925 -9.77908315 7.43213338 -6.00620721 4.62820051 -4.19355342 3.38547628 -2.68991030 2.01305791 -1.89704808 1.08102268 -1.75385955 
3.61231749 15.59530158 -11.41566252 9.36472297 -8.11215979 6.81117723 -6.37596324 5.50682869 -4.70426963 3.88756418 -3.60835206 2.61452490 -3.10145513 
3.58246785 15.59485864 -11.41502775 9.36394495 -8.11128148 6.81023597 -6.37499202 5.50585596 -4.70331949 3.88665635 -3.60750253 2.61374593 -3.10075566 
3.38499705 13.90720060 -9.13058634 6.70926838 -5.26163229 3.89725315 -3.50047473 2.74552929 -2.11168114 1.49980850 -1.44911755 0.69635230 -1.42932095 
3.34242953 14.32695744 -9.67359872 7.31283766 -5.88159627 4.50422338 -4.07447397 3.27415383 -2.58812237 1.92169486 -1.81646940 1.01114196 -1.69434956 
3.47962355 15.59322828 -11.41269142 9.36108155 -8.10804917 6.80677221 -6.37141820 5.50227678 -4.69982357 3.88331625 -3.60437709 2.61088017 -3.09818248 
3.44771001 15.59268769 -11.41191680 9.36013223 -8.10697762 6.80562399 -6.37023357 5.50109044 -4.69866489 3.88220927 -3.60334129 2.60993047 -3.09732978 
3.41527900 15.59212056 -11.41110420 9.35913640 -8.10585359 6.80441959 -6.36899100 5.49984611 -4.69744960 3.88104823 -3.60225494 2.60893445 -3.09643550 
3.20070267 13.67130937 -8.83268817 6.38575903 -4.93679790 3.58610768 -3.21242313 2.48566353 -1.88208502 1.30028510 -1.27844633 0.55250891 -1.31012714 
3.15362587 14.13320873 -9.42089693 7.02974605 -5.58860412 4.21529000 -3.79932435 3.01905076 -2.35672155 1.71555310 -1.63595397 0.85563731 -1.56276758 
3.11447853 13.55247734 -8.68458784 6.22696383 -4.77932618 3.43706767 -3.07604131 2.36400566 -1.77575975 1.20882349 -1.20095801 0.48777882 -1.25694383 
2.82608672 15.55342402 -11.35572754 9.29135399 -8.02943218 6.72262116 -6.28468716 5.41550499 -4.61515334 3.80249436 -3.52881468 2.54165234 -3.03607007 
2.52352873 12.47236841 -7.39837626 4.90642354 -3.52344330 2.29451492 -2.06936250 1.49786762 -1.04430590 0.59905153 -0.69903641 0.07919001 -0.92934246 
2.43484616 13.28258310 -8.35309739 5.87650051 -4.43651447 3.11684017 -2.78670908 2.10905423 -1.55554736 1.02145934 -1.04383621 0.35775162 -1.15106281 
2.36642106 12.15305760 -7.03864397 4.55648877 -3.20786193 2.02168017 -1.84060430 1.31027567 -0.89304080 0.47814521 -0.60327304 0.00380668 -0.87080336 
2.26943067 13.01444821 -8.03044887 5.54206400 -4.11563339 2.82258562 -2.52556024 1.88287986 -1.36340670 0.86047230 -0.91074987 0.24903259 -1.06361975 
2.75865429 13.65235512 -8.80897725 6.36024440 -4.91140726 3.56199589 -3.19028744 2.46585563 -1.86472127 1.28530660 -1.26572267 0.54185430 -1.30135280 
3.16447776 14.07122630 -9.34080179 6.94081847 -5.49736674 4.12606995 -3.71505206 2.94153465 -2.28694301 1.65383916 -1.58228131 0.80969756 -1.52413394 
3.32419322 15.60126553 -11.42421122 9.37520295 -8.12399286 6.82386055 -6.38905244 5.51994029 -4.71707875 3.89980467 -3.61980795 2.62503069 -3.11088980 
3.49160700 14.34359339 -9.69546182 7.33750911 -5.90731191 4.52975562 -4.09894862 3.29698993 -2.60896368 1.94036861 -1.83291130 1.02537847 -1.70645497 
3.47723837 14.14276214 -9.43327424 7.04352273 -5.60277316 4.22917825 -3.81247228 3.03117125 -2.36765533 1.72524256 -1.64439687 0.86287660 -1.56886586 
3.26633192 15.60074733 -11.42346830 9.37429205 -8.12296419 6.82275780 -6.38791424 5.51879999 -4.71596461 3.89873987 -3.61881129 2.62411659 -3.11006882 
3.04763029 13.53687249 -8.66523723 6.20631654 -4.75894807 3.41786856 -3.05855054 2.34847006 -1.76223815 1.19723704 -1.19117730 0.47963576 -1.25027474 
2.76407629 15.57589481 -11.38786757 9.33067483 -8.07374371 6.77002930 -6.33352656 5.46434615 -4.66279195 3.84795009 -3.57129682 2.58055973 -3.07096716 
2.24622936 8.17726128 -3.32881702 1.50869054 -0.85190402 0.23820373 -0.51204396 0.32936069 -0.17308335 -0.05911476 -0.19961686 -0.30551328 -0.63762261 
1.14200404 15.18455054 -10.83484948 8.66175317 -7.32805056 5.98037656 -5.52796161 4.66622673 -3.89117972 3.11779157 -2.89422192 1.96498445 -2.52263659 
0.96472287 15.11263154 -10.73478471 8.54249294 -7.19698356 5.84346152 -5.39010824 4.53135827 -3.76235461 2.99727305 -2.78366987 1.86549543 -2.43487026 
0.77022658 15.02154027 -10.60874761 8.39307204 -7.03360660 5.67362640 -5.21991141 4.36559731 -3.60470469 2.85039090 -2.64945604 1.74515288 -2.32907507 
0.55481959 14.90400614 -10.44728638 8.20296130 -6.82710906 5.46032039 -5.00745134 4.15988551 -3.41015634 2.67009356 -2.48553902 1.59887469 -2.20105963 
1.71640745 7.00345829 -2.50282540 0.99307083 -0.54872442 0.05656463 -0.40237711 0.26197006 -0.13174541 -0.08865488 -0.17760774 -0.32466188 -0.62276677 
1.91699778 11.23890616 -6.05999756 3.64971511 -2.42768846 1.37613905 -1.32144442 0.90097727 -0.57498636 0.23181424 -0.41338306 -0.14260326 -0.75930220 
2.25804951 8.99864349 -3.97947176 1.96159721 -1.14730716 0.42959275 -0.63513230 0.40871945 -0.22425169 -0.02334284 -0.22560010 -0.28475961 -0.65335732 
2.70010565 15.59374397 -11.41343039 9.36198719 -8.10907146 6.80786766 -6.37254843 5.50340867 -4.70092911 3.88437248 -3.60536542 2.61178636 -3.09899614 
2.66869333 15.59322828 -11.41269142 9.36108155 -8.10804917 6.80677221 -6.37141820 5.50227678 -4.69982357 3.88331625 -3.60437709 2.61088017 -3.09818248 
2.63677979 15.59268769 -11.41191680 9.36013223 -8.10697762 6.80562399 -6.37023357 5.50109044 -4.69866489 3.88220927 -3.60334129 2.60993047 -3.09732978 
2.87235421 13.62752213 -8.77796300 6.32692344 -4.87829916 3.53060170 -3.16150742 2.44013774 -1.84220681 1.26590916 -1.24926458 0.52808743 -1.29002714 
3.06686190 15.60716375 -11.43266892 9.38557508 -8.13570815 6.83642168 -6.40201954 5.53293339 -4.72977564 3.91194110 -3.63116927 2.63545216 -3.12025079 
2.83912466 13.31367089 -8.39093570 5.91615499 -4.47497116 3.15246770 -2.81864162 2.13697396 -1.57948238 1.04168210 -1.06068419 0.37161115 -1.16228424 
2.81470998 13.54730652 -8.67817332 6.22011689 -4.77256601 3.43069637 -3.07023494 2.35884664 -1.77126810 1.20497352 -1.19770715 0.48507158 -1.25472608 
2.79538578 13.24568250 -8.30830023 5.82967034 -4.39120947 3.07496601 -2.74926254 2.07638485 -1.52759923 0.99789169 -1.02423696 0.34165519 -1.13805058 
2.48651099 15.58989991 -11.40792261 9.35523776 -8.10145343 6.79970513 -6.36412751 5.49497606 -4.69269353 3.87650476 -3.59800399 2.60503716 -3.09293650 
2.16617514 11.95891542 -6.82446636 4.35231767 -3.02733808 1.86849888 -1.71445662 1.20859116 -0.81237515 0.41458438 -0.55356019 -0.03493046 -0.84100881 
2.10652556 12.46899200 -7.39452372 4.90262992 -3.51998130 2.29148821 -2.06679743 1.49574256 -1.04257568 0.59765671 -0.69792323 0.07830822 -0.92865366 
1.81601614 6.48508643 -2.17684518 0.80964925 -0.45116703 0.00187670 -0.37091090 0.24320572 -0.12074405 -0.09697459 -0.17120600 -0.33082426 -0.61790984 
1.08543259 10.12264279 -4.96717736 2.71996924 -1.69123511 0.81142092 -0.89869343 0.58927509 -0.34743275 0.06394464 -0.28884092 -0.23659329 -0.68923606 
1.44492974 15.48601823 -11.25959677 9.17406736 -7.89760460 6.58193076 -6.14009243 5.27123142 -4.47473388 3.66877985 -3.40408536 2.42762261 -2.93396588 
0.89722776 7.99416131 -3.19193824 1.41848187 -0.79611088 0.20355795 -0.49054467 0.31589130 -0.16463931 -0.06504989 -0.19525799 -0.30914017 -0.63483746 
0.71841585 8.92332715 -3.91731332 1.91666306 -1.11693017 0.40933634 -0.62178301 0.39993947 -0.21848408 -0.02737632 -0.22268377 -0.28703747 -0.65164393 
0.63093273 6.88262221 -2.42471518 0.94802915 -0.52420926 0.04263688 -0.39429388 0.25712940 -0.12887957 -0.09078661 -0.17597846 -0.32619337 -0.62156261 
0.42003989 7.79868030 -3.04908393 1.32629626 -0.74023485 0.16938561 -0.46959736 0.30288791 -0.15656547 -0.07075341 -0.19104580 -0.31270673 -0.63208601 
1.48301144 11.05135424 -5.86855482 3.48033833 -2.28842672 1.26571882 -1.23619621 0.83632898 -0.52656159 0.19542327 -0.38601983 -0.16335582 -0.74374526 
1.81248245 15.57080828 -11.38058822 9.32176441 -8.06369730 6.75927570 -6.32244326 5.45325764 -4.65197199 3.83762191 -3.56164076 2.57171316 -3.06302987 
1.76330708 15.56885872 -11.37779882 9.31835073 -8.05984920 6.75515751 -6.31819959 5.44901271 -4.64783057 3.83366935 -3.55794595 2.56832858 -3.05999356 
2.12536945 12.37783198 -7.29090279 4.80096547 -3.42753349 2.21093614 -1.99875213 1.43954408 -0.99695391 0.56097469 -0.66871671 0.05521801 -0.91065012 
2.69264709 13.27275442 -8.34115310 5.86400173 -4.42441101 3.10564288 -2.77668674 2.10030288 -1.54805448 1.01513600 -1.03857385 0.35342696 -1.14756463 
2.68588546 13.16543704 -8.21131750 5.72872279 -4.29395986 2.98544204 -2.66951593 2.00707285 -1.46851750 0.94823600 -0.98307002 0.30794005 -1.11086797 
2.67707095 13.24838720 -8.31157944 5.83309405 -4.39451761 3.07802003 -2.75199052 2.07876220 -1.52963086 0.99960321 -1.02565899 0.34282211 -1.13899317 
2.90243696 15.60999040 -11.43672330 9.39054849 -8.14132701 6.84244765 -6.40824168 5.53916935 -4.73587069 3.91776822 -3.63662521 2.64045763 -3.12474762 
2.67026536 13.14013383 -8.18086012 5.69714382 -4.26365355 2.95764499 -2.64484218 1.98570071 -1.45035949 0.93302109 -0.97049151 0.29766446 -1.10260331 
2.66137459 13.22363241 -8.28159167 5.80181023 -4.36431379 3.05015747 -2.72712073 2.05710436 -1.51113512 0.98403149 -1.01272863 0.33221704 -1.13043115 
2.65452451 13.11442970 -8.14998071 5.66518776 -4.23304189 2.92961736 -2.62000619 1.96422345 -1.43214098 0.91777770 -0.95790642 0.28739593 -1.09435383 
2.33957512 15.60414638 -11.42834179 9.38026803 -8.12971336 6.82999357 -6.39538318 5.52628325 -4.72327667 3.90572861 -3.62535320 2.63011691 -3.11545820 
2.32082540 15.60403598 -11.42818349 9.38007390 -8.12949409 6.82975846 -6.39514048 5.52604006 -4.72303903 3.90550146 -3.62514056 2.62992187 -3.11528300 
2.30189824 15.60392243 -11.42802066 9.37987422 -8.12926855 6.82951665 -6.39489085 5.52578994 -4.72279460 3.90526783 -3.62492185 2.62972125 -3.11510280 
2.28279025 15.60380560 -11.42785313 9.37966878 -8.12903651 6.82926786 -6.39463402 5.52553260 -4.72254314 3.90502747 -3.62469684 2.62951486 -3.11491742 
2.26349794 15.60368536 -11.42768073 9.37945735 -8.12879771 6.82901183 -6.39436972 5.52526778 -4.72228436 3.90478011 -3.62446529 2.62930247 -3.11472664 
2.24401773 15.60356159 -11.42750325 9.37923971 -8.12855190 6.82874827 -6.39409765 5.52499517 -4.72201797 3.90452549 -3.62422694 2.62908384 -3.11453026 
2.22434592 15.60343414 -11.42732050 9.37901560 -8.12829878 6.82847688 -6.39381751 5.52471447 -4.72174369 3.90426332 -3.62398152 2.62885873 -3.11432806 
2.53124597 13.01055137 -8.02580871 5.53730290 -4.11111047 2.81847735 -2.52194776 1.87977906 -1.36079506 0.85830141 -0.90896837 0.24758684 -1.06246423 
2.52401959 12.89323743 -7.88677223 5.39528706 -3.97679323 2.69698631 -2.41555143 1.78880901 -1.28446186 0.79506669 -0.85723842 0.20572291 -1.02909242 
2.51437963 12.98188808 -7.99172094 5.50236920 -4.07796374 2.78840358 -2.49553227 1.85712900 -1.34173742 0.84247461 -0.89599141 0.23706359 -1.05405950 
2.75638669 15.60999040 -11.43672330 9.39054849 -8.14132701 6.84244765 -6.40824168 5.53916935 -4.73587069 3.91776822 -3.63662521 2.64045763 -3.12474762 
2.50710352 12.86349080 -7.85171888 5.35968002 -3.94329795 2.66684549 -2.38928693 1.76646037 -1.26579534 0.77966829 -0.84469022 0.19560260 -1.02105119 
2.16414222 15.60302820 -11.42673845 9.37830184 -8.12749264 6.82761259 -6.39292532 5.52382054 -4.72087017 3.90342841 -3.62319996 2.62814185 -3.11368416 
2.14366476 15.60288449 -11.42653239 9.37804916 -8.12720725 6.82730662 -6.39260949 5.52350409 -4.72056096 3.90313286 -3.62292330 2.62788809 -3.11345623 
2.12297547 15.60273628 -11.42631989 9.37778858 -8.12691296 6.82699110 -6.39228380 5.52317777 -4.72024209 3.90282809 -3.62263801 2.62762641 -3.11322119 
2.10206993 15.60258339 -11.42610068 9.37751978 -8.12660937 6.82666562 -6.39194783 5.52284115 -4.71991318 3.90251371 -3.62234373 2.62735649 -3.11297875 
1.73923766 11.07347101 -5.89096554 3.50002676 -2.30450368 1.27838537 -1.24591654 0.84365892 -0.53202317 0.19951084 -0.38908358 -0.16103618 -0.74548122 
1.69386530 11.42034859 -6.24822388 3.81884875 -2.56886434 1.48965107 -1.41024501 0.96915953 -0.62665347 0.27099820 -0.44306061 -0.12000093 -0.77631501 
2.37418444 12.73404935 -7.70013234 5.20661998 -3.80015497 2.53875270 -2.27826551 1.67247772 -1.18768314 0.71551971 -0.79262859 0.15376411 -0.98792044 
2.36648699 12.60635373 -7.55209713 5.05859831 -3.66303710 2.41715952 -2.17379614 1.58478269 -1.11538052 0.65657251 -0.74510384 0.11579037 -0.95801326 
2.35596414 12.70055804 -7.66116182 5.16751333 -3.76380258 2.50640937 -2.25038838 1.64900516 -1.16827410 0.69965428 -0.77980704 0.14349830 -0.97981967 
2.61515156 15.60999040 -11.43672330 9.39054849 -8.14132701 6.84244765 -6.40824168 5.53916935 -4.73587069 3.91776822 -3.63662521 2.64045763 -3.12474762 
2.34821092 12.57161478 -7.51208347 5.01883630 -3.62642717 2.38488174 -2.14621832 1.56175680 -1.09649322 0.64124491 -0.73279790 0.10599283 -0.95032318 
1.97182884 15.60155582 -11.42462740 9.37571325 -8.12456915 6.82447835 -6.38969012 5.52057916 -4.71770297 3.90040127 -3.62036638 2.62554287 -3.11134981 
1.94927293 15.60136393 -11.42435230 9.37537593 -8.12418821 6.82406997 -6.38926860 5.52015685 -4.71729034 3.90000690 -3.61999725 2.62520431 -3.11104573 
1.55960872 10.58724225 -5.40842542 3.08440230 -1.97153180 1.02056591 -1.05124912 0.69904950 -0.42575775 0.12079196 -0.33053064 -0.20522445 -0.71252562 
1.50926410 10.94966373 -5.76607963 3.39078494 -2.21567412 1.20866872 -1.19260969 0.80359683 -0.50226642 0.17729338 -0.37246134 -0.17361006 -0.73607973 
1.85641606 15.60052706 -11.42315252 9.37390487 -8.12252697 6.82228910 -6.38743048 5.51831534 -4.71549110 3.89828732 -3.61838771 2.62372811 -3.10971991 
2.22367261 12.44826258 -7.37089403 4.87938324 -3.49878601 2.27297385 -2.05111991 1.48276463 -1.03201710 0.58915057 -0.69113877 0.07293672 -0.92445972 
3.05176785 11.03525159 -5.85226587 3.46605133 -2.27677887 1.25655520 -1.22917371 0.83104024 -0.52262564 0.19248021 -0.38381548 -0.16502420 -0.74249713 
3.59849489 14.21037857 -9.52112332 7.14156840 -5.70387692 4.32852986 -3.90675947 3.11829760 -2.44643193 1.79520576 -1.70548474 0.91535693 -1.61315637 
3.92575811 14.47043376 -9.86301733 7.52752751 -6.10633161 4.72827684 -4.29010768 3.47613263 -2.77314861 2.08806676 -1.96345135 1.13881319 -1.80323961 
3.95301895 14.81702522 -10.32864200 8.06420940 -6.67738320 5.30662815 -4.85529627 4.01342364 -3.27241933 2.54312463 -2.37068800 1.49687026 -2.11219486 
3.41021788 9.91699411 -4.77803549 2.56847640 -1.57814675 0.72927337 -0.84024204 0.54815685 -0.31870078 0.04335773 -0.27385946 -0.24788957 -0.68085261 
2.00343080 -0.95585934 -0.10362607 -0.03645759 -0.12591092 -0.20233965 -0.25721283 0.16886023 -0.09410977 -0.13962084 -0.14743046 -0.37316227 -0.58683992 
3.28149610 0.19930297 -0.10660521 -0.01538060 -0.12499142 -0.19130167 -0.26128339 0.17356952 -0.09217618 -0.13519845 -0.14692755 -0.36888058 -0.58925123 
4.78399015 9.33409530 -4.26245222 2.17044877 -1.29136328 0.52729900 -0.70049275 0.45226198 -0.25319628 -0.00304600 -0.24026326 -0.27342545 -0.66184841 
5.62213503 12.29672996 -7.19935264 4.71174286 -3.34692754 2.14113513 -1.94013837 1.39141003 -0.95809001 0.52987604 -0.64406153 0.03579530 -0.89555690 
6.04408525 14.73474521 -10.21707137 7.93446651 -6.53814416 5.16445017 -4.71525398 3.87928057 -3.14686010 2.42789707 -2.26689864 1.40505778 -2.03251313 
6.15302740 15.59877328 -11.42063845 9.37082258 -8.11904644 6.81855821 -6.38357992 5.51445794 -4.71172244 3.89468575 -3.61501680 2.62063660 -3.10694345 
5.98673369 14.32185406 -9.66689705 7.30528085 -5.87372539 4.49641414 -4.06699332 3.26717860 -2.58176050 1.91599808 -1.81145636 1.00680367 -1.69066256 
5.46172452 11.22659261 -6.04733129 3.63842590 -2.41833986 1.36867757 -1.31564802 0.89655595 -0.57165662 0.22930138 -0.41148734 -0.14404362 -0.75822051 
4.55245615 10.53789486 -5.36063973 3.04420377 -1.94006213 0.99670962 -1.03359170 0.68617358 -0.41645790 0.11398797 -0.32551476 -0.20899907 -0.70972013 
3.23871277 0.64106344 -0.13870170 -0.00563998 -0.12590354 -0.18690911 -0.26340805 0.17550165 -0.09175546 -0.13356159 -0.14702905 -0.36716273 -0.59032723 
0.37470329 -3.79064701 -0.59281088 -0.17075290 -0.16097059 -0.23503517 -0.25752260 0.15620381 -0.10416396 -0.15318910 -0.15364143 -0.38363759 -0.58341337 
2.12626796 7.81935186 -3.06403027 1.33584626 -0.74596842 0.17286730 -0.47171958 0.30419985 -0.15737640 -0.07017892 -0.19147127 -0.31234338 -0.63236692 
2.93336824 13.19885863 -8.25163767 5.77061866 -4.33425269 3.02247383 -2.70245144 2.03565537 -1.49284575 0.96865528 -0.99997737 0.32177126 -1.12200727 
2.51034252 3.52661739 -0.76979214 0.17499290 -0.17363424 -0.14562887 -0.28786925 0.19310170 -0.09464248 -0.12166237 -0.15221786 -0.35371247 -0.59993969 
0.03389424 15.55232418 -11.35415564 9.28943227 -8.02726803 6.72030728 -6.28230490 5.41312405 -4.61283233 3.80028087 -3.52674702 2.53975956 -3.03437313 
-0.62674333 0.85671243 -0.16059116 0.00001425 -0.12667241 -0.18469446 -0.26456511 0.17648678 -0.09161820 -0.13276354 -0.14713888 -0.36630181 -0.59088515 
-0.80893338 -1.35851226 -0.13011497 -0.04505051 -0.12732673 -0.20618687 -0.25629456 0.16726162 -0.09505878 -0.14125635 -0.14786705 -0.37461306 -0.58613192 
-0.08794256 15.54500262 -11.34369440 9.27664619 -8.01287249 6.70491931 -6.26646570 5.39729699 -4.59740672 3.78557266 -3.51301029 2.52718672 -3.02310296 
-0.75016696 -0.19938371 -0.09234208 -0.02281951 -0.12480716 -0.19515313 -0.25963891 0.17190308 -0.09271014 -0.13669208 -0.14697612 -0.37038671 -0.58835454 
-36.04365339 0.00000000 -0.00000000 0.00000000 0.00000000 0.00000000 -0.00000000 0.00000000 0.00000000 0.00000000 -0.00000000 0.00000000 0.00000000 
0.69704582 -0.19938371 -0.09234208 -0.02281951 -0.12480716 -0.19515313 -0.25963891 0.17190308 -0.09271014 -0.13669208 -0.14697612 -0.37038671 -0.58835454 
0.94460878 9.24965123 -4.19027306 2.11651674 -1.25372119 0.50151260 -0.68309128 0.44058200 -0.24537852 -0.00853856 -0.23629580 -0.27647554 -0.65956832 
-0.56552761 1.33918769 -0.22434677 0.01564068 -0.12936444 -0.17949745 -0.26745700 0.17881601 -0.09148294 -0.13096405 -0.14753180 -0.36431295 -0.59221499 
-0.86813600 -1.99595666 -0.20115071 -0.06315056 -0.13112327 -0.21248523 -0.25539791 0.16468798 -0.09685776 -0.14399661 -0.14884249 -0.37690152 -0.58515200 
1.55905987 5.37632409 -1.55920302 0.49704457 -0.30060748 -0.07866709 -0.32572982 0.21642536 -0.10576064 -0.10938996 -0.16146283 -0.34124920 -0.60965801 
3.11751394 8.51471141 -3.58887419 1.68501726 -0.96398576 0.30930397 -0.55694880 0.35788340 -0.19121146 -0.04642846 -0.20887344 -0.29797930 -0.64337056 
3.62723907 15.55287805 -11.35494722 9.29039999 -8.02835782 6.72147245 -6.28350449 5.41432296 -4.61400104 3.80139543 -3.52778814 2.54071261 -3.03522756 
3.10119875 6.71342421 -2.31751124 0.88731988 -0.49173148 0.02437553 -0.38376801 0.25084824 -0.12518839 -0.09356570 -0.17384317 -0.32823659 -0.61995293 
1.40441637 -11.87940273 -5.88134972 -3.54471692 -2.29873090 -1.63116221 -1.14859088 -0.45541931 -0.53662045 -0.47217922 -0.38054407 -0.54825120 -0.68130663 
3.64849439 3.05603832 -0.61696921 0.12457207 -0.15758686 -0.15527245 -0.28211258 0.18929240 -0.09332025 -0.12393689 -0.15075357 -0.35627295 -0.59800405 
5.28666192 8.40998090 -3.50708158 1.62887182 -0.92787507 0.28618453 -0.54223507 0.34848079 -0.18520025 -0.05062998 -0.20581520 -0.30044661 -0.64149337 
6.48617292 9.91998911 -4.78076296 2.57064043 -1.57974742 0.73042665 -0.84105652 0.54872595 -0.31909598 0.04363991 -0.27406443 -0.24773480 -0.68096752 
7.41995804 11.28206145 -6.10449701 3.68946923 -2.46068361 1.40252916 -1.34198625 0.91667525 -0.58682939 0.24076416 -0.42014239 -0.13746426 -0.76316389 
8.17375318 12.15714621 -7.04319140 4.56085776 -3.21175438 2.02500676 -1.84336261 1.31251358 -0.89482708 0.47956024 -0.60438493 0.00467627 -0.87147451 
8.82231618 12.64341416 -7.59490664 5.10125568 -3.70241835 2.45196928 -2.20361042 1.60973468 -1.13589385 0.67325338 -0.75852076 0.12648915 -0.96642316 
9.38698974 13.14829081 -8.19067219 5.70731076 -4.27340470 2.96658347 -2.65277176 1.99256542 -1.45618872 0.93790310 -0.97452575 0.30095875 -1.10525187 
