9.04631787 0.20528127 -0.10692525 -0.01526159 -0.12499849 -0.19124325 -0.26131000 0.17359500 -0.09216927 -0.13517621 -0.14692783 -0.36885770 -0.58926521 
2.46292750 12.89293329 -7.88641342 5.39492218 -3.97644962 2.69667679 -2.41528145 1.78857906 -1.28426962 0.79490798 -0.85710899 0.20561845 -1.02900936 
2.45549839 12.77118478 -7.74346354 5.25021930 -3.84078986 2.57499645 -2.30957967 1.69890530 -1.20958396 0.73345780 -0.80715151 0.16541052 -0.99712439 
2.44548452 12.86225342 -7.85026251 5.35820238 -3.94190952 2.66559747 -2.38820056 1.76553690 -1.26502477 0.77903319 -0.84417309 0.19518582 -1.02072026 
2.69484337 15.60999040 -11.43672330 9.39054849 -8.14132701 6.84244765 -6.40824168 5.53916935 -4.73587069 3.91776822 -3.63662521 2.64045763 -3.12474762 
2.69484337 15.60999040 -11.43672330 9.39054849 -8.14132701 6.84244765 -6.40824168 5.53916935 -4.73587069 3.91776822 -3.63662521 2.64045763 -3.12474762 
2.95283276 13.56753985 -8.70328743 6.24693863 -4.79906193 3.45568091 -3.09301544 2.37909707 -1.78890706 1.22009909 -1.21048413 0.49571589 -1.26344890 
2.95887402 13.65976609 -8.81824405 6.37021200 -4.92132240 3.57140797 -3.19892488 2.47358193 -1.87149182 1.29114516 -1.27068076 0.54600495 -1.30477002 
2.71040765 15.60999040 -11.43672330 9.39054849 -8.14132701 6.84244765 -6.40824168 5.53916935 -4.73587069 3.91776822 -3.63662521 2.64045763 -3.12474762 
2.96643084 13.58654016 -8.72690580 6.27219875 -4.82404976 3.47927471 -3.11455561 2.39826880 -1.80562646 1.23445218 -1.22262130 0.50583695 -1.27175058 
2.97243699 13.67804203 -8.84111849 6.39483903 -4.94584191 3.59470361 -3.22032119 2.49273677 -1.88829032 1.30564190 -1.28299985 0.55632438 -1.31327118 
2.97993828 13.60527638 -8.75022882 6.29717700 -4.84879165 3.50266613 -3.13593747 2.41732243 -1.82226202 1.24874868 -1.23472283 0.51593767 -1.28004294 
2.98590971 13.69606282 -8.86370410 6.41918684 -4.97011430 3.61779265 -3.24155290 2.51176606 -1.90499716 1.32007444 -1.29527631 0.56661735 -1.32175782 
2.99335627 13.62375354 -8.77326138 6.32187733 -4.87329034 3.52585675 -3.15716165 2.43625787 -1.83881318 1.26298775 -1.24678777 0.52601709 -1.28832507 
3.20066177 15.60751747 -11.43317623 9.38619734 -8.13641111 6.83717553 -6.40279788 5.53371341 -4.73053799 3.91266990 -3.63185161 2.63607813 -3.12081312 
3.21275847 15.60754718 -11.43321884 9.38624961 -8.13647016 6.83723885 -6.40286326 5.53377893 -4.73060203 3.91273112 -3.63190893 2.63613072 -3.12086036 
3.22478245 15.60757636 -11.43326069 9.38630094 -8.13652815 6.83730104 -6.40292747 5.53384328 -4.73066493 3.91279125 -3.63196522 2.63618236 -3.12090676 
3.23673457 15.60760502 -11.43330179 9.38635136 -8.13658511 6.83736213 -6.40299054 5.53390649 -4.73072670 3.91285031 -3.63202051 2.63623308 -3.12095233 
3.05196005 13.78250582 -8.97246557 6.53687472 -5.08786797 3.73020030 -3.34527203 2.60503420 -1.98714376 1.39125096 -1.35599043 0.61765478 -1.36394368 
3.05914433 13.71242079 -8.88423194 6.44134365 -4.99222909 3.63885361 -3.26094141 2.52916222 -1.92028615 1.33329508 -1.30653227 0.57606273 -1.32955195 
3.06491525 13.79909387 -8.99341632 6.55962856 -5.11071636 3.75208660 -3.36553417 2.62331359 -2.00329356 1.40528489 -1.36799434 0.62777113 -1.37232584 
2.83074470 15.60999040 -11.43672330 9.39054849 -8.14132701 6.84244765 -6.40824168 5.53916935 -4.73587069 3.91776822 -3.63662521 2.64045763 -3.12474762 
3.07204925 13.72944244 -8.90561917 6.46445571 -5.01532426 3.66087292 -3.28123424 2.54738895 -1.93632136 1.34717417 -1.31835940 0.58599561 -1.33775485 
3.07778800 13.81545844 -9.01411004 6.58212971 -5.13333694 3.77377857 -3.38563788 2.64146884 -2.01934969 1.41925049 -1.37995034 0.63785536 -1.38068793 
2.84529022 15.60999040 -11.43672330 9.39054849 -8.14132701 6.84244765 -6.40824168 5.53916935 -4.73587069 3.91776822 -3.63662521 2.64045763 -3.12474762 
2.84529022 15.60999040 -11.43672330 9.39054849 -8.14132701 6.84244765 -6.40824168 5.53916935 -4.73587069 3.91776822 -3.63662521 2.64045763 -3.12474762 
2.84529022 15.60999040 -11.43672330 9.39054849 -8.14132701 6.84244765 -6.40824168 5.53916935 -4.73587069 3.91776822 -3.63662521 2.64045763 -3.12474762 
2.84529022 15.60999040 -11.43672330 9.39054849 -8.14132701 6.84244765 -6.40824168 5.53916935 -4.73587069 3.91776822 -3.63662521 2.64045763 -3.12474762 
2.84529022 15.60999040 -11.43672330 9.39054849 -8.14132701 6.84244765 -6.40824168 5.53916935 -4.73587069 3.91776822 -3.63662521 2.64045763 -3.12474762 
2.84529022 15.60999040 -11.43672330 9.39054849 -8.14132701 6.84244765 -6.40824168 5.53916935 -4.73587069 3.91776822 -3.63662521 2.64045763 -3.12474762 
2.84529022 15.60999040 -11.43672330 9.39054849 -8.14132701 6.84244765 -6.40824168 5.53916935 -4.73587069 3.91776822 -3.63662521 2.64045763 -3.12474762 
2.84529022 15.60999040 -11.43672330 9.39054849 -8.14132701 6.84244765 -6.40824168 5.53916935 -4.73587069 3.91776822 -3.63662521 2.64045763 -3.12474762 
2.84529022 15.60999040 -11.43672330 9.39054849 -8.14132701 6.84244765 -6.40824168 5.53916935 -4.73587069 3.91776822 -3.63662521 2.64045763 -3.12474762 
3.08487239 13.74623696 -8.92674754 6.48731570 -5.03819458 3.68270262 -3.30137449 2.56549793 -1.95226934 1.36099105 -1.33014418 0.59590122 -1.34594179 
3.09057932 13.83160363 -9.03455091 6.60438169 -5.15573234 3.79527795 -3.40558412 2.65950027 -2.03531199 1.43314729 -1.39185780 0.64790677 -1.38902925 
2.85973071 15.60999040 -11.43672330 9.39054849 -8.14132701 6.84244765 -6.40824168 5.53916935 -4.73587069 3.91776822 -3.63662521 2.64045763 -3.12474762 
3.09761479 13.76280847 -8.94762120 6.50992710 -5.06084257 3.70434430 -3.32136298 2.58348935 -1.96812982 1.37474517 -1.34188592 0.60577883 -1.35411204 
3.10329023 13.84753345 -9.05474301 6.62638801 -5.17790519 3.81658647 -3.42537386 2.67740821 -2.05118034 1.44697489 -1.40371615 0.65792469 -1.39734913 
3.11027743 13.77916102 -8.96824421 6.53229331 -5.08327072 3.72579957 -3.34120051 2.60136340 -1.98390257 1.38843602 -1.35358396 0.61562771 -1.36226490 
3.11592173 13.86325180 -9.07469036 6.64815208 -5.19985806 3.83770589 -3.44500806 2.69519304 -2.06695466 1.46073290 -1.41552480 0.66790850 -1.40564691 
3.12286131 13.79529855 -8.98862056 6.55441769 -5.10548150 3.74707002 -3.36088794 2.61912033 -1.99958739 1.40206312 -1.36523766 0.62544719 -1.37039970 
3.31845730 15.60779207 -11.43357008 9.38668044 -8.13695689 6.83776082 -6.40340219 5.53431904 -4.73112991 3.91323578 -3.63238141 2.63656418 -3.12124977 
3.14095034 13.89406928 -9.11386640 6.69096690 -5.24311407 3.87938425 -3.48381380 2.73039490 -2.09822098 1.48803871 -1.43899093 0.68777130 -1.42217370 
3.14779658 13.82694387 -9.02864885 6.59795406 -5.14926070 3.78906285 -3.39981587 2.65428388 -2.03069259 1.42912433 -1.38840967 0.64499528 -1.38661245 
3.15334936 13.90917577 -9.13310270 6.71202424 -5.26442224 3.89994663 -3.50298735 2.74781276 -2.11371293 1.50158589 -1.45064742 0.69764915 -1.43040151 
3.16014984 13.84245910 -9.04830836 6.61937251 -5.17083393 3.80978840 -3.41905811 2.67169108 -2.04611270 1.44255762 -1.39992686 0.65472264 -1.39468914 
3.35248432 15.60786557 -11.43367549 9.38680974 -8.13710296 6.83791747 -6.40356394 5.53448114 -4.73128834 3.91338724 -3.63252322 2.63669427 -3.12136664 
3.17792144 13.93880205 -9.17089035 6.75345479 -5.30641122 3.94052632 -3.54088086 2.78228458 -2.14441449 1.52846741 -1.47380497 0.71729503 -1.44678313 
3.18463221 13.87289266 -9.08693652 6.66152562 -5.21335949 3.85070570 -3.45710358 2.70615797 -2.07668749 1.46922775 -1.42282097 0.67408105 -1.41078016 
3.37485157 15.60791254 -11.43374286 9.38689237 -8.13719631 6.83801758 -6.40366730 5.53458473 -4.73138959 3.91348403 -3.63261385 2.63677742 -3.12144133 
3.20219822 13.96766883 -9.20778848 6.79399395 -5.34757985 3.98039049 -3.57817640 2.81627437 -2.17473997 1.55506360 -1.49675256 0.73679115 -1.46306255 
3.20882157 13.90255336 -9.12466722 6.70278742 -5.25507265 3.89092174 -3.49456972 2.74016389 -2.10690807 1.49563385 -1.44552490 0.69330735 -1.42678426 
3.39697144 15.60795796 -11.43380801 9.38697230 -8.13728660 6.83811441 -6.40376728 5.53468493 -4.73148752 3.91357765 -3.63270151 2.63685783 -3.12151357 
3.22618664 13.99580239 -9.24382464 6.83366595 -5.38794709 4.01955253 -3.61488228 2.84978615 -2.20469014 1.58137297 -1.51948724 0.75613381 -1.47923578 
3.23272480 13.93146773 -9.16152793 6.74318168 -5.29599163 3.93044900 -3.53146386 2.77371197 -2.13677438 1.52177371 -1.46803514 0.71239744 -1.44269715 
3.23807482 14.00960209 -9.26152781 6.85318413 -5.40783598 4.03887440 -3.63301670 2.86636411 -2.21952481 1.59441972 -1.53077392 0.76574653 -1.48728141 
3.24457118 13.94565302 -9.17964033 6.76306070 -5.31615888 3.94995821 -3.54969875 2.79031537 -2.15157476 1.53474322 -1.47921664 0.72189022 -1.45061813 
3.24989340 14.02322781 -9.27902532 6.87249425 -5.42753143 4.05802568 -3.65100683 2.88282418 -2.23426608 1.60739436 -1.54200644 0.77531966 -1.49529914 
3.03854389 15.60999040 -11.43672330 9.39054849 -8.14132701 6.84244765 -6.40824168 5.53916935 -4.73587069 3.91776822 -3.63662521 2.64045763 -3.12474762 
3.03854389 15.60999040 -11.43672330 9.39054849 -8.14132701 6.84244765 -6.40824168 5.53916935 -4.73587069 3.91776822 -3.63662521 2.64045763 -3.12474762 
3.03854389 15.60999040 -11.43672330 9.39054849 -8.14132701 6.84244765 -6.40824168 5.53916935 -4.73587069 3.91776822 -3.63662521 2.64045763 -3.12474762 
3.03854389 15.60999040 -11.43672330 9.39054849 -8.14132701 6.84244765 -6.40824168 5.53916935 -4.73587069 3.91776822 -3.63662521 2.64045763 -3.12474762 
3.25634850 13.95966115 -9.19754505 6.78273142 -5.33613422 3.96929987 -3.56779345 2.80680559 -2.16628671 1.54764552 -1.49034858 0.73134755 -1.45851485 
3.26164319 14.03668251 -9.29632035 6.89159912 -5.44703567 4.07700801 -3.66885374 2.89916693 -2.24891414 1.62029681 -1.55318451 0.78485281 -1.50328854 
3.05165869 15.60999040 -11.43672330 9.39054849 -8.14132701 6.84244765 -6.40824168 5.53916935 -4.73587069 3.91776822 -3.63662521 2.64045763 -3.12474762 
3.05165869 15.60999040 -11.43672330 9.39054849 -8.14132701 6.84244765 -6.40824168 5.53916935 -4.73587069 3.91776822 -3.63662521 2.64045763 -3.12474762 
3.05165869 15.60999040 -11.43672330 9.39054849 -8.14132701 6.84244765 -6.40824168 5.53916935 -4.73587069 3.91776822 -3.63662521 2.64045763 -3.12474762 
3.26805753 13.97349512 -9.21524525 6.80219659 -5.35591983 3.98847549 -3.58574889 2.82318310 -2.18091031 1.56048044 -1.50143061 0.74076901 -1.46638684 
3.27332498 14.04996909 -9.31341598 6.91050152 -5.46635092 4.09582300 -3.68655847 2.91539293 -2.26346917 1.63312698 -1.56430790 0.79434564 -1.51124922 
3.06468805 15.60999040 -11.43672330 9.39054849 -8.14132701 6.84244765 -6.40824168 5.53916935 -4.73587069 3.91776822 -3.63662521 2.64045763 -3.12474762 
3.06468805 15.60999040 -11.43672330 9.39054849 -8.14132701 6.84244765 -6.40824168 5.53916935 -4.73587069 3.91776822 -3.63662521 2.64045763 -3.12474762 
3.27969907 13.98715787 -9.23274400 6.82145895 -5.37551783 4.00748659 -3.60356602 2.83944837 -2.19544567 1.57324782 -1.51246243 0.75015421 -1.47423366 
3.28493955 14.06309040 -9.33031523 6.92920417 -5.48547936 4.11447225 -3.70412209 2.93150277 -2.27793141 1.64588483 -1.57537637 0.80379782 -1.51918080 
3.29127388 14.00065226 -9.25004434 6.84052116 -5.39493035 4.02633469 -3.62124580 2.85560188 -2.20989291 1.58594753 -1.52344373 0.75950275 -1.48205490 
3.29648765 14.07604921 -9.34702109 6.94770974 -5.50442317 4.13295737 -3.72154564 2.94749705 -2.29230108 1.65857033 -1.58638972 0.81320902 -1.52708291 
3.30278271 14.01398110 -9.26714923 6.85938587 -5.41415947 4.04502129 -3.63878919 2.87164413 -2.22425217 1.59857946 -1.53437424 0.76881426 -1.48985014 
3.48308277 15.60812556 -11.43404839 9.38726715 -8.13761971 6.83847165 -6.40413614 5.53505459 -4.73184882 3.91392307 -3.63302491 2.63715453 -3.12178012 
3.31938743 14.10149012 -9.37986423 6.98414017 -5.54176539 4.16944150 -3.75597679 2.97914136 -2.32076371 1.68372422 -1.60825027 0.83190734 -1.54279731 
3.32560538 14.04015308 -9.30078427 6.89653312 -5.45207572 4.08191594 -3.67347061 2.90339690 -2.25270739 1.62363961 -1.55608186 0.78732484 -1.50536110 
3.50404352 15.60816422 -11.43410384 9.38733517 -8.13769656 6.83855405 -6.40422123 5.53513987 -4.73193217 3.91400275 -3.63309952 2.63722297 -3.12184160 
3.34203019 14.12631287 -9.41196806 7.01981340 -5.57839433 4.20528792 -3.78986040 3.01033079 -2.34885920 1.70858872 -1.62988823 0.85043843 -1.55838981 
3.34817287 14.06569507 -9.33367178 6.93292097 -5.48928283 4.11818235 -3.70761797 2.93471085 -2.28081274 1.64842772 -1.57758346 0.80568335 -1.52076359 
3.52478687 15.60820169 -11.43415758 9.38740109 -8.13777103 6.83863393 -6.40430370 5.53522252 -4.73201295 3.91407998 -3.63317182 2.63728931 -3.12190120 
3.36442159 14.15053761 -9.44335442 7.05474937 -5.61432635 4.24050895 -3.82320490 3.04107044 -2.37658989 1.73316418 -1.65130253 0.86880034 -1.57385801 
3.16597552 15.60999040 -11.43672330 9.39054849 -8.14132701 6.84244765 -6.40824168 5.53916935 -4.73587069 3.91776822 -3.63662521 2.64045763 -3.12474762 
3.37049077 14.09062749 -9.36583358 6.96856907 -5.52579662 4.15383220 -3.74123899 2.96559034 -2.30856990 1.67294352 -1.59887744 0.82388744 -1.53605491 
3.37552474 14.16243180 -9.45878514 7.07194693 -5.63203602 4.25788874 -3.83967762 3.05627320 -2.39031923 1.74534368 -1.66192554 0.87791733 -1.58154482 
3.38155783 14.10287125 -9.38164895 6.98612169 -5.54379836 4.17142951 -3.75785454 2.98086855 -2.32231848 1.68509929 -1.60944615 0.83293092 -1.54365809 
3.38656708 14.17418366 -9.47404432 7.08896737 -5.64957740 4.27511672 -3.85601873 3.07136547 -2.40395833 1.75745114 -1.67249235 0.88699141 -1.58919975 
3.39256450 14.11496987 -9.39729070 7.00349648 -5.56163255 4.18887698 -3.77434141 2.99603983 -2.33598073 1.69718698 -1.61996249 0.84193503 -1.55123256 
3.56563908 15.60827325 -11.43426022 9.38752700 -8.13791328 6.83878647 -6.40446121 5.53538038 -4.73216724 3.91422748 -3.63330993 2.63741601 -3.12201502 
3.40847198 14.19726953 -9.50405803 7.12248612 -5.68416304 4.30912318 -3.88831029 3.10122116 -2.43096723 1.78145041 -1.69345712 0.90501017 -1.60441305 
3.41439928 14.13874097 -9.42806341 7.03772164 -5.59680573 4.22332802 -3.80693292 3.02606389 -2.36304728 1.72115829 -1.64083752 0.85982425 -1.56629427 
3.58575648 15.60830743 -11.43430925 9.38758713 -8.13798122 6.83885934 -6.40453644 5.53545578 -4.73224093 3.91429794 -3.63337590 2.63747653 -3.12206939 
3.59573980 15.60832414 -11.43433322 9.38761653 -8.13801443 6.83889495 -6.40457322 5.53549264 -4.73227696 3.91433238 -3.63340814 2.63750611 -3.12209597 
3.60567353 15.60834060 -11.43435683 9.38764550 -8.13804715 6.83893005 -6.40460945 5.53552895 -4.73231245 3.91436631 -3.63343991 2.63753526 -3.12212216 
3.45158036 14.24183110 -9.56213421 7.18749776 -5.75139834 4.37537886 -3.95135994 3.15963598 -2.48391801 1.82858996 -1.73471025 0.94052603 -1.63444755 
3.45737217 14.18464055 -9.48763299 7.10413625 -5.66522237 4.29049333 -3.87061406 3.08485458 -2.41615666 1.76828636 -1.68195437 0.89512125 -1.59606174 
3.62539420 15.60837280 -11.43440301 9.38770215 -8.13811116 6.83899869 -6.40468033 5.53559998 -4.73238188 3.91443268 -3.63350206 2.63759227 -3.12217337 
3.63518208 15.60838855 -11.43442560 9.38772986 -8.13814246 6.83903226 -6.40471499 5.53563472 -4.73241583 3.91446514 -3.63353245 2.63762016 -3.12219842 
3.48331707 14.27390879 -9.60405642 7.23455164 -5.80018814 4.42357796 -3.99733793 3.20233401 -2.52270962 1.86319807 -1.76505809 0.96670289 -1.65662461 
3.48901122 14.21769422 -9.53065385 7.15223296 -5.71490211 4.33939047 -3.91709092 3.12786631 -2.45510274 1.80292256 -1.71223592 0.92116758 -1.61806892 
3.65461532 15.60841936 -11.43446980 9.38778407 -8.13820371 6.83909794 -6.40478281 5.53570269 -4.73248227 3.91452866 -3.63359192 2.63767472 -3.12224744 
3.66426159 15.60843444 -11.43449142 9.38781059 -8.13823367 6.83913008 -6.40481599 5.53573595 -4.73251477 3.91455973 -3.63362102 2.63770141 -3.12227142 
3.51456160 14.30489359 -9.64464258 7.28020581 -5.84762762 4.47053924 -4.04222432 3.24409861 -2.56072362 1.89717197 -1.79489940 0.99248303 -1.67849821 
3.52016129 14.24963217 -9.57232046 7.19892126 -5.76323353 4.38706152 -3.96249568 3.16996963 -2.49329951 1.83695404 -1.74203999 0.94684456 -1.63979752 
3.68341565 15.60846394 -11.43453374 9.38786251 -8.13829232 6.83919298 -6.40488094 5.53580104 -4.73257839 3.91462056 -3.63367796 2.63775365 -3.12231835 
3.69292433 15.60847838 -11.43455445 9.38788791 -8.13832102 6.83922376 -6.40491272 5.53583289 -4.73260952 3.91465032 -3.63370583 2.63777922 -3.12234132 
3.85948356 14.51114101 -9.91711435 7.58923064 -6.17131954 4.79345058 -4.35319129 3.53554822 -2.82786687 2.13751593 -2.00734590 1.17711176 -1.83604412 
3.87157051 14.66755442 -10.12643854 7.82960063 -6.42615050 5.05062693 -4.60364733 3.77284182 -3.04765048 2.33721321 -2.18552533 1.33333106 -1.97047486 
3.88542636 14.53311147 -9.94637677 7.62267904 -6.20662205 4.82892498 -4.38759469 3.56801204 -2.85781815 2.16462937 -2.03145279 1.19817749 -1.85411426 
3.89737063 14.68679417 -10.15234699 7.85952920 -6.45806306 5.08301180 -4.63535504 3.80303853 -3.07575795 2.36287201 -2.20852145 1.35357758 -1.98796722 
3.75824860 15.60857395 -11.43469153 9.38805606 -8.13851100 6.83942750 -6.40512310 5.53604373 -4.73281560 3.91484734 -3.63389030 2.63794846 -3.12249336 
3.76740888 15.60858686 -11.43471005 9.38807878 -8.13853666 6.83945502 -6.40515151 5.53607221 -4.73284343 3.91487395 -3.63391522 2.63797132 -3.12251390 
3.77652739 15.60859960 -11.43472831 9.38810119 -8.13856198 6.83948217 -6.40517955 5.53610031 -4.73287089 3.91490020 -3.63393980 2.63799387 -3.12253416 
3.63490663 14.41885176 -9.79469404 7.44984421 -6.02476416 4.64671773 -4.21139015 3.40219733 -2.70524004 2.02685236 -1.90924339 1.09162268 -1.76290585 
3.64015760 14.36718800 -9.72651493 7.37259982 -5.94393734 4.56616720 -4.13389606 3.32963755 -2.63879454 1.96712676 -1.85649629 1.04582024 -1.72385329 
3.79464062 15.60862455 -11.43476411 9.38814509 -8.13861158 6.83953537 -6.40523448 5.53615536 -4.73292470 3.91495165 -3.63398796 2.63803806 -3.12257386 
3.80363610 15.60863678 -11.43478164 9.38816660 -8.13863589 6.83956143 -6.40526139 5.53618233 -4.73295107 3.91497685 -3.63401156 2.63805971 -3.12259331 
3.81259129 15.60864884 -11.43479895 9.38818783 -8.13865987 6.83958715 -6.40528794 5.53620894 -4.73297708 3.91500172 -3.63403485 2.63808107 -3.12261250 
3.82150657 15.60866074 -11.43481602 9.38820877 -8.13868353 6.83961252 -6.40531414 5.53623520 -4.73300274 3.91502626 -3.63405782 2.63810215 -3.12263144 
3.83038228 15.60867249 -11.43483286 9.38822943 -8.13870687 6.83963756 -6.40534000 5.53626111 -4.73302807 3.91505047 -3.63408049 2.63812295 -3.12265012 
3.98597462 14.61487598 -10.05568102 7.74806266 -6.33941233 4.96280432 -4.51784947 3.69130544 -2.97190985 2.26820426 -2.12379084 1.27907178 -1.92367365 
3.99737997 14.75830147 -10.24894765 7.97146155 -6.57777095 5.20483895 -4.75496523 3.91725358 -3.18234439 2.46041039 -2.29614078 1.43088908 -2.05490134 
3.86549640 15.60871794 -11.43489806 9.38830941 -8.13879723 6.83973447 -6.40544006 5.53636140 -4.73312609 3.91514418 -3.63416824 2.63820344 -3.12272244 
3.87417944 15.60872894 -11.43491384 9.38832876 -8.13881909 6.83975791 -6.40546427 5.53638566 -4.73314980 3.91516685 -3.63418946 2.63822292 -3.12273994 
3.88282494 15.60873979 -11.43492941 9.38834786 -8.13884067 6.83978105 -6.40548816 5.53640961 -4.73317321 3.91518923 -3.63421042 2.63824214 -3.12275721 
3.89143324 15.60875051 -11.43494478 9.38836672 -8.13886197 6.83980390 -6.40551175 5.53643325 -4.73319631 3.91521132 -3.63423110 2.63826112 -3.12277425 
3.90000464 15.60876109 -11.43495995 9.38838533 -8.13888300 6.83982645 -6.40553504 5.53645659 -4.73321913 3.91523313 -3.63425152 2.63827985 -3.12279108 
4.05031704 14.66444992 -10.12226127 7.82477884 -6.42101284 5.04541691 -4.59854972 3.76799034 -3.04313752 2.33309588 -2.18183738 1.33008582 -1.96767250 
4.06138902 14.80157960 -10.30764890 8.03974233 -6.65106843 5.27970212 -4.82872147 3.98791905 -3.24850245 2.52113715 -2.35085009 1.47929400 -2.09691804 
4.07392404 14.68211546 -10.14604335 7.85224387 -6.45029107 5.07512117 -4.62762597 3.79567463 -3.06890072 2.35660972 -2.20290695 1.34863267 -1.98369355 
4.08487592 14.81698685 -10.32858983 8.06414856 -6.67731774 5.30656114 -4.85523009 4.01336010 -3.27235972 2.54306981 -2.37063852 1.49682641 -2.11215673 
4.09725688 14.69930459 -10.16921252 7.87903259 -6.47888100 5.10415896 -4.65608005 3.82279435 -3.09416342 2.37968834 -2.22360491 1.36686765 -1.99945778 
4.22918082 15.60645495 -11.43165236 9.38432823 -8.13429962 6.83491125 -6.40046008 5.53137061 -4.72824830 3.91048101 -3.62980228 2.63419813 -3.11912426 
4.12342025 14.84173266 -10.36227055 8.10345550 -6.71964803 5.34992873 -4.89808358 4.05453563 -3.31101514 2.57864448 -2.40276757 1.52531953 -2.13694456 
4.00009458 15.60887813 -11.43512783 9.38859127 -8.13911567 6.84007598 -6.40579270 5.53671482 -4.73347153 3.91547444 -3.63447746 2.63848714 -3.12297731 
4.00821364 15.60888712 -11.43514073 9.38860709 -8.13913354 6.84009515 -6.40581249 5.53673466 -4.73349092 3.91549298 -3.63449482 2.63850306 -3.12299162 
4.01629987 15.60889600 -11.43515347 9.38862272 -8.13915120 6.84011409 -6.40583204 5.53675426 -4.73351007 3.91551129 -3.63451196 2.63851879 -3.12300575 
4.02435354 15.60890478 -11.43516605 9.38863816 -8.13916864 6.84013280 -6.40585136 5.53677362 -4.73352900 3.91552938 -3.63452890 2.63853434 -3.12301971 
4.03237491 15.60891345 -11.43517849 9.38865341 -8.13918588 6.84015128 -6.40587045 5.53679275 -4.73354769 3.91554726 -3.63454564 2.63854969 -3.12303351 
4.04036424 15.60892202 -11.43519078 9.38866849 -8.13920291 6.84016955 -6.40588931 5.53681165 -4.73356617 3.91556492 -3.63456218 2.63856487 -3.12304714 
4.18056408 14.75851961 -10.24924309 7.97180471 -6.57813881 5.20521416 -4.75533441 3.91760684 -3.18267472 2.46071325 -2.29641334 1.43112998 -2.05511024 
4.19098797 14.88352946 -10.41929093 8.17014882 -6.79162570 5.42382243 -4.97124699 4.12496949 -3.37726035 2.63971691 -2.45801647 1.57439292 -2.17970014 
4.20269706 14.77369649 -10.26980865 7.99570417 -6.60377110 5.23137133 -4.78108326 3.94225676 -3.20573442 2.48186425 -2.31545514 1.44796639 -2.06971547 
4.32825644 15.60678809 -11.43213015 9.38491425 -8.13496162 6.83562113 -6.40119300 5.53210508 -4.72896611 3.91116721 -3.63044472 2.63478748 -3.11965368 
4.34201780 15.60683181 -11.43219285 9.38499116 -8.13504850 6.83571430 -6.40128920 5.53220148 -4.72906033 3.91125728 -3.63052904 2.63486483 -3.11972317 
4.24201160 14.91379144 -10.46067876 8.21867382 -6.84411707 5.47783102 -5.02483674 4.17666677 -3.42597990 2.68471680 -2.49879822 1.61067728 -2.21136389 
4.25341122 14.80761426 -10.31584828 8.04929555 -6.66133995 5.29020916 -4.83908851 3.99786588 -3.25782762 2.52970792 -2.35858112 1.48614212 -2.10286897 
4.37601256 15.60693728 -11.43234411 9.38517669 -8.13525809 6.83593906 -6.40152125 5.53243403 -4.72928760 3.91147454 -3.63073245 2.63505144 -3.11989080 
4.27767865 14.93429801 -10.48877404 8.25166954 -6.87986797 5.51467273 -5.06144786 4.21203632 -3.45935866 2.71558787 -2.52681060 1.63562991 -2.23316343 
4.16403484 15.60904626 -11.43536900 9.38888711 -8.13944991 6.84043445 -6.40616284 5.53708579 -4.73383412 3.91582110 -3.63480205 2.63878493 -3.12324484 
4.17151612 15.60905330 -11.43537909 9.38889949 -8.13946390 6.84044945 -6.40617833 5.53710132 -4.73384930 3.91583561 -3.63481563 2.63879739 -3.12325604 
4.17896952 15.60906026 -11.43538907 9.38891173 -8.13947772 6.84046428 -6.40619364 5.53711667 -4.73386430 3.91584995 -3.63482906 2.63880971 -3.12326711 
4.18639525 15.60906713 -11.43539893 9.38892383 -8.13949140 6.84047895 -6.40620879 5.53713185 -4.73387914 3.91586414 -3.63484234 2.63882190 -3.12327806 
4.07080092 14.76559242 -10.25882443 7.98293625 -6.59007429 5.21739097 -4.76731820 3.92907646 -3.19340197 2.47055047 -2.30526776 1.43895739 -2.06189910 
4.07496775 14.72589408 -10.20510768 7.92059680 -6.52330349 5.14933948 -4.70041136 3.86510109 -3.13362201 2.41577784 -2.25600768 1.39544460 -2.02418744 
4.20116450 15.60908067 -11.43541834 9.38894764 -8.13951830 6.84050780 -6.40623858 5.53716170 -4.73390832 3.91589204 -3.63486846 2.63884587 -3.12329959 
4.20850842 15.60908732 -11.43542789 9.38895935 -8.13953153 6.84052199 -6.40625323 5.53717639 -4.73392267 3.91590576 -3.63488131 2.63885765 -3.12331018 
4.21582548 15.60909390 -11.43543733 9.38897093 -8.13954462 6.84053602 -6.40626772 5.53719091 -4.73393687 3.91591933 -3.63489402 2.63886931 -3.12332065 
4.10190731 14.78670812 -10.28745758 8.01623360 -6.62580920 5.25388053 -4.80325993 3.96350439 -3.22562700 2.50012394 -2.33190562 1.46252135 -2.08234965 
3.96865830 15.60999040 -11.43672330 9.39054849 -8.14132701 6.84244765 -6.40824168 5.53916935 -4.73587069 3.91776822 -3.63662521 2.64045763 -3.12474762 
3.96865830 15.60999040 -11.43672330 9.39054849 -8.14132701 6.84244765 -6.40824168 5.53916935 -4.73587069 3.91776822 -3.63662521 2.64045763 -3.12474762 
3.96865830 15.60999040 -11.43672330 9.39054849 -8.14132701 6.84244765 -6.40824168 5.53916935 -4.73587069 3.91776822 -3.63662521 2.64045763 -3.12474762 
3.83140026 14.53738070 -9.95206825 7.62919053 -6.21350047 4.83584268 -4.39430897 3.57435275 -2.86367254 2.16993286 -2.03617138 1.20230345 -1.85765566 
3.50856224 14.17626067 -9.47674257 7.09197851 -5.65268216 4.27816739 -3.85891362 3.07404026 -2.40637657 1.75959865 -1.67436728 0.88860202 -1.59055892 
3.30124918 15.60106360 -11.42392172 9.37484800 -8.12359201 6.82343083 -6.38860890 5.51949593 -4.71664458 3.89938973 -3.61941956 2.62467447 -3.11056986 
3.27803886 15.60085459 -11.42362208 9.37448060 -8.12317712 6.82298606 -6.38814983 5.51903601 -4.71619522 3.89896026 -3.61901758 2.62430579 -3.11023874 
3.06059901 13.55520953 -8.68797819 6.23058377 -4.78290123 3.44043798 -3.07911358 2.36673609 -1.77813754 1.21086206 -1.20267971 0.48921288 -1.25811882 
2.77911204 15.57639827 -11.38858820 9.33155708 -8.07473859 6.77109439 -6.33462446 5.46544472 -4.66386405 3.84897359 -3.57225383 2.58143661 -3.07175399 
2.73366141 15.57485346 -11.38637710 9.32885016 -8.07168618 6.76782670 -6.33125618 5.46207447 -4.66057508 3.84583379 -3.56931807 2.57874672 -3.06934037 
2.43334984 12.40154263 -7.31778145 4.82726765 -3.45139005 2.23167254 -2.01622798 1.45394499 -1.00861956 0.57033659 -0.67615806 0.06109267 -0.91522447 
1.66060175 10.39717255 -5.22557057 2.93153397 -1.85257576 0.93087690 -0.98519857 0.65110687 -0.39127732 0.09563769 -0.31202279 -0.21914891 -0.70218153 
0.92730400 15.09613946 -10.71190740 8.51530520 -7.16718679 5.81241755 -5.35893109 4.50093085 -3.73335874 2.97020703 -2.75889437 1.84324343 -2.41527715 
0.72895622 15.00043576 -10.57965892 8.35871308 -6.99617167 5.63484386 -5.18117359 4.32798808 -3.56904393 2.81726105 -2.61926588 1.71815233 -2.30539626 
-0.05071595 2.59462172 -0.48601335 0.08490886 -0.14606476 -0.16311664 -0.27734145 0.18603304 -0.09241257 -0.12598085 -0.14958158 -0.35861356 -0.59626622 
-0.70436218 -4.13403203 -0.70000344 -0.20532478 -0.17210126 -0.24111249 -0.25905187 0.15414780 -0.10603191 -0.15529248 -0.15495344 -0.38504352 -0.58328120 
-0.71631146 3.15582039 -0.64774835 0.13437664 -0.16059436 -0.15338348 -0.28325043 0.19005500 -0.09356482 -0.12347250 -0.15104033 -0.35574559 -0.59840004 
-0.05691350 2.19666830 -0.38808796 0.05747626 -0.13880980 -0.16893458 -0.27377895 0.18352101 -0.09189456 -0.12763263 -0.14876081 -0.36051591 -0.59488152 
0.02100155 -5.94388120 -1.43635914 -0.49548355 -0.28409712 -0.29595154 -0.27927971 0.13757630 -0.12006140 -0.16940095 -0.16467190 -0.39380721 -0.58408217 
1.70347886 2.17400637 -0.38293002 0.05608448 -0.13846037 -0.16924462 -0.27358944 0.18338511 -0.09187178 -0.12772419 -0.14871907 -0.36062131 -0.59480564 
3.45208774 7.93438865 -3.14789793 1.38984666 -0.77862877 0.19280886 -0.48392747 0.31177064 -0.16207219 -0.06685973 -0.19392412 -0.31026247 -0.63397304 
4.37212296 12.14361930 -7.02815234 4.54641420 -3.19889089 2.01401704 -1.83425326 1.30512514 -0.88893145 0.47489116 -0.60071693 0.00180812 -0.86926125 
4.87213784 14.05784121 -9.32355273 6.92171794 -5.47782063 4.10700345 -3.69708630 2.92504778 -2.27213523 1.64077060 -1.57093844 0.80000720 -1.51599939 
4.98061342 15.34360022 -11.05787721 8.92954556 -7.62446624 6.29214104 -5.84393344 4.97731451 -4.19012816 3.39906726 -3.15363803 2.19963417 -2.73064145 
4.67336669 13.02360428 -8.04135696 5.55326184 -4.12627611 2.83225700 -2.53406820 1.89018585 -1.36956263 0.86559125 -0.91495210 0.25244387 -1.06634704 
3.93474831 9.70834311 -4.58999552 2.42074807 -1.46991285 0.65194125 -0.78604135 0.51054211 -0.29274156 0.02488182 -0.26045934 -0.25802824 -0.67332044 
2.52491620 3.04168745 -0.61261444 0.12319947 -0.15717052 -0.15553793 -0.28195228 0.18918454 -0.09328656 -0.12400296 -0.15071333 -0.35634815 -0.59794771 
0.18091448 -12.64328158 -6.68114360 -4.26929939 -2.90725928 -2.12097368 -1.53065658 -0.74957941 -0.76093476 -0.64208311 -0.50768618 -0.64234267 -0.74940936 
1.92984658 6.36099196 -2.10232830 0.76943820 -0.43062142 -0.00938633 -0.36451919 0.23941614 -0.11856189 -0.09867973 -0.16987943 -0.33215635 -0.61685648 
2.57547598 15.27254104 -10.95793995 8.80921372 -7.49091526 6.15131592 -5.70085857 4.83612149 -4.05414206 3.27085086 -3.03515104 2.09225907 -2.63529099 
2.02563824 4.70650818 -1.23857017 0.35473532 -0.24015963 -0.11002910 -0.30824979 0.20589723 -0.10033205 -0.11466043 -0.15734510 -0.34630195 -0.60567850 
0.76479792 -10.44368525 -4.51952413 -2.42079554 -1.43600830 -0.99268865 -0.68958013 -0.12571371 -0.29930555 -0.30031151 -0.25707870 -0.46012052 -0.62074615 
3.68151617 3.53512566 -0.77273435 0.17600562 -0.17397053 -0.14543591 -0.28798312 0.19317591 -0.09467053 -0.12161912 -0.15224704 -0.35366439 -0.59997633 
5.19438856 9.03433791 -4.00910658 1.98314067 -1.16195023 0.43940146 -0.64162191 0.41300201 -0.22707364 -0.02136828 -0.22702726 -0.28364820 -0.65419236 
6.24080136 10.76601163 -5.58336797 3.23305777 -2.08905351 1.11045449 -1.11833835 0.74835027 -0.46162149 0.14716246 -0.35003905 -0.19053155 -0.72345877 
7.06322353 11.81759663 -6.67071751 4.20770225 -2.90113217 1.76271756 -1.62836413 1.13996859 -0.75851249 0.37252890 -0.52092622 -0.06020479 -0.82168036 
7.72035931 12.74188538 -7.70926522 5.21579915 -3.80870073 2.54636709 -2.28483768 1.67801898 -1.19227102 0.71927434 -0.79566608 0.15619837 -0.98984298 
8.31362172 12.82929882 -7.81152765 5.31895220 -3.90507555 2.63252795 -2.35944756 1.74112271 -1.24467441 0.76227678 -0.83054134 0.18420796 -1.01200996 
