10.30575858 0.27045044 -0.11061739 -0.01394529 -0.12508444 -0.19060482 -0.26160381 0.17387387 -0.09209608 -0.13493402 -0.14693280 -0.36860769 -0.58941858 
3.68659024 15.60846878 -11.43454067 9.38787101 -8.13830194 6.83920329 -6.40489158 5.53581171 -4.73258882 3.91463052 -3.63368730 2.63776222 -3.12232605 
3.83548895 14.59067541 -10.02326319 7.71080313 -6.29987685 4.92287194 -4.47892968 3.65440298 -2.93770561 2.23710481 -2.09602460 1.25471306 -1.90270042 
4.10600632 14.74779552 -10.23472451 7.95494719 -6.56007427 5.18679462 -4.73721659 3.90027538 -3.16647313 2.44586293 -2.28305265 1.41932398 -2.04487480 
4.23037977 15.60910685 -11.43545591 9.38899372 -8.13957036 6.84056363 -6.40629623 5.53721948 -4.73396480 3.91594603 -3.63491902 2.63889225 -3.12334126 
4.11728165 14.79697902 -10.30140035 8.03246465 -6.64324624 5.27170322 -4.82083167 3.98035139 -3.24140986 2.51462019 -2.34497321 1.47408958 -2.09239654 
4.25556599 13.44769366 -8.55508671 6.08923009 -4.64381501 3.30978065 -2.96041812 2.26159603 -1.68686716 1.13284451 -1.13697132 0.43462084 -1.21349758 
4.36754998 14.98367784 -10.55659132 8.33150001 -6.96655799 5.60419944 -5.15059849 4.29833548 -3.54095639 2.79119225 -2.59553211 1.69694445 -2.28681283 
4.25917441 15.60913192 -11.43549187 9.38903784 -8.13962020 6.84061709 -6.40635143 5.53727481 -4.73401887 3.91599773 -3.63496743 2.63893666 -3.12338116 
4.38493541 14.89019427 -10.42839860 8.18081870 -6.80315897 5.43568043 -4.98300475 4.13630435 -3.38793538 2.64957083 -2.46694149 1.58232931 -2.18662223 
4.39441166 14.99781717 -10.57605264 8.35445673 -6.99153777 5.63004660 -5.17638520 4.32334231 -3.56464168 2.81317372 -2.61554338 1.71482492 -2.30247971 
4.40493654 14.90209405 -10.44467050 8.19989343 -6.82378949 5.45690396 -5.00406052 4.15661361 -3.40707216 2.66724421 -2.48295621 1.59657624 -2.19905349 
4.41432442 15.00811914 -10.59024416 8.37121063 -7.00978226 5.64893866 -5.19524659 4.34164590 -3.58198946 2.82928366 -2.63021812 1.72794444 -2.31398118 
4.30858854 15.60917330 -11.43555122 9.38911065 -8.13970247 6.84070531 -6.40644253 5.53736611 -4.73410811 3.91608305 -3.63504732 2.63900996 -3.12344701 
4.31554908 15.60917897 -11.43555935 9.38912062 -8.13971373 6.84071739 -6.40645500 5.53737861 -4.73412033 3.91609474 -3.63505826 2.63901999 -3.12345602 
4.32248548 15.60918458 -11.43556739 9.38913048 -8.13972488 6.84072935 -6.40646735 5.53739099 -4.73413243 3.91610630 -3.63506908 2.63902993 -3.12346495 
4.32939791 15.60919013 -11.43557535 9.38914025 -8.13973591 6.84074118 -6.40647957 5.53740323 -4.73414440 3.91611774 -3.63507980 2.63903976 -3.12347378 
4.33628653 15.60919562 -11.43558323 9.38914991 -8.13974683 6.84075289 -6.40649166 5.53741535 -4.73415624 3.91612907 -3.63509040 2.63904948 -3.12348252 
4.34315151 15.60920106 -11.43559103 9.38915948 -8.13975764 6.84076448 -6.40650363 5.53742735 -4.73416797 3.91614028 -3.63510090 2.63905911 -3.12349117 
4.34999300 15.60920644 -11.43559875 9.38916895 -8.13976834 6.84077596 -6.40651547 5.53743922 -4.73417957 3.91615137 -3.63511129 2.63906865 -3.12349973 
4.35681117 15.60921176 -11.43560639 9.38917832 -8.13977892 6.84078731 -6.40652720 5.53745097 -4.73419106 3.91616236 -3.63512157 2.63907808 -3.12350821 
4.36360617 15.60921703 -11.43561395 9.38918759 -8.13978940 6.84079855 -6.40653880 5.53746261 -4.73420243 3.91617323 -3.63513175 2.63908742 -3.12351660 
4.25774880 14.88589870 -10.42252809 8.17394069 -6.79572384 5.42803540 -4.97542381 4.12899558 -3.38105162 2.64321617 -2.46118553 1.57721066 -2.18215753 
4.26152492 14.85077893 -10.37459765 8.11785804 -6.73517529 5.36585315 -4.91383516 4.06968521 -3.32525084 2.59175727 -2.41462028 1.53583927 -2.14610323 
4.37712731 15.60922742 -11.43562884 9.38920587 -8.13981005 6.84082069 -6.40656167 5.53748552 -4.73422483 3.91619464 -3.63515180 2.63910581 -3.12353312 
4.27197870 14.89442556 -10.43418297 8.18759769 -6.81048907 5.44321945 -4.99048247 4.14351537 -3.39472866 2.65584337 -2.47262426 1.58738388 -2.19103188 
4.27572669 14.85964005 -10.38667999 8.13198302 -6.75041215 5.38148840 -4.92930899 4.08457535 -3.33924968 2.60465795 -2.42628648 1.54619782 -2.15512518 
4.27905598 14.89863435 -10.43993828 8.19434453 -6.81778638 5.45072668 -4.99793054 4.15069953 -3.40149821 2.66209537 -2.47828962 1.59242395 -2.19542971 
4.15777546 15.60999040 -11.43672330 9.39054849 -8.14132701 6.84244765 -6.40824168 5.53916935 -4.73587069 3.91776822 -3.63662521 2.64045763 -3.12474762 
4.15777546 15.60999040 -11.43672330 9.39054849 -8.14132701 6.84244765 -6.40824168 5.53916935 -4.73587069 3.91776822 -3.63662521 2.64045763 -3.12474762 
4.15777546 15.60999040 -11.43672330 9.39054849 -8.14132701 6.84244765 -6.40824168 5.53916935 -4.73587069 3.91776822 -3.63662521 2.64045763 -3.12474762 
4.15777546 15.60999040 -11.43672330 9.39054849 -8.14132701 6.84244765 -6.40824168 5.53916935 -4.73587069 3.91776822 -3.63662521 2.64045763 -3.12474762 
4.15777546 15.60999040 -11.43672330 9.39054849 -8.14132701 6.84244765 -6.40824168 5.53916935 -4.73587069 3.91776822 -3.63662521 2.64045763 -3.12474762 
4.15777546 15.60999040 -11.43672330 9.39054849 -8.14132701 6.84244765 -6.40824168 5.53916935 -4.73587069 3.91776822 -3.63662521 2.64045763 -3.12474762 
4.15777546 15.60999040 -11.43672330 9.39054849 -8.14132701 6.84244765 -6.40824168 5.53916935 -4.73587069 3.91776822 -3.63662521 2.64045763 -3.12474762 
4.15777546 15.60999040 -11.43672330 9.39054849 -8.14132701 6.84244765 -6.40824168 5.53916935 -4.73587069 3.91776822 -3.63662521 2.64045763 -3.12474762 
4.15777546 15.60999040 -11.43672330 9.39054849 -8.14132701 6.84244765 -6.40824168 5.53916935 -4.73587069 3.91776822 -3.63662521 2.64045763 -3.12474762 
4.03282251 14.69541134 -10.16396237 7.87295952 -6.47239677 5.09757040 -4.64962132 3.81663610 -3.08842471 2.37444390 -2.21889986 1.36272117 -1.99587204 
4.02856170 14.73619166 -10.21902719 7.93673471 -6.54057196 5.16692294 -4.71768364 3.88160237 -3.14902839 2.42988264 -2.26868345 1.40663357 -2.03387819 
4.15024250 15.60999040 -11.43672330 9.39054849 -8.14132701 6.84244765 -6.40824168 5.53916935 -4.73587069 3.91776822 -3.63662521 2.64045763 -3.12474762 
4.02482089 14.68952590 -10.15602842 7.86378501 -6.46260426 5.08762340 -4.63987323 3.80734419 -3.07976820 2.36653505 -2.21180621 1.35647111 -1.99046840 
3.87706543 15.60873257 -11.43491905 9.38833516 -8.13882631 6.83976566 -6.40547227 5.53639368 -4.73315764 3.91517434 -3.63419648 2.63822935 -3.12274572 
3.86839493 15.60872162 -11.43490334 9.38831589 -8.13880455 6.83974232 -6.40544816 5.53636952 -4.73313403 3.91515177 -3.63417534 2.63820996 -3.12272830 
4.00440585 14.71899527 -10.19578799 7.90979806 -6.51175472 5.13758639 -4.68887229 3.85408265 -3.12333966 2.40636849 -2.24755533 1.38798673 -2.01773073 
4.00062302 14.67153505 -10.13179601 7.83578621 -6.43274282 5.05731360 -4.61019113 3.77907098 -3.05344615 2.34250180 -2.19026327 1.33750096 -1.97407626 
3.85094036 15.60869929 -11.43487131 9.38827660 -8.13876016 6.83969471 -6.40539901 5.53632025 -4.73308587 3.91510573 -3.63413224 2.63817042 -3.12269277 
3.84215562 15.60868790 -11.43485498 9.38825656 -8.13873752 6.83967043 -6.40537394 5.53629513 -4.73306132 3.91508226 -3.63411025 2.63815025 -3.12267465 
3.83333211 15.60867637 -11.43483843 9.38823626 -8.13871458 6.83964583 -6.40534854 5.53626967 -4.73303644 3.91505847 -3.63408798 2.63812982 -3.12265629 
3.97173944 14.69529054 -10.16379949 7.87277115 -6.47219566 5.09736609 -4.64942106 3.81644517 -3.08824681 2.37428134 -2.21875404 1.36259267 -1.99576093 
3.96789911 14.64674027 -10.09844956 7.79731250 -6.39176720 5.01577879 -4.56956954 3.74042626 -3.01751192 2.30972986 -2.16091916 1.31168786 -1.95179298 
3.81556747 15.60865282 -11.43480466 9.38819484 -8.13866779 6.83959565 -6.40529672 5.53621774 -4.73298567 3.91500993 -3.63404254 2.63808813 -3.12261884 
3.80662562 15.60864082 -11.43478744 9.38817371 -8.13864392 6.83957004 -6.40527028 5.53619124 -4.73295978 3.91498518 -3.63401936 2.63806686 -3.12259974 
3.64862896 14.31861803 -9.66264884 7.30049193 -5.86873884 4.49146797 -4.06225652 3.26276296 -2.57773413 1.91239347 -1.80828508 1.00405980 -1.68833109 
3.63290335 14.47329127 -9.86680963 7.53184740 -6.11087574 4.73282843 -4.29450812 3.48027248 -2.77695699 2.09150484 -1.96650021 1.14147090 -1.80551404 
3.77045300 15.60859113 -11.43471616 9.38808628 -8.13854514 6.83946411 -6.40516090 5.53608162 -4.73285263 3.91488274 -3.63392345 2.63797887 -3.12252068 
3.76130669 15.60857827 -11.43469773 9.38806367 -8.13851959 6.83943672 -6.40513261 5.53605327 -4.73282492 3.91485625 -3.63389864 2.63795611 -3.12250024 
3.75211836 15.60856525 -11.43467904 9.38804075 -8.13849370 6.83940894 -6.40510393 5.53602452 -4.73279682 3.91482939 -3.63387349 2.63793304 -3.12247951 
3.74288763 15.60855204 -11.43466010 9.38801750 -8.13846744 6.83938078 -6.40507485 5.53599538 -4.73276834 3.91480216 -3.63384800 2.63790965 -3.12245850 
3.88767134 14.63185599 -10.07845974 7.77428010 -6.36726901 4.99097738 -4.54534284 3.71740558 -2.99613001 2.29025044 -2.14349493 1.29637497 -1.93858612 
3.88367941 14.58041643 -10.00953756 7.69504601 -6.28317626 4.90602213 -4.46252453 3.63886407 -2.92331707 2.22403456 -2.08436556 1.24449338 -1.89390815 
3.72429735 15.60852506 -11.43462140 9.38797004 -8.13841381 6.83932327 -6.40501547 5.53593587 -4.73271017 3.91474654 -3.63379593 2.63786188 -3.12241558 
3.55971088 14.22963891 -9.54622576 7.16966946 -5.73294001 4.35717031 -3.93401477 3.14354998 -2.46932279 1.81558485 -1.72331941 0.93071154 -1.62614145 
3.35812321 15.60155582 -11.42462740 9.37571325 -8.12456915 6.82447835 -6.38969012 5.52057916 -4.71770297 3.90040127 -3.62036638 2.62554287 -3.11134981 
3.33556729 15.60136393 -11.42435230 9.37537593 -8.12418821 6.82406997 -6.38926860 5.52015685 -4.71729034 3.90000690 -3.61999725 2.62520431 -3.11104573 
3.31275410 15.60116543 -11.42406771 9.37502699 -8.12379415 6.82364753 -6.38883257 5.51972001 -4.71686352 3.89959897 -3.61961542 2.62485410 -3.11073120 
3.28967769 15.60096000 -11.42377320 9.37466589 -8.12338636 6.82321037 -6.38838135 5.51926796 -4.71642184 3.89917685 -3.61922031 2.62449172 -3.11040573 
3.26633192 15.60074733 -11.42346830 9.37429205 -8.12296419 6.82275780 -6.38791424 5.51879999 -4.71596461 3.89873987 -3.61881129 2.62411659 -3.11006882 
3.24271042 15.60052706 -11.42315252 9.37390487 -8.12252697 6.82228910 -6.38743048 5.51831534 -4.71549110 3.89828732 -3.61838771 2.62372811 -3.10971991 
3.21880660 15.60029883 -11.42282533 9.37350371 -8.12207396 6.82180348 -6.38692927 5.51781322 -4.71500051 3.89781847 -3.61794887 2.62332563 -3.10935844 
3.39524095 14.24844382 -9.57076840 7.19718027 -5.76142940 4.38528025 -3.96079745 3.16839340 -2.49186824 1.83567775 -1.74092134 0.94588008 -1.63898076 
3.54871862 15.60824396 -11.43421822 9.38747547 -8.13785506 6.83872404 -6.40439675 5.53531577 -4.73210409 3.91416712 -3.63325341 2.63736416 -3.12196844 
3.53849720 15.60822603 -11.43419250 9.38744392 -8.13781942 6.83868582 -6.40435728 5.53527622 -4.73206543 3.91413015 -3.63321880 2.63733241 -3.12193992 
3.52822327 15.60820782 -11.43416638 9.38741188 -8.13778322 6.83864700 -6.40431720 5.53523605 -4.73202617 3.91409262 -3.63318366 2.63730017 -3.12191095 
3.51789629 15.60818933 -11.43413985 9.38737934 -8.13774646 6.83860758 -6.40427649 5.53519525 -4.73198630 3.91405450 -3.63314797 2.63726743 -3.12188154 
3.50751572 15.60817054 -11.43411291 9.38734630 -8.13770913 6.83856754 -6.40423515 5.53515382 -4.73194581 3.91401579 -3.63311172 2.63723417 -3.12185166 
3.49708098 15.60815146 -11.43408555 9.38731273 -8.13767121 6.83852687 -6.40419316 5.53511174 -4.73190467 3.91397646 -3.63307491 2.63720039 -3.12182132 
3.48659152 15.60813209 -11.43405775 9.38727864 -8.13763269 6.83848556 -6.40415051 5.53506899 -4.73186289 3.91393652 -3.63303751 2.63716608 -3.12179050 
3.30143221 13.94295828 -9.17619811 6.75928121 -5.31232306 3.94624614 -3.54622787 2.78715390 -2.14875563 1.53227203 -1.47708548 0.72008041 -1.44910757 
3.28246877 14.12987159 -9.41657539 7.02493808 -5.58366140 4.21044727 -3.79474165 3.01482785 -2.35291357 1.71217970 -1.63301557 0.85311862 -1.56064651 
3.44407472 15.60805142 -11.43394206 9.38713672 -8.13747236 6.83831362 -6.40397297 5.53489107 -4.73168899 3.91377027 -3.63288185 2.63702328 -3.12166221 
3.25498025 13.88671357 -9.10450753 6.68073023 -5.23276352 3.86940342 -3.47451385 2.72195246 -2.09071711 1.48148101 -1.43335183 0.68299534 -1.41819766 
3.23553273 14.07814783 -9.34972801 6.95070987 -5.50749593 4.13595721 -3.72437457 2.95009513 -2.29463630 1.66063273 -1.58818098 0.81474028 -1.52836908 
3.21942687 13.84265863 -9.04856133 6.61964826 -5.17111183 3.81005552 -3.41930624 2.67191566 -2.04631173 1.44273108 -1.40007564 0.65484835 -1.39479356 
3.19960000 14.03758295 -9.29747841 6.89287902 -5.44834296 4.07828093 -3.67005107 2.90026383 -2.24989771 1.62116352 -1.55393568 0.78549367 -1.50382581 
3.18323706 13.79690581 -8.99065133 6.55662406 -5.10769786 3.74919381 -3.36285480 2.62089532 -2.00115609 1.40342671 -1.36640433 0.62643066 -1.37121479 
2.93508173 15.59713229 -11.41828631 9.36793912 -8.11579075 6.81506865 -6.37997875 5.51085066 -4.70819843 3.89131823 -3.61186518 2.61774640 -3.10434796 
3.13825308 13.96635441 -9.20610666 6.79214437 -5.34569977 3.97856832 -3.57647014 2.81471801 -2.17335025 1.55384383 -1.49569935 0.73589574 -1.46231438 
3.12144360 13.71662863 -8.88951646 6.44705173 -4.99793044 3.64428703 -3.26594672 2.53365610 -1.92423816 1.33671445 -1.30944510 0.57850825 -1.33157093 
2.86457264 15.59619706 -11.41694588 9.36629603 -8.11393569 6.81308047 -6.37792712 5.50879569 -4.70619102 3.88940007 -3.61007009 2.61610029 -3.10286977 
2.83565799 15.59579422 -11.41636855 9.36558836 -8.11313676 6.81222424 -6.37704360 5.50791075 -4.70532660 3.88857410 -3.60929714 2.61539151 -3.10223331 
2.80631919 15.59537351 -11.41576560 9.36484932 -8.11230244 6.81133010 -6.37612097 5.50698667 -4.70442395 3.88771163 -3.60849004 2.61465142 -3.10156874 
3.02290301 13.82550319 -9.02682448 6.59596767 -5.14726114 3.78714294 -3.39803434 2.65267311 -2.02926642 1.42788252 -1.38734547 0.64409684 -1.38586677 
3.00522772 13.55809494 -8.69155943 6.23440830 -4.78667910 3.44400016 -3.08236135 2.36962301 -1.78065205 1.21301817 -1.20450096 0.49073008 -1.25936209 
2.73103226 15.59423626 -11.41413584 9.36285179 -8.11004745 6.80891354 -6.37362753 5.50448939 -4.70198468 3.88538101 -3.60630913 2.61265166 -3.09977309 
2.70010565 15.59374397 -11.41343039 9.36198719 -8.10907146 6.80786766 -6.37254843 5.50340867 -4.70092911 3.88437248 -3.60536542 2.61178636 -3.09899614 
2.66869333 15.59322828 -11.41269142 9.36108155 -8.10804917 6.80677221 -6.37141820 5.50227678 -4.69982357 3.88331625 -3.60437709 2.61088017 -3.09818248 
2.63677979 15.59268769 -11.41191680 9.36013223 -8.10697762 6.80562399 -6.37023357 5.50109044 -4.69866489 3.88220927 -3.60334129 2.60993047 -3.09732978 
2.60434878 15.59212056 -11.41110420 9.35913640 -8.10585359 6.80441959 -6.36899100 5.49984611 -4.69744960 3.88104823 -3.60225494 2.60893445 -3.09643550 
2.30177265 12.24793610 -7.14456194 4.65861528 -3.29916773 2.09997061 -1.90572677 1.36327248 -0.93546437 0.51183645 -0.62980545 0.02459430 -0.88687430 
2.24654794 12.73417093 -7.70027401 5.20676232 -3.80028745 2.53887071 -2.27836734 1.67256356 -1.18775419 0.71557785 -0.79267561 0.15380178 -0.98795019 
2.48651099 15.58989991 -11.40792261 9.35523776 -8.10145343 6.79970513 -6.36412751 5.49497606 -4.69269353 3.87650476 -3.59800399 2.60503716 -3.09293650 
2.16617514 11.95891542 -6.82446636 4.35231767 -3.02733808 1.86849888 -1.71445662 1.20859116 -0.81237515 0.41458438 -0.55356019 -0.03493046 -0.84100881 
1.69171326 15.51232966 -11.29707077 9.21973078 -7.94886742 6.63657732 -6.19619396 5.32714976 -4.52910422 3.72050540 -3.45229235 2.47165760 -2.97336460 
2.04346175 12.34357611 -7.25216060 4.76313947 -3.39329990 2.18124173 -1.97377679 1.41900259 -0.98034429 0.54766663 -0.65815393 0.04688906 -0.90417200 
1.99948292 11.57779879 -6.41397144 3.96989189 -2.69667653 1.59373280 -1.49265640 1.03315902 -0.67567012 0.30849339 -0.47165855 -0.09812326 -0.79285281 
1.93386087 12.11646279 -6.99801032 4.51751215 -3.17319083 1.99209301 -1.81610617 1.29042622 -0.87721742 0.46562447 -0.59344421 -0.00387426 -0.86487955 
2.20787813 15.58349829 -11.39875337 9.34400491 -8.08877875 6.78612831 -6.35012467 5.48095731 -4.67900567 3.86343126 -3.58577440 2.59382693 -3.08287352 
2.49903611 13.06197246 -8.08715099 5.60035575 -4.17111295 2.87306919 -2.57002843 1.92111341 -1.39566039 0.88732227 -0.93281378 0.26695982 -1.07796470 
2.72842896 15.60602676 -11.43103829 9.38357507 -8.13344883 6.83399893 -6.39951818 5.53042672 -4.72732584 3.90959919 -3.62897671 2.63344079 -3.11844394 
2.71300495 15.60596523 -11.43095005 9.38346684 -8.13332658 6.83386783 -6.39938283 5.53029109 -4.72719330 3.90947249 -3.62885809 2.63333198 -3.11834619 
2.95433277 13.65361655 -8.81055421 6.36194025 -4.91309381 3.56359654 -3.19175606 2.46716907 -1.86587202 1.28629877 -1.26656508 0.54255942 -1.30193323 
2.94827972 13.56114683 -8.69534814 6.23845527 -4.79067752 3.44777106 -3.08580009 2.37268027 -1.78331540 1.21530230 -1.20643065 0.49233785 -1.26067976 
2.42466225 12.60457007 -7.55003995 5.05655148 -3.66115021 2.41549396 -2.17237150 1.58359191 -1.11440276 0.65577830 -0.74446567 0.11528192 -0.95761391 
2.04171057 15.57875630 -11.39196370 9.33568997 -8.07939953 6.77608458 -6.33976879 5.47059255 -4.66888821 3.85377030 -3.57673919 2.58554663 -3.07544215 
1.99791845 15.57737241 -11.38998261 9.33326430 -8.07666386 6.77315558 -6.33674925 5.46757088 -4.66593906 3.85095460 -3.57410620 2.58313393 -3.07327705 
1.95314607 15.57589481 -11.38786757 9.33067483 -8.07374371 6.77002930 -6.33352656 5.46434615 -4.66279195 3.84795009 -3.57129682 2.58055973 -3.07096716 
1.90734855 15.57431487 -11.38560626 9.32790654 -8.07062217 6.76668771 -6.33008220 5.46089987 -4.65942886 3.84473960 -3.56829503 2.57780941 -3.06849936 
1.86047784 15.57262296 -11.38318494 9.32494265 -8.06728040 6.76311068 -6.32639548 5.45721139 -4.65582969 3.84130401 -3.56508300 2.57486663 -3.06585904 
2.20575691 12.53574373 -7.47088176 4.97800446 -3.58893148 2.35190589 -2.11811218 1.53834421 -1.07733118 0.62572518 -0.72036000 0.09610533 -0.94257366 
2.46612076 15.60483990 -11.42933627 9.38148764 -8.13109092 6.83147061 -6.39690798 5.52781113 -4.72476974 3.90715579 -3.62668924 2.63134245 -3.11655904 
2.44852568 15.60474863 -11.42920539 9.38132712 -8.13090962 6.83127621 -6.39670729 5.52761003 -4.72457321 3.90696794 -3.62651338 2.63118114 -3.11641413 
2.43077444 15.60465491 -11.42907099 9.38116231 -8.13072345 6.83107659 -6.39650122 5.52740354 -4.72437143 3.90677505 -3.62633282 2.63101550 -3.11626535 
2.12044929 11.98456947 -6.85257139 4.37893003 -3.05071395 1.88821141 -1.73059373 1.22152501 -0.82258018 0.42258796 -0.55979460 -0.03008795 -0.84472225 
1.66117388 15.56449859 -11.37156170 9.31071916 -8.05124801 6.74595422 -6.30871745 5.43952928 -4.63857975 3.82484162 -3.54969501 2.56077133 -3.05321475 
1.18985003 9.26643191 -4.20456588 2.12716066 -1.26112618 0.50657134 -0.68649670 0.44286288 -0.24690219 -0.00746873 -0.23706854 -0.27588064 -0.66001329 
0.29361614 15.24567863 -10.92028452 8.76401485 -7.44090102 6.09872801 -5.64757698 4.78367885 -4.00376020 3.22346036 -2.99145501 2.05274460 -2.60027187 
0.98081399 9.58516085 -4.48080648 2.33630683 -1.40898339 0.60898634 -0.75629848 0.49012300 -0.27878877 0.01499901 -0.25330613 -0.26346162 -0.66927809 
1.38039516 15.55002666 -11.35087235 9.28541870 -8.02274859 6.71547560 -6.27733088 5.40815322 -4.60798700 3.79566036 -3.52243124 2.53580905 -3.03083160 
1.31918023 15.54631586 -11.34557043 9.27893872 -8.01545314 6.70767742 -6.26930423 5.40013292 -4.60017032 3.78820738 -3.51547067 2.52943836 -3.02512108 
1.76825265 11.59926478 -6.43674234 3.99079551 -2.71449176 1.60833697 -1.50429303 1.04224974 -0.68267155 0.31387366 -0.47577763 -0.09496412 -0.79524663 
1.73923766 11.07347101 -5.89096554 3.50002676 -2.30450368 1.27838537 -1.24591654 0.84365892 -0.53202317 0.19951084 -0.38908358 -0.16103618 -0.74548122 
1.69386530 11.42034859 -6.24822388 3.81884875 -2.56886434 1.48965107 -1.41024501 0.96915953 -0.62665347 0.27099820 -0.44306061 -0.12000093 -0.77631501 
1.40025471 4.52437362 -1.15821448 0.32142492 -0.22691038 -0.11691971 -0.30437586 0.20352341 -0.09917778 -0.11590046 -0.15639530 -0.34755608 -0.60469693 
0.46615358 7.71416923 -2.98837289 1.28773553 -0.71721582 0.15546570 -0.46114032 0.29767215 -0.15334994 -0.07303571 -0.18935260 -0.31416029 -0.63096092 
0.94425740 15.51816805 -11.30539477 9.22988389 -7.96027629 6.64875017 -6.20870161 5.33962676 -4.54124524 3.73206430 -3.46307241 2.48151110 -2.98218605 
0.86784289 15.51109594 -11.29531221 9.21758626 -7.94645816 6.63400724 -6.19355368 5.32451644 -4.52654224 3.71806665 -3.45001827 2.46957928 -2.97150421 
1.96276732 7.64338948 -2.93801289 1.25603209 -0.69845067 0.14418805 -0.45432142 0.29348105 -0.15077613 -0.07486808 -0.18798962 -0.31533962 -0.63004646 
2.76722586 13.29396312 -8.36693813 5.89099508 -4.45056128 3.12984477 -2.79835730 2.11923222 -1.56426742 1.02882278 -1.04996761 0.36279305 -1.15514276 
3.43453993 11.88985614 -6.74910628 4.28122940 -2.96512500 1.81621686 -1.67179892 1.17450866 -0.78556339 0.39361006 -0.53725807 -0.04757168 -0.83133029 
3.75522811 15.59724978 -11.41845470 9.36814553 -8.11602380 6.81531843 -6.38023651 5.51110885 -4.70845065 3.89155924 -3.61209073 2.61795323 -3.10453370 
3.48329858 12.25589117 -7.15347988 4.66724871 -3.30691676 2.10663970 -1.91129390 1.36781841 -0.93911507 0.51474388 -0.63210079 0.02639626 -0.88827003 
2.46484127 -5.30786806 -1.14474148 -0.37034959 -0.23228868 -0.27089957 -0.26909899 0.14490815 -0.11411686 -0.16373034 -0.16063752 -0.39039532 -0.58346583 
3.36023289 2.97645811 -0.59304865 0.11707736 -0.15532800 -0.15672567 -0.28123395 0.18869992 -0.09313806 -0.12430109 -0.15053361 -0.35668791 -0.59769354 
5.13248199 7.75963504 -3.02095598 1.30838460 -0.72951599 0.16289212 -0.46564670 0.30044895 -0.15506015 -0.07182096 -0.19025440 -0.31338460 -0.63156160 
5.85847789 14.00684343 -9.25798739 6.84927922 -5.40385539 4.03500588 -3.62938464 2.86304265 -2.21655164 1.59180408 -1.52851048 0.76381826 -1.48566706 
6.21409552 14.33154930 -9.67963076 7.31964169 -5.88868540 4.51125920 -4.08121581 3.28044200 -2.59385923 1.92683335 -1.82099232 1.01505704 -1.69767763 
6.23338156 14.58923895 -10.02134073 7.70859547 -6.29753632 4.92050984 -4.47662928 3.65222348 -2.93568695 2.23527066 -2.09438812 1.25327830 -1.90146581 
5.82695933 12.80904963 -7.78777624 5.29493310 -3.88257921 2.61236846 -2.34195108 1.72629222 -1.23233304 0.75213029 -0.82229831 0.17757775 -1.00675532 
5.03063823 8.99864349 -3.97947176 1.96159721 -1.14730716 0.42959275 -0.63513230 0.40871945 -0.22425169 -0.02334284 -0.22560010 -0.28475961 -0.65335732 
3.49337548 2.60522716 -0.48881333 0.08572149 -0.14628942 -0.16295085 -0.27744287 0.18610348 -0.09242957 -0.12593556 -0.14960579 -0.35856147 -0.59630451 
1.50691992 -8.43677739 -2.92319824 -1.30205751 -0.70138248 -0.51991779 -0.39348044 0.06691152 -0.16930546 -0.20848619 -0.19280476 -0.41497811 -0.59296210 
2.40385089 12.34238964 -7.25082066 4.76183303 -3.39211912 2.18021882 -1.97291750 1.41829668 -0.97977413 0.54721026 -0.65779202 0.04660390 -0.90395036 
2.22070796 8.86691463 -3.87108668 1.88346918 -1.09463461 0.39454868 -0.61208326 0.39358498 -0.21432507 -0.03028327 -0.22058085 -0.28868608 -0.65040213 
0.63612741 -0.19938371 -0.09234208 -0.02281951 -0.12480716 -0.19515313 -0.25963891 0.17190308 -0.09271014 -0.13669208 -0.14697612 -0.37038671 -0.58835454 
1.50797604 -0.19938371 -0.09234208 -0.02281951 -0.12480716 -0.19515313 -0.25963891 0.17190308 -0.09271014 -0.13669208 -0.14697612 -0.37038671 -0.58835454 
2.23111882 15.55232418 -11.35415564 9.28943227 -8.02726803 6.72030728 -6.28230490 5.41312405 -4.61283233 3.80028087 -3.52674702 2.53975956 -3.03437313 
1.57048124 0.85671243 -0.16059116 0.00001425 -0.12667241 -0.18469446 -0.26456511 0.17648678 -0.09161820 -0.13276354 -0.14713888 -0.36630181 -0.59088515 
2.45769295 -0.87735341 -0.10011929 -0.03494610 -0.12570684 -0.20159457 -0.25742237 0.16917210 -0.09394128 -0.13930907 -0.14736120 -0.37287787 -0.58698590 
4.27759717 7.67318521 -2.95915857 1.26931267 -0.70629362 0.14889388 -0.45716315 0.29522610 -0.15184669 -0.07410528 -0.18855743 -0.31484728 -0.63042840 
5.35012698 11.01966226 -5.83651842 3.45225795 -2.26554823 1.24773051 -1.22241865 0.82595832 -0.51884736 0.18965718 -0.38170226 -0.16662314 -0.74130129 
5.90700468 14.11848160 -9.40183343 7.00854527 -5.56681761 4.19395220 -3.77913959 3.00045726 -2.33996062 1.70070974 -1.62302857 0.84456124 -1.55344261 
6.05554559 15.58486565 -11.40071157 9.34640345 -8.09148477 6.78902654 -6.35311344 5.48394910 -4.68192650 3.86622068 -3.58838349 2.59621831 -3.08501996 
5.86879109 14.12709893 -9.41298564 7.02094514 -5.57955740 4.20642709 -3.79093808 3.01132357 -2.34975417 1.70938134 -1.63057846 0.85102993 -1.55888782 
5.34853956 11.66725570 -6.50914172 4.05750180 -2.77154586 1.65526379 -1.54180347 1.07164176 -0.70537269 0.33135940 -0.48919080 -0.08466282 -0.80306240 
4.33945520 7.17797052 -2.61791077 1.06065222 -0.58615222 0.07806196 -0.41494771 0.26953001 -0.13625475 -0.08533778 -0.18012893 -0.32233377 -0.62459309 
2.43168805 2.72603627 -0.52140573 0.09529565 -0.14897455 -0.16101783 -0.27862409 0.18691989 -0.09263554 -0.12541451 -0.14989039 -0.35796258 -0.59674608 
0.12947346 -10.76076391 -4.80445863 -2.64388118 -1.59849163 -1.10707665 -0.76778852 -0.17960609 -0.33685526 -0.32692448 -0.27582929 -0.47329274 -0.62948030 
1.33182209 9.37350844 -4.29635836 2.19593769 -1.30925802 0.53961923 -0.70884396 0.45788909 -0.25697606 -0.00038728 -0.24218397 -0.27195249 -0.66294844 
1.42956995 11.26403565 -6.08588932 3.67282832 -2.44685783 1.39146057 -1.33336283 0.91007973 -0.58184961 0.23699854 -0.41729704 -0.13962816 -0.76153738 
0.38950112 7.67511965 -2.96053414 1.27017818 -0.70680564 0.14920148 -0.45734908 0.29534036 -0.15191684 -0.07405533 -0.18859459 -0.31481511 -0.63045335 
-0.01401078 -10.42434306 -4.50243244 -2.40762592 -1.42656441 -0.98613489 -0.68516264 -0.12270275 -0.29722368 -0.29884166 -0.25604662 -0.45939721 -0.62027143 
1.14883774 9.71499419 -4.59592960 2.42536556 -1.47326455 0.65431646 -0.78769372 0.51168121 -0.29352289 0.02543621 -0.26086088 -0.25772375 -0.67354684 
1.57170173 15.60999040 -11.43672330 9.39054849 -8.14132701 6.84244765 -6.40824168 5.53916935 -4.73587069 3.91776822 -3.63662521 2.64045763 -3.12474762 
1.13726656 9.47995369 -4.38862257 2.26579324 -1.35864001 0.57382009 -0.73215004 0.47366575 -0.26761852 0.00711031 -0.24760194 -0.26780879 -0.66603966 
1.11603572 9.60954217 -4.50231064 2.35285847 -1.42087167 0.61733397 -0.76205763 0.49406408 -0.28147385 0.01689832 -0.25468019 -0.26241649 -0.67005607 
1.54411508 15.60999040 -11.43672330 9.39054849 -8.14132701 6.84244765 -6.40824168 5.53916935 -4.73587069 3.91776822 -3.63662521 2.64045763 -3.12474762 
1.10437586 9.37087419 -4.29408787 2.19422778 -1.30805547 0.53879006 -0.70828117 0.45750944 -0.25672077 -0.00056691 -0.24205419 -0.27205195 -0.66287419 
0.27487952 15.56449859 -11.37156170 9.31071916 -8.05124801 6.74595422 -6.30871745 5.43952928 -4.63857975 3.82484162 -3.54969501 2.56077133 -3.05321475 
1.04891674 9.38908620 -4.30979770 2.20606789 -1.31638851 0.54453939 -0.71218569 0.46014466 -0.25849355 0.00068074 -0.24295560 -0.27136137 -0.66338971 
1.48777333 15.60999040 -11.43672330 9.39054849 -8.14132701 6.84244765 -6.40824168 5.53916935 -4.73587069 3.91776822 -3.63662521 2.64045763 -3.12474762 
1.48777333 15.60999040 -11.43672330 9.39054849 -8.14132701 6.84244765 -6.40824168 5.53916935 -4.73587069 3.91776822 -3.63662521 2.64045763 -3.12474762 
1.03708312 9.14285217 -4.09989549 2.04962201 -1.20745567 0.47006379 -0.66201402 0.42651853 -0.23601666 -0.01510519 -0.23155251 -0.28013712 -0.65682662 
1.01457185 9.27380039 -4.21084986 2.13184594 -1.26438949 0.50880286 -0.68800021 0.44387066 -0.24757587 -0.00699562 -0.23741028 -0.27561768 -0.66020994 
1.45899585 15.60999040 -11.43672330 9.39054849 -8.14132701 6.84244765 -6.40824168 5.53916935 -4.73587069 3.91776822 -3.63662521 2.64045763 -3.12474762 
1.45899585 15.60999040 -11.43672330 9.39054849 -8.14132701 6.84244765 -6.40824168 5.53916935 -4.73587069 3.91776822 -3.63662521 2.64045763 -3.12474762 
1.00265376 9.02361880 -4.00019526 1.97665431 -1.15753610 0.43644164 -0.63966190 0.41170761 -0.22622011 -0.02196559 -0.22659557 -0.28398416 -0.65394000 
0.97968394 9.15494086 -4.11007443 2.05712067 -1.21261823 0.47355944 -0.66434881 0.42807179 -0.23704783 -0.01438244 -0.23207461 -0.27973320 -0.65712932 
0.96768346 8.90069558 -3.89873413 1.90329897 -1.10793895 0.40336467 -0.61786132 0.39736772 -0.21679931 -0.02855404 -0.22183192 -0.28770464 -0.65114157 
0.94423788 9.03234485 -4.00744888 1.98193353 -1.16112840 0.43885019 -0.64125675 0.41276079 -0.22691454 -0.02147962 -0.22694679 -0.28371082 -0.65414533 
1.40016808 15.60999040 -11.43672330 9.39054849 -8.14132701 6.84244765 -6.40824168 5.53916935 -4.73587069 3.91776822 -3.63662521 2.64045763 -3.12474762 
1.40016808 15.60999040 -11.43672330 9.39054849 -8.14132701 6.84244765 -6.40824168 5.53916935 -4.73587069 3.91776822 -3.63662521 2.64045763 -3.12474762 
1.40016808 15.60999040 -11.43672330 9.39054849 -8.14132701 6.84244765 -6.40824168 5.53916935 -4.73587069 3.91776822 -3.63662521 2.64045763 -3.12474762 
1.40016808 15.60999040 -11.43672330 9.39054849 -8.14132701 6.84244765 -6.40824168 5.53916935 -4.73587069 3.91776822 -3.63662521 2.64045763 -3.12474762 
1.40016808 15.60999040 -11.43672330 9.39054849 -8.14132701 6.84244765 -6.40824168 5.53916935 -4.73587069 3.91776822 -3.63662521 2.64045763 -3.12474762 
0.93215747 8.77391458 -3.79549662 1.82960366 -1.05871980 0.37087252 -0.59663481 0.38350894 -0.20775738 -0.03487175 -0.21725906 -0.29130174 -0.64842870 
0.90821800 8.90583966 -3.90295311 1.90633100 -1.10997711 0.40471738 -0.61874911 0.39794961 -0.21718032 -0.02828771 -0.22202457 -0.28755368 -0.65125526 
0.89606060 8.64309761 -3.69047043 1.75562128 -1.00993754 0.33900569 -0.57600451 0.37014041 -0.19909662 -0.04092058 -0.21287410 -0.29477891 -0.64579865 
-0.06711413 15.54631586 -11.34557043 9.27893872 -8.01545314 6.70767742 -6.26930423 5.40013292 -4.60017032 3.78820738 -3.51547067 2.52943836 -3.02512108 
-0.78476874 -1.72891101 -0.16704968 -0.05473000 -0.12926335 -0.20980147 -0.25568741 0.16577749 -0.09605893 -0.14282334 -0.14839070 -0.37594209 -0.58554121 
