10.08093714 0.42791396 -0.12107682 -0.01060324 -0.12536111 -0.18904924 -0.26234244 0.17455630 -0.09193550 -0.13435018 -0.14695952 -0.36799876 -0.58979702 
3.78668388 12.72583117 -7.69056014 5.19700511 -3.79120890 2.53078614 -2.27139313 1.66668640 -1.18289063 0.71159940 -0.78945836 0.15122438 -0.98591527 
3.61206276 14.39786650 -9.76696996 7.41840067 -5.99182855 4.61386232 -4.17975121 3.37254558 -2.67806276 2.00240307 -1.88763359 1.07284395 -1.74688306 
3.75977297 15.60999040 -11.43672330 9.39054849 -8.14132701 6.84244765 -6.40824168 5.53916935 -4.73587069 3.91776822 -3.63662521 2.64045763 -3.12474762 
3.60753606 14.33607690 -9.68558035 7.32635483 -5.89568197 4.51820522 -4.08787350 3.28665341 -2.59952757 1.93191175 -1.82546341 1.01892814 -1.70096902 
3.60219261 14.38870682 -9.75488198 7.40470521 -5.97749769 4.59958025 -4.16601087 3.35967999 -2.66628116 1.99181290 -1.87828072 1.06472242 -1.73995835 
3.59764565 14.32652079 -9.67302522 7.31219088 -5.88092251 4.50355479 -4.07383343 3.27355647 -2.58757747 1.92120686 -1.81603992 1.01077025 -1.69403361 
3.59227382 14.37944541 -9.74266782 7.39087556 -5.96303537 4.58517571 -4.15216071 3.34671878 -2.65441838 1.98115516 -1.86887272 1.05655671 -1.73299899 
3.89511467 14.58963735 -10.02187390 7.70920771 -6.29818539 4.92116487 -4.47726718 3.65282784 -2.93624670 2.23577923 -2.09484186 1.25367610 -1.90180811 
3.89908571 14.64067745 -10.09030456 7.78792498 -6.38177936 5.00566451 -4.55968697 3.73103320 -3.00878534 2.30177785 -2.15380453 1.30543400 -1.94639814 
3.75057755 15.60999040 -11.43672330 9.39054849 -8.14132701 6.84244765 -6.40824168 5.53916935 -4.73587069 3.91776822 -3.63662521 2.64045763 -3.12474762 
3.90364864 14.59647424 -10.03102593 7.71971967 -6.30933230 4.93241674 -4.48822718 3.66321374 -2.94586785 2.24452244 -2.10264407 1.26051758 -1.90769608 
3.90760415 14.64721770 -10.09909110 7.79805208 -6.39255424 5.01657596 -4.57034860 3.74116688 -3.01820012 2.31035708 -2.16148042 1.31218130 -1.95221870 
3.75977297 15.60999040 -11.43672330 9.39054849 -8.14132701 6.84244765 -6.40824168 5.53916935 -4.73587069 3.91776822 -3.63662521 2.64045763 -3.12474762 
3.75977297 15.60999040 -11.43672330 9.39054849 -8.14132701 6.84244765 -6.40824168 5.53916935 -4.73587069 3.91776822 -3.63662521 2.64045763 -3.12474762 
3.75977297 15.60999040 -11.43672330 9.39054849 -8.14132701 6.84244765 -6.40824168 5.53916935 -4.73587069 3.91776822 -3.63662521 2.64045763 -3.12474762 
3.75977297 15.60999040 -11.43672330 9.39054849 -8.14132701 6.84244765 -6.40824168 5.53916935 -4.73587069 3.91776822 -3.63662521 2.64045763 -3.12474762 
3.75977297 15.60999040 -11.43672330 9.39054849 -8.14132701 6.84244765 -6.40824168 5.53916935 -4.73587069 3.91776822 -3.63662521 2.64045763 -3.12474762 
3.60753606 14.33607690 -9.68558035 7.32635483 -5.89568197 4.51820522 -4.08787350 3.28665341 -2.59952757 1.93191175 -1.82546341 1.01892814 -1.70096902 
3.60219261 14.38870682 -9.75488198 7.40470521 -5.97749769 4.59958025 -4.16601087 3.35967999 -2.66628116 1.99181290 -1.87828072 1.06472242 -1.73995835 
3.75057755 15.60999040 -11.43672330 9.39054849 -8.14132701 6.84244765 -6.40824168 5.53916935 -4.73587069 3.91776822 -3.63662521 2.64045763 -3.12474762 
3.59764565 14.32652079 -9.67302522 7.31219088 -5.88092251 4.50355479 -4.07383343 3.27355647 -2.58757747 1.92120686 -1.81603992 1.01077025 -1.69403361 
3.59227382 14.37944541 -9.74266782 7.39087556 -5.96303537 4.58517571 -4.15216071 3.34671878 -2.65441838 1.98115516 -1.86887272 1.05655671 -1.73299899 
3.74133966 15.60999040 -11.43672330 9.39054849 -8.14132701 6.84244765 -6.40824168 5.53916935 -4.73587069 3.91776822 -3.63662521 2.64045763 -3.12474762 
3.74133966 15.60999040 -11.43672330 9.39054849 -8.14132701 6.84244765 -6.40824168 5.53916935 -4.73587069 3.91776822 -3.63662521 2.64045763 -3.12474762 
3.74133966 15.60999040 -11.43672330 9.39054849 -8.14132701 6.84244765 -6.40824168 5.53916935 -4.73587069 3.91776822 -3.63662521 2.64045763 -3.12474762 
3.74133966 15.60999040 -11.43672330 9.39054849 -8.14132701 6.84244765 -6.40824168 5.53916935 -4.73587069 3.91776822 -3.63662521 2.64045763 -3.12474762 
3.74133966 15.60999040 -11.43672330 9.39054849 -8.14132701 6.84244765 -6.40824168 5.53916935 -4.73587069 3.91776822 -3.63662521 2.64045763 -3.12474762 
3.74133966 15.60999040 -11.43672330 9.39054849 -8.14132701 6.84244765 -6.40824168 5.53916935 -4.73587069 3.91776822 -3.63662521 2.64045763 -3.12474762 
3.74133966 15.60999040 -11.43672330 9.39054849 -8.14132701 6.84244765 -6.40824168 5.53916935 -4.73587069 3.91776822 -3.63662521 2.64045763 -3.12474762 
3.74133966 15.60999040 -11.43672330 9.39054849 -8.14132701 6.84244765 -6.40824168 5.53916935 -4.73587069 3.91776822 -3.63662521 2.64045763 -3.12474762 
3.74133966 15.60999040 -11.43672330 9.39054849 -8.14132701 6.84244765 -6.40824168 5.53916935 -4.73587069 3.91776822 -3.63662521 2.64045763 -3.12474762 
3.74133966 15.60999040 -11.43672330 9.39054849 -8.14132701 6.84244765 -6.40824168 5.53916935 -4.73587069 3.91776822 -3.63662521 2.64045763 -3.12474762 
3.74133966 15.60999040 -11.43672330 9.39054849 -8.14132701 6.84244765 -6.40824168 5.53916935 -4.73587069 3.91776822 -3.63662521 2.64045763 -3.12474762 
3.74133966 15.60999040 -11.43672330 9.39054849 -8.14132701 6.84244765 -6.40824168 5.53916935 -4.73587069 3.91776822 -3.63662521 2.64045763 -3.12474762 
3.74133966 15.60999040 -11.43672330 9.39054849 -8.14132701 6.84244765 -6.40824168 5.53916935 -4.73587069 3.91776822 -3.63662521 2.64045763 -3.12474762 
3.74133966 15.60999040 -11.43672330 9.39054849 -8.14132701 6.84244765 -6.40824168 5.53916935 -4.73587069 3.91776822 -3.63662521 2.64045763 -3.12474762 
3.74133966 15.60999040 -11.43672330 9.39054849 -8.14132701 6.84244765 -6.40824168 5.53916935 -4.73587069 3.91776822 -3.63662521 2.64045763 -3.12474762 
3.74133966 15.60999040 -11.43672330 9.39054849 -8.14132701 6.84244765 -6.40824168 5.53916935 -4.73587069 3.91776822 -3.63662521 2.64045763 -3.12474762 
3.74133966 15.60999040 -11.43672330 9.39054849 -8.14132701 6.84244765 -6.40824168 5.53916935 -4.73587069 3.91776822 -3.63662521 2.64045763 -3.12474762 
3.58770643 14.31685915 -9.66034022 7.29788993 -5.86602992 4.48878143 -4.05968409 3.26036531 -2.57554817 1.91043676 -1.80656382 1.00257071 -1.68706595 
3.58230593 14.37008075 -9.73032574 7.37691006 -5.94844010 4.57064749 -4.13819976 3.33366126 -2.64247394 1.97042958 -1.85940945 1.04834681 -1.72600503 
3.73205890 15.60999040 -11.43672330 9.39054849 -8.14132701 6.84244765 -6.40824168 5.53916935 -4.73587069 3.91776822 -3.63662521 2.64045763 -3.12474762 
3.73205890 15.60999040 -11.43672330 9.39054849 -8.14132701 6.84244765 -6.40824168 5.53916935 -4.73587069 3.91776822 -3.63662521 2.64045763 -3.12474762 
3.73205890 15.60999040 -11.43672330 9.39054849 -8.14132701 6.84244765 -6.40824168 5.53916935 -4.73587069 3.91776822 -3.63662521 2.64045763 -3.12474762 
3.73205890 15.60999040 -11.43672330 9.39054849 -8.14132701 6.84244765 -6.40824168 5.53916935 -4.73587069 3.91776822 -3.63662521 2.64045763 -3.12474762 
3.73205890 15.60999040 -11.43672330 9.39054849 -8.14132701 6.84244765 -6.40824168 5.53916935 -4.73587069 3.91776822 -3.63662521 2.64045763 -3.12474762 
3.73205890 15.60999040 -11.43672330 9.39054849 -8.14132701 6.84244765 -6.40824168 5.53916935 -4.73587069 3.91776822 -3.63662521 2.64045763 -3.12474762 
3.73205890 15.60999040 -11.43672330 9.39054849 -8.14132701 6.84244765 -6.40824168 5.53916935 -4.73587069 3.91776822 -3.63662521 2.64045763 -3.12474762 
3.73205890 15.60999040 -11.43672330 9.39054849 -8.14132701 6.84244765 -6.40824168 5.53916935 -4.73587069 3.91776822 -3.63662521 2.64045763 -3.12474762 
3.73205890 15.60999040 -11.43672330 9.39054849 -8.14132701 6.84244765 -6.40824168 5.53916935 -4.73587069 3.91776822 -3.63662521 2.64045763 -3.12474762 
3.73205890 15.60999040 -11.43672330 9.39054849 -8.14132701 6.84244765 -6.40824168 5.53916935 -4.73587069 3.91776822 -3.63662521 2.64045763 -3.12474762 
3.73205890 15.60999040 -11.43672330 9.39054849 -8.14132701 6.84244765 -6.40824168 5.53916935 -4.73587069 3.91776822 -3.63662521 2.64045763 -3.12474762 
3.73205890 15.60999040 -11.43672330 9.39054849 -8.14132701 6.84244765 -6.40824168 5.53916935 -4.73587069 3.91776822 -3.63662521 2.64045763 -3.12474762 
3.57771791 14.30709041 -9.64752358 7.28345029 -5.85100275 4.47388394 -4.04542458 3.24707930 -2.56343927 1.89960123 -1.79703503 0.99432953 -1.68006613 
3.75056222 12.65899537 -7.61294251 5.11926361 -3.71907591 2.46672065 -2.21626758 1.62034593 -1.14463185 0.68036942 -0.76425207 0.13106462 -0.97002368 
3.88193975 14.62740134 -10.07248117 7.76739606 -6.35995153 4.98357387 -4.53811517 3.71054163 -2.98975820 2.28444860 -2.13830778 1.29181849 -1.93465806 
3.73205890 15.60999040 -11.43672330 9.39054849 -8.14132701 6.84244765 -6.40824168 5.53916935 -4.73587069 3.91776822 -3.63662521 2.64045763 -3.12474762 
3.73205890 15.60999040 -11.43672330 9.39054849 -8.14132701 6.84244765 -6.40824168 5.53916935 -4.73587069 3.91776822 -3.63662521 2.64045763 -3.12474762 
3.73205890 15.60999040 -11.43672330 9.39054849 -8.14132701 6.84244765 -6.40824168 5.53916935 -4.73587069 3.91776822 -3.63662521 2.64045763 -3.12474762 
3.88654433 14.58273302 -10.01263608 7.69860217 -6.28694436 4.90982294 -4.46622413 3.64236749 -2.92656039 2.22698009 -2.08699252 1.24679559 -1.89588844 
3.89053101 14.63407228 -10.08143493 7.77770666 -6.37091212 4.99466410 -4.54894274 3.72082498 -2.99930486 2.29314181 -2.14608040 1.29864645 -1.94054463 
3.74133966 15.60999040 -11.43672330 9.39054849 -8.14132701 6.84244765 -6.40824168 5.53916935 -4.73587069 3.91776822 -3.63662521 2.64045763 -3.12474762 
3.74133966 15.60999040 -11.43672330 9.39054849 -8.14132701 6.84244765 -6.40824168 5.53916935 -4.73587069 3.91776822 -3.63662521 2.64045763 -3.12474762 
3.89511467 14.58963735 -10.02187390 7.70920771 -6.29818539 4.92116487 -4.47726718 3.65282784 -2.93624670 2.23577923 -2.09484186 1.25367610 -1.90180811 
3.89908571 14.64067745 -10.09030456 7.78792498 -6.38177936 5.00566451 -4.55968697 3.73103320 -3.00878534 2.30177785 -2.15380453 1.30543400 -1.94639814 
3.75057755 15.60999040 -11.43672330 9.39054849 -8.14132701 6.84244765 -6.40824168 5.53916935 -4.73587069 3.91776822 -3.63662521 2.64045763 -3.12474762 
3.59764565 14.32652079 -9.67302522 7.31219088 -5.88092251 4.50355479 -4.07383343 3.27355647 -2.58757747 1.92120686 -1.81603992 1.01077025 -1.69403361 
3.59227382 14.37944541 -9.74266782 7.39087556 -5.96303537 4.58517571 -4.15216071 3.34671878 -2.65441838 1.98115516 -1.86887272 1.05655671 -1.73299899 
3.74133966 15.60999040 -11.43672330 9.39054849 -8.14132701 6.84244765 -6.40824168 5.53916935 -4.73587069 3.91776822 -3.63662521 2.64045763 -3.12474762 
3.74133966 15.60999040 -11.43672330 9.39054849 -8.14132701 6.84244765 -6.40824168 5.53916935 -4.73587069 3.91776822 -3.63662521 2.64045763 -3.12474762 
3.74133966 15.60999040 -11.43672330 9.39054849 -8.14132701 6.84244765 -6.40824168 5.53916935 -4.73587069 3.91776822 -3.63662521 2.64045763 -3.12474762 
3.74133966 15.60999040 -11.43672330 9.39054849 -8.14132701 6.84244765 -6.40824168 5.53916935 -4.73587069 3.91776822 -3.63662521 2.64045763 -3.12474762 
3.89511467 14.58963735 -10.02187390 7.70920771 -6.29818539 4.92116487 -4.47726718 3.65282784 -2.93624670 2.23577923 -2.09484186 1.25367610 -1.90180811 
3.89908571 14.64067745 -10.09030456 7.78792498 -6.38177936 5.00566451 -4.55968697 3.73103320 -3.00878534 2.30177785 -2.15380453 1.30543400 -1.94639814 
3.90364864 14.59647424 -10.03102593 7.71971967 -6.30933230 4.93241674 -4.48822718 3.66321374 -2.94586785 2.24452244 -2.10264407 1.26051758 -1.90769608 
3.90760415 14.64721770 -10.09909110 7.79805208 -6.39255424 5.01657596 -4.57034860 3.74116688 -3.01820012 2.31035708 -2.16148042 1.31218130 -1.95221870 
3.91214653 14.60324454 -10.04009321 7.73013911 -6.32038605 4.94357939 -4.49910482 3.67352576 -2.95542428 2.25321003 -2.11039937 1.26732017 -1.91355241 
3.91608663 14.65369387 -10.10779555 7.80808899 -6.40323775 5.02739932 -4.58092837 3.75122661 -3.02754966 2.31887984 -2.16910834 1.31888853 -1.95800643 
3.61737813 14.34552902 -9.69800734 7.34038346 -5.91030978 4.53273390 -4.10180519 3.29965676 -2.61139889 1.94255166 -1.83483438 1.02704436 -1.70787211 
3.61206276 14.39786650 -9.76696996 7.41840067 -5.99182855 4.61386232 -4.17975121 3.37254558 -2.67806276 2.00240307 -1.88763359 1.07284395 -1.74688306 
3.75977297 15.60999040 -11.43672330 9.39054849 -8.14132701 6.84244765 -6.40824168 5.53916935 -4.73587069 3.91776822 -3.63662521 2.64045763 -3.12474762 
3.60753606 14.33607690 -9.68558035 7.32635483 -5.89568197 4.51820522 -4.08787350 3.28665341 -2.59952757 1.93191175 -1.82546341 1.01892814 -1.70096902 
3.60219261 14.38870682 -9.75488198 7.40470521 -5.97749769 4.59958025 -4.16601087 3.35967999 -2.66628116 1.99181290 -1.87828072 1.06472242 -1.73995835 
3.59764565 14.32652079 -9.67302522 7.31219088 -5.88092251 4.50355479 -4.07383343 3.27355647 -2.58757747 1.92120686 -1.81603992 1.01077025 -1.69403361 
3.59227382 14.37944541 -9.74266782 7.39087556 -5.96303537 4.58517571 -4.15216071 3.34671878 -2.65441838 1.98115516 -1.86887272 1.05655671 -1.73299899 
3.74133966 15.60999040 -11.43672330 9.39054849 -8.14132701 6.84244765 -6.40824168 5.53916935 -4.73587069 3.91776822 -3.63662521 2.64045763 -3.12474762 
3.74133966 15.60999040 -11.43672330 9.39054849 -8.14132701 6.84244765 -6.40824168 5.53916935 -4.73587069 3.91776822 -3.63662521 2.64045763 -3.12474762 
3.58770643 14.31685915 -9.66034022 7.29788993 -5.86602992 4.48878143 -4.05968409 3.26036531 -2.57554817 1.91043676 -1.80656382 1.00257071 -1.68706595 
3.58230593 14.37008075 -9.73032574 7.37691006 -5.94844010 4.57064749 -4.13819976 3.33366126 -2.64247394 1.97042958 -1.85940945 1.04834681 -1.72600503 
3.73205890 15.60999040 -11.43672330 9.39054849 -8.14132701 6.84244765 -6.40824168 5.53916935 -4.73587069 3.91776822 -3.63662521 2.64045763 -3.12474762 
3.73205890 15.60999040 -11.43672330 9.39054849 -8.14132701 6.84244765 -6.40824168 5.53916935 -4.73587069 3.91776822 -3.63662521 2.64045763 -3.12474762 
3.73205890 15.60999040 -11.43672330 9.39054849 -8.14132701 6.84244765 -6.40824168 5.53916935 -4.73587069 3.91776822 -3.63662521 2.64045763 -3.12474762 
3.73205890 15.60999040 -11.43672330 9.39054849 -8.14132701 6.84244765 -6.40824168 5.53916935 -4.73587069 3.91776822 -3.63662521 2.64045763 -3.12474762 
3.57771791 14.30709041 -9.64752358 7.28345029 -5.85100275 4.47388394 -4.04542458 3.24707930 -2.56343927 1.89960123 -1.79703503 0.99432953 -1.68006613 
3.57228843 14.36061130 -9.71785397 7.36280699 -5.93371037 4.55599435 -4.12412707 3.32050673 -2.63044737 1.95963587 -1.84989078 1.04009266 -1.71897650 
3.56767962 14.29721297 -9.63457348 7.26887022 -5.83583949 4.45886112 -4.03105400 3.23369780 -2.55125037 1.88870006 -1.78745346 0.98604673 -1.67303422 
3.56222085 14.35103546 -9.70525072 7.34856461 -5.91884467 4.54121504 -4.10994167 3.30725451 -2.61833823 1.94877377 -1.84031657 1.03179426 -1.71191347 
3.71336718 15.60999040 -11.43672330 9.39054849 -8.14132701 6.84244765 -6.40824168 5.53916935 -4.73587069 3.91776822 -3.63662521 2.64045763 -3.12474762 
3.86929324 14.56871843 -9.99389883 7.67710607 -6.26417594 4.88686542 -4.44388595 3.62122119 -2.90699058 2.20921274 -2.07115155 1.23291687 -1.88395362 
3.87331160 14.62066374 -10.06344224 7.75699213 -6.34889661 4.97239292 -4.52720353 3.70018253 -2.98014490 2.27569787 -2.13048643 1.28494994 -1.92873833 
3.72273488 15.60999040 -11.43672330 9.39054849 -8.14132701 6.84244765 -6.40824168 5.53916935 -4.73587069 3.91776822 -3.63662521 2.64045763 -3.12474762 
3.72273488 15.60999040 -11.43672330 9.39054849 -8.14132701 6.84244765 -6.40824168 5.53916935 -4.73587069 3.91776822 -3.63662521 2.64045763 -3.12474762 
3.72273488 15.60999040 -11.43672330 9.39054849 -8.14132701 6.84244765 -6.40824168 5.53916935 -4.73587069 3.91776822 -3.63662521 2.64045763 -3.12474762 
3.72273488 15.60999040 -11.43672330 9.39054849 -8.14132701 6.84244765 -6.40824168 5.53916935 -4.73587069 3.91776822 -3.63662521 2.64045763 -3.12474762 
3.72273488 15.60999040 -11.43672330 9.39054849 -8.14132701 6.84244765 -6.40824168 5.53916935 -4.73587069 3.91776822 -3.63662521 2.64045763 -3.12474762 
3.72273488 15.60999040 -11.43672330 9.39054849 -8.14132701 6.84244765 -6.40824168 5.53916935 -4.73587069 3.91776822 -3.63662521 2.64045763 -3.12474762 
3.72273488 15.60999040 -11.43672330 9.39054849 -8.14132701 6.84244765 -6.40824168 5.53916935 -4.73587069 3.91776822 -3.63662521 2.64045763 -3.12474762 
3.72273488 15.60999040 -11.43672330 9.39054849 -8.14132701 6.84244765 -6.40824168 5.53916935 -4.73587069 3.91776822 -3.63662521 2.64045763 -3.12474762 
3.72273488 15.60999040 -11.43672330 9.39054849 -8.14132701 6.84244765 -6.40824168 5.53916935 -4.73587069 3.91776822 -3.63662521 2.64045763 -3.12474762 
3.56767962 14.29721297 -9.63457348 7.26887022 -5.83583949 4.45886112 -4.03105400 3.23369780 -2.55125037 1.88870006 -1.78745346 0.98604673 -1.67303422 
3.56222085 14.35103546 -9.70525072 7.34856461 -5.91884467 4.54121504 -4.10994167 3.30725451 -2.61833823 1.94877377 -1.84031657 1.03179426 -1.71191347 
3.71336718 15.60999040 -11.43672330 9.39054849 -8.14132701 6.84244765 -6.40824168 5.53916935 -4.73587069 3.91776822 -3.63662521 2.64045763 -3.12474762 
3.71336718 15.60999040 -11.43672330 9.39054849 -8.14132701 6.84244765 -6.40824168 5.53916935 -4.73587069 3.91776822 -3.63662521 2.64045763 -3.12474762 
3.55759105 14.28722519 -9.62148810 7.25414800 -5.82053865 4.44371175 -4.01657143 3.22022018 -2.53898107 1.87773304 -1.77781906 0.97772235 -1.66597033 
3.55210267 14.34135164 -9.69251417 7.33418117 -5.90384144 4.52630830 -4.09564260 3.29390390 -2.60614604 1.93784300 -1.83068671 1.02345159 -1.70481597 
3.70395540 15.60999040 -11.43672330 9.39054849 -8.14132701 6.84244765 -6.40824168 5.53916935 -4.73587069 3.91776822 -3.63662521 2.64045763 -3.12474762 
3.70395540 15.60999040 -11.43672330 9.39054849 -8.14132701 6.84244765 -6.40824168 5.53916935 -4.73587069 3.91776822 -3.63662521 2.64045763 -3.12474762 
3.86061188 14.56160636 -9.98439725 7.66621333 -6.25264654 4.87524807 -4.43258936 3.61053408 -2.89710619 2.20024390 -2.06315949 1.22591839 -1.87793832 
3.86464625 14.61385861 -10.05431708 7.74649378 -6.33774633 4.96112037 -4.51620706 3.68974709 -2.97046448 2.26688927 -2.12261609 1.27804062 -1.92278533 
3.71336718 15.60999040 -11.43672330 9.39054849 -8.14132701 6.84244765 -6.40824168 5.53916935 -4.73587069 3.91776822 -3.63662521 2.64045763 -3.12474762 
3.71336718 15.60999040 -11.43672330 9.39054849 -8.14132701 6.84244765 -6.40824168 5.53916935 -4.73587069 3.91776822 -3.63662521 2.64045763 -3.12474762 
3.71336718 15.60999040 -11.43672330 9.39054849 -8.14132701 6.84244765 -6.40824168 5.53916935 -4.73587069 3.91776822 -3.63662521 2.64045763 -3.12474762 
3.71336718 15.60999040 -11.43672330 9.39054849 -8.14132701 6.84244765 -6.40824168 5.53916935 -4.73587069 3.91776822 -3.63662521 2.64045763 -3.12474762 
3.86929324 14.56871843 -9.99389883 7.67710607 -6.26417594 4.88686542 -4.44388595 3.62122119 -2.90699058 2.20921274 -2.07115155 1.23291687 -1.88395362 
3.87331160 14.62066374 -10.06344224 7.75699213 -6.34889661 4.97239292 -4.52720353 3.70018253 -2.98014490 2.27569787 -2.13048643 1.28494994 -1.92873833 
3.72273488 15.60999040 -11.43672330 9.39054849 -8.14132701 6.84244765 -6.40824168 5.53916935 -4.73587069 3.91776822 -3.63662521 2.64045763 -3.12474762 
3.72273488 15.60999040 -11.43672330 9.39054849 -8.14132701 6.84244765 -6.40824168 5.53916935 -4.73587069 3.91776822 -3.63662521 2.64045763 -3.12474762 
3.87793729 14.57576034 -10.00331141 7.68790199 -6.27560821 4.89839008 -4.45509729 3.63183214 -2.91680850 2.21812470 -2.07909582 1.23987589 -1.88993696 
3.88193975 14.62740134 -10.07248117 7.76739606 -6.35995153 4.98357387 -4.53811517 3.71054163 -2.98975820 2.28444860 -2.13830778 1.29181849 -1.93465806 
3.57771791 14.30709041 -9.64752358 7.28345029 -5.85100275 4.47388394 -4.04542458 3.24707930 -2.56343927 1.89960123 -1.79703503 0.99432953 -1.68006613 
3.57228843 14.36061130 -9.71785397 7.36280699 -5.93371037 4.55599435 -4.12412707 3.32050673 -2.63044737 1.95963587 -1.84989078 1.04009266 -1.71897650 
3.56767962 14.29721297 -9.63457348 7.26887022 -5.83583949 4.45886112 -4.03105400 3.23369780 -2.55125037 1.88870006 -1.78745346 0.98604673 -1.67303422 
3.56222085 14.35103546 -9.70525072 7.34856461 -5.91884467 4.54121504 -4.10994167 3.30725451 -2.61833823 1.94877377 -1.84031657 1.03179426 -1.71191347 
3.55759105 14.28722519 -9.62148810 7.25414800 -5.82053865 4.44371175 -4.01657143 3.22022018 -2.53898107 1.87773304 -1.77781906 0.97772235 -1.66597033 
3.55210267 14.34135164 -9.69251417 7.33418117 -5.90384144 4.52630830 -4.09564260 3.29390390 -2.60614604 1.93784300 -1.83068671 1.02345159 -1.70481597 
3.54745170 14.27712542 -9.60826557 7.23928183 -5.80509870 4.42843462 -4.00197595 3.20664580 -2.52663098 1.86669996 -1.76813176 0.96935642 -1.65887456 
3.54193340 14.33155820 -9.67964245 7.31965488 -5.88869914 4.51127284 -4.08122888 3.28045420 -2.59387036 1.92684332 -1.82100109 1.01506464 -1.69768409 
3.53726107 14.26691196 -9.59490400 7.22426993 -5.78951808 4.41302848 -3.98726665 3.19297403 -2.51419972 1.85560064 -1.75839151 0.96094900 -1.65174702 
3.53171252 14.32165346 -9.66663368 7.30498392 -5.87341618 4.49610740 -4.06669954 3.26690471 -2.58151074 1.91577446 -1.81125961 1.00663342 -1.69051789 
3.68499791 15.60999040 -11.43672330 9.39054849 -8.14132701 6.84244765 -6.40824168 5.53916935 -4.73587069 3.91776822 -3.63662521 2.64045763 -3.12474762 
3.52701863 14.25658308 -9.58140145 7.20911047 -5.77379523 4.39749209 -3.97244259 3.17920425 -2.50168689 1.84443488 -1.74859827 0.95250013 -1.64458783 
3.52143950 14.31163572 -9.65348593 7.29016645 -5.85799095 4.48081065 -4.05205357 3.25325475 -2.56906673 1.90463617 -1.80146216 0.99815793 -1.68331746 
3.83434059 14.53983982 -9.95534740 7.63294298 -6.21746526 4.83983096 -4.39818079 3.57800988 -2.86704982 2.17299290 -2.03889442 1.20468488 -1.85970001 
3.70449543 12.57202987 -7.51256094 5.01931013 -3.62686289 2.38526542 -2.14654576 1.56202988 -1.09671697 0.64142632 -0.73294342 0.10610860 -0.95041398 
3.52143950 14.31163572 -9.65348593 7.29016645 -5.85799095 4.48081065 -4.05205357 3.25325475 -2.56906673 1.90463617 -1.80146216 0.99815793 -1.68331746 
3.67545135 15.60999040 -11.43672330 9.39054849 -8.14132701 6.84244765 -6.40824168 5.53916935 -4.73587069 3.91776822 -3.63662521 2.64045763 -3.12474762 
3.67545135 15.60999040 -11.43672330 9.39054849 -8.14132701 6.84244765 -6.40824168 5.53916935 -4.73587069 3.91776822 -3.63662521 2.64045763 -3.12474762 
3.51672386 14.24613702 -9.56775596 7.19380158 -5.75792857 4.38182419 -3.95750286 3.16533582 -2.48909213 1.83320250 -1.73875201 0.94400989 -1.63739713 
3.51111382 14.30150324 -9.64019724 7.27520059 -5.84242183 4.46538130 -4.03729001 3.23950361 -2.55653789 1.89342823 -1.79160866 0.98963820 -1.67608290 
3.66585901 15.60999040 -11.43672330 9.39054849 -8.14132701 6.84244765 -6.40824168 5.53916935 -4.73587069 3.91776822 -3.63662521 2.64045763 -3.12474762 
3.82550666 14.53243765 -9.94547863 7.62165168 -6.20553697 4.82783388 -4.38653582 3.56701224 -2.85689516 2.16379336 -2.03070907 1.19752725 -1.85355621 
3.82960639 14.58594450 -10.01693240 7.70353397 -6.29217104 4.91509592 -4.47135757 3.64722952 -2.93106217 2.23106914 -2.09063984 1.24999244 -1.89863863 
3.83434059 14.53983982 -9.95534740 7.63294298 -6.21746526 4.83983096 -4.39818079 3.57800988 -2.86704982 2.17299290 -2.03889442 1.20468488 -1.85970001 
4.11266290 14.71050767 -10.18432822 7.89652649 -6.49756850 5.12315615 -4.67471144 3.84056682 -3.11073222 2.39483619 -2.23720000 1.37885313 -2.00982601 
4.12342025 14.84173266 -10.36227055 8.10345550 -6.71964803 5.34992873 -4.89808358 4.05453563 -3.31101514 2.57864448 -2.40276757 1.52531953 -2.13694456 
4.00009458 15.60887813 -11.43512783 9.38859127 -8.13911567 6.84007598 -6.40579270 5.53671482 -4.73347153 3.91547444 -3.63447746 2.63848714 -3.12297731 
3.87331160 14.62066374 -10.06344224 7.75699213 -6.34889661 4.97239292 -4.52720353 3.70018253 -2.98014490 2.27569787 -2.13048643 1.28494994 -1.92873833 
3.87793729 14.57576034 -10.00331141 7.68790199 -6.27560821 4.89839008 -4.45509729 3.63183214 -2.91680850 2.21812470 -2.07909582 1.23987589 -1.88993696 
3.88193975 14.62740134 -10.07248117 7.76739606 -6.35995153 4.98357387 -4.53811517 3.71054163 -2.98975820 2.28444860 -2.13830778 1.29181849 -1.93465806 
3.73205890 15.60999040 -11.43672330 9.39054849 -8.14132701 6.84244765 -6.40824168 5.53916935 -4.73587069 3.91776822 -3.63662521 2.64045763 -3.12474762 
3.73205890 15.60999040 -11.43672330 9.39054849 -8.14132701 6.84244765 -6.40824168 5.53916935 -4.73587069 3.91776822 -3.63662521 2.64045763 -3.12474762 
3.73205890 15.60999040 -11.43672330 9.39054849 -8.14132701 6.84244765 -6.40824168 5.53916935 -4.73587069 3.91776822 -3.63662521 2.64045763 -3.12474762 
3.73205890 15.60999040 -11.43672330 9.39054849 -8.14132701 6.84244765 -6.40824168 5.53916935 -4.73587069 3.91776822 -3.63662521 2.64045763 -3.12474762 
3.73205890 15.60999040 -11.43672330 9.39054849 -8.14132701 6.84244765 -6.40824168 5.53916935 -4.73587069 3.91776822 -3.63662521 2.64045763 -3.12474762 
3.73205890 15.60999040 -11.43672330 9.39054849 -8.14132701 6.84244765 -6.40824168 5.53916935 -4.73587069 3.91776822 -3.63662521 2.64045763 -3.12474762 
3.57771791 14.30709041 -9.64752358 7.28345029 -5.85100275 4.47388394 -4.04542458 3.24707930 -2.56343927 1.89960123 -1.79703503 0.99432953 -1.68006613 
3.57228843 14.36061130 -9.71785397 7.36280699 -5.93371037 4.55599435 -4.12412707 3.32050673 -2.63044737 1.95963587 -1.84989078 1.04009266 -1.71897650 
3.72273488 15.60999040 -11.43672330 9.39054849 -8.14132701 6.84244765 -6.40824168 5.53916935 -4.73587069 3.91776822 -3.63662521 2.64045763 -3.12474762 
3.56767962 14.29721297 -9.63457348 7.26887022 -5.83583949 4.45886112 -4.03105400 3.23369780 -2.55125037 1.88870006 -1.78745346 0.98604673 -1.67303422 
3.37855524 15.60792021 -11.43375387 9.38690588 -8.13721157 6.83803394 -6.40368420 5.53460166 -4.73140614 3.91349985 -3.63262866 2.63679100 -3.12145354 
3.36742358 15.60789705 -11.43372065 9.38686514 -8.13716554 6.83798458 -6.40363323 5.53455058 -4.73135621 3.91345213 -3.63258398 2.63675001 -3.12141671 
3.17102844 13.78126206 -8.97089574 6.53517087 -5.08615810 3.72856341 -3.34375749 2.60366863 -1.98593793 1.39020365 -1.35509504 0.61690051 -1.36331898 
2.92117736 15.59695300 -11.41802934 9.36762411 -8.11543510 6.81468747 -6.37958540 5.51045666 -4.70781355 3.89095045 -3.61152099 2.61743077 -3.10406453 
2.66195295 12.93050327 -7.93080109 5.44012423 -4.01907514 2.73512318 -2.44885908 1.81721264 -1.30823540 0.81471539 -0.87327820 0.21867916 -1.03940203 
2.30840688 15.55654209 -11.36018454 9.29680358 -8.03557000 6.72918441 -6.29144512 5.42225991 -4.62173891 3.80877544 -3.53468246 2.54702430 -3.04088658 
1.68986231 5.74309797 -1.75151815 0.58919387 -0.34267415 -0.05660444 -0.33800746 0.22372213 -0.10972129 -0.10590141 -0.16421362 -0.33813228 -0.61212438 
0.83578550 9.55713774 -4.45615578 2.31738097 -1.39542282 0.59948457 -0.74975554 0.48565307 -0.27574805 0.01284957 -0.25175147 -0.26464503 -0.66839692 
0.58946061 -2.51882983 -0.28605325 -0.08418369 -0.13620859 -0.21804585 -0.25522134 0.16247316 -0.09861995 -0.14641748 -0.14991354 -0.37879614 -0.58448194 
0.04023057 2.85778387 -0.55841053 0.10642084 -0.15217896 -0.15881050 -0.27996883 0.18784096 -0.09288684 -0.12483466 -0.15021966 -0.35729772 -0.59723903 
0.85261692 14.65133693 -10.10462719 7.80443511 -6.39934795 5.02345809 -4.57707535 3.74756254 -3.02414386 2.31577488 -2.16632909 1.31644449 -1.95589725 
2.16736533 7.41159654 -2.77619622 1.15592376 -0.64017500 0.10957537 -0.43358042 0.28081175 -0.14305313 -0.08040343 -0.18385045 -0.31897777 -0.62721617 
2.50605974 13.81136940 -9.00893693 6.57650230 -5.12767725 3.76834899 -3.38060385 2.63692096 -2.01532614 1.41574960 -1.37695223 0.63532585 -1.37858979 
2.66396935 12.34693307 -7.25595247 4.76683722 -3.39664254 2.18413793 -1.97621012 1.42100189 -0.98195932 0.54895952 -0.65917932 0.04769709 -0.90480010 
2.77732763 14.13044708 -9.41732056 7.02576705 -5.58451352 4.21128207 -3.79553156 3.01555569 -2.35356983 1.71276102 -1.63352190 0.85355259 -1.56101195 
2.36870708 13.51763168 -8.64140910 6.18092375 -4.73391718 3.39431370 -3.03711618 2.32945277 -1.74570385 1.18308313 -1.17924040 0.46970604 -1.24214903 
2.17890601 15.30364406 -11.00162467 8.86174663 -7.54914813 6.21264912 -5.76310193 4.89748033 -4.11317758 3.32645941 -3.08649274 2.13874573 -2.67653799 
2.31560699 15.33984097 -11.05257834 8.92315173 -7.61735551 6.28462843 -5.83628656 4.96975473 -4.18283477 3.39217953 -3.14726328 2.19384901 -2.72549721 
2.74210617 12.59570120 -7.53981539 5.04638255 -3.65177961 2.40722567 -2.16530178 1.57768479 -1.10955399 0.65184092 -0.74130271 0.11276247 -0.95563550 
3.06103171 15.43746656 -11.19061601 9.09020568 -7.80366718 6.48200257 -6.03770928 5.16937784 -4.37588030 3.57489633 -3.31672987 2.34794846 -2.86278260 
2.95185249 14.22977550 -9.54640390 7.16986901 -5.73314653 4.35737395 -3.93420868 3.14372975 -2.46948584 1.81573009 -1.72344658 0.93082108 -1.62623413 
2.33182492 9.57852667 -4.47496435 2.33181687 -1.40576309 0.60672796 -0.75474215 0.48905904 -0.27806454 0.01448692 -0.25293571 -0.26374349 -0.66906824 
0.89205735 2.53988617 -0.47171951 0.08078481 -0.14493270 -0.16396266 -0.27682362 0.18567254 -0.09232758 -0.12621343 -0.14945862 -0.35888124 -0.59606975 
1.22255807 -2.52332838 -0.28688788 -0.08439488 -0.13626214 -0.21809601 -0.25522222 0.16245349 -0.09863629 -0.14643909 -0.14992386 -0.37881259 -0.58447672 
2.27977008 12.43876029 -7.36007540 4.86875239 -3.48910432 2.26452591 -2.04397385 1.47685498 -1.02721370 0.58528415 -0.68805728 0.07049854 -0.92255719 
3.10147651 11.08720072 -5.90489989 3.51228715 -2.31453000 1.28629561 -1.25199469 0.84824788 -0.53544626 0.20207497 -0.39100675 -0.15957961 -0.74657165 
3.64623796 14.20196686 -9.51017113 7.12931973 -5.69122082 4.31606906 -3.89491171 3.10732982 -2.43649795 1.78636865 -1.69775665 0.90870806 -1.60753726 
3.67718719 14.61958564 -10.06199630 7.75532828 -6.34712911 4.97060571 -4.52545978 3.69852747 -2.97860933 2.27430038 -2.12923761 1.28385346 -1.92779349 
3.54196247 15.59423626 -11.41413584 9.36285179 -8.11004745 6.80891354 -6.37362753 5.50448939 -4.70198468 3.88538101 -3.60630913 2.61265166 -3.09977309 
