9.24265464 1.23144325 -0.20833716 0.01174216 -0.12863142 -0.18069261 -0.26677334 0.17827917 -0.09149180 -0.13136865 -0.14742610 -0.36476523 -0.59190794 
5.04640107 14.18784764 -9.49180266 7.10879303 -5.67002754 4.29521819 -3.87510080 3.08900300 -2.41990962 1.77162122 -1.68486765 0.89762521 -1.59817589 
5.22927670 15.58384397 -11.39924839 9.34461123 -8.08946278 6.78686091 -6.35088013 5.48171352 -4.67974392 3.86413628 -3.58643383 2.59443133 -3.08341600 
5.19589531 15.42212144 -11.16885978 9.06380847 -7.77415449 6.45066439 -6.00565668 5.13754367 -4.34503237 3.54564283 -3.28954859 2.32318993 -2.84069007 
4.93013732 13.49192009 -8.60962120 6.14710370 -4.70063214 3.36303917 -3.00869916 2.30427626 -1.72384460 1.16439488 -1.16349830 0.45662539 -1.23145611 
4.48544986 13.95815521 -9.19561932 6.78061481 -5.33398391 3.96721691 -3.56584399 2.80502831 -2.16470049 1.54625392 -1.48914752 0.73032686 -1.45766234 
3.93115798 11.36438402 -6.18984984 3.76612202 -2.52463042 1.45391832 -1.38216747 0.94751170 -0.61018558 0.25847041 -0.43354857 -0.12725635 -0.77084583 
3.42065436 15.60999040 -11.43672330 9.39054849 -8.14132701 6.84244765 -6.40824168 5.53916935 -4.73587069 3.91776822 -3.63662521 2.64045763 -3.12474762 
3.24063010 13.94094443 -9.17362609 6.75645765 -5.30945789 3.94347384 -3.54363608 2.78479350 -2.14665113 1.53042751 -1.47549497 0.71872988 -1.44798048 
3.01428551 15.60701130 -11.43245028 9.38530690 -8.13540519 6.83609680 -6.40168411 5.53259724 -4.72944711 3.91162704 -3.63087522 2.63518241 -3.12000846 
3.22220831 13.99116330 -9.23787734 6.82711317 -5.38127408 4.01307372 -3.60880523 2.84423387 -2.19972447 1.57700805 -1.51571303 0.75292084 -1.47654777 
3.58105292 14.31035865 -9.65181053 7.28827902 -5.85602685 4.47886363 -4.05019005 3.25151855 -2.56748444 1.90322036 -1.80021715 0.99708121 -1.68240297 
3.58563404 14.37321388 -9.73445409 7.38158043 -5.95332005 4.57550405 -4.14286578 3.33802451 -2.64646452 1.97401233 -1.86257002 1.05108836 -1.72834019 
3.59102495 14.32009152 -9.66458310 7.30267224 -5.87100900 4.49371961 -4.06441273 3.26477287 -2.57956676 1.91403405 -1.80972837 1.00530851 -1.68939208 
3.74904618 15.60856086 -11.43467276 9.38803304 -8.13848498 6.83939960 -6.40509428 5.53601486 -4.73278737 3.91482035 -3.63386503 2.63792528 -3.12247254 
4.06099900 13.09865646 -8.13106190 5.64563943 -4.21434409 2.91252247 -2.60487905 1.95115959 -1.42107355 0.90852856 -0.95027861 0.28117830 -1.08936340 
4.30628733 15.60263489 -11.42617451 9.37761032 -8.12671162 6.82677525 -6.39206098 5.52295453 -4.72002396 3.90261959 -3.62244285 2.62744740 -3.11306041 
4.21159049 14.93360660 -10.48782612 8.25055555 -6.87866020 5.51342735 -5.06020954 4.21083933 -3.45822843 2.71454201 -2.52586113 1.63478376 -2.23242388 
3.72593479 10.77754631 -5.59475433 3.24281378 -2.09682849 1.11644496 -1.12284000 0.75167924 -0.46405729 0.14896096 -0.35137348 -0.18952562 -0.72420812 
2.57045056 6.40508461 -2.12864959 0.78356688 -0.43780404 -0.00545899 -0.36674464 0.24073499 -0.11931957 -0.09808501 -0.17034266 -0.33168869 -0.61722639 
1.06640004 15.30552473 -11.00426902 8.86492992 -7.55268036 6.21637297 -5.76688453 4.90121246 -4.11677141 3.32984732 -3.08962305 2.14158203 -2.67905629 
2.45144950 6.32360058 -2.08014182 0.75759297 -0.42463042 -0.01265377 -0.36267030 0.23832089 -0.11793416 -0.09917476 -0.16949340 -0.33254819 -0.61654647 
3.44672569 12.04829360 -6.92264253 4.44551649 -3.10940605 1.93786781 -1.77137118 1.25430575 -0.84851796 0.44297996 -0.57571255 -0.01770360 -0.85423373 
3.59558552 14.38254395 -9.74675333 7.39550046 -5.96787084 4.58999091 -4.15678969 3.35104985 -2.65838169 1.98471526 -1.87201485 1.05928353 -1.73532262 
3.06870912 11.07943643 -5.89701779 3.50535018 -2.30885568 1.28181785 -1.24855329 0.84564913 -0.53350738 0.20062241 -0.38991717 -0.16040489 -0.74595379 
2.50377600 15.59024165 -11.40841221 9.35583766 -8.10213047 6.80043049 -6.36487577 5.49572528 -4.69342519 3.87720369 -3.59865789 2.60563664 -3.09347470 
2.46909566 15.58954924 -11.40742024 9.35462221 -8.10075875 6.79896088 -6.36335979 5.49420735 -4.69194286 3.87578768 -3.59733312 2.60442214 -3.09238436 
2.72504932 13.41751155 -8.51797424 6.04995178 -4.60535557 3.27382130 -2.92789955 2.23291799 -1.66207771 1.11173829 -1.11926086 0.41995645 -1.20155035 
2.93273495 15.60675844 -11.43208762 9.38486208 -8.13490269 6.83555794 -6.40112776 5.53203970 -4.72890222 3.91110613 -3.63038753 2.63473501 -3.11960655 
2.91881395 15.60671318 -11.43202271 9.38478247 -8.13481275 6.83546150 -6.40102819 5.53193992 -4.72880469 3.91101290 -3.63030025 2.63465494 -3.11953462 
2.90479537 15.60666696 -11.43195642 9.38470117 -8.13472092 6.83536302 -6.40092651 5.53183802 -4.72870511 3.91091770 -3.63021112 2.63457318 -3.11946117 
2.65822804 13.02228503 -8.03978480 5.55164745 -4.12474131 2.83086190 -2.53284060 1.88913141 -1.36867396 0.86485211 -0.91434521 0.25195111 -1.06595302 
2.63124480 13.27498183 -8.34385917 5.86683263 -4.42715163 3.10817765 -2.77895496 2.10228297 -1.54974943 1.01656608 -1.03976374 0.35440464 -1.14835533 
2.61037743 12.94061414 -7.94276893 5.45233347 -4.03060857 2.74554317 -2.45797416 1.82499764 -1.31476096 0.82011598 -0.87769229 0.22224857 -1.04224523 
2.88033486 10.73875511 -5.55650944 3.21008384 -2.07077462 1.09639207 -1.10778568 0.74055672 -0.45592582 0.14296068 -0.34692339 -0.19287971 -0.72171000 
3.05482434 13.70669570 -8.87704461 6.43358301 -4.98448029 3.63147142 -3.25414309 2.52306044 -1.91492175 1.32865499 -1.30258061 0.57274584 -1.32681423 
2.80381370 15.60631424 -11.43145056 9.38408072 -8.13402003 6.83461143 -6.40015054 5.53106041 -4.72794515 3.91019121 -3.62953096 2.63394924 -3.11890067 
2.54477990 12.82542533 -7.80698130 5.31435176 -3.90076417 2.62866221 -2.35609060 1.73827574 -1.24230406 0.76032709 -0.82895674 0.18293293 -1.01099910 
2.51603939 13.09018149 -8.12090628 5.63515534 -4.20432496 2.90336996 -2.59678664 1.94417643 -1.41516202 0.90359166 -0.94620973 0.27786354 -1.08670435 
2.74373493 15.60608689 -11.43112452 9.38368083 -8.13356830 6.83412704 -6.39965044 5.53055926 -4.72745537 3.90972302 -3.62909263 2.63354714 -3.11853946 
2.72842896 15.60602676 -11.43103829 9.38357507 -8.13344883 6.83399893 -6.39951818 5.53042672 -4.72732584 3.90959919 -3.62897671 2.63344079 -3.11844394 
2.45970684 12.67035433 -7.62610497 5.13241921 -3.73125721 2.47751830 -2.22554084 1.62812712 -1.15104480 0.68559595 -0.76846446 0.13442949 -0.97267304 
2.08456443 15.58005421 -11.39382187 9.33796533 -8.08196587 6.77883248 -6.34260184 5.47342778 -4.67165557 3.85641260 -3.57921016 2.58781100 -3.07747423 
2.39392668 12.88211432 -7.87365526 5.38195357 -3.96424194 2.68568464 -2.40569704 1.78041876 -1.27744991 0.78927935 -0.85252002 0.20191583 -1.02606624 
2.63404856 15.60563499 -11.43047646 9.38288599 -8.13267045 6.83316428 -6.39865648 5.52956322 -4.72648197 3.90879251 -3.62822150 2.63274801 -3.11782162 
2.61787623 15.60556408 -11.43037477 9.38276128 -8.13252957 6.83301322 -6.39850052 5.52940694 -4.72632924 3.90864652 -3.62808482 2.63262263 -3.11770899 
2.60157206 15.60549142 -11.43027057 9.38263349 -8.13238523 6.83285844 -6.39834073 5.52924682 -4.72617276 3.90849694 -3.62794479 2.63249418 -3.11759360 
2.31578534 12.39291854 -7.30799915 4.81768955 -3.44269758 2.22411286 -2.00985365 1.44868964 -1.00436038 0.56691709 -0.67343904 0.05894544 -0.91355202 
2.28311275 12.68201387 -7.63962806 5.14594711 -3.74379397 2.48864008 -2.23509998 1.63615425 -1.15766522 0.69099507 -0.77281852 0.13790928 -0.97541421 
2.53499286 15.60518216 -11.42982708 9.38208957 -8.13177084 6.83219965 -6.39766061 5.52856530 -4.72550674 3.90786028 -3.62734876 2.63194744 -3.11710247 
2.51799590 15.60509987 -11.42970907 9.38194484 -8.13160735 6.83202435 -6.39747964 5.52838395 -4.72532952 3.90769088 -3.62719018 2.63180196 -3.11697180 
2.50085325 15.60501544 -11.42958800 9.38179636 -8.13143964 6.83184452 -6.39729398 5.52819792 -4.72514772 3.90751710 -3.62702749 2.63165273 -3.11683775 
2.48356240 15.60492881 -11.42946377 9.38164400 -8.13126754 6.83165999 -6.39710349 5.52800704 -4.72496118 3.90733879 -3.62686056 2.63149960 -3.11670020 
2.75378472 13.36651169 -8.45545609 5.98398075 -4.54094626 3.21376544 -2.87373563 2.18527460 -1.62099697 1.07684224 -1.09004242 0.39581105 -1.18191583 
2.74719371 13.26281020 -8.32907749 5.85137472 -4.41219205 3.09434642 -2.76658229 2.09148544 -1.54050962 1.00877238 -1.03328075 0.34907911 -1.14404928 
2.44852568 15.60474863 -11.42920539 9.38132712 -8.13090962 6.83127621 -6.39670729 5.52761003 -4.72457321 3.90696794 -3.62651338 2.63118114 -3.11641413 
2.72344583 13.32035943 -8.39908833 5.92471078 -4.48327975 3.16017502 -2.82555827 2.14302875 -1.58467907 1.04607752 -1.06434978 0.37462929 -1.16473001 
2.71677053 13.21487508 -8.27099668 5.79077099 -4.35366850 3.04034869 -2.71837532 2.04949665 -1.50464489 0.97857254 -1.00819969 0.32850554 -1.12743696 
2.41286423 15.60455865 -11.42893297 9.38099303 -8.13053225 6.83087159 -6.39628958 5.52719148 -4.72416419 3.90657696 -3.62614737 2.63084540 -3.11611256 
2.39479219 15.60445977 -11.42879118 9.38081914 -8.13033584 6.83066099 -6.39607218 5.52697363 -4.72395131 3.90637348 -3.62595688 2.63067066 -3.11595560 
2.37655536 15.60435817 -11.42864548 9.38064046 -8.13013402 6.83044460 -6.39584879 5.52674979 -4.72373258 3.90616439 -3.62576115 2.63049112 -3.11579433 
2.66137459 13.22363241 -8.28159167 5.80181023 -4.36431379 3.05015747 -2.72712073 2.05710436 -1.51113512 0.98403149 -1.01272863 0.33221704 -1.13043115 
2.65452451 13.11442970 -8.14998071 5.66518776 -4.23304189 2.92961736 -2.62000619 1.96422345 -1.43214098 0.91777770 -0.95790642 0.28739593 -1.09435383 
2.33957512 15.60414638 -11.42834179 9.38026803 -8.12971336 6.82999357 -6.39538318 5.52628325 -4.72327667 3.90572861 -3.62535320 2.63011691 -3.11545820 
2.32082540 15.60403598 -11.42818349 9.38007390 -8.12949409 6.82975846 -6.39514048 5.52604006 -4.72303903 3.90550146 -3.62514056 2.62992187 -3.11528300 
2.30189824 15.60392243 -11.42802066 9.37987422 -8.12926855 6.82951665 -6.39489085 5.52578994 -4.72279460 3.90526783 -3.62492185 2.62972125 -3.11510280 
2.28279025 15.60380560 -11.42785313 9.37966878 -8.12903651 6.82926786 -6.39463402 5.52553260 -4.72254314 3.90502747 -3.62469684 2.62951486 -3.11491742 
2.26349794 15.60368536 -11.42768073 9.37945735 -8.12879771 6.82901183 -6.39436972 5.52526778 -4.72228436 3.90478011 -3.62446529 2.62930247 -3.11472664 
2.24401773 15.60356159 -11.42750325 9.37923971 -8.12855190 6.82874827 -6.39409765 5.52499517 -4.72201797 3.90452549 -3.62422694 2.62908384 -3.11453026 
2.22434592 15.60343414 -11.42732050 9.37901560 -8.12829878 6.82847688 -6.39381751 5.52471447 -4.72174369 3.90426332 -3.62398152 2.62885873 -3.11432806 
2.53124597 13.01055137 -8.02580871 5.53730290 -4.11111047 2.81847735 -2.52194776 1.87977906 -1.36079506 0.85830141 -0.90896837 0.24758684 -1.06246423 
2.77148110 15.60999040 -11.43672330 9.39054849 -8.14132701 6.84244765 -6.40824168 5.53916935 -4.73587069 3.91776822 -3.63662521 2.64045763 -3.12474762 
2.52401959 12.89323743 -7.88677223 5.39528706 -3.97679323 2.69698631 -2.41555143 1.78880901 -1.28446186 0.79506669 -0.85723842 0.20572291 -1.02909242 
1.85876592 11.37622363 -6.20217559 3.77723490 -2.53393665 1.46142351 -1.38805547 0.95204460 -0.61362903 0.26108703 -0.43553350 -0.12574320 -0.77198582 
1.31918023 15.54631586 -11.34557043 9.27893872 -8.01545314 6.70767742 -6.26930423 5.40013292 -4.60017032 3.78820738 -3.51547067 2.52943836 -3.02512108 
1.76825265 11.59926478 -6.43674234 3.99079551 -2.71449176 1.60833697 -1.50429303 1.04224974 -0.68267155 0.31387366 -0.47577763 -0.09496412 -0.79524663 
2.42789130 12.83103848 -7.81356994 5.32101922 -3.90701310 2.63426558 -2.36095677 1.74240287 -1.24574045 0.76315377 -0.83125421 0.18478164 -1.01246484 
2.42035691 12.70696751 -7.66861192 5.17498176 -3.77073803 2.51257404 -2.25569688 1.65347095 -1.17196365 0.70266789 -0.78224077 0.14544573 -0.98135551 
2.05959165 15.60226277 -11.42564098 9.37695608 -8.12597274 6.82598309 -6.39124330 5.52213528 -4.71922345 3.90185448 -3.62172665 2.62679050 -3.11247039 
2.39224391 12.76695026 -7.73851613 5.24523507 -3.83613887 2.57084325 -2.30598735 1.69587031 -1.20706625 0.73139373 -0.80547900 0.16406829 -0.99606291 
2.38460151 12.64048226 -7.59151534 5.09787202 -3.69929059 2.44920125 -2.20123687 1.60774600 -1.13425719 0.67192122 -0.75744833 0.12563335 -0.96574998 
2.37418444 12.73404935 -7.70013234 5.20661998 -3.80015497 2.53875270 -2.27826551 1.67247772 -1.18768314 0.71551971 -0.79262859 0.15376411 -0.98792044 
2.36648699 12.60635373 -7.55209713 5.05859831 -3.66303710 2.41715952 -2.17379614 1.58478269 -1.11538052 0.65657251 -0.74510384 0.11579037 -0.95801326 
1.99413321 15.60174138 -11.42489344 9.37603945 -8.12493754 6.82487329 -6.39009776 5.52098757 -4.71810202 3.90078266 -3.62072338 2.62587030 -3.11164390 
1.61250621 10.73443740 -5.55226090 3.20645478 -2.06789106 1.09417639 -1.10612490 0.73933147 -0.45503127 0.14230123 -0.34643465 -0.19324799 -0.72143578 
1.56368402 11.09246569 -5.91024785 3.51699644 -2.31838420 1.28933857 -1.25433447 0.85001552 -0.53676561 0.20306371 -0.39174859 -0.15901766 -0.74699243 
1.90338333 15.60096000 -11.42377320 9.37466589 -8.12338636 6.82321037 -6.38838135 5.51926796 -4.71642184 3.89917685 -3.61922031 2.62449172 -3.11040573 
1.88003755 15.60074733 -11.42346830 9.37429205 -8.12296419 6.82275780 -6.38791424 5.51879999 -4.71596461 3.89873987 -3.61881129 2.62411659 -3.11006882 
2.24310188 12.48633608 -7.41432462 4.92213853 -3.53779392 2.30706895 -2.08000811 1.50669217 -1.05149471 0.60484966 -0.70366578 0.08285845 -0.93220906 
2.23499847 12.34945766 -7.25880481 4.76961940 -3.39915809 2.18631798 -1.97804212 1.42250740 -0.98317570 0.54993344 -0.65995185 0.04830593 -0.90527341 
2.22367261 12.44826258 -7.37089403 4.87938324 -3.49878601 2.27297385 -2.05111991 1.48276463 -1.03201710 0.58915057 -0.69113877 0.07293672 -0.92445972 
2.21550815 12.30998158 -7.21427040 4.72624290 -3.35999340 2.15242186 -1.94959380 1.39915737 -0.96433186 0.53486124 -0.64800716 0.03889923 -0.89796576 
2.20405780 12.40946341 -7.32677198 4.83607615 -3.45938908 2.23863327 -2.02210062 1.45878938 -1.01254772 0.57349179 -0.67866796 0.06307543 -0.91676931 
2.19583146 12.26975538 -7.16903600 4.68232140 -3.32045672 2.11830184 -1.92103644 1.37577960 -0.94551286 0.51984217 -0.63612790 0.02955914 -0.89072089 
2.18425395 12.36991889 -7.28194385 4.79220944 -3.41960113 2.20404907 -1.99295429 1.43477139 -0.99309158 0.55787783 -0.66625709 0.05327751 -0.90914006 
2.17596494 12.22875873 -7.12308707 4.63784763 -3.28054678 2.08396046 -1.89237459 1.35237934 -0.92672386 0.50488071 -0.62431772 0.02028845 -0.88354083 
2.16425751 12.32960865 -7.23639464 4.74777523 -3.37942027 2.16922333 -1.96368522 1.41071581 -0.97365385 0.54231328 -0.65390998 0.04354594 -0.90157420 
2.44555848 15.60999040 -11.43672330 9.39054849 -8.14132701 6.84244765 -6.40824168 5.53916935 -4.73587069 3.91776822 -3.63662521 2.64045763 -3.12474762 
2.44555848 15.60999040 -11.43672330 9.39054849 -8.14132701 6.84244765 -6.40824168 5.53916935 -4.73587069 3.91776822 -3.63662521 2.64045763 -3.12474762 
2.73710314 13.24699487 -8.30989127 5.83133141 -4.39281438 3.07644757 -2.75058587 2.07753804 -1.52858468 0.99872184 -1.02492667 0.34222115 -1.13850772 
2.74372202 13.35128520 -8.43683749 5.96438137 -4.52185606 3.19600586 -2.85775358 2.17124639 -1.60892576 1.06660779 -1.08148829 0.38875352 -1.17618564 
2.17596494 12.22875873 -7.12308707 4.63784763 -3.28054678 2.08396046 -1.89237459 1.35237934 -0.92672386 0.50488071 -0.62431772 0.02028845 -0.88354083 
2.16425751 12.32960865 -7.23639464 4.74777523 -3.37942027 2.16922333 -1.96368522 1.41071581 -0.97365385 0.54231328 -0.65390998 0.04354594 -0.90157420 
2.15590500 12.18697060 -7.07640868 4.59281428 -3.24026246 2.04940051 -1.86361309 1.32896209 -0.90797016 0.48998144 -0.61258032 0.01108994 -0.87642765 
2.51843286 9.56216431 -4.46057228 2.32076804 -1.39784710 0.60118166 -0.75092319 0.48645018 -0.27628992 0.01323250 -0.25202841 -0.26443415 -0.66855397 
2.72853388 13.32815068 -8.40859026 5.93468790 -4.49297362 3.16917183 -2.83363601 2.15010324 -1.59075365 1.05121761 -1.06863803 0.37816135 -1.16759320 
2.44555848 15.60999040 -11.43672330 9.39054849 -8.14132701 6.84244765 -6.40824168 5.53916935 -4.73587069 3.91776822 -3.63662521 2.64045763 -3.12474762 
2.44555848 15.60999040 -11.43672330 9.39054849 -8.14132701 6.84244765 -6.40824168 5.53916935 -4.73587069 3.91776822 -3.63662521 2.64045763 -3.12474762 
2.15590500 12.18697060 -7.07640868 4.59281428 -3.24026246 2.04940051 -1.86361309 1.32896209 -0.90797016 0.48998144 -0.61258032 0.01108994 -0.87642765 
2.51843286 9.56216431 -4.46057228 2.32076804 -1.39784710 0.60118166 -0.75092319 0.48645018 -0.27628992 0.01323250 -0.25202841 -0.26443415 -0.66855397 
2.72853388 13.32815068 -8.40859026 5.93468790 -4.49297362 3.16917183 -2.83363601 2.15010324 -1.59075365 1.05121761 -1.06863803 0.37816135 -1.16759320 
2.44555848 15.60999040 -11.43672330 9.39054849 -8.14132701 6.84244765 -6.40824168 5.53916935 -4.73587069 3.91776822 -3.63662521 2.64045763 -3.12474762 
2.44555848 15.60999040 -11.43672330 9.39054849 -8.14132701 6.84244765 -6.40824168 5.53916935 -4.73587069 3.91776822 -3.63662521 2.64045763 -3.12474762 
2.73710314 13.24699487 -8.30989127 5.83133141 -4.39281438 3.07644757 -2.75058587 2.07753804 -1.52858468 0.99872184 -1.02492667 0.34222115 -1.13850772 
2.96939075 15.60687465 -11.43225428 9.38506650 -8.13513362 6.83580558 -6.40138344 5.53229592 -4.72915263 3.91134551 -3.63061165 2.63494062 -3.11979125 
2.75879744 13.37406681 -8.46470230 5.99372213 -4.55044229 3.22260646 -2.88169778 2.19226846 -1.62701937 1.08195159 -1.09431550 0.39933847 -1.18478134 
2.76722586 13.29396312 -8.36693813 5.89099508 -4.45056128 3.12984477 -2.79835730 2.11923222 -1.56426742 1.02882278 -1.04996761 0.36279305 -1.15514276 
2.99644835 15.60695774 -11.43237345 9.38521268 -8.13529875 6.83598266 -6.40156626 5.53247914 -4.72933169 3.91151669 -3.63077191 2.63508764 -3.11992332 
3.00984111 15.60699805 -11.43243126 9.38528358 -8.13537885 6.83606855 -6.40165494 5.53256801 -4.72941855 3.91159972 -3.63084965 2.63515895 -3.11998739 
3.02314478 15.60703756 -11.43248792 9.38535308 -8.13545736 6.83615275 -6.40174187 5.53265513 -4.72950369 3.91168112 -3.63092585 2.63522886 -3.12005019 
3.03636055 15.60707629 -11.43254347 9.38542121 -8.13553433 6.83623529 -6.40182709 5.53274053 -4.72958715 3.91176091 -3.63100056 2.63529739 -3.12011175 
2.83253978 13.48293372 -8.59852562 6.13531366 -4.68904287 3.35216277 -2.99882782 2.29554026 -1.71626773 1.15792356 -1.15805223 0.45210392 -1.22776299 
2.56576633 15.60999040 -11.43672330 9.39054849 -8.14132701 6.84244765 -6.40824168 5.53916935 -4.73587069 3.91776822 -3.63662521 2.64045763 -3.12474762 
2.56576633 15.60999040 -11.43672330 9.39054849 -8.14132701 6.84244765 -6.40824168 5.53916935 -4.73587069 3.91776822 -3.63662521 2.64045763 -3.12474762 
3.10218750 11.16578017 -5.98497741 3.58302172 -2.37259671 1.33226903 -1.28743808 0.87509093 -0.55552798 0.21715144 -0.40233427 -0.15099249 -0.75300613 
3.28246877 14.12987159 -9.41657539 7.02493808 -5.58366140 4.21044727 -3.79474165 3.01482785 -2.35291357 1.71217970 -1.63301557 0.85311862 -1.56064651 
3.30143221 13.94295828 -9.17619811 6.75928121 -5.31232306 3.94624614 -3.54622787 2.78715390 -2.14875563 1.53227203 -1.47708548 0.72008041 -1.44910757 
3.14888247 11.43473661 -6.26327709 3.83248539 -2.58033702 1.49894334 -1.41756484 0.97481643 -0.63096629 0.27428499 -0.44555981 -0.11809289 -0.77775457 
2.91148253 13.50890208 -8.63060958 6.16942676 -4.72259526 3.38366953 -3.02743915 2.32087463 -1.73825210 1.17670928 -1.17386894 0.46524086 -1.23849747 
3.12650362 15.60732727 -11.43290344 9.38586274 -8.13603311 6.83677017 -6.40237935 5.53329397 -4.73012805 3.91227800 -3.63148469 2.63574152 -3.12051073 
3.13905584 15.60736046 -11.43295104 9.38592113 -8.13609908 6.83684091 -6.40245238 5.53336717 -4.73019959 3.91234639 -3.63154872 2.63580026 -3.12056350 
3.15152977 15.60739304 -11.43299776 9.38597843 -8.13616382 6.83691033 -6.40252406 5.53343900 -4.73026980 3.91241351 -3.63161156 2.63585791 -3.12061529 
3.36916655 14.02235109 -9.27789896 6.87125065 -5.42626245 4.05679125 -3.64984677 2.88176236 -2.23331478 1.60655676 -1.54128106 0.77470124 -1.49478104 
3.55382920 15.60305173 -11.42677218 9.37834321 -8.12753936 6.82766268 -6.39297703 5.52387235 -4.72092080 3.90347679 -3.62324525 2.62818340 -3.11372147 
3.57406494 15.60319043 -11.42697105 9.37858708 -8.12781479 6.82795798 -6.39328186 5.52417777 -4.72121924 3.90376205 -3.62351228 2.62842832 -3.11394147 
3.59409799 15.60332501 -11.42716403 9.37882372 -8.12808206 6.82824453 -6.39357766 5.52447415 -4.72150885 3.90403886 -3.62377140 2.62866600 -3.11415495 
3.44934574 14.30255058 -9.64157036 7.27674653 -5.84402959 4.46697417 -4.03881370 3.24092243 -2.55783024 1.89458404 -1.79262456 0.99051639 -1.67682845 
3.46668802 14.13133926 -9.41847587 7.02705234 -5.58583478 4.21257655 -3.79675648 3.01668439 -2.35458760 1.71366260 -1.63430719 0.85422570 -1.56157877 
3.64331996 15.60364450 -11.42762214 9.37938551 -8.12871657 6.82892482 -6.39427991 5.52517779 -4.72219642 3.90469606 -3.62438661 2.62923030 -3.11466181 
3.50203518 14.35355865 -9.70857078 7.35231556 -5.92275884 4.54510558 -4.11367504 3.31074154 -2.62152382 1.95163074 -1.84283433 1.03397614 -1.71377022 
3.51889632 14.18717662 -9.49093016 7.10781851 -5.66902189 4.29422927 -3.87416164 3.08813458 -2.41912393 1.77092301 -1.68425766 0.89710089 -1.59773317 
3.69135959 15.60394158 -11.42804812 9.37990789 -8.12930659 6.82955743 -6.39493295 5.52583212 -4.72283582 3.90530723 -3.62495873 2.62975508 -3.11513319 
3.71025695 15.60405460 -11.42821018 9.38010663 -8.12953106 6.82979811 -6.39518140 5.52608107 -4.72307910 3.90553976 -3.62517641 2.62995475 -3.11531254 
3.88431745 14.48302453 -9.87973278 7.54657480 -6.12637409 4.74835851 -4.30952833 3.49440859 -2.78996598 2.10325297 -1.97692180 1.15055822 -1.81329313 
4.03773654 15.60037581 -11.42293569 9.37363903 -8.12222676 6.82196729 -6.38709833 5.51798259 -4.71516599 3.89797662 -3.61809689 2.62346138 -3.10948036 
4.19337231 14.68671689 -10.15224285 7.85940882 -6.45793462 5.08288138 -4.63522727 3.80291678 -3.07564456 2.36276845 -2.20842860 1.35349579 -1.98789653 
4.33288967 15.59727889 -11.41849643 9.36819669 -8.11608156 6.81538034 -6.38030040 5.51117284 -4.70851317 3.89161898 -3.61214664 2.61800450 -3.10457974 
4.24641174 14.98938460 -10.56444380 8.34076029 -6.97663163 5.61462019 -5.16099229 4.30841253 -3.55049871 2.80004621 -2.60359083 1.70414368 -2.29311964 
4.39743689 13.52552041 -8.65117446 6.19132607 -4.74416712 3.40395550 -3.04588671 2.33723147 -1.75246457 1.18886865 -1.18411821 0.47376252 -1.24546765 
4.52000425 15.14880233 -10.78504993 8.60233115 -7.26267229 5.91200784 -5.45905326 4.59874365 -3.82665945 3.05737749 -2.83875692 1.91503008 -2.47853498 
4.44017314 15.59856734 -11.42034325 9.37046068 -8.11863781 6.81812020 -6.38312789 5.51400512 -4.71128006 3.89426300 -3.61462114 2.62027375 -3.10661760 
4.57395654 14.90296800 -10.44586608 8.20129554 -6.82530658 5.45846527 -5.00561008 4.15810878 -3.40848151 2.66854621 -2.48413639 1.59762646 -2.19997012 
4.69619699 15.59618391 -11.41692704 9.36627293 -8.11390961 6.81305252 -6.37789828 5.50876680 -4.70616280 3.88937311 -3.61004486 2.61607715 -3.10284899 
4.72471313 15.59657040 -11.41748097 9.36695193 -8.11467620 6.81387410 -6.37874607 5.50961596 -4.70699230 3.89016571 -3.61078660 2.61675733 -3.10345977 
4.65919762 15.20234618 -10.85968497 8.69143867 -7.36076594 6.01464270 -5.56255099 4.70015034 -3.92365942 3.14824454 -2.92221531 1.99022641 -2.54494613 
4.58496054 15.60010227 -11.42254356 9.37315824 -8.12168384 6.82138529 -6.38649765 5.51738083 -4.71457805 3.89741473 -3.61757098 2.62297905 -3.10904717 
4.90682696 13.07589574 -8.10380259 5.61751338 -4.18747933 2.88799355 -2.58320160 1.93246216 -1.40525240 0.89532121 -0.93939749 0.27231686 -1.08225715 
5.15908584 15.59297406 -11.41232714 9.36063511 -8.10754524 6.80623222 -6.37086108 5.50171885 -4.69927865 3.88279564 -3.60388995 2.61043352 -3.09778145 
5.19073485 15.59350141 -11.41308281 9.36156121 -8.10859060 6.80735239 -6.37201679 5.50287625 -4.70040908 3.88387565 -3.60490052 2.61136009 -3.09861340 
5.00106531 13.56213409 -8.69657394 6.23976481 -4.79197155 3.44899162 -3.08691329 2.37367009 -1.78417780 1.21604200 -1.20705563 0.49285862 -1.26110661 
4.84710966 15.04915020 -10.64686661 8.43816945 -7.08281723 5.72468396 -5.27098280 4.41524881 -3.65184575 2.89424083 -2.68946226 1.78097226 -2.36052099 
4.78586557 14.28514170 -9.61875962 7.25107950 -5.81735086 4.44055676 -4.01355644 3.21741544 -2.53642869 1.87545234 -1.77581613 0.97599228 -1.66450265 
4.71028923 15.00804653 -10.59014409 8.37109246 -7.00965353 5.64880532 -5.19511343 4.34151664 -3.58186691 2.82916983 -2.63011441 1.72785170 -2.31389986 
4.72921086 15.20257967 -10.86001104 8.69182864 -7.36119595 6.01509333 -5.56300610 4.70059691 -3.92408718 3.14864579 -2.92258431 1.99055928 -2.54524043 
4.65163250 15.60477932 -11.42924940 9.38138110 -8.13097058 6.83134158 -6.39677477 5.52767765 -4.72463930 3.90703110 -3.62657252 2.63123538 -3.11646286 
4.66917614 15.60486980 -11.42937914 9.38154022 -8.13115031 6.83153429 -6.39697372 5.52787700 -4.72483411 3.90721732 -3.62674685 2.63139529 -3.11660650 
4.59006999 15.12113674 -10.74659294 8.55653742 -7.21238786 5.85952263 -5.40624988 4.54712267 -3.77738729 3.01131403 -2.79653026 1.87705240 -2.44505171 
4.39441166 14.99781717 -10.57605264 8.35445673 -6.99153777 5.63004660 -5.17638520 4.32334231 -3.56464168 2.81317372 -2.61554338 1.71482492 -2.30247971 
4.17018317 14.83149672 -10.34833169 8.08718033 -6.70211281 5.33195573 -4.88031593 4.03745653 -3.29497491 2.56387699 -2.38942558 1.51348337 -2.12664425 
3.77989342 12.65732232 -7.61100481 5.11732789 -3.71728442 2.46513339 -2.21490501 1.61920308 -1.14369035 0.67960238 -0.76363407 0.13057111 -0.96963521 
3.41342458 15.60200845 -11.42527634 9.37650897 -8.12546779 6.82544175 -6.39068452 5.52157543 -4.71867642 3.90133165 -3.62123725 2.62634162 -3.11206722 
3.21007416 13.75751713 -8.94095337 6.50270126 -5.05360219 3.69742301 -3.31496806 2.57773131 -1.96305204 1.37034034 -1.33812443 0.60261364 -1.35149325 
2.52282420 9.18198974 -4.13289733 2.07396672 -1.22423801 0.48143992 -0.66961970 0.43158257 -0.23938114 -0.01274654 -0.23325631 -0.27881983 -0.65781358 
1.47766573 -14.23437642 -8.51645514 -6.09595815 -4.59073316 -3.60378470 -2.79493459 -1.80647641 -1.63031045 -1.34737443 -1.07124559 -1.08621087 -1.09289384 
3.54426213 3.88113099 -0.89777661 0.22045484 -0.18921367 -0.13692665 -0.29295755 0.19638088 -0.09595119 -0.11978505 -0.15352128 -0.35164957 -0.60152003 
4.71842759 11.20843884 -6.02868245 3.62182581 -2.40461046 1.35773225 -1.30715448 0.89008397 -0.56678715 0.22562932 -0.40871874 -0.14614647 -0.75664183 
4.71988051 11.23495957 -6.05593643 3.64609423 -2.42468898 1.37374429 -1.31958351 0.89955742 -0.57391678 0.23100689 -0.41277389 -0.14306615 -0.75895454 
5.13043669 -9.13797782 -3.44035534 -1.63876783 -0.90678787 -0.64366128 -0.46576111 0.02175912 -0.19932672 -0.22998869 -0.20792593 -0.42570960 -0.59905108 
6.92028442 6.87255688 -2.41826701 0.94434111 -0.52221756 0.04151073 -0.39364239 0.25673992 -0.12864976 -0.09095846 -0.17584679 -0.32631813 -0.62146441 
7.28100157 13.81990371 -9.01973561 6.58825116 -5.13949533 3.77968826 -3.39111857 2.64642157 -2.02373253 1.42306493 -1.38321771 0.64061264 -1.38297546 
6.43432698 4.95308602 -1.35200954 0.40340179 -0.26016073 -0.09966406 -0.31404525 0.20941557 -0.10209719 -0.11286105 -0.15873998 -0.34452731 -0.60707233 
3.86767633 -2.56439185 -0.29458866 -0.08634880 -0.13675956 -0.21855609 -0.25523232 0.16227334 -0.09878649 -0.14663703 -0.15001891 -0.37896286 -0.58442951 
-0.09675077 -6.97298805 -1.98369365 -0.76184705 -0.40787416 -0.35801574 -0.30777021 0.11933031 -0.13363318 -0.18119345 -0.17322415 -0.40056097 -0.58617049 
1.69477828 2.40994626 -0.43884031 0.07145393 -0.14242322 -0.16590957 -0.27563104 0.18483657 -0.09214375 -0.12675832 -0.14917975 -0.35950882 -0.59561114 
2.33055176 15.51816805 -11.30539477 9.22988389 -7.96027629 6.64875017 -6.20870161 5.33962676 -4.54124524 3.73206430 -3.46307241 2.48151110 -2.98218605 
3.14156441 9.10460597 -4.06777703 2.02602024 -1.19124599 0.45911040 -0.65471127 0.42166775 -0.23280092 -0.01735830 -0.22992479 -0.28139789 -0.65588133 
4.22370410 10.48990832 -5.31438136 3.00545764 -1.90985630 0.97389821 -1.01676726 0.67394495 -0.40765208 0.10755866 -0.32078171 -0.21256009 -0.70707444 
4.71597739 15.01096181 -10.59416187 8.37583771 -7.01482311 5.65416051 -5.20046198 4.34670893 -3.58678980 2.83374298 -2.63428147 1.73157825 -2.31716774 
4.55780922 12.74706610 -7.71530644 5.22187399 -3.81435911 2.55141110 -2.28919322 1.68169286 -1.19531405 0.72176560 -0.79768219 0.15781456 -0.99111979 
3.75496502 9.00538380 -3.98505913 1.96565309 -1.15006004 0.43143460 -0.63634964 0.40952208 -0.22478014 -0.02297313 -0.22586734 -0.28455133 -0.65351385 
2.63407739 12.78244234 -7.75662435 5.26348585 -3.85317653 2.58606340 -2.31915711 1.70700096 -1.21630305 0.73896867 -0.81161875 0.16899683 -0.99996150 
2.86781234 10.87552231 -5.69195276 3.32649250 -2.16382550 1.16828428 -1.16195113 0.78070911 -0.48537154 0.16473800 -0.36310111 -0.18067912 -0.73080307 
3.60996698 12.44826258 -7.37089403 4.87938324 -3.49878601 2.27297385 -2.05111991 1.48276463 -1.03201710 0.58915057 -0.69113877 0.07293672 -0.92445972 
4.02749164 14.69149382 -10.15868094 7.86685188 -6.46587729 5.09094766 -4.64313062 3.81044879 -3.08266018 2.36917698 -2.21417559 1.35855852 -1.99227296 
3.52023408 4.31277467 -1.06852478 0.28542147 -0.21302270 -0.12419372 -0.30025947 0.20097678 -0.09797961 -0.11725710 -0.15537106 -0.34895752 -0.60360416 
3.32217988 -5.25009280 -1.12001538 -0.36032466 -0.22834661 -0.26899854 -0.26837491 0.14547304 -0.11364204 -0.16326003 -0.16030830 -0.39010659 -0.58343010 
4.13812075 14.16282026 -9.45928933 7.07250909 -5.63261516 4.25845732 -3.84021674 3.05677095 -2.39076889 1.74574272 -1.66227370 0.87821622 -1.58179690 
3.60963151 -0.13593932 -0.09367849 -0.02168543 -0.12479997 -0.19454522 -0.25988359 0.17216435 -0.09261562 -0.13645272 -0.14695956 -0.37014945 -0.58849262 
5.47365565 -0.22436716 -0.09191277 -0.02326298 -0.12481365 -0.19539211 -0.25954431 0.17180055 -0.09274835 -0.13678654 -0.14698355 -0.37047991 -0.58830064 
