8.37974225 2.70319535 -0.51514534 0.09344025 -0.14844880 -0.16138974 -0.27839705 0.18676353 -0.09259484 -0.12551378 -0.14983533 -0.35807659 -0.59666184 
4.95899304 9.59598100 -4.49034323 2.34364244 -1.41424890 0.61268162 -0.75884665 0.49186599 -0.27997580 0.01583852 -0.25391344 -0.26299960 -0.66962204 
3.64970487 7.02840287 -2.51911065 1.00254634 -0.55392602 0.05953549 -0.40410752 0.26300837 -0.13236238 -0.08819853 -0.17795559 -0.32433777 -0.62302134 
1.92711026 -9.77588502 -3.94867580 -1.99432694 -1.13909962 -0.79203808 -0.55781952 -0.03757079 -0.23907795 -0.25795755 -0.22745166 -0.43939731 -0.60741250 
3.22929913 4.33880961 -1.07934761 0.28969892 -0.21464808 -0.12333845 -0.30074519 0.20127874 -0.09811925 -0.11709472 -0.15549269 -0.34878816 -0.60373597 
4.46014413 10.70556054 -5.52388972 3.18225548 -2.04869004 1.07944152 -1.09509353 0.73120206 -0.44910209 0.13793351 -0.34319931 -0.19568555 -0.71962114 
5.13424814 13.14777144 -8.19004725 5.70666303 -4.27278329 2.96601370 -2.65226617 1.99212762 -1.45581687 0.93759161 -0.97426830 0.30074848 -1.10508279 
5.53711440 14.41951184 -9.79556676 7.45083476 -6.02580247 4.64775423 -4.21238894 3.40313401 -2.70609909 2.02762564 -1.90992724 1.09221727 -1.76341343 
5.71653266 15.53940395 -11.33569820 9.26687683 -8.00187753 6.69317055 -6.25437654 5.38522102 -4.58564070 3.77435711 -3.50253840 2.51760456 -3.01451569 
5.72444793 15.56975279 -11.37907800 9.31991614 -8.06161377 6.75704588 -6.32014544 5.45095909 -4.64972944 3.83548159 -3.55963997 2.56988033 -3.06138561 
5.50050646 13.65729910 -8.81515871 6.36689274 -4.91802004 3.56827264 -3.19604713 2.47100734 -1.86923537 1.28919904 -1.26902791 0.54462110 -1.30363057 
5.13748345 14.82605650 -10.34092748 8.07853962 -6.69280784 5.32242309 -4.87089663 4.02840637 -3.28647893 2.55605837 -2.38236445 1.50722151 -2.12119684 
4.64051420 10.78292485 -5.60006780 3.24736978 -2.10046197 1.11924630 -1.12494641 0.75323782 -0.46519830 0.14980375 -0.35199898 -0.18905405 -0.72455944 
3.38477936 -3.12804103 -0.41526063 -0.11838952 -0.14537748 -0.22535763 -0.25576552 0.15967538 -0.10103257 -0.14948369 -0.15148981 -0.38105888 -0.58386431 
3.78361008 2.18064881 -0.38443719 0.05649062 -0.13856213 -0.16915396 -0.27364485 0.18342487 -0.09187838 -0.12769738 -0.14873125 -0.36059045 -0.59482785 
5.54448509 7.87541223 -3.10475464 1.36198041 -0.76172417 0.18246438 -0.47758360 0.30783137 -0.15962545 -0.06858768 -0.19264829 -0.31134196 -0.63314040 
6.64144529 10.77803743 -5.59523940 3.24322961 -2.09716005 1.11670054 -1.12303214 0.75182139 -0.46416134 0.14903780 -0.35143051 -0.18948262 -0.72424015 
7.18911295 14.33741920 -9.68734460 7.32834591 -5.89775752 4.52026616 -4.08984925 3.28849706 -2.60121031 1.93341960 -1.82679115 1.02007787 -1.70194671 
7.39581794 15.43061577 -11.18090028 9.07841431 -7.79048081 6.46799720 -6.02338134 5.15514440 -4.36208493 3.56181141 -3.30456957 2.33687011 -2.85289553 
7.40330764 15.47787646 -11.24801390 9.15996817 -7.88179258 6.56509125 -6.12282051 5.25403104 -4.45802368 3.65289504 -3.38929212 2.41411908 -2.92189206 
7.13351192 13.27797652 -8.34749814 5.87064020 -4.43083845 3.11158816 -2.78200736 2.10494807 -1.55203112 1.01849149 -1.04136599 0.35572131 -1.14942032 
6.46004408 10.45473772 -5.28060856 2.97727394 -1.88796357 0.95741852 -1.00464946 0.66516175 -0.40134353 0.10296062 -0.31740071 -0.21510353 -0.70518533 
5.33708713 8.32847747 -3.44410265 1.58606848 -0.90060763 0.26885909 -0.53127883 0.34151494 -0.18076882 -0.05372998 -0.20355441 -0.30228365 -0.64009249 
3.69477734 3.61648779 -0.80119127 0.18588035 -0.17727623 -0.14355326 -0.28909149 0.19389613 -0.09494682 -0.12120127 -0.15253114 -0.35320113 -0.60032986 
0.92724443 -12.53346267 -6.56293072 -4.15935453 -2.81255277 -2.04289733 -1.46832814 -0.70059614 -0.72290299 -0.61283075 -0.48548284 -0.62569579 -0.73717946 
0.64662057 14.48314346 -9.87989075 7.54675488 -6.12656366 4.74854853 -4.30971217 3.49458166 -2.79012530 2.10339688 -1.97704949 1.15066959 -1.81338849 
1.32918159 -11.74318097 -5.74422757 -3.42512405 -2.20198483 -1.55603700 -1.09203180 -0.41322540 -0.50532146 -0.44901470 -0.36357826 -0.53593993 -0.67260956 
2.45250863 9.54891419 -4.44893518 2.31184692 -1.39146430 0.59671493 -0.74785087 0.48435337 -0.27486486 0.01222554 -0.25130018 -0.26498874 -0.66814094 
3.55214296 10.22422059 -5.06199786 2.79699323 -1.74952232 0.85427732 -0.92952860 0.61118558 -0.36288487 0.07507618 -0.29696613 -0.23047639 -0.69377464 
4.23261820 13.32471387 -8.40439816 5.93028545 -4.48869549 3.16520073 -2.83007007 2.14697974 -1.58807127 1.04894760 -1.06674400 0.37660115 -1.16632832 
4.35816474 15.04594527 -10.64243808 8.43292600 -7.07709113 5.71873856 -5.26503157 4.40945907 -3.64634515 2.88912108 -2.68478854 1.77678535 -2.35684335 
4.26395889 15.60231763 -11.42571964 9.37705254 -8.12608168 6.82609988 -6.39136385 5.52225606 -4.71934147 3.90196728 -3.62183224 2.62688735 -3.11255737 
4.16725685 14.90801496 -10.45277184 8.20939584 -6.83407284 5.46748869 -5.01456715 4.16675291 -3.41663079 2.67607598 -2.49096263 1.60370183 -2.20527343 
3.79346697 12.79392718 -7.77006285 5.27704400 -3.86584610 2.59739218 -2.32896871 1.71530072 -1.22319644 0.74462613 -0.81620751 0.17268259 -1.00287870 
3.63042651 14.35797269 -9.71438031 7.35888061 -5.92961120 4.55191809 -4.12021376 3.31685009 -2.62710546 1.95663754 -1.84724747 1.03780120 -1.71702585 
3.63490663 14.41885176 -9.79469404 7.44984421 -6.02476416 4.64671773 -4.21139015 3.40219733 -2.70524004 2.02685236 -1.90924339 1.09162268 -1.76290585 
3.46366677 15.60999040 -11.43672330 9.39054849 -8.14132701 6.84244765 -6.40824168 5.53916935 -4.73587069 3.91776822 -3.63662521 2.64045763 -3.12474762 
3.46366677 15.60999040 -11.43672330 9.39054849 -8.14132701 6.84244765 -6.40824168 5.53916935 -4.73587069 3.91776822 -3.63662521 2.64045763 -3.12474762 
3.46366677 15.60999040 -11.43672330 9.39054849 -8.14132701 6.84244765 -6.40824168 5.53916935 -4.73587069 3.91776822 -3.63662521 2.64045763 -3.12474762 
3.64015760 14.36718800 -9.72651493 7.37259982 -5.94393734 4.56616720 -4.13389606 3.32963755 -2.63879454 1.96712676 -1.85649629 1.04582024 -1.72385329 
3.79464062 15.60862455 -11.43476411 9.38814509 -8.13861158 6.83953537 -6.40523448 5.53615536 -4.73292470 3.91495165 -3.63398796 2.63803806 -3.12257386 
3.65428282 14.43641862 -9.81793405 7.47623710 -6.05244515 4.67436558 -4.23804638 3.42720841 -2.72818961 2.04752022 -1.92752933 1.10752807 -1.77648928 
3.65947981 14.38532286 -9.75041820 7.39965001 -5.97221018 4.59431287 -4.16094528 3.35493868 -2.66194093 1.98791292 -1.87483753 1.06173346 -1.73741060 
3.66390140 14.44506021 -9.82937714 7.48924434 -6.06609916 4.68801473 -4.25121674 3.43957568 -2.73954616 2.05775503 -1.93659080 1.11541493 -1.78322891 
3.66907181 14.39424524 -9.76219005 7.41298408 -5.98615961 4.60821168 -4.17431396 3.36745363 -2.67339908 1.99821037 -1.88393020 1.06962769 -1.74414040 
3.67347422 14.45360906 -9.84070436 7.50212748 -6.07963067 4.70154890 -4.26428314 3.45185169 -2.75082452 2.06792418 -1.94559817 1.12325802 -1.78993384 
3.67861832 14.40307274 -9.77384415 7.42619286 -5.99998618 4.62199595 -4.18757982 3.37987900 -2.68478110 2.00844441 -1.89297109 1.07748039 -1.75083759 
3.68300171 14.46206647 -9.85191726 7.51488805 -6.09304105 4.71496923 -4.27724649 3.46403711 -2.76202518 2.07802799 -1.95455162 1.13105741 -1.79660407 
3.51616322 15.60999040 -11.43672330 9.39054849 -8.14132701 6.84244765 -6.40824168 5.53916935 -4.73587069 3.91776822 -3.63662521 2.64045763 -3.12474762 
3.51616322 15.60999040 -11.43672330 9.39054849 -8.14132701 6.84244765 -6.40824168 5.53916935 -4.73587069 3.91776822 -3.63662521 2.64045763 -3.12474762 
3.68811976 14.41180671 -9.78538203 7.43927783 -6.01369122 4.63566680 -4.20074375 3.39221542 -2.69608743 2.01861531 -1.90196032 1.08529160 -1.75750215 
3.69248430 14.47043376 -9.86301733 7.52752751 -6.10633161 4.72827684 -4.29010768 3.47613263 -2.77314861 2.08806676 -1.96345135 1.13881319 -1.80323961 
3.52649916 15.60999040 -11.43672330 9.39054849 -8.14132701 6.84244765 -6.40824168 5.53916935 -4.73587069 3.91776822 -3.63662521 2.64045763 -3.12474762 
3.69757656 14.42044847 -9.79680520 7.45224047 -6.02727603 4.64922530 -4.21380658 3.40446353 -2.70731849 2.02872334 -1.91089805 1.09306137 -1.76413405 
3.70192241 14.47871220 -9.87400607 7.54004734 -6.11950369 4.74147285 -4.30286762 3.48813891 -2.78419530 2.09804082 -1.97229753 1.14652546 -1.80984050 
3.53678196 15.60999040 -11.43672330 9.39054849 -8.14132701 6.84244765 -6.40824168 5.53916935 -4.73587069 3.91776822 -3.63662521 2.64045763 -3.12474762 
3.70698914 14.42899933 -9.80811517 7.46508224 -6.04074191 4.66267254 -4.22676916 3.41662396 -2.71847471 2.03876876 -1.91978441 1.10078975 -1.77073329 
3.71131644 14.48690305 -9.88488492 7.55244898 -6.13255858 4.75455836 -4.31552717 3.50005664 -2.79516574 2.10795050 -1.98109038 1.15419431 -1.81640676 
3.54701216 15.60999040 -11.43672330 9.39054849 -8.14132701 6.84244765 -6.40824168 5.53916935 -4.73587069 3.91776822 -3.63662521 2.64045763 -3.12474762 
3.37787555 14.09880624 -9.37639657 6.98029069 -5.53781649 4.16558046 -3.75233037 2.97578772 -2.31774523 1.68105493 -1.60592906 0.82992079 -1.54112687 
3.37183048 14.15848300 -9.45366075 7.06623421 -5.62615159 4.25211242 -3.83420139 3.05121792 -2.38575282 1.74129185 -1.65839078 0.87488309 -1.57898608 
3.53678196 15.60999040 -11.43672330 9.39054849 -8.14132701 6.84244765 -6.40824168 5.53916935 -4.73587069 3.91776822 -3.63662521 2.64045763 -3.12474762 
3.36678823 14.08651358 -9.36052278 6.96267828 -5.51975847 4.14793289 -3.73567171 2.96047374 -2.30396781 1.66887647 -1.59534292 0.82086424 -1.53351418 
3.36070691 14.14654085 -9.43817228 7.04897708 -5.60838540 4.23468169 -3.81768456 3.03597818 -2.37199333 1.72908832 -1.64774905 0.86575184 -1.57128871 
3.35563964 14.07407263 -9.34447196 6.94488491 -5.50153035 4.13013357 -3.71888308 2.94505207 -2.29010373 1.65662992 -1.58470459 0.81176864 -1.52587318 
3.34952165 14.13445326 -9.42250884 7.03153968 -5.59044831 4.21709714 -3.80103471 3.02062706 -2.35814317 1.71681263 -1.63705122 0.85657795 -1.56355980 
3.51616322 15.60999040 -11.43672330 9.39054849 -8.14132701 6.84244765 -6.40824168 5.53916935 -4.73587069 3.91776822 -3.63662521 2.64045763 -3.12474762 
3.34442911 14.06148095 -9.32824151 6.92690822 -5.48313021 4.11218108 -3.70196350 2.92952215 -2.27615275 1.64431527 -1.57401424 0.80263426 -1.51820416 
3.33827401 14.12221781 -9.40666782 7.01391959 -5.57233834 4.19935727 -3.78425079 3.00516393 -2.34420201 1.70446472 -1.62629741 0.84736161 -1.55579963 
3.33315595 14.04873605 -9.31182874 6.90874579 -5.46455610 4.09407397 -3.68491202 2.91388343 -2.26211463 1.63193256 -1.56327204 0.79346136 -1.51050745 
3.32696329 14.10983204 -9.39064655 6.99611439 -5.55405347 4.18146055 -3.76733175 2.98958813 -2.33016955 1.69204453 -1.61548771 0.83810305 -1.54800848 
3.49532970 15.60999040 -11.43672330 9.39054849 -8.14132701 6.84244765 -6.40824168 5.53916935 -4.73587069 3.91776822 -3.63662521 2.64045763 -3.12474762 
3.32181948 14.03583539 -9.29523095 6.89039518 -5.44580603 4.07581078 -3.66772766 2.89813536 -2.24798919 1.61948179 -1.55247819 0.78425024 -1.50278339 
3.31558881 14.09729345 -9.37444231 6.97812157 -5.53559167 4.16340543 -3.75027652 2.97389903 -2.31604549 1.67955201 -1.60462227 0.82880252 -1.54018664 
3.48483099 15.60999040 -11.43672330 9.39054849 -8.14132701 6.84244765 -6.40824168 5.53916935 -4.73587069 3.91776822 -3.63662521 2.64045763 -3.12474762 
3.48483099 15.60999040 -11.43672330 9.39054849 -8.14132701 6.84244765 -6.40824168 5.53916935 -4.73587069 3.91776822 -3.63662521 2.64045763 -3.12474762 
3.48483099 15.60999040 -11.43672330 9.39054849 -8.14132701 6.84244765 -6.40824168 5.53916935 -4.73587069 3.91776822 -3.63662521 2.64045763 -3.12474762 
3.48483099 15.60999040 -11.43672330 9.39054849 -8.14132701 6.84244765 -6.40824168 5.53916935 -4.73587069 3.91776822 -3.63662521 2.64045763 -3.12474762 
3.31041898 14.02277639 -9.27844535 6.87185390 -5.42687801 4.05739004 -3.65040948 2.88227740 -2.23377621 1.60696304 -1.54163290 0.77500120 -1.49503233 
3.30414982 14.08459948 -9.35805233 6.95993861 -5.51695086 4.14519037 -3.73308405 2.95809600 -2.30182955 1.66698712 -1.59370123 0.81946025 -1.53233443 
3.47427688 15.60999040 -11.43672330 9.39054849 -8.14132701 6.84244765 -6.40824168 5.53916935 -4.73587069 3.91776822 -3.63662521 2.64045763 -3.12474762 
3.47427688 15.60999040 -11.43672330 9.39054849 -8.14132701 6.84244765 -6.40824168 5.53916935 -4.73587069 3.91776822 -3.63662521 2.64045763 -3.12474762 
3.29895372 14.00955638 -9.26146914 6.85311942 -5.40777001 4.03881028 -3.63295649 2.86630904 -2.21947552 1.59437635 -1.53073639 0.76571456 -1.48725464 
3.29264562 14.07174749 -9.34147378 6.94156295 -5.49812895 4.12681380 -3.71575329 2.94217843 -2.28752146 1.65434987 -1.58272474 0.81007652 -1.52445217 
3.46366677 15.60999040 -11.43672330 9.39054849 -8.14132701 6.84244765 -6.40824168 5.53916935 -4.73587069 3.91776822 -3.63662521 2.64045763 -3.12474762 
3.46366677 15.60999040 -11.43672330 9.39054849 -8.14132701 6.84244765 -6.40824168 5.53916935 -4.73587069 3.91776822 -3.63662521 2.64045763 -3.12474762 
3.46366677 15.60999040 -11.43672330 9.39054849 -8.14132701 6.84244765 -6.40824168 5.53916935 -4.73587069 3.91776822 -3.63662521 2.64045763 -3.12474762 
3.46366677 15.60999040 -11.43672330 9.39054849 -8.14132701 6.84244765 -6.40824168 5.53916935 -4.73587069 3.91776822 -3.63662521 2.64045763 -3.12474762 
3.46366677 15.60999040 -11.43672330 9.39054849 -8.14132701 6.84244765 -6.40824168 5.53916935 -4.73587069 3.91776822 -3.63662521 2.64045763 -3.12474762 
3.46366677 15.60999040 -11.43672330 9.39054849 -8.14132701 6.84244765 -6.40824168 5.53916935 -4.73587069 3.91776822 -3.63662521 2.64045763 -3.12474762 
3.28742298 13.99617266 -9.24429942 6.83418916 -5.38847999 4.02007001 -3.61536774 2.85022976 -2.20508694 1.58172182 -1.51978892 0.75639066 -1.47945069 
3.28107545 14.05873482 -9.32470378 6.92299198 -5.47912384 4.10827415 -3.69828316 2.92614570 -2.27312096 1.64164025 -1.57169300 0.80065163 -1.51654020 
3.45300008 15.60999040 -11.43672330 9.39054849 -8.14132701 6.84244765 -6.40824168 5.53916935 -4.73587069 3.91776822 -3.63662521 2.64045763 -3.12474762 
3.45300008 15.60999040 -11.43672330 9.39054849 -8.14132701 6.84244765 -6.40824168 5.53916935 -4.73587069 3.91776822 -3.63662521 2.64045763 -3.12474762 
3.45300008 15.60999040 -11.43672330 9.39054849 -8.14132701 6.84244765 -6.40824168 5.53916935 -4.73587069 3.91776822 -3.63662521 2.64045763 -3.12474762 
3.27582601 13.98262247 -9.22693328 6.81506053 -5.36900588 4.00116774 -3.59764229 2.83403905 -2.19061035 1.56899954 -1.50879075 0.74702986 -1.47162088 
3.26943856 14.04555873 -9.30773940 6.90422305 -5.45993336 4.08956983 -3.68067263 2.90999720 -2.25862782 1.62885829 -1.56060620 0.79118587 -1.50859888 
3.44227619 15.60999040 -11.43672330 9.39054849 -8.14132701 6.84244765 -6.40824168 5.53916935 -4.73587069 3.91776822 -3.63662521 2.64045763 -3.12474762 
3.26416206 13.96890297 -9.20936772 6.79573087 -5.34934558 3.98210197 -3.57977916 2.81773642 -2.17604558 1.55620963 -1.49774216 0.73763254 -1.46376562 
3.25773419 14.03221643 -9.29057765 6.88525347 -5.44055536 4.07069924 -3.66292062 2.89373234 -2.24404180 1.61600402 -1.54946455 0.78167956 -1.50062858 
3.43149450 15.60999040 -11.43672330 9.39054849 -8.14132701 6.84244765 -6.40824168 5.53916935 -4.73587069 3.91776822 -3.63662521 2.64045763 -3.12474762 
3.43149450 15.60999040 -11.43672330 9.39054849 -8.14132701 6.84244765 -6.40824168 5.53916935 -4.73587069 3.91776822 -3.63662521 2.64045763 -3.12474762 
3.25243035 13.95501127 -9.19159969 6.77619749 -5.32949696 3.96287117 -3.56177740 2.80132140 -2.16139254 1.54335223 -1.48664346 0.72819907 -1.45588534 
3.24596155 14.01870505 -9.27321547 6.86608049 -5.42098764 4.05166077 -3.64502609 2.87735055 -2.22936269 1.60307750 -1.53826830 0.77213304 -1.49262969 
3.42065436 15.60999040 -11.43672330 9.39054849 -8.14132701 6.84244765 -6.40824168 5.53916935 -4.73587069 3.91776822 -3.63662521 2.64045763 -3.12474762 
3.42065436 15.60999040 -11.43672330 9.39054849 -8.14132701 6.84244765 -6.40824168 5.53916935 -4.73587069 3.91776822 -3.63662521 2.64045763 -3.12474762 
3.42065436 15.60999040 -11.43672330 9.39054849 -8.14132701 6.84244765 -6.40824168 5.53916935 -4.73587069 3.91776822 -3.63662521 2.64045763 -3.12474762 
3.42065436 15.60999040 -11.43672330 9.39054849 -8.14132701 6.84244765 -6.40824168 5.53916935 -4.73587069 3.91776822 -3.63662521 2.64045763 -3.12474762 
3.42065436 15.60999040 -11.43672330 9.39054849 -8.14132701 6.84244765 -6.40824168 5.53916935 -4.73587069 3.91776822 -3.63662521 2.64045763 -3.12474762 
3.42065436 15.60999040 -11.43672330 9.39054849 -8.14132701 6.84244765 -6.40824168 5.53916935 -4.73587069 3.91776822 -3.63662521 2.64045763 -3.12474762 
3.24063010 13.94094443 -9.17362609 6.75645765 -5.30945789 3.94347384 -3.54363608 2.78479350 -2.14665113 1.53042751 -1.47549497 0.71872988 -1.44798048 
3.23411986 14.00502167 -9.25564976 6.84670133 -5.40122796 4.03245281 -3.62698797 2.86085125 -2.21459031 1.59007881 -1.52701770 0.76254667 -1.48460261 
3.40975515 15.60999040 -11.43672330 9.39054849 -8.14132701 6.84244765 -6.40824168 5.53916935 -4.73587069 3.91776822 -3.63662521 2.64045763 -3.12474762 
3.22876051 13.92669941 -9.15544376 6.73650856 -5.28922619 3.92390843 -3.52535424 2.76815228 -2.13182125 1.51743564 -1.46429702 0.70922539 -1.44005150 
3.22220831 13.99116330 -9.23787734 6.82711317 -5.38127408 4.01307372 -3.60880523 2.84423387 -2.19972447 1.57700805 -1.51571303 0.75292084 -1.47654777 
3.21682078 13.91227313 -9.13704946 6.71634742 -5.26879967 3.90417341 -3.50693096 2.75139729 -2.11690286 1.50437681 -1.45305000 0.69968604 -1.43209889 
3.21022606 13.97712689 -9.21989498 6.80731313 -5.36112372 3.99352186 -3.59047680 2.82749787 -2.18476502 1.56386533 -1.50435458 0.74325593 -1.46846561 
3.38777691 15.60999040 -11.43672330 9.39054849 -8.14132701 6.84244765 -6.40824168 5.53916935 -4.73587069 3.91776822 -3.63662521 2.64045763 -3.12474762 
3.20481007 13.89766244 -9.11843992 6.69597134 -5.24817610 3.88426723 -3.48836529 2.73452812 -2.10189591 1.49125127 -1.44175427 0.69011232 -1.42412313 
3.19817230 13.96290932 -9.20169938 6.78729829 -5.34077457 3.97379558 -3.57200165 2.81064271 -2.16971181 1.55065079 -1.49294267 0.73355235 -1.46035658 
3.37669655 15.60999040 -11.43672330 9.39054849 -8.14132701 6.84244765 -6.40824168 5.53916935 -4.73587069 3.91776822 -3.63662521 2.64045763 -3.12474762 
3.37669655 15.60999040 -11.43672330 9.39054849 -8.14132701 6.84244765 -6.40824168 5.53916935 -4.73587069 3.91776822 -3.63662521 2.64045763 -3.12474762 
3.37669655 15.60999040 -11.43672330 9.39054849 -8.14132701 6.84244765 -6.40824168 5.53916935 -4.73587069 3.91776822 -3.63662521 2.64045763 -3.12474762 
3.37669655 15.60999040 -11.43672330 9.39054849 -8.14132701 6.84244765 -6.40824168 5.53916935 -4.73587069 3.91776822 -3.63662521 2.64045763 -3.12474762 
3.37669655 15.60999040 -11.43672330 9.39054849 -8.14132701 6.84244765 -6.40824168 5.53916935 -4.73587069 3.91776822 -3.63662521 2.64045763 -3.12474762 
3.37669655 15.60999040 -11.43672330 9.39054849 -8.14132701 6.84244765 -6.40824168 5.53916935 -4.73587069 3.91776822 -3.63662521 2.64045763 -3.12474762 
3.37669655 15.60999040 -11.43672330 9.39054849 -8.14132701 6.84244765 -6.40824168 5.53916935 -4.73587069 3.91776822 -3.63662521 2.64045763 -3.12474762 
3.37669655 15.60999040 -11.43672330 9.39054849 -8.14132701 6.84244765 -6.40824168 5.53916935 -4.73587069 3.91776822 -3.63662521 2.64045763 -3.12474762 
3.37669655 15.60999040 -11.43672330 9.39054849 -8.14132701 6.84244765 -6.40824168 5.53916935 -4.73587069 3.91776822 -3.63662521 2.64045763 -3.12474762 
3.56095952 14.29056681 -9.62586504 7.25907131 -5.82565431 4.44877568 -4.02141145 3.22472344 -2.54307980 1.88139605 -1.78103640 0.98050176 -1.66832851 
3.56558230 14.35423932 -9.70946653 7.35332766 -5.92381510 4.54615558 -4.11468272 3.31168282 -2.62238381 1.95240209 -1.84351415 1.03456531 -1.71427164 
3.38777691 15.60999040 -11.43672330 9.39054849 -8.14132701 6.84244765 -6.40824168 5.53916935 -4.73587069 3.91776822 -3.63662521 2.64045763 -3.12474762 
3.38777691 15.60999040 -11.43672330 9.39054849 -8.14132701 6.84244765 -6.40824168 5.53916935 -4.73587069 3.91776822 -3.63662521 2.64045763 -3.12474762 
3.38777691 15.60999040 -11.43672330 9.39054849 -8.14132701 6.84244765 -6.40824168 5.53916935 -4.73587069 3.91776822 -3.63662521 2.64045763 -3.12474762 
3.57103128 14.30051763 -9.63890512 7.27374595 -5.84090912 4.46388272 -4.03585659 3.23816895 -2.55532225 1.89234109 -1.79065319 0.98881229 -1.67538175 
3.57563314 14.36377952 -9.72202575 7.36752341 -5.93863531 4.56089269 -4.12883044 3.32490240 -2.63446538 1.96324136 -1.85306983 1.04284896 -1.72132318 
3.39879622 15.60999040 -11.43672330 9.39054849 -8.14132701 6.84244765 -6.40824168 5.53916935 -4.73587069 3.91776822 -3.63662521 2.64045763 -3.12474762 
3.39879622 15.60999040 -11.43672330 9.39054849 -8.14132701 6.84244765 -6.40824168 5.53916935 -4.73587069 3.91776822 -3.63662521 2.64045763 -3.12474762 
3.58105292 14.31035865 -9.65181053 7.28827902 -5.85602685 4.47886363 -4.05019005 3.25151855 -2.56748444 1.90322036 -1.80021715 0.99708121 -1.68240297 
3.58563404 14.37321388 -9.73445409 7.38158043 -5.95332005 4.57550405 -4.14286578 3.33802451 -2.64646452 1.97401233 -1.86257002 1.05108836 -1.72834019 
3.40975515 15.60999040 -11.43672330 9.39054849 -8.14132701 6.84244765 -6.40824168 5.53916935 -4.73587069 3.91776822 -3.63662521 2.64045763 -3.12474762 
3.59102495 14.32009152 -9.66458310 7.30267224 -5.87100900 4.49371961 -4.06441273 3.26477287 -2.57956676 1.91403405 -1.80972837 1.00530851 -1.68939208 
3.74904618 15.60856086 -11.43467276 9.38803304 -8.13848498 6.83939960 -6.40509428 5.53601486 -4.73278737 3.91482035 -3.63386503 2.63792528 -3.12247254 
3.60548804 14.39177128 -9.75892524 7.40928519 -5.98228918 4.60435449 -4.17060314 3.36397911 -2.67021736 1.99535045 -1.88140446 1.06743450 -1.74227044 
3.61082210 14.33923909 -9.68973683 7.33104600 -5.90057247 4.52306158 -4.09252939 3.29099823 -2.60349341 1.93546560 -1.82859290 1.02163817 -1.70327365 
3.76740888 15.60858686 -11.43471005 9.38807878 -8.13853666 6.83945502 -6.40515151 5.53607221 -4.73284343 3.91487395 -3.63391522 2.63797132 -3.12251390 
3.62514813 14.40992371 -9.78289391 7.43645542 -6.01073439 4.63271669 -4.19790243 3.38955216 -2.69364606 2.01641870 -1.90001857 1.08360403 -1.75606207 
3.45300008 15.60999040 -11.43672330 9.39054849 -8.14132701 6.84244765 -6.40824168 5.53916935 -4.73587069 3.91776822 -3.63662521 2.64045763 -3.12474762 
3.63042651 14.35797269 -9.71438031 7.35888061 -5.92961120 4.55191809 -4.12021376 3.31685009 -2.62710546 1.95663754 -1.84724747 1.03780120 -1.71702585 
3.63490663 14.41885176 -9.79469404 7.44984421 -6.02476416 4.64671773 -4.21139015 3.40219733 -2.70524004 2.02685236 -1.90924339 1.09162268 -1.76290585 
3.46366677 15.60999040 -11.43672330 9.39054849 -8.14132701 6.84244765 -6.40824168 5.53916935 -4.73587069 3.91776822 -3.63662521 2.64045763 -3.12474762 
3.46366677 15.60999040 -11.43672330 9.39054849 -8.14132701 6.84244765 -6.40824168 5.53916935 -4.73587069 3.91776822 -3.63662521 2.64045763 -3.12474762 
3.46366677 15.60999040 -11.43672330 9.39054849 -8.14132701 6.84244765 -6.40824168 5.53916935 -4.73587069 3.91776822 -3.63662521 2.64045763 -3.12474762 
3.64015760 14.36718800 -9.72651493 7.37259982 -5.94393734 4.56616720 -4.13389606 3.32963755 -2.63879454 1.96712676 -1.85649629 1.04582024 -1.72385329 
3.64461804 14.42768292 -9.80637355 7.46310424 -6.03866728 4.66060030 -4.22477115 3.41474919 -2.71675440 2.03721943 -1.91841358 1.09959734 -1.76971492 
3.47427688 15.60999040 -11.43672330 9.39054849 -8.14132701 6.84244765 -6.40824168 5.53916935 -4.73587069 3.91776822 -3.63662521 2.64045763 -3.12474762 
3.47427688 15.60999040 -11.43672330 9.39054849 -8.14132701 6.84244765 -6.40824168 5.53916935 -4.73587069 3.91776822 -3.63662521 2.64045763 -3.12474762 
3.64984189 14.37630425 -9.73852702 7.38618910 -5.95813655 4.58029842 -4.14747294 3.34233353 -2.65040623 1.97755180 -1.86569293 1.05379765 -1.73064822 
3.65428282 14.43641862 -9.81793405 7.47623710 -6.05244515 4.67436558 -4.23804638 3.42720841 -2.72818961 2.04752022 -1.92752933 1.10752807 -1.77648928 
3.48483099 15.60999040 -11.43672330 9.39054849 -8.14132701 6.84244765 -6.40824168 5.53916935 -4.73587069 3.91776822 -3.63662521 2.64045763 -3.12474762 
3.65947981 14.38532286 -9.75041820 7.39965001 -5.97221018 4.59431287 -4.16094528 3.35493868 -2.66194093 1.98791292 -1.87483753 1.06173346 -1.73741060 
3.66390140 14.44506021 -9.82937714 7.48924434 -6.06609916 4.68801473 -4.25121674 3.43957568 -2.73954616 2.05775503 -1.93659080 1.11541493 -1.78322891 
3.66907181 14.39424524 -9.76219005 7.41298408 -5.98615961 4.60821168 -4.17431396 3.36745363 -2.67339908 1.99821037 -1.88393020 1.06962769 -1.74414040 
3.67347422 14.45360906 -9.84070436 7.50212748 -6.07963067 4.70154890 -4.26428314 3.45185169 -2.75082452 2.06792418 -1.94559817 1.12325802 -1.78993384 
3.50577359 15.60999040 -11.43672330 9.39054849 -8.14132701 6.84244765 -6.40824168 5.53916935 -4.73587069 3.91776822 -3.63662521 2.64045763 -3.12474762 
3.67861832 14.40307274 -9.77384415 7.42619286 -5.99998618 4.62199595 -4.18757982 3.37987900 -2.68478110 2.00844441 -1.89297109 1.07748039 -1.75083759 
3.68300171 14.46206647 -9.85191726 7.51488805 -6.09304105 4.71496923 -4.27724649 3.46403711 -2.76202518 2.07802799 -1.95455162 1.13105741 -1.79660407 
3.51616322 15.60999040 -11.43672330 9.39054849 -8.14132701 6.84244765 -6.40824168 5.53916935 -4.73587069 3.91776822 -3.63662521 2.64045763 -3.12474762 
3.51616322 15.60999040 -11.43672330 9.39054849 -8.14132701 6.84244765 -6.40824168 5.53916935 -4.73587069 3.91776822 -3.63662521 2.64045763 -3.12474762 
3.34442911 14.06148095 -9.32824151 6.92690822 -5.48313021 4.11218108 -3.70196350 2.92952215 -2.27615275 1.64431527 -1.57401424 0.80263426 -1.51820416 
3.33827401 14.12221781 -9.40666782 7.01391959 -5.57233834 4.19935727 -3.78425079 3.00516393 -2.34420201 1.70446472 -1.62629741 0.84736161 -1.55579963 
3.33315595 14.04873605 -9.31182874 6.90874579 -5.46455610 4.09407397 -3.68491202 2.91388343 -2.26211463 1.63193256 -1.56327204 0.79346136 -1.51050745 
3.32696329 14.10983204 -9.39064655 6.99611439 -5.55405347 4.18146055 -3.76733175 2.98958813 -2.33016955 1.69204453 -1.61548771 0.83810305 -1.54800848 
3.49532970 15.60999040 -11.43672330 9.39054849 -8.14132701 6.84244765 -6.40824168 5.53916935 -4.73587069 3.91776822 -3.63662521 2.64045763 -3.12474762 
3.32181948 14.03583539 -9.29523095 6.89039518 -5.44580603 4.07581078 -3.66772766 2.89813536 -2.24798919 1.61948179 -1.55247819 0.78425024 -1.50278339 
3.31558881 14.09729345 -9.37444231 6.97812157 -5.53559167 4.16340543 -3.75027652 2.97389903 -2.31604549 1.67955201 -1.60462227 0.82880252 -1.54018664 
3.14329826 11.27006110 -6.09210602 3.67838513 -2.45147234 1.39515316 -1.33623845 0.91227823 -0.58350890 0.23825289 -0.41824462 -0.13890763 -0.76207890 
2.60434878 15.59212056 -11.41110420 9.35913640 -8.10585359 6.80441959 -6.36899100 5.49984611 -4.69744960 3.88104823 -3.60225494 2.60893445 -3.09643550 
2.30177265 12.24793610 -7.14456194 4.65861528 -3.29916773 2.09997061 -1.90572677 1.36327248 -0.93546437 0.51183645 -0.62980545 0.02459430 -0.88687430 
1.49415880 10.06419033 -4.91303193 2.67630764 -1.65842885 0.78745250 -0.88154874 0.57715711 -0.33892828 0.05783594 -0.28438951 -0.23994677 -0.68674776 
0.72100646 15.19401326 -10.84805187 8.67752957 -7.34543270 5.99857814 -5.54633053 4.68423798 -3.90842059 3.13395328 -2.90907540 1.97837554 -2.53446993 
1.24796678 10.59608192 -5.41700842 3.09164111 -1.97721290 1.02488235 -1.05445071 0.70138865 -0.42745028 0.12203179 -0.33144541 -0.20453595 -0.71303748 
2.02200320 12.30003280 -7.20306925 4.71535400 -3.35018027 2.14394394 -1.94249063 1.39333673 -0.95964182 0.53111509 -0.64504196 0.03656642 -0.89615523 
2.89414817 10.77660820 -5.59382784 3.24201958 -2.09619528 1.11595688 -1.12247308 0.75140781 -0.46385862 0.14881423 -0.35126459 -0.18960770 -0.72414696 
3.45737217 14.18464055 -9.48763299 7.10413625 -5.66522237 4.29049333 -3.87061406 3.08485458 -2.41615666 1.76828636 -1.68195437 0.89512125 -1.59606174 
3.78862109 14.44924931 -9.83492683 7.49555539 -6.07272686 4.69464281 -4.25761487 3.44558600 -2.74506733 2.06273261 -1.94099921 1.11925310 -1.78650977 
3.94093616 15.60527558 -11.42996104 9.38225386 -8.13195642 6.83239863 -6.39786604 5.52877115 -4.72570791 3.90805258 -3.62752879 2.63211257 -3.11725081 
3.95762581 15.60535350 -11.43007278 9.38239091 -8.13211122 6.83256462 -6.39803740 5.52894286 -4.72587572 3.90821299 -3.62767896 2.63225033 -3.11737455 
3.83664681 14.64098038 -10.09071144 7.78839383 -6.38227810 5.00616947 -4.56018027 3.73150199 -3.00922080 2.30217459 -2.15415944 1.30574593 -1.94666719 
3.53512525 14.32496751 -9.67098528 7.30989043 -5.87852623 4.50117707 -4.07155556 3.27143234 -2.58563997 1.91947178 -1.81451298 1.00944874 -1.69291043 
3.16834362 13.85269118 -9.06128587 6.63352408 -5.18510053 3.82350620 -3.43180475 2.68323144 -2.05634363 1.45147685 -1.40757913 0.66118985 -1.40006220 
2.70498129 13.10019866 -8.13291063 5.64754868 -4.21616932 2.91419041 -2.60635429 1.95243302 -1.42215190 0.90942938 -0.95102124 0.28178343 -1.08984894 
2.67868846 13.34794378 -8.43275454 5.96008627 -4.51767532 3.19211900 -2.85425790 2.16817989 -1.60628856 1.06437305 -1.07962138 0.38721394 -1.17493615 
2.65822804 13.02228503 -8.03978480 5.55164745 -4.12474131 2.83086190 -2.53284060 1.88913141 -1.36867396 0.86485211 -0.91434521 0.25195111 -1.06595302 
2.92150720 10.85090636 -5.66745098 3.30533181 -2.14683111 1.15509777 -1.15197611 0.77328715 -0.47990986 0.16068849 -0.36008730 -0.18295359 -0.72910661 
3.28577180 15.60999040 -11.43672330 9.39054849 -8.14132701 6.84244765 -6.40824168 5.53916935 -4.73587069 3.91776822 -3.63662521 2.64045763 -3.12474762 
3.84561935 10.99037113 -5.80698939 3.42644265 -2.24456843 1.23127347 -1.20984157 0.81651067 -0.51183312 0.18442193 -0.37778651 -0.16958479 -0.73908718 
4.45619791 13.60794442 -8.75355267 6.30073949 -4.85232310 3.50600723 -3.13899368 2.42004770 -1.82464299 1.25079612 -1.23645691 0.51738581 -1.28123242 
4.96191520 13.13499828 -8.17468571 5.69074926 -4.25752345 2.95202836 -2.63986171 1.98139093 -1.44670131 0.92995850 -0.96796164 0.29559927 -1.10094341 
