8.80211195 0.50238279 -0.12678129 -0.00893187 -0.12552773 -0.18830642 -0.26270607 0.17488361 -0.09186767 -0.13407454 -0.14697943 -0.36770827 -0.58997990 
2.77376178 13.39650291 -8.49219158 6.02271536 -4.57873554 3.24897516 -2.90546884 2.21316875 -1.64503321 1.09724750 -1.10711809 0.40991469 -1.19337897 
2.78212146 13.31691852 -8.39489371 5.92030820 -4.47900388 3.15620814 -2.82199796 2.13991174 -1.58200355 1.04381432 -1.06246221 0.37307500 -1.16347038 
3.00984111 15.60699805 -11.43243126 9.38528358 -8.13537885 6.83606855 -6.40165494 5.53256801 -4.72941855 3.91159972 -3.63084965 2.63515895 -3.11998739 
2.80336357 13.44036728 -8.54607028 6.07967953 -4.63445597 3.30102319 -2.95249265 2.25460149 -1.68081681 1.12768977 -1.13264329 0.43103521 -1.21057478 
2.81158903 13.36180812 -8.44970237 5.97792161 -4.53504232 3.20827104 -2.86878943 2.18093162 -1.61725865 1.07367179 -1.08739176 0.39362358 -1.18013934 
3.03636055 15.60707629 -11.43254347 9.38542121 -8.13553433 6.83623529 -6.40182709 5.53274053 -4.72958715 3.91176091 -3.63100056 2.63529739 -3.12011175 
3.04948955 15.60711426 -11.43259794 9.38548802 -8.13560980 6.83631621 -6.40191065 5.53282426 -4.72966899 3.91183914 -3.63107381 2.63536459 -3.12017212 
2.84697204 13.50374673 -8.62423514 6.16264406 -4.71591913 3.37739600 -3.02173825 2.31582333 -1.73386595 1.17295908 -1.17070969 0.46261554 -1.23635122 
2.85500391 13.42669259 -8.52925447 6.06188117 -4.61702752 3.28472668 -2.93775459 2.24160328 -1.66958047 1.11812244 -1.12461486 0.42438732 -1.20515845 
2.86130232 13.52425472 -8.64960730 6.18965628 -4.74252141 3.40240709 -3.04447791 2.33598172 -1.75137815 1.18793877 -1.18333408 0.47311032 -1.24493400 
2.86927163 13.44769366 -8.55508671 6.08923009 -4.64381501 3.30978065 -2.96041812 2.26159603 -1.68686716 1.13284451 -1.13697132 0.43462084 -1.21349758 
2.87553204 13.54446384 -8.67464797 6.21635497 -4.76885282 3.42719772 -3.06704735 2.35601515 -1.76880349 1.20286150 -1.19592417 0.48358705 -1.25351020 
2.61515156 15.60999040 -11.43672330 9.39054849 -8.14132701 6.84244765 -6.40824168 5.53916935 -4.73587069 3.91776822 -3.63662521 2.64045763 -3.12474762 
2.61515156 15.60999040 -11.43672330 9.39054849 -8.14132701 6.84244765 -6.40824168 5.53916935 -4.73587069 3.91776822 -3.63662521 2.64045763 -3.12474762 
2.61515156 15.60999040 -11.43672330 9.39054849 -8.14132701 6.84244765 -6.40824168 5.53916935 -4.73587069 3.91776822 -3.63662521 2.64045763 -3.12474762 
2.61515156 15.60999040 -11.43672330 9.39054849 -8.14132701 6.84244765 -6.40824168 5.53916935 -4.73587069 3.91776822 -3.63662521 2.64045763 -3.12474762 
2.61515156 15.60999040 -11.43672330 9.39054849 -8.14132701 6.84244765 -6.40824168 5.53916935 -4.73587069 3.91776822 -3.63662521 2.64045763 -3.12474762 
2.34821092 12.57161478 -7.51208347 5.01883630 -3.62642717 2.38488174 -2.14621832 1.56175680 -1.09649322 0.64124491 -0.73279790 0.10599283 -0.95032318 
2.33758019 12.66646136 -7.62159257 5.12790788 -3.72707882 2.47381355 -2.22235831 1.62545600 -1.14884286 0.68380100 -0.76701752 0.13327348 -0.97176270 
2.59882494 15.60999040 -11.43672330 9.39054849 -8.14132701 6.84244765 -6.40824168 5.53916935 -4.73587069 3.91776822 -3.63662521 2.64045763 -3.12474762 
2.59882494 15.60999040 -11.43672330 9.39054849 -8.14132701 6.84244765 -6.40824168 5.53916935 -4.73587069 3.91776822 -3.63662521 2.64045763 -3.12474762 
2.59882494 15.60999040 -11.43672330 9.39054849 -8.14132701 6.84244765 -6.40824168 5.53916935 -4.73587069 3.91776822 -3.63662521 2.64045763 -3.12474762 
2.59882494 15.60999040 -11.43672330 9.39054849 -8.14132701 6.84244765 -6.40824168 5.53916935 -4.73587069 3.91776822 -3.63662521 2.64045763 -3.12474762 
2.59882494 15.60999040 -11.43672330 9.39054849 -8.14132701 6.84244765 -6.40824168 5.53916935 -4.73587069 3.91776822 -3.63662521 2.64045763 -3.12474762 
2.86927163 13.44769366 -8.55508671 6.08923009 -4.64381501 3.30978065 -2.96041812 2.26159603 -1.68686716 1.13284451 -1.13697132 0.43462084 -1.21349758 
2.87553204 13.54446384 -8.67464797 6.21635497 -4.76885282 3.42719772 -3.06704735 2.35601515 -1.76880349 1.20286150 -1.19592417 0.48358705 -1.25351020 
2.61515156 15.60999040 -11.43672330 9.39054849 -8.14132701 6.84244765 -6.40824168 5.53916935 -4.73587069 3.91776822 -3.63662521 2.64045763 -3.12474762 
2.88343974 13.46839162 -8.58058621 6.11626774 -4.67033689 3.33462144 -2.98291979 2.28147243 -1.70407525 1.14751710 -1.14929998 0.44484174 -1.22183452 
2.88966258 13.56438004 -8.69936289 6.24274466 -4.79491640 3.45176960 -3.08944717 2.37592338 -1.78614121 1.21772619 -1.20847876 0.49404455 -1.26207872 
2.89750959 13.48879247 -8.60575864 6.14299852 -4.69659602 3.35925056 -3.00525998 2.30123207 -1.72120385 1.16213907 -1.16159958 0.45504880 -1.23016818 
2.90369529 13.58400917 -8.72375770 6.26882981 -4.82071520 3.47612443 -3.11167798 2.39570625 -1.80339057 1.23253184 -1.22099672 0.50448167 -1.27063850 
2.64741032 15.60999040 -11.43672330 9.39054849 -8.14132701 6.84244765 -6.40824168 5.53916935 -4.73587069 3.91776822 -3.63662521 2.64045763 -3.12474762 
2.64741032 15.60999040 -11.43672330 9.39054849 -8.14132701 6.84244765 -6.40824168 5.53916935 -4.73587069 3.91776822 -3.63662521 2.64045763 -3.12474762 
2.38460151 12.64048226 -7.59151534 5.09787202 -3.69929059 2.44920125 -2.20123687 1.60774600 -1.13425719 0.67192122 -0.75744833 0.12563335 -0.96574998 
2.37418444 12.73404935 -7.70013234 5.20661998 -3.80015497 2.53875270 -2.27826551 1.67247772 -1.18768314 0.71551971 -0.79262859 0.15376411 -0.98792044 
2.36648699 12.60635373 -7.55209713 5.05859831 -3.66303710 2.41715952 -2.17379614 1.58478269 -1.11538052 0.65657251 -0.74510384 0.11579037 -0.95801326 
2.35596414 12.70055804 -7.66116182 5.16751333 -3.76380258 2.50640937 -2.25038838 1.64900516 -1.16827410 0.69965428 -0.77980704 0.14349830 -0.97981967 
2.88343974 13.46839162 -8.58058621 6.11626774 -4.67033689 3.33462144 -2.98291979 2.28147243 -1.70407525 1.14751710 -1.14929998 0.44484174 -1.22183452 
2.88966258 13.56438004 -8.69936289 6.24274466 -4.79491640 3.45176960 -3.08944717 2.37592338 -1.78614121 1.21772619 -1.20847876 0.49404455 -1.26207872 
2.89750959 13.48879247 -8.60575864 6.14299852 -4.69659602 3.35925056 -3.00525998 2.30123207 -1.72120385 1.16213907 -1.16159958 0.45504880 -1.23016818 
3.11387213 15.60729345 -11.43285493 9.38580323 -8.13596589 6.83669808 -6.40230492 5.53321939 -4.73005516 3.91220831 -3.63141944 2.63568167 -3.12045696 
3.12650362 15.60732727 -11.43290344 9.38586274 -8.13603311 6.83677017 -6.40237935 5.53329397 -4.73012805 3.91227800 -3.63148469 2.63574152 -3.12051073 
3.13905584 15.60736046 -11.43295104 9.38592113 -8.13609908 6.83684091 -6.40245238 5.53336717 -4.73019959 3.91234639 -3.63154872 2.63580026 -3.12056350 
3.15152977 15.60739304 -11.43299776 9.38597843 -8.13616382 6.83691033 -6.40252406 5.53343900 -4.73026980 3.91241351 -3.63161156 2.63585791 -3.12061529 
3.16392639 15.60742501 -11.43304362 9.38603468 -8.13622736 6.83697847 -6.40259442 5.53350951 -4.73033871 3.91247939 -3.63167324 2.63591450 -3.12066612 
2.97243699 13.67804203 -8.84111849 6.39483903 -4.94584191 3.59470361 -3.22032119 2.49273677 -1.88829032 1.30564190 -1.28299985 0.55632438 -1.31327118 
2.97993828 13.60527638 -8.75022882 6.29717700 -4.84879165 3.50266613 -3.13593747 2.41732243 -1.82226202 1.24874868 -1.23472283 0.51593767 -1.28004294 
2.98590971 13.69606282 -8.86370410 6.41918684 -4.97011430 3.61779265 -3.24155290 2.51176606 -1.90499716 1.32007444 -1.29527631 0.56661735 -1.32175782 
2.74117749 15.60999040 -11.43672330 9.39054849 -8.14132701 6.84244765 -6.40824168 5.53916935 -4.73587069 3.91776822 -3.63662521 2.64045763 -3.12474762 
2.99335627 13.62375354 -8.77326138 6.32187733 -4.87329034 3.52585675 -3.15716165 2.43625787 -1.83881318 1.26298775 -1.24678777 0.52601709 -1.28832507 
2.99929336 13.71383333 -8.88600573 6.44325942 -4.99414241 3.64067685 -3.26262084 2.53066991 -1.92161194 1.33444209 -1.30750929 0.57688295 -1.33022906 
2.75638669 15.60999040 -11.43672330 9.39054849 -8.14132701 6.84244765 -6.40824168 5.53916935 -4.73587069 3.91776822 -3.63662521 2.64045763 -3.12474762 
2.75638669 15.60999040 -11.43672330 9.39054849 -8.14132701 6.84244765 -6.40824168 5.53916935 -4.73587069 3.91776822 -3.63662521 2.64045763 -3.12474762 
2.75638669 15.60999040 -11.43672330 9.39054849 -8.14132701 6.84244765 -6.40824168 5.53916935 -4.73587069 3.91776822 -3.63662521 2.64045763 -3.12474762 
3.00668597 13.64197652 -8.79600829 6.34630361 -4.89754850 3.54884816 -3.17822882 2.45507510 -1.85527942 1.27716859 -1.25881517 0.53607426 -1.29659608 
3.01258909 13.73135831 -8.90802811 6.46706068 -5.01792906 3.66335796 -3.28352584 2.54944846 -1.93813429 1.34874417 -1.31969796 0.58712031 -1.33868408 
2.77148110 15.60999040 -11.43672330 9.39054849 -8.14132701 6.84244765 -6.40824168 5.53916935 -4.73587069 3.91776822 -3.63662521 2.64045763 -3.12474762 
2.77148110 15.60999040 -11.43672330 9.39054849 -8.14132701 6.84244765 -6.40824168 5.53916935 -4.73587069 3.91776822 -3.63662521 2.64045763 -3.12474762 
2.77148110 15.60999040 -11.43672330 9.39054849 -8.14132701 6.84244765 -6.40824168 5.53916935 -4.73587069 3.91776822 -3.63662521 2.64045763 -3.12474762 
2.77148110 15.60999040 -11.43672330 9.39054849 -8.14132701 6.84244765 -6.40824168 5.53916935 -4.73587069 3.91776822 -3.63662521 2.64045763 -3.12474762 
2.77148110 15.60999040 -11.43672330 9.39054849 -8.14132701 6.84244765 -6.40824168 5.53916935 -4.73587069 3.91776822 -3.63662521 2.64045763 -3.12474762 
2.77148110 15.60999040 -11.43672330 9.39054849 -8.14132701 6.84244765 -6.40824168 5.53916935 -4.73587069 3.91776822 -3.63662521 2.64045763 -3.12474762 
2.77148110 15.60999040 -11.43672330 9.39054849 -8.14132701 6.84244765 -6.40824168 5.53916935 -4.73587069 3.91776822 -3.63662521 2.64045763 -3.12474762 
2.52401959 12.89323743 -7.88677223 5.39528706 -3.97679323 2.69698631 -2.41555143 1.78880901 -1.28446186 0.79506669 -0.85723842 0.20572291 -1.02909242 
2.51437963 12.98188808 -7.99172094 5.50236920 -4.07796374 2.78840358 -2.49553227 1.85712900 -1.34173742 0.84247461 -0.89599141 0.23706359 -1.05405950 
3.00668597 13.64197652 -8.79600829 6.34630361 -4.89754850 3.54884816 -3.17822882 2.45507510 -1.85527942 1.27716859 -1.25881517 0.53607426 -1.29659608 
3.01258909 13.73135831 -8.90802811 6.46706068 -5.01792906 3.66335796 -3.28352584 2.54944846 -1.93813429 1.34874417 -1.31969796 0.58712031 -1.33868408 
3.01992852 13.65995013 -8.81847424 6.37045967 -4.92156883 3.57164195 -3.19913966 2.47377410 -1.87166025 1.29129044 -1.27080416 0.54610827 -1.30485510 
3.02579805 13.74864240 -8.92977586 6.49059447 -5.04147704 3.68583773 -3.30426878 2.56810189 -1.95456389 1.36298007 -1.33184154 0.59732860 -1.34712204 
3.03308503 13.67767902 -8.84066385 6.39434924 -4.94535395 3.59423973 -3.21989488 2.49235490 -1.88795525 1.30535259 -1.28275388 0.55611825 -1.31310130 
3.03892134 13.76569009 -8.95125354 6.51386458 -5.06478910 3.70811793 -3.32485055 2.58663039 -1.97090046 1.37714918 -1.34393927 0.60750702 -1.35554217 
2.80133240 15.60999040 -11.43672330 9.39054849 -8.14132701 6.84244765 -6.40824168 5.53916935 -4.73587069 3.91776822 -3.63662521 2.64045763 -3.12474762 
2.80133240 15.60999040 -11.43672330 9.39054849 -8.14132701 6.84244765 -6.40824168 5.53916935 -4.73587069 3.91776822 -3.63662521 2.64045763 -3.12474762 
2.80133240 15.60999040 -11.43672330 9.39054849 -8.14132701 6.84244765 -6.40824168 5.53916935 -4.73587069 3.91776822 -3.63662521 2.64045763 -3.12474762 
2.80133240 15.60999040 -11.43672330 9.39054849 -8.14132701 6.84244765 -6.40824168 5.53916935 -4.73587069 3.91776822 -3.63662521 2.64045763 -3.12474762 
3.04615661 13.69516776 -8.86258161 6.41797602 -4.96890651 3.61664308 -3.24049522 2.51081758 -1.90416401 1.31935435 -1.29466351 0.56610334 -1.32133384 
3.24861569 15.60763317 -11.43334217 9.38640088 -8.13664106 6.83742213 -6.40305249 5.53396858 -4.73078738 3.91290832 -3.63207483 2.63628291 -3.12099709 
3.26042664 15.60766083 -11.43338184 9.38644954 -8.13669603 6.83748107 -6.40311336 5.53402957 -4.73084700 3.91296531 -3.63212819 2.63633186 -3.12104107 
3.27216826 15.60768800 -11.43342081 9.38649735 -8.13675004 6.83753899 -6.40317316 5.53408950 -4.73090557 3.91302130 -3.63218061 2.63637996 -3.12108427 
3.28384134 15.60771470 -11.43345911 9.38654432 -8.13680310 6.83759590 -6.40323191 5.53414839 -4.73096312 3.91307633 -3.63223213 2.63642722 -3.12112673 
3.10329023 13.84753345 -9.05474301 6.62638801 -5.17790519 3.81658647 -3.42537386 2.67740821 -2.05118034 1.44697489 -1.40371615 0.65792469 -1.39734913 
2.87406769 15.60999040 -11.43672330 9.39054849 -8.14132701 6.84244765 -6.40824168 5.53916935 -4.73587069 3.91776822 -3.63662521 2.64045763 -3.12474762 
2.87406769 15.60999040 -11.43672330 9.39054849 -8.14132701 6.84244765 -6.40824168 5.53916935 -4.73587069 3.91776822 -3.63662521 2.64045763 -3.12474762 
2.87406769 15.60999040 -11.43672330 9.39054849 -8.14132701 6.84244765 -6.40824168 5.53916935 -4.73587069 3.91776822 -3.63662521 2.64045763 -3.12474762 
3.11027743 13.77916102 -8.96824421 6.53229331 -5.08327072 3.72579957 -3.34120051 2.60136340 -1.98390257 1.38843602 -1.35358396 0.61562771 -1.36226490 
3.11592173 13.86325180 -9.07469036 6.64815208 -5.19985806 3.83770589 -3.44500806 2.69519304 -2.06695466 1.46073290 -1.41552480 0.66790850 -1.40564691 
2.88830263 15.60999040 -11.43672330 9.39054849 -8.14132701 6.84244765 -6.40824168 5.53916935 -4.73587069 3.91776822 -3.63662521 2.64045763 -3.12474762 
2.88830263 15.60999040 -11.43672330 9.39054849 -8.14132701 6.84244765 -6.40824168 5.53916935 -4.73587069 3.91776822 -3.63662521 2.64045763 -3.12474762 
2.88830263 15.60999040 -11.43672330 9.39054849 -8.14132701 6.84244765 -6.40824168 5.53916935 -4.73587069 3.91776822 -3.63662521 2.64045763 -3.12474762 
2.88830263 15.60999040 -11.43672330 9.39054849 -8.14132701 6.84244765 -6.40824168 5.53916935 -4.73587069 3.91776822 -3.63662521 2.64045763 -3.12474762 
2.88830263 15.60999040 -11.43672330 9.39054849 -8.14132701 6.84244765 -6.40824168 5.53916935 -4.73587069 3.91776822 -3.63662521 2.64045763 -3.12474762 
2.88830263 15.60999040 -11.43672330 9.39054849 -8.14132701 6.84244765 -6.40824168 5.53916935 -4.73587069 3.91776822 -3.63662521 2.64045763 -3.12474762 
2.88830263 15.60999040 -11.43672330 9.39054849 -8.14132701 6.84244765 -6.40824168 5.53916935 -4.73587069 3.91776822 -3.63662521 2.64045763 -3.12474762 
2.88830263 15.60999040 -11.43672330 9.39054849 -8.14132701 6.84244765 -6.40824168 5.53916935 -4.73587069 3.91776822 -3.63662521 2.64045763 -3.12474762 
3.12286131 13.79529855 -8.98862056 6.55441769 -5.10548150 3.74707002 -3.36088794 2.61912033 -1.99958739 1.40206312 -1.36523766 0.62544719 -1.37039970 
3.12847477 13.87876250 -9.09439687 6.66967727 -5.22159351 3.85863790 -3.46448771 2.71285513 -2.08263489 1.47442095 -1.42728323 0.67785756 -1.41392197 
3.13536737 13.81122492 -9.00875417 6.57630352 -5.12747735 3.76815725 -3.38042610 2.63676040 -2.01518411 1.41562603 -1.37684642 0.63523659 -1.37851576 
3.14095034 13.89406928 -9.11386640 6.69096690 -5.24311407 3.87938425 -3.48381380 2.73039490 -2.09822098 1.48803871 -1.43899093 0.68777130 -1.42217370 
2.91647211 15.60999040 -11.43672330 9.39054849 -8.14132701 6.84244765 -6.40824168 5.53916935 -4.73587069 3.91776822 -3.63662521 2.64045763 -3.12474762 
3.14779658 13.82694387 -9.02864885 6.59795406 -5.14926070 3.78906285 -3.39981587 2.65428388 -2.03069259 1.42912433 -1.38840967 0.64499528 -1.38661245 
3.15334936 13.90917577 -9.13310270 6.71202424 -5.26442224 3.89994663 -3.50298735 2.74781276 -2.11371293 1.50158589 -1.45064742 0.69764915 -1.43040151 
2.93040944 15.60999040 -11.43672330 9.39054849 -8.14132701 6.84244765 -6.40824168 5.53916935 -4.73587069 3.91776822 -3.63662521 2.64045763 -3.12474762 
3.16014984 13.84245910 -9.04830836 6.61937251 -5.17083393 3.80978840 -3.41905811 2.67169108 -2.04611270 1.44255762 -1.39992686 0.65472264 -1.39468914 
3.35248432 15.60786557 -11.43367549 9.38680974 -8.13710296 6.83791747 -6.40356394 5.53448114 -4.73128834 3.91338724 -3.63252322 2.63669427 -3.12136664 
3.17792144 13.93880205 -9.17089035 6.75345479 -5.30641122 3.94052632 -3.54088086 2.78228458 -2.14441449 1.52846741 -1.47380497 0.71729503 -1.44678313 
3.18463221 13.87289266 -9.08693652 6.66152562 -5.21335949 3.85070570 -3.45710358 2.70615797 -2.07668749 1.46922775 -1.42282097 0.67408105 -1.41078016 
3.37485157 15.60791254 -11.43374286 9.38689237 -8.13719631 6.83801758 -6.40366730 5.53458473 -4.73138959 3.91348403 -3.63261385 2.63677742 -3.12144133 
3.38594208 15.60793544 -11.43377571 9.38693267 -8.13724183 6.83806640 -6.40371771 5.53463524 -4.73143896 3.91353123 -3.63265804 2.63681796 -3.12147775 
3.39697144 15.60795796 -11.43380801 9.38697230 -8.13728660 6.83811441 -6.40376728 5.53468493 -4.73148752 3.91357765 -3.63270151 2.63685783 -3.12151357 
3.22618664 13.99580239 -9.24382464 6.83366595 -5.38794709 4.01955253 -3.61488228 2.84978615 -2.20469014 1.58137297 -1.51948724 0.75613381 -1.47923578 
3.23272480 13.93146773 -9.16152793 6.74318168 -5.29599163 3.93044900 -3.53146386 2.77371197 -2.13677438 1.52177371 -1.46803514 0.71239744 -1.44269715 
3.23807482 14.00960209 -9.26152781 6.85318413 -5.40783598 4.03887440 -3.63301670 2.86636411 -2.21952481 1.59441972 -1.53077392 0.76574653 -1.48728141 
3.02534252 15.60999040 -11.43672330 9.39054849 -8.14132701 6.84244765 -6.40824168 5.53916935 -4.73587069 3.91776822 -3.63662521 2.64045763 -3.12474762 
3.02534252 15.60999040 -11.43672330 9.39054849 -8.14132701 6.84244765 -6.40824168 5.53916935 -4.73587069 3.91776822 -3.63662521 2.64045763 -3.12474762 
3.24457118 13.94565302 -9.17964033 6.76306070 -5.31615888 3.94995821 -3.54969875 2.79031537 -2.15157476 1.53474322 -1.47921664 0.72189022 -1.45061813 
3.24989340 14.02322781 -9.27902532 6.87249425 -5.42753143 4.05802568 -3.65100683 2.88282418 -2.23426608 1.60739436 -1.54200644 0.77531966 -1.49529914 
3.25634850 13.95966115 -9.19754505 6.78273142 -5.33613422 3.96929987 -3.56779345 2.80680559 -2.16628671 1.54764552 -1.49034858 0.73134755 -1.45851485 
3.26164319 14.03668251 -9.29632035 6.89159912 -5.44703567 4.07700801 -3.66885374 2.89916693 -2.24891414 1.62029681 -1.55318451 0.78485281 -1.50328854 
3.26805753 13.97349512 -9.21524525 6.80219659 -5.35591983 3.98847549 -3.58574889 2.82318310 -2.18091031 1.56048044 -1.50143061 0.74076901 -1.46638684 
3.45122392 15.60806523 -11.43396186 9.38716101 -8.13749980 6.83834304 -6.40400335 5.53492152 -4.73171875 3.91379872 -3.63290849 2.63704772 -3.12168416 
3.28493955 14.06309040 -9.33031523 6.92920417 -5.48547936 4.11447225 -3.70412209 2.93150277 -2.27793141 1.64588483 -1.57537637 0.80379782 -1.51918080 
3.29127388 14.00065226 -9.25004434 6.84052116 -5.39493035 4.02633469 -3.62124580 2.85560188 -2.20989291 1.58594753 -1.52344373 0.75950275 -1.48205490 
3.47251944 15.60810577 -11.43402000 9.38723233 -8.13758038 6.83842946 -6.40409258 5.53501094 -4.73180615 3.91388227 -3.63298672 2.63711949 -3.12174864 
3.48308277 15.60812556 -11.43404839 9.38726715 -8.13761971 6.83847165 -6.40413614 5.53505459 -4.73184882 3.91392307 -3.63302491 2.63715453 -3.12178012 
3.49359060 15.60814504 -11.43407633 9.38730143 -8.13765844 6.83851317 -6.40417902 5.53509756 -4.73189082 3.91396322 -3.63306251 2.63718902 -3.12181110 
3.50404352 15.60816422 -11.43410384 9.38733517 -8.13769656 6.83855405 -6.40422123 5.53513987 -4.73193217 3.91400275 -3.63309952 2.63722297 -3.12184160 
3.51444208 15.60818310 -11.43413092 9.38736839 -8.13773408 6.83859430 -6.40426278 5.53518151 -4.73197287 3.91404166 -3.63313595 2.63725640 -3.12187163 
3.52478687 15.60820169 -11.43415758 9.38740109 -8.13777103 6.83863393 -6.40430370 5.53522252 -4.73201295 3.91407998 -3.63317182 2.63728931 -3.12190120 
3.36442159 14.15053761 -9.44335442 7.05474937 -5.61432635 4.24050895 -3.82320490 3.04107044 -2.37658989 1.73316418 -1.65130253 0.86880034 -1.57385801 
3.37049077 14.09062749 -9.36583358 6.96856907 -5.52579662 4.15383220 -3.74123899 2.96559034 -2.30856990 1.67294352 -1.59887744 0.82388744 -1.53605491 
3.37552474 14.16243180 -9.45878514 7.07194693 -5.63203602 4.25788874 -3.83967762 3.05627320 -2.39031923 1.74534368 -1.66192554 0.87791733 -1.58154482 
3.38155783 14.10287125 -9.38164895 6.98612169 -5.54379836 4.17142951 -3.75785454 2.98086855 -2.32231848 1.68509929 -1.60944615 0.83293092 -1.54365809 
3.38656708 14.17418366 -9.47404432 7.08896737 -5.64957740 4.27511672 -3.85601873 3.07136547 -2.40395833 1.75745114 -1.67249235 0.88699141 -1.58919975 
3.39256450 14.11496987 -9.39729070 7.00349648 -5.56163255 4.18887698 -3.77434141 2.99603983 -2.33598073 1.69718698 -1.61996249 0.84193503 -1.55123256 
3.39754928 14.18579549 -9.48913447 7.10581301 -5.66695244 4.29219438 -3.87222927 3.08634790 -2.41750755 1.76948668 -1.68300289 0.89602241 -1.59682257 
3.20267379 15.60999040 -11.43672330 9.39054849 -8.14132701 6.84244765 -6.40824168 5.53916935 -4.73587069 3.91776822 -3.63662521 2.64045763 -3.12474762 
3.20267379 15.60999040 -11.43672330 9.39054849 -8.14132701 6.84244765 -6.40824168 5.53916935 -4.73587069 3.91776822 -3.63662521 2.64045763 -3.12474762 
3.40351143 14.12692569 -9.41276137 7.02069571 -5.57930106 4.20617601 -3.79070054 3.01110474 -2.34955690 1.70920663 -1.63042632 0.85089954 -1.55877804 
3.40847198 14.19726953 -9.50405803 7.12248612 -5.68416304 4.30912318 -3.88831029 3.10122116 -2.43096723 1.78145041 -1.69345712 0.90501017 -1.60441305 
3.21475842 15.60999040 -11.43672330 9.39054849 -8.14132701 6.84244765 -6.40824168 5.53916935 -4.73587069 3.91776822 -3.63662521 2.64045763 -3.12474762 
3.41439928 14.13874097 -9.42806341 7.03772164 -5.59680573 4.22332802 -3.80693292 3.02606389 -2.36304728 1.72115829 -1.64083752 0.85982425 -1.56629427 
3.41933582 14.20860799 -9.51881744 7.13898896 -5.70121108 4.32590459 -3.90426283 3.11598593 -2.44433774 1.79334245 -1.70385498 0.91395454 -1.61197099 
3.42522866 14.15041794 -9.44319923 7.05457649 -5.61414840 4.24033438 -3.82303950 3.04091785 -2.37645214 1.73304202 -1.65119601 0.86870896 -1.57378099 
3.59573980 15.60832414 -11.43433322 9.38761653 -8.13801443 6.83889495 -6.40457322 5.53549264 -4.73227696 3.91433238 -3.63340814 2.63750611 -3.12209597 
3.60567353 15.60834060 -11.43435683 9.38764550 -8.13804715 6.83893005 -6.40460945 5.53552895 -4.73231245 3.91436631 -3.63343991 2.63753526 -3.12212216 
3.61555817 15.60835682 -11.43438009 9.38767403 -8.13807939 6.83896462 -6.40464515 5.53556473 -4.73234742 3.91439974 -3.63347122 2.63756398 -3.12214795 
3.78862109 14.44924931 -9.83492683 7.49555539 -6.07272686 4.69464281 -4.25761487 3.44558600 -2.74506733 2.06273261 -1.94099921 1.11925310 -1.78650977 
3.94093616 15.60527558 -11.42996104 9.38225386 -8.13195642 6.83239863 -6.39786604 5.52877115 -4.72570791 3.90805258 -3.62752879 2.63211257 -3.11725081 
3.95762581 15.60535350 -11.43007278 9.38239091 -8.13211122 6.83256462 -6.39803740 5.52894286 -4.72587572 3.90821299 -3.62767896 2.63225033 -3.11737455 
3.97417735 15.60542950 -11.43018178 9.38252459 -8.13226221 6.83272653 -6.39820456 5.52911036 -4.72603940 3.90836946 -3.62782544 2.63238470 -3.11749526 
3.99059303 15.60550366 -11.43028812 9.38265501 -8.13240953 6.83288450 -6.39836764 5.52927378 -4.72619911 3.90852212 -3.62796836 2.63251580 -3.11761303 
3.87157051 14.66755442 -10.12643854 7.82960063 -6.42615050 5.05062693 -4.60364733 3.77284182 -3.04765048 2.33721321 -2.18552533 1.33333106 -1.97047486 
3.88542636 14.53311147 -9.94637677 7.62267904 -6.20662205 4.82892498 -4.38759469 3.56801204 -2.85781815 2.16462937 -2.03145279 1.19817749 -1.85411426 
3.89737063 14.68679417 -10.15234699 7.85952920 -6.45806306 5.08301180 -4.63535504 3.80303853 -3.07575795 2.36287201 -2.20852145 1.35357758 -1.98796722 
3.75824860 15.60857395 -11.43469153 9.38805606 -8.13851100 6.83942750 -6.40512310 5.53604373 -4.73281560 3.91484734 -3.63389030 2.63794846 -3.12249336 
3.76740888 15.60858686 -11.43471005 9.38807878 -8.13853666 6.83945502 -6.40515151 5.53607221 -4.73284343 3.91487395 -3.63391522 2.63797132 -3.12251390 
3.77652739 15.60859960 -11.43472831 9.38810119 -8.13856198 6.83948217 -6.40517955 5.53610031 -4.73287089 3.91490020 -3.63393980 2.63799387 -3.12253416 
3.63490663 14.41885176 -9.79469404 7.44984421 -6.02476416 4.64671773 -4.21139015 3.40219733 -2.70524004 2.02685236 -1.90924339 1.09162268 -1.76290585 
3.64015760 14.36718800 -9.72651493 7.37259982 -5.94393734 4.56616720 -4.13389606 3.32963755 -2.63879454 1.96712676 -1.85649629 1.04582024 -1.72385329 
3.79464062 15.60862455 -11.43476411 9.38814509 -8.13861158 6.83953537 -6.40523448 5.53615536 -4.73292470 3.91495165 -3.63398796 2.63803806 -3.12257386 
3.80363610 15.60863678 -11.43478164 9.38816660 -8.13863589 6.83956143 -6.40526139 5.53618233 -4.73295107 3.91497685 -3.63401156 2.63805971 -3.12259331 
3.81259129 15.60864884 -11.43479895 9.38818783 -8.13865987 6.83958715 -6.40528794 5.53620894 -4.73297708 3.91500172 -3.63403485 2.63808107 -3.12261250 
3.82150657 15.60866074 -11.43481602 9.38820877 -8.13868353 6.83961252 -6.40531414 5.53623520 -4.73300274 3.91502626 -3.63405782 2.63810215 -3.12263144 
3.83038228 15.60867249 -11.43483286 9.38822943 -8.13870687 6.83963756 -6.40534000 5.53626111 -4.73302807 3.91505047 -3.63408049 2.63812295 -3.12265012 
3.83921877 15.60868408 -11.43484949 9.38824983 -8.13872991 6.83966227 -6.40536551 5.53628668 -4.73305306 3.91507436 -3.63410286 2.63814347 -3.12266856 
3.99413098 14.62127703 -10.06426484 7.75793876 -6.34990226 4.97340984 -4.52819577 3.70112436 -2.98101876 2.27649320 -2.13119718 1.28557401 -1.92927612 
4.13256894 15.60609678 -11.43113870 9.38369822 -8.13358795 6.83414811 -6.39967219 5.53058106 -4.72747668 3.90974338 -3.62911170 2.63356462 -3.11855518 
4.02162310 14.77491693 -10.27146336 7.99762819 -6.60583572 5.23347932 -4.78315936 3.94424521 -3.20759544 2.48357197 -2.31699320 1.44932685 -2.07089608 
4.03442353 14.65239955 -10.10605556 7.80608230 -6.40110142 5.02523467 -4.57881210 3.74921405 -3.02567891 2.31717429 -2.16758166 1.31754595 -1.95684777 
4.04557704 14.79106517 -10.29337106 8.02311624 -6.63320181 5.26143524 -4.81070694 3.97064303 -3.23231362 2.50626450 -2.33744019 1.46742020 -2.08660368 
4.05821690 14.67039244 -10.13025803 7.83401033 -6.43085000 5.05539351 -4.60831191 3.77728196 -3.05178150 2.34098268 -2.18890222 1.33630301 -1.97304156 
4.06924856 14.80676334 -10.31469192 8.04794801 -6.65989085 5.28872659 -4.83762547 3.99646193 -3.25651123 2.52849786 -2.35748948 1.48517502 -2.10202848 
3.94231915 15.60881200 -11.43503298 9.38847491 -8.13898421 6.83993500 -6.40564712 5.53656892 -4.73332892 3.91533810 -3.63434980 2.63837002 -3.12287209 
3.81185474 14.57155809 -9.99769390 7.68145828 -6.26878404 4.89151014 -4.44840381 3.62549657 -2.91094595 2.21280272 -2.07435137 1.23571956 -1.88636313 
3.81663377 14.52496050 -9.93551517 7.61025783 -6.19350629 4.81573956 -4.37480188 3.55593548 -2.84667183 2.15453536 -2.02247487 1.19032953 -1.84738014 
3.95899742 15.60883148 -11.43506092 9.38850919 -8.13902294 6.83997653 -6.40569001 5.53661190 -4.73337093 3.91537827 -3.63438741 2.63840453 -3.12290309 
3.82960639 14.58594450 -10.01693240 7.70353397 -6.29217104 4.91509592 -4.47135757 3.64722952 -2.93106217 2.23106914 -2.09063984 1.24999244 -1.89863863 
3.83434059 14.53983982 -9.95534740 7.63294298 -6.21746526 4.83983096 -4.39818079 3.57800988 -2.86704982 2.17299290 -2.03889442 1.20468488 -1.85970001 
3.83842378 14.59302893 -10.02641340 7.71442114 -6.30371309 4.92674401 -4.48270102 3.65797652 -2.94101579 2.24011273 -2.09870863 1.25706645 -1.90472570 
3.68499791 15.60999040 -11.43672330 9.39054849 -8.14132701 6.84244765 -6.40824168 5.53916935 -4.73587069 3.91776822 -3.63662521 2.64045763 -3.12474762 
3.68499791 15.60999040 -11.43672330 9.39054849 -8.14132701 6.84244765 -6.40824168 5.53916935 -4.73587069 3.91776822 -3.63662521 2.64045763 -3.12474762 
3.52701863 14.25658308 -9.58140145 7.20911047 -5.77379523 4.39749209 -3.97244259 3.17920425 -2.50168689 1.84443488 -1.74859827 0.95250013 -1.64458783 
3.33365193 15.60782520 -11.43361759 9.38673872 -8.13702273 6.83783143 -6.40347510 5.53439210 -4.73120132 3.91330405 -3.63244533 2.63662282 -3.12130244 
3.32226680 15.60780043 -11.43358206 9.38669514 -8.13697349 6.83777862 -6.40342057 5.53433746 -4.73114791 3.91325299 -3.63239753 2.63657896 -3.12126305 
3.12144360 13.71662863 -8.88951646 6.44705173 -4.99793044 3.64428703 -3.26594672 2.53365610 -1.92423816 1.33671445 -1.30944510 0.57850825 -1.33157093 
2.86457264 15.59619706 -11.41694588 9.36629603 -8.11393569 6.81308047 -6.37792712 5.50879569 -4.70619102 3.88940007 -3.61007009 2.61610029 -3.10286977 
2.83565799 15.59579422 -11.41636855 9.36558836 -8.11313676 6.81222424 -6.37704360 5.50791075 -4.70532660 3.88857410 -3.60929714 2.61539151 -3.10223331 
3.04911132 13.85831365 -9.06842111 6.64130923 -5.19295327 3.83106086 -3.43882818 2.68959337 -2.06198640 1.45639837 -1.41180335 0.66476130 -1.40303053 
3.22877443 15.60758597 -11.43327447 9.38631785 -8.13654725 6.83732152 -6.40294862 5.53386448 -4.73068564 3.91281105 -3.63198376 2.63619937 -3.12092204 
3.21677450 15.60755696 -11.43323287 9.38626682 -8.13648961 6.83725971 -6.40288479 5.53380051 -4.73062312 3.91275129 -3.63192780 2.63614803 -3.12087592 
3.59935301 12.36613247 -7.27765901 4.78802355 -3.41581068 2.20075949 -1.99018611 1.43249354 -0.99124889 0.55640082 -0.66508435 0.05235251 -0.90842041 
4.16764877 13.26965485 -8.33738820 5.86006392 -4.42059952 3.10211831 -2.77353337 2.09755056 -1.54569889 1.01314882 -1.03692066 0.35206878 -1.14646633 
4.51291304 14.89898025 -10.44041136 8.19489920 -6.81838639 5.45134404 -4.99854311 4.15129048 -3.40205513 2.66260977 -2.47875580 1.59283873 -2.19579166 
4.92721706 13.10955094 -8.14412655 5.65913636 -4.22725149 2.92432136 -2.61531809 1.96017337 -1.42870868 0.91490840 -0.95553942 0.28546603 -1.09280446 
5.25298506 15.15953675 -10.79999097 8.62014475 -7.28225619 5.93247227 -5.47966443 4.61891461 -3.84593211 3.07541234 -2.85530458 1.92992537 -2.49167816 
5.62818506 13.25006608 -8.31361527 5.83521994 -4.39657205 3.07991695 -2.75368518 2.08023924 -1.53089328 1.00066686 -1.02654283 0.34354747 -1.13957914 
6.03294434 14.33754649 -9.68751191 7.32853474 -5.89795438 4.52046164 -4.09003666 3.28867194 -2.60136994 1.93356265 -1.82691711 1.02018694 -1.70203947 
6.34139114 14.56491349 -9.98881491 7.67127715 -6.25800565 4.88064741 -4.43783900 3.61549993 -2.90169854 2.20441045 -2.06687191 1.22916897 -1.88073200 
