10.47779948 -0.06432619 -0.09561138 -0.02038831 -0.12480803 -0.19385708 -0.26016748 0.17246089 -0.09251324 -0.13618340 -0.14694488 -0.36988060 -0.58865056 
2.22094763 9.09524291 -4.05993395 2.02027058 -1.18730620 0.45645332 -0.65294279 0.42049478 -0.23202436 -0.01790221 -0.22953182 -0.28170263 -0.65565275 
2.64232720 15.54225212 -11.33976568 9.27184586 -8.00746950 6.69914544 -6.26052410 5.39136144 -4.59162312 3.78005930 -3.50786218 2.52247575 -3.01888089 
3.10525140 11.48137340 -6.31219857 3.87691534 -2.61780868 1.52936305 -1.44157970 0.99341375 -0.64517220 0.28512826 -0.45381530 -0.11178487 -0.78251755 
3.42430370 15.60209460 -11.42539986 9.37666042 -8.12563884 6.82562512 -6.39087380 5.52176507 -4.71886172 3.90150875 -3.62140303 2.62649367 -3.11220379 
3.76047880 12.73404935 -7.70013234 5.20661998 -3.80015497 2.53875270 -2.27826551 1.67247772 -1.18768314 0.71551971 -0.79262859 0.15376411 -0.98792044 
4.01764034 15.60999040 -11.43672330 9.39054849 -8.14132701 6.84244765 -6.40824168 5.53916935 -4.73587069 3.91776822 -3.63662521 2.64045763 -3.12474762 
4.15168286 14.77919584 -10.27726598 8.00437644 -6.61307841 5.24087537 -4.79044477 3.95122413 -3.21412813 2.48956743 -2.32239375 1.45410440 -2.07504256 
4.27341775 15.60914406 -11.43550928 9.38905919 -8.13964433 6.84064297 -6.40637815 5.53730159 -4.73404505 3.91602276 -3.63499086 2.63895816 -3.12340047 
4.39829162 14.89815943 -10.43928877 8.19358303 -6.81696265 5.44987916 -4.99708960 4.14988830 -3.40073373 2.66138927 -2.47764971 1.59185462 -2.19493288 
4.51279799 15.60732727 -11.43290344 9.38586274 -8.13603311 6.83677017 -6.40237935 5.53329397 -4.73012805 3.91227800 -3.63148469 2.63574152 -3.12051073 
4.52535020 15.60736046 -11.43295104 9.38592113 -8.13609908 6.83684091 -6.40245238 5.53336717 -4.73019959 3.91234639 -3.63154872 2.63580026 -3.12056350 
4.53782414 15.60739304 -11.43299776 9.38597843 -8.13616382 6.83691033 -6.40252406 5.53343900 -4.73026980 3.91241351 -3.63161156 2.63585791 -3.12061529 
4.55022075 15.60742501 -11.43304362 9.38603468 -8.13622736 6.83697847 -6.40259442 5.53350951 -4.73033871 3.91247939 -3.63167324 2.63591450 -3.12066612 
4.56254100 15.60745640 -11.43308864 9.38608990 -8.13628974 6.83704537 -6.40266349 5.53357873 -4.73040636 3.91254406 -3.63173379 2.63597005 -3.12071603 
4.57478582 15.60748721 -11.43313283 9.38614411 -8.13635098 6.83711104 -6.40273130 5.53364669 -4.73047278 3.91260756 -3.63179324 2.63602458 -3.12076502 
4.58695613 15.60751747 -11.43317623 9.38619734 -8.13641111 6.83717553 -6.40279788 5.53371341 -4.73053799 3.91266990 -3.63185161 2.63607813 -3.12081312 
4.49839868 15.04996920 -10.64799844 8.43950973 -7.08428107 5.72620404 -5.27250456 4.41672943 -3.65325259 2.89555040 -2.69065785 1.78204342 -2.36146194 
4.39723916 15.60924261 -11.43565063 9.38923259 -8.13984024 6.84085308 -6.40659511 5.53751903 -4.73425758 3.91622596 -3.63518112 2.63913272 -3.12355729 
4.40389841 15.60924757 -11.43565775 9.38924132 -8.13985011 6.84086366 -6.40660603 5.53752998 -4.73426829 3.91623619 -3.63519070 2.63914151 -3.12356519 
4.30013928 14.91104703 -10.45692179 8.21426495 -6.83934361 5.47291544 -5.01995528 4.17195400 -3.42153523 2.68060853 -2.49507252 1.60736032 -2.20846757 
4.30383224 14.87691701 -10.41025898 8.15957231 -6.78019825 5.41207805 -4.95960648 4.11375194 -3.36669967 2.62997192 -2.44919303 1.56654929 -2.17286098 
4.30711811 14.91511468 -10.46249048 8.22080019 -6.84641958 5.48020239 -5.02719192 4.17894084 -3.42812484 2.68669960 -2.50059656 1.61227847 -2.21276216 
4.18762676 15.60999040 -11.43672330 9.39054849 -8.14132701 6.84244765 -6.40824168 5.53916935 -4.73587069 3.91776822 -3.63662521 2.64045763 -3.12474762 
4.18762676 15.60999040 -11.43672330 9.39054849 -8.14132701 6.84244765 -6.40824168 5.53916935 -4.73587069 3.91776822 -3.63662521 2.64045763 -3.12474762 
4.18762676 15.60999040 -11.43672330 9.39054849 -8.14132701 6.84244765 -6.40824168 5.53916935 -4.73587069 3.91776822 -3.63662521 2.64045763 -3.12474762 
4.18762676 15.60999040 -11.43672330 9.39054849 -8.14132701 6.84244765 -6.40824168 5.53916935 -4.73587069 3.91776822 -3.63662521 2.64045763 -3.12474762 
4.18762676 15.60999040 -11.43672330 9.39054849 -8.14132701 6.84244765 -6.40824168 5.53916935 -4.73587069 3.91776822 -3.63662521 2.64045763 -3.12474762 
4.31079755 14.88114586 -10.41603469 8.16633519 -6.78750468 5.41958657 -4.96704806 4.12092264 -3.37345003 2.63620050 -2.45483226 1.57156203 -2.17723155 
4.31407274 14.91914802 -10.46801375 8.22728387 -6.85344154 5.48743552 -5.03437683 4.18587935 -3.43467032 2.69275115 -2.50608586 1.61716661 -2.21703130 
4.19502049 15.60999040 -11.43672330 9.39054849 -8.14132701 6.84244765 -6.40824168 5.53916935 -4.73587069 3.91776822 -3.63662521 2.64045763 -3.12474762 
4.19502049 15.60999040 -11.43672330 9.39054849 -8.14132701 6.84244765 -6.40824168 5.53916935 -4.73587069 3.91776822 -3.63662521 2.64045763 -3.12474762 
4.19502049 15.60999040 -11.43672330 9.39054849 -8.14132701 6.84244765 -6.40824168 5.53916935 -4.73587069 3.91776822 -3.63662521 2.64045763 -3.12474762 
4.19502049 15.60999040 -11.43672330 9.39054849 -8.14132701 6.84244765 -6.40824168 5.53916935 -4.73587069 3.91776822 -3.63662521 2.64045763 -3.12474762 
4.19502049 15.60999040 -11.43672330 9.39054849 -8.14132701 6.84244765 -6.40824168 5.53916935 -4.73587069 3.91776822 -3.63662521 2.64045763 -3.12474762 
4.19502049 15.60999040 -11.43672330 9.39054849 -8.14132701 6.84244765 -6.40824168 5.53916935 -4.73587069 3.91776822 -3.63662521 2.64045763 -3.12474762 
4.07235942 14.72403255 -10.20259247 7.91768192 -6.52018565 5.14616597 -4.69729516 3.86212506 -3.13084440 2.41323571 -2.25372382 1.39342920 -2.02244240 
4.06818683 14.76379734 -10.25639223 7.98011005 -6.58704345 5.21429833 -4.76427410 3.92616253 -3.19067624 2.46805053 -2.30301729 1.43696769 -2.06017320 
4.06451405 14.71841360 -10.19500242 7.90888805 -6.51078174 5.13659642 -4.68790057 3.85315498 -3.12247415 2.40557661 -2.24684413 1.38735932 -2.01718763 
4.06032411 14.75837869 -10.24905223 7.97158303 -6.57790117 5.20497177 -4.75509591 3.91737863 -3.18246132 2.46051760 -2.29623726 1.43097435 -2.05497529 
4.05663792 14.71274265 -10.18734517 7.90001968 -6.50130167 5.12695279 -4.67843650 3.84412155 -3.11404745 2.39786820 -2.23992214 1.38125374 -2.01190334 
3.91137633 15.60877498 -11.43497988 9.38840978 -8.13891062 6.83985607 -6.40556562 5.53648724 -4.73324909 3.91526178 -3.63427834 2.63830446 -3.12281319 
4.04450570 14.74738893 -10.23417427 7.95430854 -6.55939015 5.18609729 -4.73653092 3.89961968 -3.16586037 2.44530144 -2.28254762 1.41887784 -2.04448811 
4.04079239 14.70124217 -10.17182594 7.88205624 -6.48210997 5.10744049 -4.65929748 3.82586262 -3.09702314 2.38230216 -2.22595024 1.36893484 -2.00124566 
3.89429446 15.60875405 -11.43494985 9.38837295 -8.13886901 6.83981145 -6.40551955 5.53644106 -4.73320395 3.91521862 -3.63423793 2.63826739 -3.12277989 
3.88569849 15.60874338 -11.43493455 9.38835417 -8.13884780 6.83978870 -6.40549606 5.53641752 -4.73318094 3.91519663 -3.63421734 2.63824849 -3.12276291 
3.87706543 15.60873257 -11.43491905 9.38833516 -8.13882631 6.83976566 -6.40547227 5.53639368 -4.73315764 3.91517434 -3.63419648 2.63822935 -3.12274572 
3.86839493 15.60872162 -11.43490334 9.38831589 -8.13880455 6.83974232 -6.40544816 5.53636952 -4.73313403 3.91515177 -3.63417534 2.63820996 -3.12272830 
3.85968669 15.60871053 -11.43488743 9.38829637 -8.13878250 6.83971867 -6.40542375 5.53634505 -4.73311011 3.91512890 -3.63415393 2.63819032 -3.12271065 
3.99628892 14.71315364 -10.18790002 7.90066218 -6.50198837 5.12765122 -4.67912181 3.84477558 -3.11465746 2.39842614 -2.24042308 1.38169555 -2.01228567 
3.99249187 14.66542426 -10.12357220 7.82629193 -6.42262494 5.04705160 -4.60014904 3.76951234 -3.04455324 2.33438741 -2.18299416 1.33110369 -1.96855142 
3.84215562 15.60868790 -11.43485498 9.38825656 -8.13873752 6.83967043 -6.40537394 5.53629513 -4.73306132 3.91508226 -3.63411025 2.63815025 -3.12267465 
3.83333211 15.60867637 -11.43483843 9.38823626 -8.13871458 6.83964583 -6.40534854 5.53626967 -4.73303644 3.91505847 -3.63408798 2.63812982 -3.12265629 
3.82446951 15.60866467 -11.43482166 9.38821569 -8.13869134 6.83962091 -6.40532280 5.53624388 -4.73301122 3.91503436 -3.63406541 2.63810911 -3.12263769 
3.81556747 15.60865282 -11.43480466 9.38819484 -8.13866779 6.83959565 -6.40529672 5.53621774 -4.73298567 3.91500993 -3.63404254 2.63808813 -3.12261884 
3.80662562 15.60864082 -11.43478744 9.38817371 -8.13864392 6.83957004 -6.40527028 5.53619124 -4.73295978 3.91498518 -3.63401936 2.63806686 -3.12259974 
3.64862896 14.31861803 -9.66264884 7.30049193 -5.86873884 4.49146797 -4.06225652 3.26276296 -2.57773413 1.91239347 -1.80828508 1.00405980 -1.68833109 
3.63290335 14.47329127 -9.86680963 7.53184740 -6.11087574 4.73282843 -4.29450812 3.48027248 -2.77695699 2.09150484 -1.96650021 1.14147090 -1.80551404 
3.77045300 15.60859113 -11.43471616 9.38808628 -8.13854514 6.83946411 -6.40516090 5.53608162 -4.73285263 3.91488274 -3.63392345 2.63797887 -3.12252068 
3.76130669 15.60857827 -11.43469773 9.38806367 -8.13851959 6.83943672 -6.40513261 5.53605327 -4.73282492 3.91485625 -3.63389864 2.63795611 -3.12250024 
3.59971526 14.27026295 -9.59928679 7.22919288 -5.79462634 4.41807842 -3.99208712 3.19745355 -2.51827196 1.85923587 -1.76158104 0.96370162 -1.65408022 
3.40248595 15.60192088 -11.42515080 9.37635503 -8.12529393 6.82525536 -6.39049213 5.52138268 -4.71848809 3.90115164 -3.62106876 2.62618708 -3.11192842 
3.56349481 14.41100533 -9.78432307 7.43807655 -6.01243268 4.63441108 -4.19953430 3.39108173 -2.69504816 2.01768020 -1.90113369 1.08457315 -1.75688905 
3.54958446 14.21919998 -9.53261612 7.15442939 -5.71717349 4.34162860 -3.91922059 3.12983929 -2.45689104 1.80451449 -1.71362898 0.92236683 -1.61908303 
3.34687705 15.60146068 -11.42449101 9.37554601 -8.12438029 6.82427588 -6.38948113 5.52036978 -4.71749839 3.90020574 -3.62018336 2.62537501 -3.11119905 
3.32419322 15.60126553 -11.42421122 9.37520295 -8.12399286 6.82386055 -6.38905244 5.51994029 -4.71707875 3.89980467 -3.61980795 2.62503069 -3.11088980 
3.30124918 15.60106360 -11.42392172 9.37484800 -8.12359201 6.82343083 -6.38860890 5.51949593 -4.71664458 3.89938973 -3.61941956 2.62467447 -3.11056986 
3.27803886 15.60085459 -11.42362208 9.37448060 -8.12317712 6.82298606 -6.38814983 5.51903601 -4.71619522 3.89896026 -3.61901758 2.62430579 -3.11023874 
3.25455604 15.60063816 -11.42331180 9.37410017 -8.12274751 6.82252552 -6.38767449 5.51855980 -4.71572994 3.89851559 -3.61860137 2.62392406 -3.10989590 
3.23079422 15.60041396 -11.42299038 9.37370608 -8.12230248 6.82204846 -6.38718211 5.51806652 -4.71524799 3.89805498 -3.61817025 2.62352866 -3.10954078 
3.40617877 14.25952509 -9.58524640 7.21342612 -5.77827015 4.40191289 -3.97665971 3.18312057 -2.50524494 1.84760923 -1.75138188 0.95490118 -1.64662202 
3.39124893 14.04757351 -9.31033240 6.90709075 -5.46286434 4.09242550 -3.68336035 2.91246093 -2.26083826 1.63080713 -1.56229608 0.79262826 -1.50980866 
3.17012446 15.59981691 -11.42213447 9.37265669 -8.12111747 6.82077817 -6.38587105 5.51675310 -4.71396476 3.89682862 -3.61702240 2.62247594 -3.10859533 
3.35088620 14.20275452 -9.51119639 7.13046606 -5.69240497 4.31723465 -3.89601969 3.10835526 -2.43742653 1.78719452 -1.69847873 0.90932919 -1.60806209 
3.33558337 13.98337232 -9.22789386 6.81611812 -5.37008209 4.00221191 -3.59862104 2.83493271 -2.19140908 1.56970123 -1.50939714 0.74754581 -1.47205231 
3.10755664 15.59916229 -11.42119608 9.37150621 -8.11981837 6.81938563 -6.38443386 5.51531336 -4.71255815 3.89548439 -3.61576427 2.62132209 -3.10755908 
3.08197098 15.59888266 -11.42079524 9.37101480 -8.11926348 6.81879085 -6.38382001 5.51469845 -4.71195740 3.89491029 -3.61522695 2.62082932 -3.10711654 
3.27083675 14.11718516 -9.40015624 7.00668110 -5.56490298 4.19207799 -3.77736756 2.99882573 -2.33849060 1.69940848 -1.62189594 0.84359104 -1.55262611 
3.25498025 13.88671357 -9.10450753 6.68073023 -5.23276352 3.86940342 -3.47451385 2.72195246 -2.09071711 1.48148101 -1.43335183 0.68299534 -1.41819766 
3.01653719 15.59813436 -11.41972260 9.36969982 -8.11777871 6.81719937 -6.38217759 5.51305319 -4.71035008 3.89337431 -3.61378941 2.61951100 -3.10593261 
2.98975228 15.59781374 -11.41926305 9.36913646 -8.11714262 6.81651759 -6.38147399 5.51234840 -4.70966157 3.89271636 -3.61317365 2.61894631 -3.10542550 
2.96260379 15.59747997 -11.41878463 9.36854998 -8.11648044 6.81580786 -6.38074158 5.51161476 -4.70894487 3.89203150 -3.61253270 2.61835854 -3.10489767 
2.93508173 15.59713229 -11.41828631 9.36793912 -8.11579075 6.81506865 -6.37997875 5.51085066 -4.70819843 3.89131823 -3.61186518 2.61774640 -3.10434796 
2.90717565 15.59676994 -11.41776696 9.36730249 -8.11507199 6.81429829 -6.37918380 5.51005440 -4.70742060 3.89057497 -3.61116960 2.61710854 -3.10377516 
2.87887471 15.59639208 -11.41722540 9.36663865 -8.11432250 6.81349503 -6.37835491 5.50922416 -4.70660957 3.88980001 -3.61044436 2.61644349 -3.10317796 
2.85016756 15.59599781 -11.41666033 9.36594600 -8.11354053 6.81265696 -6.37749011 5.50835798 -4.70576345 3.88899152 -3.60968777 2.61574970 -3.10255495 
2.82104238 15.59558617 -11.41607037 9.36522288 -8.11272415 6.81178205 -6.37658732 5.50745375 -4.70488019 3.88814756 -3.60889799 2.61502549 -3.10190464 
2.79148681 15.59515612 -11.41545405 9.36446746 -8.11187134 6.81086810 -6.37564427 5.50650922 -4.70395758 3.88726602 -3.60807305 2.61426906 -3.10122540 
2.76148793 15.59470655 -11.41480978 9.36367780 -8.11097990 6.80991278 -6.37465854 5.50552197 -4.70299326 3.88634465 -3.60721086 2.61347848 -3.10051551 
2.73103226 15.59423626 -11.41413584 9.36285179 -8.11004745 6.80891354 -6.37362753 5.50448939 -4.70198468 3.88538101 -3.60630913 2.61265166 -3.09977309 
2.95585665 13.73935581 -8.91808751 6.47794259 -5.02881400 3.67374588 -3.29310827 2.55806309 -1.94571976 1.35531508 -1.32530172 0.59182992 -1.34257609 
2.93766242 13.46125830 -8.57179359 6.10694014 -4.66118282 3.32604365 -2.97514624 2.27460286 -1.69812542 1.14244198 -1.14503405 0.44130397 -1.21894794 
2.65280021 15.59296119 -11.41230871 9.36061252 -8.10751975 6.80620490 -6.37083290 5.50169063 -4.69925108 3.88276930 -3.60386531 2.61041093 -3.09776116 
2.88651261 13.64684482 -8.80209040 6.35284020 -4.90404537 3.55501055 -3.18387973 2.46012618 -1.85970254 1.28098031 -1.26205006 0.53878078 -1.29882313 
2.86776955 13.35736490 -8.44426902 5.97220176 -4.52947079 3.20308761 -2.86412459 2.17683689 -1.61373501 1.07068419 -1.08489458 0.39156324 -1.17846644 
2.84373705 13.58801129 -8.72873588 6.27415749 -4.82598878 3.48110683 -3.11622938 2.39975950 -1.80692729 1.23556956 -1.22356669 0.50662569 -1.27239785 
2.82464935 13.29134107 -8.36374804 5.88765322 -4.44732164 3.12684459 -2.79566926 2.11688280 -1.56225400 1.02712217 -1.04855122 0.36162820 -1.15419988 
2.52089325 15.59057477 -11.40888945 9.35642244 -8.10279045 6.80113759 -6.36560520 5.49645567 -4.69413847 3.87788506 -3.59929538 2.60622108 -3.09399940 
2.48651099 15.58989991 -11.40792261 9.35523776 -8.10145343 6.79970513 -6.36412751 5.49497606 -4.69269353 3.87650476 -3.59800399 2.60503716 -3.09293650 
2.74027063 13.43998419 -8.54559896 6.07918043 -4.63396701 3.30056578 -2.95207880 2.25423634 -1.68050102 1.12742079 -1.13241749 0.43084818 -1.21042235 
2.72033029 13.12537644 -8.16312401 5.67878187 -4.24605713 2.94152785 -2.63055515 1.97334144 -1.43987195 0.92424345 -0.96324253 0.29174828 -1.09784923 
2.39787716 15.58805080 -11.40527369 9.35199223 -8.09779083 6.79578135 -6.36008013 5.49092362 -4.68873632 3.87272478 -3.59446768 2.60179532 -3.09002618 
2.36129384 15.58723918 -11.40411111 9.35056792 -8.09618361 6.79405965 -6.35830431 5.48914570 -4.68700029 3.87106660 -3.59291647 2.60037336 -3.08874970 
2.02106576 11.62879929 -6.46814043 4.01967912 -2.73915810 1.62859584 -1.52046457 1.05490482 -0.69243386 0.32138552 -0.48153503 -0.09054507 -0.79859755 
1.95625227 12.16382150 -7.05061904 4.56799697 -3.21811754 2.03044699 -1.84787518 1.31617611 -0.89775146 0.48187751 -0.60620625 0.00610098 -0.87257431 
1.91084519 11.36303850 -6.18844987 3.76486050 -2.52357456 1.45306721 -1.38150008 0.94699813 -0.60979561 0.25817417 -0.43332392 -0.12742758 -0.77071685 
1.35540744 15.47487786 -11.24374949 9.15477913 -7.87597505 6.55889764 -6.11646975 5.24770839 -4.45188287 3.64705906 -3.38385849 2.40916029 -2.91745924 
1.76993851 11.75429732 -6.60243818 4.14400666 -2.84599062 1.71684792 -1.59130106 1.11062873 -0.73563237 0.35476260 -0.50720491 -0.07079428 -0.81360890 
1.72145526 10.87457765 -5.69101148 3.32567874 -2.16317131 1.16777621 -1.16156647 0.78042267 -0.48516060 0.16458152 -0.36298460 -0.18076706 -0.73073747 
1.64437969 11.45784776 -6.28749585 3.85445919 -2.59885185 1.51396049 -1.42941018 0.98398228 -0.63796258 0.27962197 -0.44962109 -0.11499067 -0.78009623 
1.95314607 15.57589481 -11.38786757 9.33067483 -8.07374371 6.77002930 -6.33352656 5.46434615 -4.66279195 3.84795009 -3.57129682 2.58055973 -3.07096716 
1.90734855 15.57431487 -11.38560626 9.32790654 -8.07062217 6.76668771 -6.33008220 5.46089987 -4.65942886 3.84473960 -3.56829503 2.57780941 -3.06849936 
1.86047784 15.57262296 -11.38318494 9.32494265 -8.06728040 6.76311068 -6.32639548 5.45721139 -4.65582969 3.84130401 -3.56508300 2.57486663 -3.06585904 
2.20575691 12.53574373 -7.47088176 4.97800446 -3.58893148 2.35190589 -2.11811218 1.53834421 -1.07733118 0.62572518 -0.72036000 0.09610533 -0.94257366 
2.46612076 15.60483990 -11.42933627 9.38148764 -8.13109092 6.83147061 -6.39690798 5.52781113 -4.72476974 3.90715579 -3.62668924 2.63134245 -3.11655904 
2.73867191 13.34361328 -8.42746458 5.95452299 -4.51226165 3.18708720 -2.84973366 2.16421209 -1.60287705 1.06148280 -1.07720735 0.38522352 -1.17332106 
2.73203901 13.23902650 -8.30023328 5.82125081 -4.38307690 3.06746057 -2.74256044 2.07054596 -1.52261088 0.99369044 -1.02074718 0.33879212 -1.13573841 
2.43077444 15.60465491 -11.42907099 9.38116231 -8.13072345 6.83107659 -6.39650122 5.52740354 -4.72437143 3.90677505 -3.62633282 2.63101550 -3.11626535 
2.41286423 15.60455865 -11.42893297 9.38099303 -8.13053225 6.83087159 -6.39628958 5.52719148 -4.72416419 3.90657696 -3.62614737 2.63084540 -3.11611256 
2.39479219 15.60445977 -11.42879118 9.38081914 -8.13033584 6.83066099 -6.39607218 5.52697363 -4.72395131 3.90637348 -3.62595688 2.63067066 -3.11595560 
2.37655536 15.60435817 -11.42864548 9.38064046 -8.13013402 6.83044460 -6.39584879 5.52674979 -4.72373258 3.90616439 -3.62576115 2.63049112 -3.11579433 
2.05805442 11.84607119 -6.70155079 4.23657226 -2.92621534 1.78365368 -1.64533535 1.15344453 -0.76905181 0.38073263 -0.52727532 -0.05529732 -0.82542631 
1.58099929 15.56075934 -11.36621415 9.30417764 -8.04387709 6.73806909 -6.30059514 5.43140750 -4.63065871 3.81728423 -3.54263261 2.55430373 -3.04741423 
1.52570680 15.55800581 -11.36227712 9.29936253 -8.03845250 6.73226710 -6.29461964 5.42543337 -4.62483314 3.81172691 -3.53744000 2.54954906 -3.04315048 
1.02537787 8.68964354 -3.72766546 1.78170717 -1.02706504 0.35015532 -0.58320115 0.37479236 -0.20210336 -0.03882070 -0.21439725 -0.29356770 -0.64671568 
0.90894641 9.34810287 -4.27448673 2.17948444 -1.29769923 0.53165669 -0.70344387 0.45424887 -0.25452991 -0.00210815 -0.24094075 -0.27290564 -0.66223669 
0.84796271 8.01989805 -3.21099853 1.43093403 -0.80374781 0.20826979 -0.49345332 0.31770633 -0.16577250 -0.06425190 -0.19584537 -0.30864790 -0.63521622 
0.71834243 8.68282574 -3.72220529 1.77786988 -1.02454054 0.34850927 -0.58213722 0.37410385 -0.20165787 -0.03913183 -0.21417164 -0.29374687 -0.64658009 
0.65585918 7.23370630 -2.65523416 1.08287696 -0.59862507 0.08528761 -0.41919851 0.27209564 -0.13779382 -0.08421444 -0.18097907 -0.32155917 -0.62519955 
0.51014379 7.89088394 -3.11604291 1.36925368 -0.76612602 0.18515329 -0.47923031 0.30885284 -0.16025921 -0.06813981 -0.19297920 -0.31106139 -0.63335692 
1.56368402 11.09246569 -5.91024785 3.51699644 -2.31838420 1.28933857 -1.25433447 0.85001552 -0.53676561 0.20306371 -0.39174859 -0.15901766 -0.74699243 
1.53265781 10.51092876 -5.33461935 3.02238871 -1.92304010 0.98384408 -1.02409557 0.67926662 -0.41148100 0.11035264 -0.32283776 -0.21101325 -0.70822357 
1.48151798 10.87552231 -5.69195276 3.32649250 -2.16382550 1.16828428 -1.16195113 0.78070911 -0.48537154 0.16473800 -0.36310111 -0.18067912 -0.73080307 
1.83251224 15.60029883 -11.42282533 9.37350371 -8.12207396 6.82180348 -6.38692927 5.51781322 -4.71500051 3.89781847 -3.61794887 2.62332563 -3.10935844 
1.80831928 15.60006225 -11.42248617 9.37308789 -8.12160440 6.82130013 -6.38640976 5.51729277 -4.71449202 3.89733252 -3.61749403 2.62290848 -3.10898379 
1.78383010 15.59981691 -11.42213447 9.37265669 -8.12111747 6.82077817 -6.38587105 5.51675310 -4.71396476 3.89682862 -3.61702240 2.62247594 -3.10859533 
1.75903735 15.59956237 -11.42176958 9.37220933 -8.12061232 6.82023668 -6.38531218 5.51619324 -4.71341778 3.89630589 -3.61653315 2.62202723 -3.10819235 
1.73393340 15.59929817 -11.42139085 9.37174501 -8.12008801 6.81967466 -6.38473215 5.51561218 -4.71285009 3.89576338 -3.61602539 2.62156156 -3.10777414 
1.70851036 15.59902381 -11.42099757 9.37126285 -8.11954357 6.81909108 -6.38412986 5.51500883 -4.71226064 3.89520007 -3.61549817 2.62107805 -3.10733991 
1.68276000 15.59873877 -11.42058898 9.37076193 -8.11897796 6.81848481 -6.38350417 5.51438205 -4.71164830 3.89461490 -3.61495049 2.62057579 -3.10688884 
1.65667378 15.59844249 -11.42016427 9.37024127 -8.11839007 6.81785466 -6.38285385 5.51373061 -4.71101187 3.89400672 -3.61438129 2.62005378 -3.10642006 
1.63024283 15.59813436 -11.41972260 9.36969982 -8.11777871 6.81719937 -6.38217759 5.51305319 -4.71035008 3.89337431 -3.61378941 2.61951100 -3.10593261 
1.60345792 15.59781374 -11.41926305 9.36913646 -8.11714262 6.81651759 -6.38147399 5.51234840 -4.70966157 3.89271636 -3.61317365 2.61894631 -3.10542550 
1.57630943 15.59747997 -11.41878463 9.36854998 -8.11648044 6.81580786 -6.38074158 5.51161476 -4.70894487 3.89203150 -3.61253270 2.61835854 -3.10489767 
1.54878736 15.59713229 -11.41828631 9.36793912 -8.11579075 6.81506865 -6.37997875 5.51085066 -4.70819843 3.89131823 -3.61186518 2.61774640 -3.10434796 
1.52088129 15.59676994 -11.41776696 9.36730249 -8.11507199 6.81429829 -6.37918380 5.51005440 -4.70742060 3.89057497 -3.61116960 2.61710854 -3.10377516 
1.49258035 15.59639208 -11.41722540 9.36663865 -8.11432250 6.81349503 -6.37835491 5.50922416 -4.70660957 3.88980001 -3.61044436 2.61644349 -3.10317796 
1.46387320 15.59599781 -11.41666033 9.36594600 -8.11354053 6.81265696 -6.37749011 5.50835798 -4.70576345 3.88899152 -3.60968777 2.61574970 -3.10255495 
1.43474802 15.59558617 -11.41607037 9.36522288 -8.11272415 6.81178205 -6.37658732 5.50745375 -4.70488019 3.88814756 -3.60889799 2.61502549 -3.10190464 
1.40519245 15.59515612 -11.41545405 9.36446746 -8.11187134 6.81086810 -6.37564427 5.50650922 -4.70395758 3.88726602 -3.60807305 2.61426906 -3.10122540 
1.37519357 15.59470655 -11.41480978 9.36367780 -8.11097990 6.80991278 -6.37465854 5.50552197 -4.70299326 3.88634465 -3.60721086 2.61347848 -3.10051551 
1.34473789 15.59423626 -11.41413584 9.36285179 -8.11004745 6.80891354 -6.37362753 5.50448939 -4.70198468 3.88538101 -3.60630913 2.61265166 -3.09977309 
1.81478240 11.56056803 -6.39572338 3.95316679 -2.68244449 1.58208279 -1.48338638 1.02592653 -0.67010665 0.30422243 -0.46839147 -0.10062752 -0.79095626 
1.80529486 11.39012878 -6.21666786 3.79031512 -2.54490181 1.47027515 -1.39500618 0.95740026 -0.61770079 0.26418311 -0.43788337 -0.12395124 -0.77333629 
1.28239897 15.59322828 -11.41269142 9.36108155 -8.10804917 6.80677221 -6.37141820 5.50227678 -4.69982357 3.88331625 -3.60437709 2.61088017 -3.09818248 
1.25048543 15.59268769 -11.41191680 9.36013223 -8.10697762 6.80562399 -6.37023357 5.50109044 -4.69866489 3.88220927 -3.60334129 2.60993047 -3.09732978 
1.21805442 15.59212056 -11.41110420 9.35913640 -8.10585359 6.80441959 -6.36899100 5.49984611 -4.69744960 3.88104823 -3.60225494 2.60893445 -3.09643550 
1.18508888 15.59152515 -11.41025109 9.35809097 -8.10467363 6.80315528 -6.36768667 5.49853996 -4.69617398 3.87982959 -3.60111472 2.60788906 -3.09549692 
1.15157090 15.59089954 -11.40935475 9.35699260 -8.10343395 6.80182704 -6.36631643 5.49716786 -4.69483397 3.87854947 -3.59991701 2.60679098 -3.09451105 
1.11748164 15.59024165 -11.40841221 9.35583766 -8.10213047 6.80043049 -6.36487577 5.49572528 -4.69342519 3.87720369 -3.59865789 2.60563664 -3.09347470 
1.08280130 15.58954924 -11.40742024 9.35462221 -8.10075875 6.79896088 -6.36335979 5.49420735 -4.69194286 3.87578768 -3.59733312 2.60442214 -3.09238436 
1.04750901 15.58881985 -11.40637534 9.35334196 -8.09931396 6.79741305 -6.36176318 5.49260872 -4.69038179 3.87429651 -3.59593806 2.60314323 -3.09123623 
1.01158280 15.58805080 -11.40527369 9.35199223 -8.09779083 6.79578135 -6.36008013 5.49092362 -4.68873632 3.87272478 -3.59446768 2.60179532 -3.09002618 
0.42972178 6.48508643 -2.17684518 0.80964925 -0.45116703 0.00187670 -0.37091090 0.24320572 -0.12074405 -0.09697459 -0.17120600 -0.33082426 -0.61790984 
0.33125805 6.86680751 -2.41458781 0.94223887 -0.52108332 0.04086978 -0.39327173 0.25651838 -0.12851909 -0.09105625 -0.17577185 -0.32638921 -0.62140847 
0.29391549 5.83830553 -1.80337793 0.61487035 -0.35476314 -0.05020637 -0.34157703 0.22583684 -0.11089022 -0.10490899 -0.16499572 -0.33727525 -0.61280315 
0.18705318 6.20542303 -2.01083144 0.72096885 -0.40628760 -0.02261070 -0.35705047 0.23499372 -0.11603595 -0.10068545 -0.16831291 -0.33375897 -0.61558813 
0.15080889 5.10878694 -1.42639766 0.43632851 -0.27410019 -0.09244192 -0.31806916 0.21184005 -0.10334487 -0.11164481 -0.15969061 -0.34335742 -0.60799373 
0.03433085 5.45372807 -1.59880233 0.51561658 -0.30891337 -0.07433334 -0.32813919 0.21786125 -0.10652993 -0.10869464 -0.16201078 -0.34061438 -0.61015991 
0.00014159 4.28008420 -1.05501966 0.28011007 -0.21101390 -0.12525252 -0.29965744 0.20060194 -0.09780723 -0.11745928 -0.15522003 -0.34916899 -0.60343969 
-0.12734965 4.59248911 -1.18792453 0.33362639 -0.23172024 -0.11441426 -0.30578689 0.20439038 -0.09959550 -0.11544497 -0.15674287 -0.34709243 -0.60505945 
0.47418348 15.57262296 -11.38318494 9.32494265 -8.06728040 6.76311068 -6.32639548 5.45721139 -4.65582969 3.84130401 -3.56508300 2.57486663 -3.06585904 
0.42618809 15.57080828 -11.38058822 9.32176441 -8.06369730 6.75927570 -6.32244326 5.45325764 -4.65197199 3.83762191 -3.56164076 2.57171316 -3.06302987 
0.37701272 15.56885872 -11.37779882 9.31835073 -8.05984920 6.75515751 -6.31819959 5.44901271 -4.64783057 3.83366935 -3.55794595 2.56832858 -3.05999356 
0.32659789 15.56676062 -11.37479730 9.31467789 -8.05570945 6.75072769 -6.31363528 5.44444753 -4.64337712 3.82941937 -3.55397347 2.56468991 -3.05672956 
0.27487952 15.56449859 -11.37156170 9.31071916 -8.05124801 6.74595422 -6.30871745 5.43952928 -4.63857975 3.82484162 -3.54969501 2.56077133 -3.05321475 
0.22178841 15.56205516 -11.36806718 9.30644423 -8.04643089 6.74080086 -6.30340890 5.43422091 -4.63340242 3.81990183 -3.54507864 2.55654365 -3.04942303 
1.01457185 9.27380039 -4.21084986 2.13184594 -1.26438949 0.50880286 -0.68800021 0.44387066 -0.24757587 -0.00699562 -0.23741028 -0.27561768 -0.66020994 
1.00265376 9.02361880 -4.00019526 1.97665431 -1.15753610 0.43644164 -0.63966190 0.41170761 -0.22622011 -0.02196559 -0.22659557 -0.28398416 -0.65394000 
0.97968394 9.15494086 -4.11007443 2.05712067 -1.21261823 0.47355944 -0.66434881 0.42807179 -0.23704783 -0.01438244 -0.23207461 -0.27973320 -0.65712932 
1.42979826 15.60999040 -11.43672330 9.39054849 -8.14132701 6.84244765 -6.40824168 5.53916935 -4.73587069 3.91776822 -3.63662521 2.64045763 -3.12474762 
1.42979826 15.60999040 -11.43672330 9.39054849 -8.14132701 6.84244765 -6.40824168 5.53916935 -4.73587069 3.91776822 -3.63662521 2.64045763 -3.12474762 
1.42979826 15.60999040 -11.43672330 9.39054849 -8.14132701 6.84244765 -6.40824168 5.53916935 -4.73587069 3.91776822 -3.63662521 2.64045763 -3.12474762 
1.42979826 15.60999040 -11.43672330 9.39054849 -8.14132701 6.84244765 -6.40824168 5.53916935 -4.73587069 3.91776822 -3.63662521 2.64045763 -3.12474762 
1.42979826 15.60999040 -11.43672330 9.39054849 -8.14132701 6.84244765 -6.40824168 5.53916935 -4.73587069 3.91776822 -3.63662521 2.64045763 -3.12474762 
1.42979826 15.60999040 -11.43672330 9.39054849 -8.14132701 6.84244765 -6.40824168 5.53916935 -4.73587069 3.91776822 -3.63662521 2.64045763 -3.12474762 
1.42979826 15.60999040 -11.43672330 9.39054849 -8.14132701 6.84244765 -6.40824168 5.53916935 -4.73587069 3.91776822 -3.63662521 2.64045763 -3.12474762 
1.90624494 11.63283511 -6.47243703 4.02363705 -2.74254266 1.63137910 -1.52268893 1.05664746 -0.69377958 0.32242193 -0.48232995 -0.08993462 -0.79906067 
1.91540218 11.79487611 -6.64616767 4.18476298 -2.88124189 1.74614708 -1.61495597 1.12934010 -0.75021353 0.36607788 -0.51593941 -0.06405596 -0.81874310 
1.45899585 15.60999040 -11.43672330 9.39054849 -8.14132701 6.84244765 -6.40824168 5.53916935 -4.73587069 3.91776822 -3.63662521 2.64045763 -3.12474762 
1.92886237 11.68570364 -6.52885801 4.07573181 -2.78719162 1.66817366 -1.55215436 1.07977584 -0.71167219 0.33622261 -0.49292839 -0.08178853 -0.80524591 
1.93794585 11.84590779 -6.70137365 4.23640621 -2.92607091 1.78353300 -1.64523743 1.15336670 -0.76899089 0.38068517 -0.52723857 -0.05532574 -0.82540460 
1.95123634 11.73746837 -6.58434636 4.12718407 -2.83147323 1.70480736 -1.58159971 1.10296958 -0.72967466 0.35014636 -0.50364614 -0.07353713 -0.81152087 
1.96024698 11.89587129 -6.75565302 4.28738944 -2.97050269 1.82072563 -1.67546953 1.17743520 -0.78786101 0.39540437 -0.53865063 -0.04649305 -0.83215526 
1.97337184 11.78816184 -6.63892177 4.17800049 -2.87538502 1.74127306 -1.61101620 1.12622017 -0.74777968 0.36418747 -0.51447905 -0.06518320 -0.81788376 
2.29554917 15.60388386 -11.42796535 9.37980639 -8.12919194 6.82943451 -6.39480605 5.52570497 -4.72271158 3.90518847 -3.62484756 2.62965311 -3.11504159 
2.00414139 11.99271862 -6.86151161 4.38740685 -3.05816964 1.89450646 -1.73575310 1.22566488 -0.82585008 0.42515482 -0.56179564 -0.02853271 -0.84591556 
2.01694661 11.88645894 -6.74541031 4.27775306 -2.96209128 1.81367420 -1.66972962 1.17285935 -0.78426890 0.39259939 -0.53647386 -0.04817900 -0.83086587 
2.33334473 15.60410993 -11.42828952 9.38020393 -8.12964095 6.82991593 -6.39530303 5.52620294 -4.72319819 3.90565360 -3.62528298 2.63005250 -3.11540034 
