8.81048014 1.60432310 -0.26808211 0.02639702 -0.13154675 -0.17645131 -0.26923800 0.18018362 -0.09151608 -0.12995816 -0.14783704 -0.36317808 -0.59299622 
4.34183362 7.14994203 -2.59924534 1.04959378 -0.57997602 0.07449535 -0.41285423 0.26826819 -0.13549940 -0.08589063 -0.17970988 -0.32271745 -0.62429247 
2.52780563 6.39278751 -2.12129153 0.77960896 -0.43578795 -0.00656246 -0.36611900 0.24036416 -0.11910633 -0.09825209 -0.17021259 -0.33181973 -0.61712275 
0.43373110 -3.79191285 -0.59318699 -0.17087039 -0.16100737 -0.23505603 -0.25752737 0.15619660 -0.10417052 -0.15319661 -0.15364601 -0.38364268 -0.58341275 
-1.58769935 -11.55049109 -5.55310230 -3.26076127 -2.07083345 -1.45550706 -1.01730141 -0.35808306 -0.46479348 -0.41923745 -0.34191333 -0.52031088 -0.66165888 
1.15036415 3.78208870 -0.86090874 0.20706667 -0.18452630 -0.13950122 -0.29146172 0.19542429 -0.09555569 -0.12032578 -0.15313861 -0.35223849 -0.60106722 
2.87686706 7.89477410 -3.11888454 1.37108660 -0.76723647 0.18583215 -0.47964630 0.30911101 -0.16041946 -0.06802659 -0.19306282 -0.31099055 -0.63341158 
3.57858424 14.18956306 -9.49403334 7.11128473 -5.67259907 4.29774715 -3.87750267 3.09122409 -2.42191929 1.77340724 -1.68642808 0.89896657 -1.59930856 
3.90884970 14.45547904 -9.84318302 7.50494762 -6.08259377 4.70451357 -4.26714627 3.45454247 -2.75329737 2.07015447 -1.94757419 1.12497906 -1.79140549 
3.80701039 12.92885999 -7.92885690 5.43814170 -4.01720315 2.73343261 -2.44738080 1.81595056 -1.30717788 0.81384047 -0.87256332 0.21810124 -1.03894181 
3.31696766 14.16699093 -9.46470339 7.07854663 -5.63883604 4.26456570 -3.84600941 3.06211980 -2.39560176 1.75003205 -1.66601654 0.88142978 -1.58450743 
3.12650362 15.60732727 -11.43290344 9.38586274 -8.13603311 6.83677017 -6.40237935 5.53329397 -4.73012805 3.91227800 -3.63148469 2.63574152 -3.12051073 
3.13905584 15.60736046 -11.43295104 9.38592113 -8.13609908 6.83684091 -6.40245238 5.53336717 -4.73019959 3.91234639 -3.63154872 2.63580026 -3.12056350 
2.94521961 13.64123002 -8.79507586 6.34530171 -4.89655289 3.54790398 -3.17736317 2.45430147 -1.85460208 1.27658497 -1.25831995 0.53565998 -1.29625524 
2.95283276 13.56753985 -8.70328743 6.24693863 -4.79906193 3.45568091 -3.09301544 2.37909707 -1.78890706 1.22009909 -1.21048413 0.49571589 -1.26344890 
2.95887402 13.65976609 -8.81824405 6.37021200 -4.92132240 3.57140797 -3.19892488 2.47358193 -1.87149182 1.29114516 -1.27068076 0.54600495 -1.30477002 
2.96643084 13.58654016 -8.72690580 6.27219875 -4.82404976 3.47927471 -3.11455561 2.39826880 -1.80562646 1.23445218 -1.22262130 0.50583695 -1.27175058 
2.97243699 13.67804203 -8.84111849 6.39483903 -4.94584191 3.59470361 -3.22032119 2.49273677 -1.88829032 1.30564190 -1.28299985 0.55632438 -1.31327118 
2.72585175 15.60999040 -11.43672330 9.39054849 -8.14132701 6.84244765 -6.40824168 5.53916935 -4.73587069 3.91776822 -3.63662521 2.64045763 -3.12474762 
2.72585175 15.60999040 -11.43672330 9.39054849 -8.14132701 6.84244765 -6.40824168 5.53916935 -4.73587069 3.91776822 -3.63662521 2.64045763 -3.12474762 
2.97993828 13.60527638 -8.75022882 6.29717700 -4.84879165 3.50266613 -3.13593747 2.41732243 -1.82226202 1.24874868 -1.23472283 0.51593767 -1.28004294 
2.98590971 13.69606282 -8.86370410 6.41918684 -4.97011430 3.61779265 -3.24155290 2.51176606 -1.90499716 1.32007444 -1.29527631 0.56661735 -1.32175782 
2.99335627 13.62375354 -8.77326138 6.32187733 -4.87329034 3.52585675 -3.15716165 2.43625787 -1.83881318 1.26298775 -1.24678777 0.52601709 -1.28832507 
3.20066177 15.60751747 -11.43317623 9.38619734 -8.13641111 6.83717553 -6.40279788 5.53371341 -4.73053799 3.91266990 -3.63185161 2.63607813 -3.12081312 
3.21275847 15.60754718 -11.43321884 9.38624961 -8.13647016 6.83723885 -6.40286326 5.53377893 -4.73060203 3.91273112 -3.63190893 2.63613072 -3.12086036 
3.02579805 13.74864240 -8.92977586 6.49059447 -5.04147704 3.68583773 -3.30426878 2.56810189 -1.95456389 1.36298007 -1.33184154 0.59732860 -1.34712204 
3.03308503 13.67767902 -8.84066385 6.39434924 -4.94535395 3.59423973 -3.21989488 2.49235490 -1.88795525 1.30535259 -1.28275388 0.55611825 -1.31310130 
3.23673457 15.60760502 -11.43330179 9.38635136 -8.13658511 6.83736213 -6.40299054 5.53390649 -4.73072670 3.91285031 -3.63202051 2.63623308 -3.12095233 
3.05196005 13.78250582 -8.97246557 6.53687472 -5.08786797 3.73020030 -3.34527203 2.60503420 -1.98714376 1.39125096 -1.35599043 0.61765478 -1.36394368 
2.81609262 15.60999040 -11.43672330 9.39054849 -8.14132701 6.84244765 -6.40824168 5.53916935 -4.73587069 3.91776822 -3.63662521 2.64045763 -3.12474762 
2.57394269 12.97957416 -7.98897242 5.49955573 -4.07529721 2.78598687 -2.49341176 1.85531258 -1.34021057 0.84120772 -0.89495350 0.23622253 -1.05338822 
2.24401773 15.60356159 -11.42750325 9.37923971 -8.12855190 6.82874827 -6.39409765 5.52499517 -4.72201797 3.90452549 -3.62422694 2.62908384 -3.11453026 
3.12940620 8.84597122 -3.85399687 1.87124599 -1.08645584 0.38914120 -0.60854602 0.39127300 -0.21281513 -0.03133837 -0.21981731 -0.28928603 -0.64994985 
4.08723955 11.49996657 -6.33175742 3.89472639 -2.63286973 1.54161956 -1.45127806 1.00094067 -0.65093359 0.28953323 -0.45717361 -0.10921649 -0.78445850 
4.65097487 13.79168927 -8.98406112 6.54946489 -5.10050719 3.74230431 -3.35647512 2.61513866 -1.99606902 1.39900524 -1.36262173 0.62324231 -1.36857256 
4.68244242 14.24744681 -9.56946635 7.19571985 -5.75991611 4.38378626 -3.95937320 3.16707156 -2.49066803 1.83460758 -1.73998339 0.94507145 -1.63829601 
4.01288228 8.49151913 -3.57067749 1.67247239 -0.95588390 0.30409970 -0.55362748 0.35575622 -0.18984861 -0.04738075 -0.20818082 -0.29853641 -0.64294712 
2.37489910 2.12783862 -0.37256157 0.05330263 -0.13776793 -0.16986996 -0.27320752 0.18311045 -0.09182751 -0.12790999 -0.14863565 -0.36083510 -0.59465201 
-1.25312339 13.61557314 -8.76306023 6.31093347 -4.86243189 3.51557449 -3.14774811 2.42785671 -1.83146756 1.25666642 -1.24143015 0.52154004 -1.28464545 
0.02536655 6.06321991 -1.92906370 0.67851252 -0.38537464 -0.03387680 -0.35071643 0.23124579 -0.11391476 -0.10240123 -0.16696803 -0.33516304 -0.61447625 
2.30498761 5.50773851 -1.62674636 0.52884925 -0.31488570 -0.07121088 -0.32987551 0.21889460 -0.10708687 -0.10819711 -0.16240307 -0.34016440 -0.61051582 
3.13536737 13.81122492 -9.00875417 6.57630352 -5.12747735 3.76815725 -3.38042610 2.63676040 -2.01518411 1.41562603 -1.37684642 0.63523659 -1.37851576 
3.14095034 13.89406928 -9.11386640 6.69096690 -5.24311407 3.87938425 -3.48381380 2.73039490 -2.09822098 1.48803871 -1.43899093 0.68777130 -1.42217370 
2.91647211 15.60999040 -11.43672330 9.39054849 -8.14132701 6.84244765 -6.40824168 5.53916935 -4.73587069 3.91776822 -3.63662521 2.64045763 -3.12474762 
2.91647211 15.60999040 -11.43672330 9.39054849 -8.14132701 6.84244765 -6.40824168 5.53916935 -4.73587069 3.91776822 -3.63662521 2.64045763 -3.12474762 
2.91647211 15.60999040 -11.43672330 9.39054849 -8.14132701 6.84244765 -6.40824168 5.53916935 -4.73587069 3.91776822 -3.63662521 2.64045763 -3.12474762 
3.14779658 13.82694387 -9.02864885 6.59795406 -5.14926070 3.78906285 -3.39981587 2.65428388 -2.03069259 1.42912433 -1.38840967 0.64499528 -1.38661245 
3.15334936 13.90917577 -9.13310270 6.71202424 -5.26442224 3.89994663 -3.50298735 2.74781276 -2.11371293 1.50158589 -1.45064742 0.69764915 -1.43040151 
2.93040944 15.60999040 -11.43672330 9.39054849 -8.14132701 6.84244765 -6.40824168 5.53916935 -4.73587069 3.91776822 -3.63662521 2.64045763 -3.12474762 
3.16014984 13.84245910 -9.04830836 6.61937251 -5.17083393 3.80978840 -3.41905811 2.67169108 -2.04611270 1.44255762 -1.39992686 0.65472264 -1.39468914 
3.16567276 13.92408554 -9.15210948 6.73285248 -5.28552047 3.92032675 -3.52200936 2.76510917 -2.12911075 1.51506221 -1.46225224 0.70749056 -1.43860484 
2.94425033 15.60999040 -11.43672330 9.39054849 -8.14132701 6.84244765 -6.40824168 5.53916935 -4.73587069 3.91776822 -3.63662521 2.64045763 -3.12474762 
2.94425033 15.60999040 -11.43672330 9.39054849 -8.14132701 6.84244765 -6.40824168 5.53916935 -4.73587069 3.91776822 -3.63662521 2.64045763 -3.12474762 
2.71677053 13.21487508 -8.27099668 5.79077099 -4.35366850 3.04034869 -2.71837532 2.04949665 -1.50464489 0.97857254 -1.00819969 0.32850554 -1.12743696 
2.70810480 13.29674245 -8.37032026 5.89453882 -4.45399730 3.13302740 -2.80120932 2.12172539 -1.56640440 1.03062802 -1.05147137 0.36402990 -1.15614406 
2.93040944 15.60999040 -11.43672330 9.39054849 -8.14132701 6.84244765 -6.40824168 5.53916935 -4.73587069 3.91776822 -3.63662521 2.64045763 -3.12474762 
2.93040944 15.60999040 -11.43672330 9.39054849 -8.14132701 6.84244765 -6.40824168 5.53916935 -4.73587069 3.91776822 -3.63662521 2.64045763 -3.12474762 
2.93040944 15.60999040 -11.43672330 9.39054849 -8.14132701 6.84244765 -6.40824168 5.53916935 -4.73587069 3.91776822 -3.63662521 2.64045763 -3.12474762 
2.93040944 15.60999040 -11.43672330 9.39054849 -8.14132701 6.84244765 -6.40824168 5.53916935 -4.73587069 3.91776822 -3.63662521 2.64045763 -3.12474762 
3.16014984 13.84245910 -9.04830836 6.61937251 -5.17083393 3.80978840 -3.41905811 2.67169108 -2.04611270 1.44255762 -1.39992686 0.65472264 -1.39468914 
3.16567276 13.92408554 -9.15210948 6.73285248 -5.28552047 3.92032675 -3.52200936 2.76510917 -2.12911075 1.51506221 -1.46225224 0.70749056 -1.43860484 
2.94425033 15.60999040 -11.43672330 9.39054849 -8.14132701 6.84244765 -6.40824168 5.53916935 -4.73587069 3.91776822 -3.63662521 2.64045763 -3.12474762 
3.17242809 13.85777420 -9.06773638 6.64056200 -5.19219942 3.83033550 -3.43815372 2.68898233 -2.06144435 1.45592554 -1.41139746 0.66441809 -1.40274524 
3.17792144 13.93880205 -9.17089035 6.75345479 -5.30641122 3.94052632 -3.54088086 2.78228458 -2.14441449 1.52846741 -1.47380497 0.71729503 -1.44678313 
3.18463221 13.87289266 -9.08693652 6.66152562 -5.21335949 3.85070570 -3.45710358 2.70615797 -2.07668749 1.46922775 -1.42282097 0.67408105 -1.41078016 
3.19009630 13.95332871 -9.18944885 6.77383426 -5.32709688 3.96054700 -3.55960286 2.79933948 -2.15962420 1.54180127 -1.48530520 0.72706205 -1.45493587 
3.19676308 13.88781793 -9.10591231 6.68226644 -5.23431648 3.87090059 -3.47590861 2.72321836 -2.09184207 1.48246395 -1.43419694 0.68371098 -1.41879335 
3.20219822 13.96766883 -9.20778848 6.79399395 -5.34757985 3.98039049 -3.57817640 2.81627437 -2.17473997 1.55506360 -1.49675256 0.73679115 -1.46306255 
3.20882157 13.90255336 -9.12466722 6.70278742 -5.25507265 3.89092174 -3.49456972 2.74016389 -2.10690807 1.49563385 -1.44552490 0.69330735 -1.42678426 
3.21422805 13.98182567 -9.22591263 6.81393686 -5.36786248 4.00005845 -3.59660253 2.83308975 -2.18976191 1.56825422 -1.50814669 0.74648188 -1.47116267 
3.22080853 13.91710223 -9.14320465 6.72309154 -5.27563029 3.91077069 -3.51308783 2.75699496 -2.12188550 1.50873718 -1.45680444 0.70286967 -1.43475236 
3.22618664 13.99580239 -9.24382464 6.83366595 -5.38794709 4.01955253 -3.61488228 2.84978615 -2.20469014 1.58137297 -1.51948724 0.75613381 -1.47923578 
3.23272480 13.93146773 -9.16152793 6.74318168 -5.29599163 3.93044900 -3.53146386 2.77371197 -2.13677438 1.52177371 -1.46803514 0.71239744 -1.44269715 
3.23807482 14.00960209 -9.26152781 6.85318413 -5.40783598 4.03887440 -3.63301670 2.86636411 -2.21952481 1.59441972 -1.53077392 0.76574653 -1.48728141 
3.02534252 15.60999040 -11.43672330 9.39054849 -8.14132701 6.84244765 -6.40824168 5.53916935 -4.73587069 3.91776822 -3.63662521 2.64045763 -3.12474762 
3.24457118 13.94565302 -9.17964033 6.76306070 -5.31615888 3.94995821 -3.54969875 2.79031537 -2.15157476 1.53474322 -1.47921664 0.72189022 -1.45061813 
3.42969920 15.60802336 -11.43390182 9.38708736 -8.13741659 6.83825381 -6.40391122 5.53482918 -4.73162851 3.91371244 -3.63282771 2.63697361 -3.12161758 
3.44049051 15.60804446 -11.43393208 9.38712448 -8.13745853 6.83829879 -6.40395766 5.53487572 -4.73167399 3.91375593 -3.63286842 2.63701096 -3.12165114 
3.27332498 14.04996909 -9.31341598 6.91050152 -5.46635092 4.09582300 -3.68655847 2.91539293 -2.26346917 1.63312698 -1.56430790 0.79434564 -1.51124922 
3.06468805 15.60999040 -11.43672330 9.39054849 -8.14132701 6.84244765 -6.40824168 5.53916935 -4.73587069 3.91776822 -3.63662521 2.64045763 -3.12474762 
3.27969907 13.98715787 -9.23274400 6.82145895 -5.37551783 4.00748659 -3.60356602 2.83944837 -2.19544567 1.57324782 -1.51246243 0.75015421 -1.47423366 
3.28493955 14.06309040 -9.33031523 6.92920417 -5.48547936 4.11447225 -3.70412209 2.93150277 -2.27793141 1.64588483 -1.57537637 0.80379782 -1.51918080 
3.29127388 14.00065226 -9.25004434 6.84052116 -5.39493035 4.02633469 -3.62124580 2.85560188 -2.20989291 1.58594753 -1.52344373 0.75950275 -1.48205490 
3.29648765 14.07604921 -9.34702109 6.94770974 -5.50442317 4.13295737 -3.72154564 2.94749705 -2.29230108 1.65857033 -1.58638972 0.81320902 -1.52708291 
3.09049486 15.60999040 -11.43672330 9.39054849 -8.14132701 6.84244765 -6.40824168 5.53916935 -4.73587069 3.91776822 -3.63662521 2.64045763 -3.12474762 
3.30278271 14.01398110 -9.26714923 6.85938587 -5.41415947 4.04502129 -3.63878919 2.87164413 -2.22425217 1.59857946 -1.53437424 0.76881426 -1.48985014 
3.30797003 14.08884823 -9.36353647 6.96602088 -5.52318448 4.15127993 -3.73883019 2.96337638 -2.30657843 1.67118346 -1.59734774 0.82257896 -1.53495519 
3.10327446 15.60999040 -11.43672330 9.39054849 -8.14132701 6.84244765 -6.40824168 5.53916935 -4.73587069 3.91776822 -3.63662521 2.64045763 -3.12474762 
3.31422630 14.02714715 -9.28406159 6.87805567 -5.43320724 4.06354788 -3.65619713 2.88757563 -2.23852360 1.61114351 -1.54525369 0.77808840 -1.49761900 
3.49359060 15.60814504 -11.43407633 9.38730143 -8.13765844 6.83851317 -6.40417902 5.53509756 -4.73189082 3.91396322 -3.63306251 2.63718902 -3.12181110 
3.33074058 14.11397748 -9.39600717 7.00207018 -5.56016799 4.18744365 -3.77298651 2.99479262 -2.33485720 1.69619263 -1.61909715 0.84119392 -1.55060895 
3.53883698 12.17992744 -7.06855697 4.58525380 -3.23351195 2.04361947 -1.85881016 1.32505796 -0.90484835 0.48750460 -0.61063143 0.00956408 -0.87524877 
3.69054811 14.52298587 -9.93288481 7.60725082 -6.19033221 4.81254965 -4.37170793 3.55301564 -2.84397768 2.15209623 -2.02030601 1.18843411 -1.84575411 
3.36442159 14.15053761 -9.44335442 7.05474937 -5.61432635 4.24050895 -3.82320490 3.04107044 -2.37658989 1.73316418 -1.65130253 0.86880034 -1.57385801 
3.37049077 14.09062749 -9.36583358 6.96856907 -5.52579662 4.15383220 -3.74123899 2.96559034 -2.30856990 1.67294352 -1.59887744 0.82388744 -1.53605491 
3.54531728 15.60823801 -11.43420969 9.38746501 -8.13784324 6.83871137 -6.40438366 5.53530266 -4.73209127 3.91415486 -3.63324193 2.63735363 -3.12195898 
3.38656708 14.17418366 -9.47404432 7.08896737 -5.64957740 4.27511672 -3.85601873 3.07136547 -2.40395833 1.75745114 -1.67249235 0.88699141 -1.58919975 
3.39256450 14.11496987 -9.39729070 7.00349648 -5.56163255 4.18887698 -3.77434141 2.99603983 -2.33598073 1.69718698 -1.61996249 0.84193503 -1.55123256 
3.56563908 15.60827325 -11.43426022 9.38752700 -8.13791328 6.83878647 -6.40446121 5.53538038 -4.73216724 3.91422748 -3.63330993 2.63741601 -3.12201502 
3.74303028 14.40794582 -9.78028077 7.43349158 -6.00762979 4.62961954 -4.19491984 3.38675681 -2.69108390 2.01411366 -1.89798117 1.08183349 -1.75455134 
3.75577637 14.57705126 -10.00503743 7.68988224 -6.27770576 4.90050515 -4.45715538 3.63378050 -2.91861167 2.21976185 -2.08055552 1.24115481 -1.89103679 
3.77050852 14.43298089 -9.81338382 7.47106705 -6.04702022 4.66894468 -4.23281761 3.42230026 -2.72368416 2.04346114 -1.92393673 1.10440209 -1.77381876 
3.78309629 14.59902686 -10.03444408 7.72364700 -6.31349813 4.93662305 -4.49232556 3.66709852 -2.94946755 2.24779449 -2.10556467 1.26307914 -1.90990110 
3.63518208 15.60838855 -11.43442560 9.38772986 -8.13814246 6.83903226 -6.40471499 5.53563472 -4.73241583 3.91446514 -3.63353245 2.63762016 -3.12219842 
3.64492231 15.60840407 -11.43444786 9.38775716 -8.13817331 6.83906534 -6.40474915 5.53566895 -4.73244929 3.91449713 -3.63356240 2.63764764 -3.12222311 
3.81548786 14.47304200 -9.86647879 7.53147050 -6.11047924 4.73243124 -4.29412409 3.47991117 -2.77662458 2.09120473 -1.96623406 1.14123887 -1.80531547 
3.82782022 14.63416643 -10.08156132 7.77785224 -6.37106691 4.99482076 -4.54909572 3.72097030 -2.99943979 2.29326470 -2.14619030 1.29874301 -1.94062789 
3.68341565 15.60846394 -11.43453374 9.38786251 -8.13829232 6.83919298 -6.40488094 5.53580104 -4.73257839 3.91462056 -3.63367796 2.63775365 -3.12231835 
3.69292433 15.60847838 -11.43455445 9.38788791 -8.13832102 6.83922376 -6.40491272 5.53583289 -4.73260952 3.91465032 -3.63370583 2.63777922 -3.12234132 
3.70238802 15.60849261 -11.43457487 9.38791296 -8.13834932 6.83925410 -6.40494406 5.53586429 -4.73264022 3.91467966 -3.63373331 2.63780443 -3.12236397 
3.71180714 15.60850665 -11.43459500 9.38793765 -8.13837722 6.83928402 -6.40497495 5.53589526 -4.73267048 3.91470860 -3.63376040 2.63782928 -3.12238630 
3.87681589 14.52585981 -9.93671323 7.61162759 -6.19495229 4.81719290 -4.37621163 3.55726601 -2.84789962 2.15564701 -2.02346343 1.19119351 -1.84812137 
3.88880735 14.68044497 -10.14379321 7.84964385 -6.44751795 5.07230628 -4.62486925 3.79304865 -3.06645586 2.35437736 -2.20090583 1.34687047 -1.98217078 
3.90253748 14.54740394 -9.96543746 7.64449338 -6.22967332 4.85211529 -4.41011007 3.58928107 -2.87746154 2.18242916 -2.04729365 1.21203220 -1.86600883 
3.91438847 14.69930459 -10.16921252 7.87903259 -6.47888100 5.10415896 -4.65608005 3.82279435 -3.09416342 2.37968834 -2.22360491 1.36686765 -1.99945778 
3.77652739 15.60859960 -11.43472831 9.38810119 -8.13856198 6.83948217 -6.40517955 5.53610031 -4.73287089 3.91490020 -3.63393980 2.63799387 -3.12253416 
3.93632899 14.57517050 -10.00252281 7.68699730 -6.27464999 4.89742392 -4.45415721 3.63094223 -2.91598494 2.21737701 -2.07842921 1.23929186 -1.88943474 
4.07854717 15.60588093 -11.43082916 9.38331858 -8.13315910 6.83368825 -6.39919743 5.53010529 -4.72701172 3.90929892 -3.62869559 2.63318291 -3.11821228 
4.09413143 15.60594440 -11.43092018 9.38343020 -8.13328519 6.83382346 -6.39933702 5.53024518 -4.72714843 3.90942960 -3.62881794 2.63329514 -3.11831310 
4.10959519 15.60600641 -11.43100910 9.38353927 -8.13340839 6.83395557 -6.39947341 5.53038185 -4.72728200 3.90955728 -3.62893747 2.63340480 -3.11841160 
4.12494031 15.60606700 -11.43109600 9.38364584 -8.13352878 6.83408466 -6.39960669 5.53051542 -4.72741252 3.90968206 -3.62905429 2.63351196 -3.11850786 
4.01357453 14.76943123 -10.26402675 7.98898250 -6.59655952 5.22400958 -4.77383403 3.93531472 -3.19923824 2.47590405 -2.31008782 1.44321948 -2.06559661 
4.02642939 14.64629034 -10.09784498 7.79661556 -6.39102556 5.01502763 -4.56883545 3.73972842 -3.01686350 2.30913890 -2.16039035 1.31122297 -1.95139189 
4.03762410 14.78573326 -10.28613473 8.01469422 -6.62415606 5.25219141 -4.80159517 3.96190881 -3.22413267 2.49875183 -2.33066909 1.46142699 -2.08139945 
4.18979253 13.30399451 -8.37914856 5.90379238 -4.46297278 3.14134385 -2.80866436 2.12824451 -1.57199387 1.03535118 -1.05540679 0.36726761 -1.15876574 
4.31137749 14.98828697 -10.56293322 8.33897862 -6.97469318 5.61261467 -5.15899169 4.30647264 -3.54866153 2.79834136 -2.60203893 1.70275715 -2.29190486 
4.20729639 15.60637681 -11.43154031 9.38419079 -8.13414437 6.83474476 -6.40028820 5.53119836 -4.72807996 3.91032009 -3.62965162 2.63405992 -3.11900010 
4.22191258 15.60642918 -11.43161542 9.38428291 -8.13424844 6.83485636 -6.40040341 5.53131382 -4.72819280 3.91042796 -3.62975261 2.63415256 -3.11908332 
4.23642273 15.60648043 -11.43168891 9.38437305 -8.13435026 6.83496555 -6.40051614 5.53142678 -4.72830320 3.91053350 -3.62985142 2.63424320 -3.11916475 
4.13104109 14.84654690 -10.36882981 8.11111802 -6.72790780 5.35839866 -4.90646052 4.06259143 -3.31858409 2.58561562 -2.40906815 1.53091098 -2.14181211 
4.14312495 14.73232020 -10.21379285 7.93066485 -6.53407550 5.16030665 -4.71118317 3.87539091 -3.14322802 2.42457140 -2.26390954 1.40241897 -2.03022740 
4.27224413 15.60660380 -11.43186584 9.38459007 -8.13459541 6.83522843 -6.40078756 5.53169878 -4.72856902 3.91078761 -3.63008932 2.63446145 -3.11936080 
4.16871720 14.86997250 -10.40077796 8.14847495 -6.76821326 5.39976581 -4.94740809 4.10200135 -3.35564130 2.61977130 -2.43996015 1.55834430 -2.16570889 
4.18056408 14.75851961 -10.24924309 7.97180471 -6.57813881 5.20521416 -4.75533441 3.91760684 -3.18267472 2.46071325 -2.29641334 1.43112998 -2.05511024 
4.19098797 14.88352946 -10.41929093 8.17014882 -6.79162570 5.42382243 -4.97124699 4.12496949 -3.37726035 2.63971691 -2.45801647 1.57439292 -2.17970014 
4.20269706 14.77369649 -10.26980865 7.99570417 -6.60377110 5.23137133 -4.78108326 3.94225676 -3.20573442 2.48186425 -2.31545514 1.44796639 -2.06971547 
4.32825644 15.60678809 -11.43213015 9.38491425 -8.13496162 6.83562113 -6.40119300 5.53210508 -4.72896611 3.91116721 -3.63044472 2.63478748 -3.11965368 
4.34201780 15.60683181 -11.43219285 9.38499116 -8.13504850 6.83571430 -6.40128920 5.53220148 -4.72906033 3.91125728 -3.63052904 2.63486483 -3.11972317 
4.35568512 15.60687465 -11.43225428 9.38506650 -8.13513362 6.83580558 -6.40138344 5.53229592 -4.72915263 3.91134551 -3.63061165 2.63494062 -3.11979125 
4.36925967 15.60691661 -11.43231447 9.38514033 -8.13521702 6.83589502 -6.40147578 5.53238846 -4.72924306 3.91143197 -3.63069259 2.63501487 -3.11985795 
4.27059579 14.93026757 -10.48324894 8.24517719 -6.87282980 5.50741615 -5.05423317 4.20506303 -3.45277490 2.70949613 -2.52128072 1.63070217 -2.22885681 
4.28182577 14.82610444 -10.34099272 8.07861574 -6.69288980 5.32250704 -4.87097957 4.02848604 -3.28655372 2.55612719 -2.38242659 1.50727660 -2.12124476 
4.29176980 14.94225536 -10.49968685 8.26449787 -6.89378015 5.52902191 -5.07571924 4.22583492 -3.47239075 2.72764977 -2.53776322 1.64539263 -2.24169786 
4.05506514 14.75473818 -10.24412243 7.96585772 -6.57176457 5.19871324 -4.74893864 3.91148742 -3.17695313 2.45546789 -2.29169331 1.42695850 -2.05149313 
4.05926673 14.71463878 -10.18990510 7.90298413 -6.50447020 5.13017561 -4.68159895 3.84713977 -3.11686265 2.40044317 -2.24223418 1.38329291 -2.01366806 
3.94176969 12.99959875 -8.01277439 5.52393628 -4.09841941 2.80695576 -2.51182167 1.87109143 -1.35348132 0.85222450 -0.90398340 0.24354277 -1.05923304 
3.78191585 14.54691740 -9.96478828 7.64375006 -6.22888749 4.85132437 -4.40934185 3.58855508 -2.87679076 2.18182111 -2.04675233 1.21155859 -1.86560209 
3.91844646 15.60999040 -11.43672330 9.39054849 -8.14132701 6.84244765 -6.40824168 5.53916935 -4.73587069 3.91776822 -3.63662521 2.64045763 -3.12474762 
3.91844646 15.60999040 -11.43672330 9.39054849 -8.14132701 6.84244765 -6.40824168 5.53916935 -4.73587069 3.91776822 -3.63662521 2.64045763 -3.12474762 
3.91844646 15.60999040 -11.43672330 9.39054849 -8.14132701 6.84244765 -6.40824168 5.53916935 -4.73587069 3.91776822 -3.63662521 2.64045763 -3.12474762 
3.91844646 15.60999040 -11.43672330 9.39054849 -8.14132701 6.84244765 -6.40824168 5.53916935 -4.73587069 3.91776822 -3.63662521 2.64045763 -3.12474762 
3.77772568 14.49166807 -9.89121661 7.55967017 -6.14016343 4.76218420 -4.32290775 3.50700743 -2.80156643 2.11373434 -1.98622411 1.15867321 -1.82024286 
3.77284657 14.53935878 -9.95470591 7.63220886 -6.21668954 4.83905060 -4.39742316 3.57729422 -2.86638889 2.17239402 -2.03836147 1.20421876 -1.85929985 
3.63096918 12.36892055 -7.28081397 4.79110553 -3.41860140 2.20318136 -1.99222404 1.43417043 -0.99260539 0.55748809 -0.66594762 0.05303340 -0.90895013 
3.03457809 13.51828830 -8.64222170 6.18178913 -4.73476966 3.39511541 -3.03784527 2.33009926 -1.74626561 1.18356376 -1.17964554 0.47004291 -1.24242458 
2.74892666 15.57537999 -11.38713070 9.32977272 -8.07272646 6.76894031 -6.33240405 5.46322298 -4.66169586 3.84690371 -3.57031844 2.57966330 -3.07016279 
2.70277691 15.57376385 -11.38481766 9.32694119 -8.06953371 6.76552259 -6.32888131 5.45969837 -4.65825642 3.84362042 -3.56724866 2.57685072 -3.06763919 
2.65553721 15.57203228 -11.38233967 9.32390805 -8.06611396 6.76186221 -6.32510880 5.45592417 -4.65457370 3.84010516 -3.56396221 2.57383985 -3.06493783 
2.60715483 15.57017406 -11.37968074 9.32065379 -8.06244530 6.75793577 -6.32106246 5.45187638 -4.65062437 3.83633571 -3.56043840 2.57061173 -3.06204175 
2.28773405 12.10133419 -6.98124765 4.50146588 -3.15894553 1.97995938 -1.80607766 1.28231466 -0.87076169 0.46052342 -0.58944484 -0.00699656 -0.86247376 
1.82100092 15.45990219 -11.22246463 9.12889354 -7.84696971 6.52803273 -6.08483701 5.21623018 -4.42132344 3.61802856 -3.35684000 2.38451195 -2.89543293 
1.72186804 15.44502379 -11.20133868 9.10322494 -7.81823293 6.49747931 -6.05354868 5.18511862 -4.39114204 3.58937696 -3.33019150 2.36021602 -2.87373406 
2.43586151 9.59776088 -4.49191300 2.34485063 -1.41511665 0.61329090 -0.75926698 0.49215363 -0.28017177 0.01597713 -0.25401372 -0.26292332 -0.66967882 
2.85016756 15.59599781 -11.41666033 9.36594600 -8.11354053 6.81265696 -6.37749011 5.50835798 -4.70576345 3.88899152 -3.60968777 2.61574970 -3.10255495 
2.14266985 0.06482359 -0.10023503 -0.01798840 -0.12486698 -0.19261000 -0.26070018 0.17300045 -0.09234025 -0.13569974 -0.14692916 -0.36939281 -0.58894102 
4.30048993 -0.28922129 -0.09105401 -0.02440789 -0.12484005 -0.19601151 -0.25930337 0.17153526 -0.09285010 -0.13703233 -0.14700527 -0.37072127 -0.58816198 
6.06494755 7.93998685 -3.15200923 1.39251176 -0.78025111 0.19380419 -0.48453914 0.31215103 -0.16230885 -0.06669276 -0.19404728 -0.31015858 -0.63405311 
6.71827546 14.64512172 -10.09627480 7.79480561 -6.38909961 5.01307705 -4.56692933 3.73791650 -3.01517995 2.30760461 -2.15901749 1.31001609 -1.95035069 
6.56008968 12.23045370 -7.12498375 4.63968059 -3.28218917 2.08537169 -1.89355081 1.35333838 -0.92749296 0.50549247 -0.62480016 0.02066685 -0.88383369 
5.52328801 4.31484123 -1.06938168 0.28575946 -0.21315088 -0.12412622 -0.30029782 0.20100064 -0.09799061 -0.11724426 -0.15538067 -0.34894411 -0.60361460 
3.55311365 -15.24299986 -9.80001052 -7.49932314 -6.00778326 -4.96646410 -4.06023444 -2.95238969 -2.64662996 -2.23227750 -1.82802927 -1.72237745 -1.61807336 
4.31876465 10.54931846 -5.37168237 3.05347751 -1.94731029 1.00219611 -1.03764696 0.68912694 -0.41858850 0.11554551 -0.32666234 -0.20813556 -0.71036183 
4.43888293 12.68490359 -7.64298157 5.14930367 -3.74690629 2.49140255 -2.23747549 1.63815000 -1.15931198 0.69233859 -0.77390239 0.13877580 -0.97609700 
3.72733048 10.94880739 -5.76522064 3.39003756 -2.21506955 1.20819651 -1.19225025 0.80332784 -0.50206741 0.17714523 -0.37235076 -0.17369363 -0.73601731 
2.50330795 3.19292260 -0.65941615 0.13814028 -0.16176411 -0.15266121 -0.28368420 0.19034438 -0.09366046 -0.12329753 -0.15115012 -0.35554744 -0.59854921 
0.07649833 -14.27444836 -8.56565845 -6.14790693 -4.64140223 -3.65087888 -2.83721461 -1.84354295 -1.66216906 -1.37428566 -1.09358792 -1.10445638 -1.10752944 
0.38759519 15.05284307 -10.65197057 8.44421397 -7.08941958 5.73154058 -5.27784755 4.42192855 -3.65819310 2.90014974 -2.69485728 1.78580610 -2.36476750 
1.99485044 -6.58921160 -1.76866547 -0.65257957 -0.35510989 -0.33109621 -0.29497452 0.12732584 -0.12784384 -0.17632278 -0.16968384 -0.39782144 -0.58520459 
4.14894978 5.90585786 -1.84065853 0.63354049 -0.36364914 -0.04548548 -0.34421468 0.22739844 -0.11175854 -0.10418071 -0.16556918 -0.33665414 -0.61329514 
4.94233593 14.04445326 -9.30631684 6.90264995 -5.45832572 4.08800365 -3.67919871 2.90864625 -2.25741587 1.62778986 -1.55967982 0.79039522 -1.50793579 
4.98368565 14.61138667 -10.05100349 7.74268275 -6.33369989 4.95703075 -4.51221873 3.68596328 -2.96695537 2.26369699 -2.11976452 1.27553781 -1.92062940 
4.42399629 10.00829578 -4.86154181 2.63500534 -1.62755336 0.76499694 -0.86555303 0.56589377 -0.33105091 0.05218901 -0.28027918 -0.24304530 -0.68444839 
3.17182848 6.82121534 -2.38551535 0.92568048 -0.51217675 0.03584589 -0.39036997 0.25478504 -0.12749811 -0.09182192 -0.17518450 -0.32694809 -0.62096843 
1.44969935 10.27032890 -5.10534373 2.83244093 -1.77652218 0.87424516 -0.94397272 0.62149924 -0.37019110 0.08035400 -0.30082488 -0.22757275 -0.69592922 
1.39602596 10.64130245 -5.46102566 3.12885347 -2.00648535 1.04717015 -1.07101456 0.71351257 -0.43623745 0.12847618 -0.33620409 -0.20095368 -0.71570137 
1.75903735 15.59956237 -11.42176958 9.37220933 -8.12061232 6.82023668 -6.38531218 5.51619324 -4.71341778 3.89630589 -3.61653315 2.62202723 -3.10819235 
2.51843286 9.56216431 -4.46057228 2.32076804 -1.39784710 0.60118166 -0.75092319 0.48645018 -0.27628992 0.01323250 -0.25202841 -0.26443415 -0.66855397 
2.95572344 15.60683181 -11.43219285 9.38499116 -8.13504850 6.83571430 -6.40128920 5.53220148 -4.72906033 3.91125728 -3.63052904 2.63486483 -3.11972317 
2.96939075 15.60687465 -11.43225428 9.38506650 -8.13513362 6.83580558 -6.40138344 5.53229592 -4.72915263 3.91134551 -3.63061165 2.63494062 -3.11979125 
2.75879744 13.37406681 -8.46470230 5.99372213 -4.55044229 3.22260646 -2.88169778 2.19226846 -1.62701937 1.08195159 -1.09431550 0.39933847 -1.18478134 
2.19583146 12.26975538 -7.16903600 4.68232140 -3.32045672 2.11830184 -1.92103644 1.37577960 -0.94551286 0.51984217 -0.63612790 0.02955914 -0.89072089 
1.39255272 10.09948413 -4.94568856 2.70261311 -1.67817369 0.80186487 -0.89184920 0.58443194 -0.34403019 0.06149908 -0.28705821 -0.23793606 -0.68823974 
1.33705590 10.47455987 -5.29962927 2.99313602 -1.90027684 0.96668172 -1.01145703 0.67009346 -0.40488406 0.10554034 -0.31929721 -0.21367687 -0.70624492 
1.70851036 15.59902381 -11.42099757 9.37126285 -8.11954357 6.81909108 -6.38412986 5.51500883 -4.71226064 3.89520007 -3.61549817 2.62107805 -3.10733991 
2.48542040 9.45385040 -4.36590336 2.24852489 -1.34638683 0.56530639 -0.72633165 0.46971716 -0.26494877 0.00522783 -0.24624134 -0.26884793 -0.66526489 
2.69781273 13.28079216 -8.35092028 5.87422167 -4.43430707 3.11479746 -2.78488023 2.10745690 -1.55417939 1.02030463 -1.04287504 0.35696157 -1.15042363 
2.70652751 13.19856592 -8.25128409 5.77025081 -4.33389849 3.02214793 -2.70216127 2.03540328 -1.49263097 0.96847483 -0.99982783 0.32164883 -1.12190859 
2.94196208 15.60678809 -11.43213015 9.38491425 -8.13496162 6.83562113 -6.40119300 5.53210508 -4.72896611 3.91116721 -3.63044472 2.63478748 -3.11965368 
2.35249385 5.54167247 -1.64443467 0.53727929 -0.31871365 -0.06920660 -0.33099031 0.21955749 -0.10744552 -0.10787916 -0.16265382 -0.33987866 -0.61074189 
