11.04943645 -0.37266409 -0.09049212 -0.02587233 -0.12489417 -0.19680663 -0.25900317 0.17119567 -0.09298647 -0.13734989 -0.14703832 -0.37103062 -0.58798621 
1.80101043 4.07416225 -0.97210992 0.24814743 -0.19915440 -0.13155355 -0.29605663 0.19834538 -0.09679422 -0.11869094 -0.15431075 -0.35047181 -0.60242913 
1.49420386 -5.26484487 -1.12630090 -0.36286408 -0.22934204 -0.26947870 -0.26855701 0.14533018 -0.11376237 -0.16337948 -0.16039182 -0.39018002 -0.58343893 
2.71036425 10.71389692 -5.53207243 3.18922868 -2.05421812 1.08368039 -1.09826462 0.73353734 -0.45080424 0.13918681 -0.34412738 -0.19498640 -0.72014156 
3.66894252 10.79170431 -5.60874662 3.25481599 -2.10640397 1.12382999 -1.12839479 0.75579055 -0.46706794 0.15118518 -0.35302449 -0.18828086 -0.72513552 
4.16123835 14.86537176 -10.39449929 8.14112871 -6.76028239 5.39162129 -4.93934164 4.09423361 -3.34833349 2.61303236 -2.43386229 1.55292677 -2.16098778 
4.50359108 13.82660032 -9.02821377 6.59748033 -5.14878381 3.78860494 -3.39939095 2.65389967 -2.03035240 1.42882811 -1.38815581 0.64478095 -1.38643456 
4.69423179 15.60943472 -11.43592620 9.38957064 -8.14022218 6.84126270 -6.40701809 5.53794297 -4.73467195 3.91662213 -3.63555207 2.63947304 -3.12386305 
4.79551893 15.10274468 -10.72106687 8.52618695 -7.17910909 5.82483520 -5.37139845 4.51309505 -3.74494759 2.98102188 -2.76879165 1.85213065 -2.42310078 
4.89033788 15.60816422 -11.43410384 9.38733517 -8.13769656 6.83855405 -6.40422123 5.53513987 -4.73193217 3.91400275 -3.63309952 2.63722297 -3.12184160 
4.90073645 15.60818310 -11.43413092 9.38736839 -8.13773408 6.83859430 -6.40426278 5.53518151 -4.73197287 3.91404166 -3.63313595 2.63725640 -3.12187163 
4.91108123 15.60820169 -11.43415758 9.38740109 -8.13777103 6.83863393 -6.40430370 5.53522252 -4.73201295 3.91407998 -3.63317182 2.63728931 -3.12190120 
4.83570228 15.19324201 -10.84697551 8.67624299 -7.34401479 5.99709300 -5.54483136 4.68276766 -3.90701283 3.13263336 -2.90786208 1.97728146 -2.53350295 
4.65776803 15.09486041 -10.71013421 8.51319913 -7.16487991 5.81001538 -5.35651986 4.49857877 -3.73111838 2.96811672 -2.75698176 1.84152632 -2.41376579 
4.55843321 15.60999040 -11.43672330 9.39054849 -8.14132701 6.84244765 -6.40824168 5.53916935 -4.73587069 3.91776822 -3.63662521 2.64045763 -3.12474762 
4.55843321 15.60999040 -11.43672330 9.39054849 -8.14132701 6.84244765 -6.40824168 5.53916935 -4.73587069 3.91776822 -3.63662521 2.64045763 -3.12474762 
4.55843321 15.60999040 -11.43672330 9.39054849 -8.14132701 6.84244765 -6.40824168 5.53916935 -4.73587069 3.91776822 -3.63662521 2.64045763 -3.12474762 
4.45606332 14.96470137 -10.53050203 8.30075844 -6.93314258 5.56965860 -5.11617198 4.26498142 -3.50939338 2.76192470 -2.56890932 1.67317455 -2.26600070 
4.45265417 14.99542097 -10.57275318 8.35056316 -6.98729950 5.62565960 -5.17200695 4.31909506 -3.56061760 2.80943799 -2.61214152 1.71178447 -2.29981499 
4.65498248 15.06560806 -10.66962315 8.46513086 -7.11227870 5.75529188 -5.30163835 4.44508889 -3.68021063 2.92065500 -2.71358668 1.80259357 -2.37952045 
4.65776803 15.09486041 -10.71013421 8.51319913 -7.16487991 5.81001538 -5.35651986 4.49857877 -3.73111838 2.96811672 -2.75698176 1.84152632 -2.41376579 
4.55843321 15.60999040 -11.43672330 9.39054849 -8.14132701 6.84244765 -6.40824168 5.53916935 -4.73587069 3.91776822 -3.63662521 2.64045763 -3.12474762 
4.55843321 15.60999040 -11.43672330 9.39054849 -8.14132701 6.84244765 -6.40824168 5.53916935 -4.73587069 3.91776822 -3.63662521 2.64045763 -3.12474762 
4.66083076 15.06835311 -10.67342128 8.46963362 -7.11720197 5.76040970 -5.30676700 4.45008378 -3.68496103 2.92508086 -2.71763075 1.80621960 -2.38270810 
4.66360862 15.09747172 -10.71375451 8.51749925 -7.16959025 5.81492047 -5.36144365 4.50338195 -3.73569358 2.97238564 -2.76088789 1.84503329 -2.41685262 
4.56457761 15.60999040 -11.43672330 9.39054849 -8.14132701 6.84244765 -6.40824168 5.53916935 -4.73587069 3.91776822 -3.63662521 2.64045763 -3.12474762 
4.66666203 15.07107807 -10.67719231 8.47410506 -7.12209183 5.76549362 -5.31186249 4.45504715 -3.68968213 2.92948004 -2.72165096 1.80982469 -2.38587771 
4.66943224 15.10006381 -10.71734879 8.52176919 -7.17426830 5.81979268 -5.36633517 4.50815435 -3.74024009 2.97662835 -2.76477051 1.84851957 -2.41992159 
4.57070319 15.60999040 -11.43672330 9.39054849 -8.14132701 6.84244765 -6.40824168 5.53916935 -4.73587069 3.91776822 -3.63662521 2.64045763 -3.12474762 
4.67247640 15.07378313 -10.68093650 8.47854545 -7.12694856 5.77054394 -5.31692508 4.45997922 -3.69437416 2.93385272 -2.72564747 1.81340898 -2.38902939 
4.67523898 15.10263685 -10.72091730 8.52600922 -7.17891433 5.82463230 -5.37119470 4.51289622 -3.74475813 2.98084504 -2.76862979 1.85198529 -2.42297280 
4.57681006 15.60999040 -11.43672330 9.39054849 -8.14132701 6.84244765 -6.40824168 5.53916935 -4.73587069 3.91776822 -3.63662521 2.64045763 -3.12474762 
4.67827394 15.07646847 -10.68465408 8.48295506 -7.13177246 5.77556092 -5.32195506 4.46488024 -3.69903732 2.93819909 -2.72962046 1.81697259 -2.39216326 
4.68102896 15.10519103 -10.72446027 8.53021961 -7.18352862 5.82943960 -5.37602249 4.51760779 -3.74924792 2.98503590 -2.77246591 1.85543060 -2.42600637 
4.68405477 15.07913429 -10.68834531 8.48733418 -7.13656380 5.78054484 -5.32695266 4.46975046 -3.70367182 2.94251934 -2.73357008 1.82051567 -2.39527944 
4.77867193 15.60947971 -11.43599073 9.38964981 -8.14031162 6.84135863 -6.40711714 5.53804225 -4.73476899 3.91671490 -3.63563894 2.63955274 -3.12393465 
4.78417651 15.60948251 -11.43599475 9.38965474 -8.14031720 6.84136461 -6.40712331 5.53804843 -4.73477504 3.91672069 -3.63564435 2.63955771 -3.12393912 
4.69829920 15.11274220 -10.73493831 8.54267557 -7.19718383 5.84367028 -5.39031799 4.53156307 -3.76254986 2.99745538 -2.78383684 1.86564545 -2.43500240 
4.50083307 14.98872747 -10.56353943 8.33969361 -6.97547107 5.61341946 -5.15979449 4.30725106 -3.54939872 2.79902544 -2.60266163 1.70331349 -2.29239228 
4.38609089 15.60923422 -11.43563861 9.38921784 -8.13982358 6.84083521 -6.40657665 5.53750054 -4.73423951 3.91620867 -3.63516494 2.63911787 -3.12354396 
4.37937197 15.60922913 -11.43563130 9.38920888 -8.13981345 6.84082434 -6.40656543 5.53748929 -4.73422851 3.91619817 -3.63515510 2.63910884 -3.12353585 
4.37263041 15.60922398 -11.43562391 9.38919982 -8.13980321 6.84081336 -6.40655410 5.53747793 -4.73421741 3.91618755 -3.63514516 2.63909972 -3.12352765 
4.47840475 15.00875971 -10.59112692 8.37225315 -7.01091793 5.65011503 -5.19642143 4.34278635 -3.58307067 2.83028801 -2.63113324 1.72876278 -2.31469876 
4.57681006 15.60999040 -11.43672330 9.39054849 -8.14132701 6.84244765 -6.40824168 5.53916935 -4.73587069 3.91776822 -3.63662521 2.64045763 -3.12474762 
4.67827394 15.07646847 -10.68465408 8.48295506 -7.13177246 5.77556092 -5.32195506 4.46488024 -3.69903732 2.93819909 -2.72962046 1.81697259 -2.39216326 
4.77315216 15.60947688 -11.43598668 9.38964483 -8.14030600 6.84135261 -6.40711092 5.53803601 -4.73476290 3.91670908 -3.63563348 2.63954774 -3.12393016 
4.68680225 15.10772653 -10.72797794 8.53440062 -7.18811146 5.83421485 -5.38081880 4.52228930 -3.75370966 2.98920112 -2.77627901 1.85885564 -2.42902242 
4.58896815 15.60999040 -11.43672330 9.39054849 -8.14132701 6.84244765 -6.40824168 5.53916935 -4.73587069 3.91776822 -3.63662521 2.64045763 -3.12474762 
4.58896815 15.60999040 -11.43672330 9.39054849 -8.14132701 6.84244765 -6.40824168 5.53916935 -4.73587069 3.91776822 -3.63662521 2.64045763 -3.12474762 
4.58896815 15.60999040 -11.43672330 9.39054849 -8.14132701 6.84244765 -6.40824168 5.53916935 -4.73587069 3.91776822 -3.63662521 2.64045763 -3.12474762 
4.58896815 15.60999040 -11.43672330 9.39054849 -8.14132701 6.84244765 -6.40824168 5.53916935 -4.73587069 3.91776822 -3.63662521 2.64045763 -3.12474762 
4.58896815 15.60999040 -11.43672330 9.39054849 -8.14132701 6.84244765 -6.40824168 5.53916935 -4.73587069 3.91776822 -3.63662521 2.64045763 -3.12474762 
4.68981898 15.08178076 -10.69201042 8.49168307 -7.14132287 5.78549598 -5.33191815 4.47459010 -3.70827789 2.94681366 -2.73749648 1.82403836 -2.39837802 
4.78417651 15.60948251 -11.43599475 9.38965474 -8.14031720 6.84136461 -6.40712331 5.53804843 -4.73477504 3.91672069 -3.63564435 2.63955771 -3.12393912 
4.69829920 15.11274220 -10.73493831 8.54267557 -7.19718383 5.84367028 -5.39031799 4.53156307 -3.76254986 2.99745538 -2.78383684 1.86564545 -2.43500240 
4.70129790 15.08701642 -10.69926325 8.50029122 -7.15074525 5.79530098 -5.34175383 4.48417859 -3.71740553 2.95532521 -2.74528029 1.83102306 -2.40452287 
4.79514043 15.60948805 -11.43600269 9.38966448 -8.14032820 6.84137642 -6.40713550 5.53806065 -4.73478698 3.91673210 -3.63565504 2.63956752 -3.12394793 
4.80059993 15.60949078 -11.43600662 9.38966929 -8.14033364 6.84138225 -6.40714153 5.53806669 -4.73479288 3.91673774 -3.63566033 2.63957237 -3.12395228 
4.71542190 15.12012999 -10.74519486 8.55487417 -7.21056314 5.85761968 -5.40433697 4.54525408 -3.77560508 3.00964907 -2.79500503 1.87568153 -2.44384381 
4.51971835 14.99862760 -10.57716867 8.35577387 -6.99297165 5.63153095 -5.17786673 4.32477964 -3.56600360 2.81443815 -2.61669490 1.71585418 -2.30338185 
4.40611324 15.60924921 -11.43566010 9.38924421 -8.13985337 6.84086716 -6.40660965 5.53753361 -4.73427183 3.91623958 -3.63519388 2.63914442 -3.12356781 
4.39946137 15.60924427 -11.43565301 9.38923551 -8.13984354 6.84085661 -6.40659876 5.53752270 -4.73426116 3.91622938 -3.63518433 2.63913566 -3.12355994 
4.28182577 14.82610444 -10.34099272 8.07861574 -6.69288980 5.32250704 -4.87097957 4.02848604 -3.28655372 2.55612719 -2.38242659 1.50727660 -2.12124476 
4.39446124 13.72554365 -8.90071806 6.45915684 -5.01002684 3.65582004 -3.27657556 2.54320286 -1.93263713 1.34398414 -1.31564004 0.58371105 -1.33586760 
4.58896815 15.60999040 -11.43672330 9.39054849 -8.14132701 6.84244765 -6.40824168 5.53916935 -4.73587069 3.91776822 -3.63662521 2.64045763 -3.12474762 
4.58896815 15.60999040 -11.43672330 9.39054849 -8.14132701 6.84244765 -6.40824168 5.53916935 -4.73587069 3.91776822 -3.63662521 2.64045763 -3.12474762 
4.58896815 15.60999040 -11.43672330 9.39054849 -8.14132701 6.84244765 -6.40824168 5.53916935 -4.73587069 3.91776822 -3.63662521 2.64045763 -3.12474762 
4.68981898 15.08178076 -10.69201042 8.49168307 -7.14132287 5.78549598 -5.33191815 4.47459010 -3.70827789 2.94681366 -2.73749648 1.82403836 -2.39837802 
4.69255897 15.11024353 -10.73147054 8.53855252 -7.19266310 5.83895832 -5.38558388 4.52694098 -3.75814357 2.99334089 -2.78006927 1.86226055 -2.43202106 
4.69556665 15.08440808 -10.69564965 8.49600199 -7.14604993 5.79041460 -5.33685179 4.47939940 -3.71285572 2.95108222 -2.74139983 1.82754077 -2.40145913 
4.69829920 15.11274220 -10.73493831 8.54267557 -7.19718383 5.84367028 -5.39031799 4.53156307 -3.76254986 2.99745538 -2.78383684 1.86564545 -2.43500240 
4.60105278 15.60999040 -11.43672330 9.39054849 -8.14132701 6.84244765 -6.40824168 5.53916935 -4.73587069 3.91776822 -3.63662521 2.64045763 -3.12474762 
4.60105278 15.60999040 -11.43672330 9.39054849 -8.14132701 6.84244765 -6.40824168 5.53916935 -4.73587069 3.91776822 -3.63662521 2.64045763 -3.12474762 
4.60105278 15.60999040 -11.43672330 9.39054849 -8.14132701 6.84244765 -6.40824168 5.53916935 -4.73587069 3.91776822 -3.63662521 2.64045763 -3.12474762 
4.60105278 15.60999040 -11.43672330 9.39054849 -8.14132701 6.84244765 -6.40824168 5.53916935 -4.73587069 3.91776822 -3.63662521 2.64045763 -3.12474762 
4.60105278 15.60999040 -11.43672330 9.39054849 -8.14132701 6.84244765 -6.40824168 5.53916935 -4.73587069 3.91776822 -3.63662521 2.64045763 -3.12474762 
4.60105278 15.60999040 -11.43672330 9.39054849 -8.14132701 6.84244765 -6.40824168 5.53916935 -4.73587069 3.91776822 -3.63662521 2.64045763 -3.12474762 
4.60105278 15.60999040 -11.43672330 9.39054849 -8.14132701 6.84244765 -6.40824168 5.53916935 -4.73587069 3.91776822 -3.63662521 2.64045763 -3.12474762 
4.60105278 15.60999040 -11.43672330 9.39054849 -8.14132701 6.84244765 -6.40824168 5.53916935 -4.73587069 3.91776822 -3.63662521 2.64045763 -3.12474762 
4.50083307 14.98872747 -10.56353943 8.33969361 -6.97547107 5.61341946 -5.15979449 4.30725106 -3.54939872 2.79902544 -2.60266163 1.70331349 -2.29239228 
4.38609089 15.60923422 -11.43563861 9.38921784 -8.13982358 6.84083521 -6.40657665 5.53750054 -4.73423951 3.91620867 -3.63516494 2.63911787 -3.12354396 
4.37937197 15.60922913 -11.43563130 9.38920888 -8.13981345 6.84082434 -6.40656543 5.53748929 -4.73422851 3.91619817 -3.63515510 2.63910884 -3.12353585 
4.26055265 14.81229577 -10.32221151 8.05671209 -6.66931692 5.29837175 -4.84714494 4.00559815 -3.26507881 2.53637437 -2.36459603 1.49147146 -2.10750123 
4.24919592 14.91796444 -10.46639280 8.22538088 -6.85138037 5.48531218 -5.03226746 4.18384216 -3.43274838 2.69097411 -2.50447380 1.61573101 -2.21577741 
4.35226831 15.60920822 -11.43560130 9.38917208 -8.13977188 6.84077975 -6.40651939 5.53744315 -4.73418341 3.91615505 -3.63511473 2.63907180 -3.12350257 
4.45912288 14.99879569 -10.57740016 8.35604708 -6.99326909 5.63183887 -5.17817407 4.32507782 -3.56628615 2.81470048 -2.61693381 1.71606773 -2.30356902 
4.55843321 15.60999040 -11.43672330 9.39054849 -8.14132701 6.84244765 -6.40824168 5.53916935 -4.73587069 3.91776822 -3.63662521 2.64045763 -3.12474762 
4.66083076 15.06835311 -10.67342128 8.46963362 -7.11720197 5.76040970 -5.30676700 4.45008378 -3.68496103 2.92508086 -2.71763075 1.80621960 -2.38270810 
4.66360862 15.09747172 -10.71375451 8.51749925 -7.16959025 5.81492047 -5.36144365 4.50338195 -3.73569358 2.97238564 -2.76088789 1.84503329 -2.41685262 
4.66666203 15.07107807 -10.67719231 8.47410506 -7.12209183 5.76549362 -5.31186249 4.45504715 -3.68968213 2.92948004 -2.72165096 1.80982469 -2.38587771 
4.66943224 15.10006381 -10.71734879 8.52176919 -7.17426830 5.81979268 -5.36633517 4.50815435 -3.74024009 2.97662835 -2.76477051 1.84851957 -2.41992159 
4.57070319 15.60999040 -11.43672330 9.39054849 -8.14132701 6.84244765 -6.40824168 5.53916935 -4.73587069 3.91776822 -3.63662521 2.64045763 -3.12474762 
4.46895697 14.97170189 -10.54012253 8.31209001 -6.94545504 5.58238108 -5.12884788 4.27725826 -3.52100719 2.77269055 -2.57869944 1.68191315 -2.27364991 
4.46557079 15.00214354 -10.58201121 8.36148979 -6.99919510 5.63797428 -5.18429862 4.33102041 -3.57191765 2.81992948 -2.62169639 1.72032508 -2.30730091 
4.56457761 15.60999040 -11.43672330 9.39054849 -8.14132701 6.84244765 -6.40824168 5.53916935 -4.73587069 3.91776822 -3.63662521 2.64045763 -3.12474762 
4.46252051 14.96821551 -10.53533077 8.30644534 -6.93932107 5.57604216 -5.12253152 4.27114014 -3.51521894 2.76732443 -2.57381924 1.67755676 -2.26983631 
4.34543461 15.60920286 -11.43559361 9.38916265 -8.13976122 6.84076832 -6.40650759 5.53743132 -4.73417185 3.91614399 -3.63510437 2.63906230 -3.12349404 
4.45265417 14.99542097 -10.57275318 8.35056316 -6.98729950 5.62565960 -5.17200695 4.31909506 -3.56061760 2.80943799 -2.61214152 1.71178447 -2.29981499 
4.44958529 14.96115920 -10.52563596 8.29502890 -6.92691916 5.56323000 -5.10976891 4.25878179 -3.50353026 2.75649114 -2.56396948 1.66876636 -2.26214294 
4.33169676 15.60919196 -11.43557799 9.38914348 -8.13973956 6.84074510 -6.40648361 5.53740729 -4.73414836 3.91612153 -3.63508335 2.63904301 -3.12347670 
4.32479228 15.60918643 -11.43557006 9.38913375 -8.13972857 6.84073331 -6.40647143 5.53739508 -4.73413643 3.91611013 -3.63507267 2.63903321 -3.12346790 
4.43312191 14.98513271 -10.55859292 8.33386013 -6.96912506 5.60685462 -5.15324647 4.30090245 -3.54338687 2.79344716 -2.59758427 1.69877756 -2.28841856 
4.53366509 15.60999040 -11.43672330 9.39054849 -8.14132701 6.84244765 -6.40824168 5.53916935 -4.73587069 3.91776822 -3.63662521 2.64045763 -3.12474762 
4.63733456 15.05725036 -10.65806362 8.45143177 -7.09730551 5.73973222 -5.28605082 4.42991256 -3.66578145 2.90721538 -2.70130971 1.79158842 -2.36984812 
4.73408122 15.60945642 -11.43595733 9.38960883 -8.14026533 6.84130898 -6.40706587 5.53799087 -4.73471877 3.91666689 -3.63559398 2.63951150 -3.12389759 
4.73970973 15.60945942 -11.43596163 9.38961411 -8.14027129 6.84131537 -6.40707247 5.53799748 -4.73472523 3.91667307 -3.63559977 2.63951680 -3.12390236 
4.65191038 15.09222968 -10.70648764 8.50886855 -7.16013699 5.80507715 -5.35156356 4.49374456 -3.72651428 2.96382139 -2.75305197 1.83799852 -2.41066096 
4.65498248 15.06560806 -10.66962315 8.46513086 -7.11227870 5.75529188 -5.30163835 4.44508889 -3.68021063 2.92065500 -2.71358668 1.80259357 -2.37952045 
4.65776803 15.09486041 -10.71013421 8.51319913 -7.16487991 5.81001538 -5.35651986 4.49857877 -3.73111838 2.96811672 -2.75698176 1.84152632 -2.41376579 
4.66083076 15.06835311 -10.67342128 8.46963362 -7.11720197 5.76040970 -5.30676700 4.45008378 -3.68496103 2.92508086 -2.71763075 1.80621960 -2.38270810 
4.66360862 15.09747172 -10.71375451 8.51749925 -7.16959025 5.81492047 -5.36144365 4.50338195 -3.73569358 2.97238564 -2.76088789 1.84503329 -2.41685262 
4.56457761 15.60999040 -11.43672330 9.39054849 -8.14132701 6.84244765 -6.40824168 5.53916935 -4.73587069 3.91776822 -3.63662521 2.64045763 -3.12474762 
4.66666203 15.07107807 -10.67719231 8.47410506 -7.12209183 5.76549362 -5.31186249 4.45504715 -3.68968213 2.92948004 -2.72165096 1.80982469 -2.38587771 
4.66943224 15.10006381 -10.71734879 8.52176919 -7.17426830 5.81979268 -5.36633517 4.50815435 -3.74024009 2.97662835 -2.76477051 1.84851957 -2.41992159 
4.67247640 15.07378313 -10.68093650 8.47854545 -7.12694856 5.77054394 -5.31692508 4.45997922 -3.69437416 2.93385272 -2.72564747 1.81340898 -2.38902939 
4.67523898 15.10263685 -10.72091730 8.52600922 -7.17891433 5.82463230 -5.37119470 4.51289622 -3.74475813 2.98084504 -2.76862979 1.85198529 -2.42297280 
4.67827394 15.07646847 -10.68465408 8.48295506 -7.13177246 5.77556092 -5.32195506 4.46488024 -3.69903732 2.93819909 -2.72962046 1.81697259 -2.39216326 
4.77315216 15.60947688 -11.43598668 9.38964483 -8.14030600 6.84135261 -6.40711092 5.53803601 -4.73476290 3.91670908 -3.63563348 2.63954774 -3.12393016 
4.68680225 15.10772653 -10.72797794 8.53440062 -7.18811146 5.83421485 -5.38081880 4.52228930 -3.75370966 2.98920112 -2.77627901 1.85885564 -2.42902242 
4.68981898 15.08178076 -10.69201042 8.49168307 -7.14132287 5.78549598 -5.33191815 4.47459010 -3.70827789 2.94681366 -2.73749648 1.82403836 -2.39837802 
4.69255897 15.11024353 -10.73147054 8.53855252 -7.19266310 5.83895832 -5.38558388 4.52694098 -3.75814357 2.99334089 -2.78006927 1.86226055 -2.43202106 
4.59501960 15.60999040 -11.43672330 9.39054849 -8.14132701 6.84244765 -6.40824168 5.53916935 -4.73587069 3.91776822 -3.63662521 2.64045763 -3.12474762 
4.69556665 15.08440808 -10.69564965 8.49600199 -7.14604993 5.79041460 -5.33685179 4.47939940 -3.71285572 2.95108222 -2.74139983 1.82754077 -2.40145913 
4.69829920 15.11274220 -10.73493831 8.54267557 -7.19718383 5.84367028 -5.39031799 4.53156307 -3.76254986 2.99745538 -2.78383684 1.86564545 -2.43500240 
4.60105278 15.60999040 -11.43672330 9.39054849 -8.14132701 6.84244765 -6.40824168 5.53916935 -4.73587069 3.91776822 -3.63662521 2.64045763 -3.12474762 
4.70129790 15.08701642 -10.69926325 8.50029122 -7.15074525 5.79530098 -5.34175383 4.48417859 -3.71740553 2.95532521 -2.74528029 1.83102306 -2.40452287 
4.70402303 15.11522272 -10.73838147 8.54677003 -7.20167390 5.84835098 -5.39502138 4.53615580 -3.76692874 3.00154479 -2.78758189 1.86901049 -2.43796657 
4.60706783 15.60999040 -11.43672330 9.39054849 -8.14132701 6.84244765 -6.40824168 5.53916935 -4.73587069 3.91776822 -3.63662521 2.64045763 -3.12474762 
4.60706783 15.60999040 -11.43672330 9.39054849 -8.14132701 6.84244765 -6.40824168 5.53916935 -4.73587069 3.91776822 -3.63662521 2.64045763 -3.12474762 
4.70701281 15.08960595 -10.70285143 8.50455101 -7.15540912 5.80015537 -5.34662452 4.48892790 -3.72192752 2.95954282 -2.74913800 1.83448534 -2.40756935 
4.70973057 15.11768526 -10.74180024 8.55083614 -7.20613358 5.85300070 -5.39969429 4.54071940 -3.77128041 3.00560929 -2.79130457 1.87235581 -2.44091367 
4.61306483 15.60999040 -11.43672330 9.39054849 -8.14132701 6.84244765 -6.40824168 5.53916935 -4.73587069 3.91776822 -3.63662521 2.64045763 -3.12474762 
4.61306483 15.60999040 -11.43672330 9.39054849 -8.14132701 6.84244765 -6.40824168 5.53916935 -4.73587069 3.91776822 -3.63662521 2.64045763 -3.12474762 
4.61306483 15.60999040 -11.43672330 9.39054849 -8.14132701 6.84244765 -6.40824168 5.53916935 -4.73587069 3.91776822 -3.63662521 2.64045763 -3.12474762 
4.61306483 15.60999040 -11.43672330 9.39054849 -8.14132701 6.84244765 -6.40824168 5.53916935 -4.73587069 3.91776822 -3.63662521 2.64045763 -3.12474762 
4.71271147 15.09217687 -10.70641444 8.50878163 -7.16004179 5.80497805 -5.35146410 4.49364756 -3.72642190 2.96373521 -2.75297314 1.83792775 -2.41059868 
4.71542190 15.12012999 -10.74519486 8.55487417 -7.21056314 5.85761968 -5.40433697 4.54525408 -3.77560508 3.00964907 -2.79500503 1.87568153 -2.44384381 
4.51971835 14.99862760 -10.57716867 8.35577387 -6.99297165 5.63153095 -5.17786673 4.32477964 -3.56600360 2.81443815 -2.61669490 1.71585418 -2.30338185 
4.51642105 15.02799156 -10.61764796 8.40359446 -7.04508106 5.68552387 -5.23180474 4.37715309 -3.61566994 2.86058510 -2.65875189 1.75347185 -2.33637495 
4.61306483 15.60999040 -11.43672330 9.39054849 -8.14132701 6.84244765 -6.40824168 5.53916935 -4.73587069 3.91776822 -3.63662521 2.64045763 -3.12474762 
4.51344300 14.99535320 -10.57265987 8.35045306 -6.98717966 5.62553556 -5.17188317 4.31897499 -3.56050385 2.80933240 -2.61204537 1.71169854 -2.29973968 
4.39946137 15.60924427 -11.43565301 9.38923551 -8.13984354 6.84085661 -6.40659876 5.53752270 -4.73426116 3.91622938 -3.63518433 2.63913566 -3.12355994 
4.39278730 15.60923927 -11.43564584 9.38922672 -8.13983361 6.84084596 -6.40658776 5.53751167 -4.73425039 3.91621908 -3.63517468 2.63912681 -3.12355199 
4.38609089 15.60923422 -11.43563861 9.38921784 -8.13982358 6.84083521 -6.40657665 5.53750054 -4.73423951 3.91620867 -3.63516494 2.63911787 -3.12354396 
4.37937197 15.60922913 -11.43563130 9.38920888 -8.13981345 6.84082434 -6.40656543 5.53748929 -4.73422851 3.91619817 -3.63515510 2.63910884 -3.12353585 
4.37263041 15.60922398 -11.43562391 9.38919982 -8.13980321 6.84081336 -6.40655410 5.53747793 -4.73421741 3.91618755 -3.63514516 2.63909972 -3.12352765 
4.36586605 15.60921878 -11.43561645 9.38919067 -8.13979287 6.84080227 -6.40654265 5.53746646 -4.73420619 3.91617682 -3.63513512 2.63909051 -3.12351938 
4.24624430 14.80289269 -10.30943273 8.04182037 -6.65330237 5.28198695 -4.83097553 3.99008145 -3.25052944 2.52299993 -2.35253016 1.48078203 -2.09821098 
4.10702619 15.60599617 -11.43099442 9.38352126 -8.13338806 6.83393376 -6.39945090 5.53035929 -4.72725995 3.90953621 -3.62891774 2.63338670 -3.11839534 
4.09154247 15.60593392 -11.43090515 9.38341178 -8.13326438 6.83380114 -6.39931398 5.53022209 -4.72712586 3.90940803 -3.62879774 2.63327662 -3.11829646 
4.07593795 15.60587021 -11.43081378 9.38329972 -8.13313779 6.83366540 -6.39917384 5.53008166 -4.72698862 3.90927684 -3.62867492 2.63316395 -3.11819525 
4.06021072 15.60580499 -11.43072025 9.38318500 -8.13300820 6.83352644 -6.39903038 5.52993790 -4.72684813 3.90914254 -3.62854919 2.63304861 -3.11809164 
4.04435884 15.60573820 -11.43062447 9.38306753 -8.13287552 6.83338416 -6.39888349 5.52979070 -4.72670428 3.90900502 -3.62842045 2.63293052 -3.11798556 
4.02838031 15.60566981 -11.43052639 9.38294723 -8.13273963 6.83323845 -6.39873306 5.52963996 -4.72655696 3.90886420 -3.62828861 2.63280958 -3.11787692 
3.87857901 14.47801274 -9.87307735 7.53898895 -6.11838988 4.74035674 -4.30178814 3.48712296 -2.78326035 2.09719647 -1.97154852 1.14587233 -1.80928139 
3.54372834 14.09160637 -9.36709749 6.96997125 -5.52723412 4.15523689 -3.74256484 2.96680905 -2.30966623 1.67391253 -1.59971968 0.82460793 -1.53666049 
3.31667274 15.57511821 -11.38675602 9.32931404 -8.07220924 6.76838663 -6.33183333 5.46265194 -4.66113860 3.84637174 -3.56982105 2.57920756 -3.06975387 
2.89970008 10.28886522 -5.12282316 2.84677732 -1.78747298 0.88236451 -0.94985982 0.62571188 -0.37318123 0.08251665 -0.30240725 -0.22638222 -0.69681268 
2.50607203 13.49667446 -8.61549451 6.15334773 -4.70677283 3.36880484 -3.01393440 2.30891141 -1.72786643 1.16783122 -1.16639129 0.45902804 -1.23341921 
3.17960179 11.73284927 -6.57938512 4.12257489 -2.82749902 1.70151381 -1.57894803 1.10087759 -0.72804851 0.34888707 -0.50267579 -0.07428474 -0.81095193 
4.14514667 10.35101938 -5.18165813 2.89520932 -1.82459888 0.90997888 -0.96994131 0.64012032 -0.38343374 0.08994360 -0.30784676 -0.22229018 -0.69984968 
4.94482116 12.18986517 -7.07963687 4.59592393 -3.24304004 2.05178003 -1.86559070 1.33057015 -0.90925639 0.49100222 -0.61338371 0.01171907 -0.87691381 
5.17216797 15.35451273 -11.07326651 8.94812347 -7.64513634 6.31398864 -5.86618050 4.99931670 -4.21136292 3.41912797 -3.17221079 2.21649443 -2.74563821 
4.73744445 10.77218562 -5.58946109 3.23827723 -2.09321217 1.11365800 -1.12074521 0.75012983 -0.46292337 0.14812360 -0.35075212 -0.18999403 -0.72385917 
3.47324832 -2.69375530 -0.31981680 -0.09282105 -0.13843246 -0.22003287 -0.25528826 0.16169867 -0.09927119 -0.14726857 -0.15032890 -0.37943812 -0.58428601 
4.78319103 1.08436890 -0.18812837 0.00681878 -0.12775913 -0.18228979 -0.26587587 0.17756247 -0.09152400 -0.13191800 -0.14729860 -0.36537483 -0.59149828 
5.95834151 11.54867085 -6.38313949 3.94164691 -2.67265319 1.57407657 -1.47702234 1.02096615 -0.66629445 0.30129810 -0.46615591 -0.10234037 -0.78965959 
6.28140050 15.60937171 -11.43583582 9.38945977 -8.14009691 6.84112836 -6.40687936 5.53780393 -4.73453605 3.91649219 -3.63543041 2.63936142 -3.12376277 
5.85937908 9.79295765 -4.66578289 2.47993919 -1.51303223 0.68259454 -0.80742696 0.52532238 -0.30290331 0.03210029 -0.26569013 -0.25406534 -0.67626591 
4.59691375 -7.89797732 -2.55536859 -1.07901244 -0.57424706 -0.44740877 -0.35357299 0.09135067 -0.15294012 -0.19636101 -0.18417265 -0.40873154 -0.58974739 
5.50914928 4.41069579 -1.10954060 0.30172981 -0.21925570 -0.12092024 -0.30211592 0.20212869 -0.09851594 -0.11663989 -0.15583484 -0.34831612 -0.60410371 
6.61318117 11.65159494 -6.49242843 4.04206987 -2.75831946 1.64436402 -1.53307479 1.06479030 -0.70007224 0.32727112 -0.48605115 -0.08707599 -0.80123011 
6.95789006 15.57140399 -11.38144062 9.32280765 -8.06487340 6.76053443 -6.32374043 5.45455527 -4.65323807 3.83883032 -3.56277042 2.57274803 -3.06395829 
6.82307590 14.24751791 -9.56955920 7.19582399 -5.76002402 4.38389279 -3.95947475 3.16716581 -2.49075361 1.83468388 -1.74005027 0.94512910 -1.63834483 
6.26857019 10.82067298 -5.63743239 3.27946804 -2.12610747 1.13905155 -1.13986186 0.76429007 -0.47330039 0.15579413 -0.35644809 -0.18569903 -0.72705967 
5.30620031 10.56626184 -5.38808227 3.06726767 -1.95810154 1.01037357 -1.04369744 0.69353756 -0.42177319 0.11787501 -0.32837939 -0.20684346 -0.71132215 
4.40946845 12.38489288 -7.29890174 4.80878780 -3.43462402 2.21709563 -2.00394012 1.44381687 -1.00041332 0.56374964 -0.67092148 0.05695799 -0.91200452 
4.15270377 14.82023158 -10.33300281 8.06929501 -6.68285618 5.31223151 -4.86082963 4.01873703 -3.27740454 2.54770993 -2.37482696 1.50053897 -2.11538494 
4.50287352 13.78725642 -8.97846297 6.54338552 -5.09440313 3.73645780 -3.35106294 2.61025649 -1.99175599 1.39525757 -1.35941639 0.62054117 -1.36633460 
4.98326684 13.26162705 -8.32764137 5.84987364 -4.41074005 3.09300456 -2.76538247 2.09043881 -1.53961436 1.00801753 -1.03265307 0.34856365 -1.14363263 
5.29294744 15.21283890 -10.87434257 8.70897464 -7.38010866 6.03491924 -5.58303525 4.72025583 -3.94292335 3.16631901 -2.93884096 2.00522727 -2.55821212 
5.38370843 15.59998146 -11.42237036 9.37294590 -8.12144406 6.82112826 -6.38623237 5.51711506 -4.71431840 3.89716659 -3.61733873 2.62276605 -3.10885587 
5.27338537 14.72642491 -10.20582496 7.92142812 -6.52419277 5.15024470 -4.70130029 3.86595011 -3.13441447 2.41650316 -2.25665936 1.39601970 -2.02468543 
5.06615944 15.30965313 -11.01007500 8.87192053 -7.56043869 6.22455362 -5.77519561 4.90941397 -4.12467023 3.33729461 -3.09650503 2.14781843 -2.68459415 
4.91860473 15.24492837 -10.91923379 8.76275475 -7.43950785 6.09726433 -5.64609515 4.78222144 -4.00236106 3.22214518 -2.99024313 2.05164935 -2.59930178 
4.57890339 12.71014998 -7.67231249 5.17869278 -3.77418544 2.51563937 -2.25833734 1.65569294 -1.17379996 0.70416819 -0.78345268 0.14641569 -0.98212063 
3.98666432 12.97384819 -7.98217310 5.49259785 -4.06870464 2.78001362 -2.48817202 1.85082544 -1.33643970 0.83807961 -0.89239127 0.23414667 -1.05173170 
3.33895800 11.53412574 -6.36777221 3.92759427 -2.66072180 1.56433005 -1.46928224 1.01493855 -0.66166593 0.29775001 -0.46344503 -0.10441661 -0.78808840 
2.36581340 8.41666796 -3.51227495 1.63241813 -0.93014446 0.28763164 -0.54315293 0.34906574 -0.18557323 -0.05036918 -0.20600522 -0.30029273 -0.64161058 
1.28540177 14.93728226 -10.49286598 8.25647894 -6.88508288 5.52005064 -5.06679581 4.21720638 -3.46424085 2.72010602 -2.53091273 1.63928596 -2.23635915 
0.52877509 -4.46373542 -0.81268035 -0.24394522 -0.18520907 -0.24787246 -0.26102402 0.15195059 -0.10801085 -0.15745017 -0.15635196 -0.38645126 -0.58322716 
-1.11619268 10.59282146 -5.41384182 3.08896977 -1.97511590 1.02328873 -1.05326845 0.70052470 -0.42682505 0.12157373 -0.33110742 -0.20479034 -0.71284835 
-0.24603817 -12.13770364 -6.14592724 -3.77935701 -2.49167091 -1.78332714 -1.26490837 -0.54335955 -0.60260601 -0.52147435 -0.41695960 -0.57488149 -0.70030873 
0.79926390 9.90704037 -4.76897665 2.56129327 -1.57283668 0.72544945 -0.83754274 0.54627160 -0.31739211 0.04242350 -0.27318092 -0.24840200 -0.68047216 
2.52848263 6.86680751 -2.41458781 0.94223887 -0.52108332 0.04086978 -0.39327173 0.25651838 -0.12851909 -0.09105625 -0.17577185 -0.32638921 -0.62140847 
3.86353407 9.47729492 -4.38630570 2.26403025 -1.35738766 0.57294912 -0.73155430 0.47326116 -0.26734478 0.00691724 -0.24746238 -0.26791533 -0.66596024 
4.86356258 10.94888742 -5.76530091 3.39010740 -2.21512604 1.20824063 -1.19228384 0.80335297 -0.50208600 0.17715907 -0.37236109 -0.17368582 -0.73602315 
5.66606193 11.90090592 -6.76113511 4.29255000 -2.97500977 1.82450600 -1.67854834 1.17989081 -0.78978958 0.39691092 -0.53982016 -0.04558699 -0.83284836 
6.38584138 12.15128747 -7.03667567 4.55459814 -3.20617790 2.02024126 -1.83941144 1.30930804 -0.89226859 0.47753360 -0.60279252 0.00343092 -0.87051338 
