11.03891341 0.34475700 -0.11528201 -0.01239855 -0.12520256 -0.18987316 -0.26194728 0.17419433 -0.09201742 -0.13465830 -0.14694281 -0.36832121 -0.58959578 
4.71804520 15.60999040 -11.43672330 9.39054849 -8.14132701 6.84244765 -6.40824168 5.53916935 -4.73587069 3.91776822 -3.63662521 2.64045763 -3.12474762 
4.71804520 15.60999040 -11.43672330 9.39054849 -8.14132701 6.84244765 -6.40824168 5.53916935 -4.73587069 3.91776822 -3.63662521 2.64045763 -3.12474762 
4.81261031 15.13545850 -10.76649209 8.58022263 -7.23838488 5.88664662 -5.43352781 4.57377994 -3.80282262 3.03508500 -2.81831434 1.89663864 -2.46231515 
4.90159552 15.60953877 -11.43607545 9.38975374 -8.14042905 6.84148457 -6.40724719 5.53817259 -4.73489640 3.91683671 -3.63575299 2.63965738 -3.12402866 
4.90677239 15.60954110 -11.43607880 9.38975784 -8.14043369 6.84148955 -6.40725232 5.53817774 -4.73490143 3.91684152 -3.63575750 2.63966152 -3.12403237 
4.91193590 15.60954342 -11.43608212 9.38976191 -8.14043829 6.84149448 -6.40725742 5.53818284 -4.73490642 3.91684629 -3.63576196 2.63966561 -3.12403606 
4.83135161 15.16763595 -10.81127131 8.63360203 -7.29705953 5.94794987 -5.49526142 4.63418639 -3.86053099 3.08908000 -2.86785074 1.94122347 -2.50165123 
4.83414970 15.14435846 -10.77886777 8.59496404 -7.25457688 5.90355227 -5.45054075 4.59041644 -3.81870627 3.04993793 -2.83193328 1.90888989 -2.47311879 
4.75189780 14.11854515 -9.40191565 7.00863666 -5.56691148 4.19404409 -3.77922647 3.00053726 -2.34003270 1.70077355 -1.62308412 0.84460881 -1.55348265 
4.64995402 15.09134843 -10.70526624 8.50741821 -7.15854872 5.80342366 -5.34990418 4.49212622 -3.72497311 2.96238371 -2.75173676 1.83681793 -2.40962200 
4.64715813 15.06191638 -10.66451638 8.45907796 -7.10566186 5.74841491 -5.29474813 4.43837956 -3.67383081 2.91471201 -2.70815720 1.79772604 -2.37524199 
4.54092327 15.60934267 -11.43579416 9.38940867 -8.14003918 6.84106643 -6.40681541 5.53773984 -4.73447341 3.91643230 -3.63537433 2.63930997 -3.12371655 
4.43129830 14.91752052 -10.46578486 8.22466720 -6.85060741 5.48451595 -5.03147651 4.18307830 -3.43202777 2.69030785 -2.50386943 1.61519281 -2.21530736 
4.42091831 15.01149714 -10.59489973 8.37670927 -7.01577271 5.65514431 -5.20144466 4.34766299 -3.58769445 2.83458343 -2.63504735 1.73226323 -2.31776845 
4.51593602 15.60932628 -11.43577066 9.38937983 -8.14000660 6.84103149 -6.40677934 5.53770368 -4.73443807 3.91639851 -3.63534269 2.63928095 -3.12369047 
4.50964013 15.60932209 -11.43576464 9.38937245 -8.13999826 6.84102255 -6.40677011 5.53769443 -4.73442902 3.91638986 -3.63533459 2.63927352 -3.12368379 
4.60842312 15.07232616 -10.67891976 8.47615361 -7.12433236 5.76782336 -5.31419779 4.45732214 -3.69184632 2.93149686 -2.72349421 1.81147777 -2.38733122 
4.60557172 15.04192450 -10.63688363 8.42635100 -7.06991254 5.71128669 -5.25757394 4.40220530 -3.63945496 2.88270912 -2.67893621 1.77154345 -2.35223978 
4.60241927 15.06952608 -10.67504444 8.47155817 -7.11930650 5.76259765 -5.30895983 4.45221966 -3.68699257 2.92697380 -2.71936055 1.80777074 -2.38407182 
4.59955976 15.03898220 -10.63281999 8.42154183 -7.06466304 5.70583849 -5.25212264 4.39690404 -3.63442036 2.87802480 -2.67466145 1.76771518 -2.34887819 
4.49063264 15.60930927 -11.43574625 9.38934989 -8.13997277 6.84099521 -6.40674188 5.53766614 -4.73440137 3.91636342 -3.63530984 2.63925080 -3.12366339 
4.48425646 15.60930491 -11.43574000 9.38934223 -8.13996411 6.84098593 -6.40673229 5.53765652 -4.73439197 3.91635444 -3.63530143 2.63924309 -3.12365645 
4.47785988 15.60930052 -11.43573369 9.38933449 -8.13995537 6.84097655 -6.40672260 5.53764682 -4.73438249 3.91634537 -3.63529293 2.63923530 -3.12364946 
4.47144278 15.60929607 -11.43572733 9.38932668 -8.13994654 6.84096708 -6.40671283 5.53763702 -4.73437291 3.91633622 -3.63528436 2.63922743 -3.12364239 
4.46500502 15.60929159 -11.43572089 9.38931879 -8.13993763 6.84095752 -6.40670296 5.53762713 -4.73436324 3.91632697 -3.63527570 2.63921949 -3.12363525 
4.45854647 15.60928706 -11.43571440 9.38931082 -8.13992863 6.84094787 -6.40669299 5.53761714 -4.73435347 3.91631764 -3.63526696 2.63921147 -3.12362805 
4.45206700 15.60928249 -11.43570784 9.38930278 -8.13991954 6.84093812 -6.40668292 5.53760705 -4.73434361 3.91630821 -3.63525814 2.63920337 -3.12362077 
4.44556647 15.60927788 -11.43570122 9.38929466 -8.13991036 6.84092828 -6.40667276 5.53759687 -4.73433366 3.91629869 -3.63524923 2.63919520 -3.12361343 
4.43904474 15.60927322 -11.43569454 9.38928645 -8.13990110 6.84091834 -6.40666250 5.53758658 -4.73432361 3.91628908 -3.63524023 2.63918694 -3.12360601 
4.43250168 15.60926851 -11.43568779 9.38927817 -8.13989174 6.84090831 -6.40665214 5.53757619 -4.73431345 3.91627937 -3.63523114 2.63917860 -3.12359852 
4.42593714 15.60926376 -11.43568097 9.38926981 -8.13988229 6.84089817 -6.40664167 5.53756570 -4.73430320 3.91626957 -3.63522196 2.63917018 -3.12359095 
4.41935098 15.60925896 -11.43567408 9.38926136 -8.13987275 6.84088794 -6.40663110 5.53755511 -4.73429285 3.91625967 -3.63521269 2.63916168 -3.12358332 
4.41274307 15.60925411 -11.43566713 9.38925283 -8.13986311 6.84087760 -6.40662043 5.53754441 -4.73428239 3.91624967 -3.63520333 2.63915309 -3.12357560 
4.51642105 15.02799156 -10.61764796 8.40359446 -7.04508106 5.68552387 -5.23180474 4.37715309 -3.61566994 2.86058510 -2.65875189 1.75347185 -2.33637495 
4.51344300 14.99535320 -10.57265987 8.35045306 -6.98717966 5.62553556 -5.17188317 4.31897499 -3.56050385 2.80933240 -2.61204537 1.71169854 -2.29973968 
4.51013484 15.02484896 -10.61331186 8.39846756 -7.03948970 5.67972581 -5.22600813 4.37152048 -3.61032469 2.85561529 -2.65421968 1.74941562 -2.33281535 
4.50714794 14.99205325 -10.56811690 8.34509310 -6.98134625 5.61949852 -5.16585920 4.31313223 -3.55496898 2.80419491 -2.60736767 1.70751836 -2.29607653 
4.39278730 15.60923927 -11.43564584 9.38922672 -8.13983361 6.84084596 -6.40658776 5.53751167 -4.73425039 3.91621908 -3.63517468 2.63912681 -3.12355199 
4.38609089 15.60923422 -11.43563861 9.38921784 -8.13982358 6.84083521 -6.40657665 5.53750054 -4.73423951 3.91620867 -3.63516494 2.63911787 -3.12354396 
4.26766877 14.81693768 -10.32852296 8.06407059 -6.67723384 5.30647524 -4.85514528 4.01327867 -3.27228333 2.54299955 -2.37057510 1.49677020 -2.11210786 
4.25635460 14.92210119 -10.47205882 8.23203342 -6.85858655 5.49273640 -5.03964346 4.19096637 -3.43947012 2.69718956 -2.51011258 1.62075293 -2.22016397 
4.24624430 14.80289269 -10.30943273 8.04182037 -6.65330237 5.28198695 -4.83097553 3.99008145 -3.25052944 2.52299993 -2.35253016 1.48078203 -2.09821098 
4.10702619 15.60599617 -11.43099442 9.38352126 -8.13338806 6.83393376 -6.39945090 5.53035929 -4.72725995 3.90953621 -3.62891774 2.63338670 -3.11839534 
3.96298270 14.54991434 -9.96878737 7.64832944 -6.23372915 4.85619777 -4.41407579 3.59302915 -2.88092481 2.18556883 -2.05008899 1.21447806 -1.86810947 
4.08748639 13.33399821 -8.41572540 5.94218360 -4.50026008 3.17593751 -2.83971329 2.15542805 -1.59532778 1.05508957 -1.07186949 0.38082385 -1.16975217 
4.18796888 14.76362277 -10.25615572 7.97983523 -6.58674875 5.21399765 -4.76397815 3.92587925 -3.19041127 2.46780753 -2.30279854 1.43677431 -2.06000546 
4.04435884 15.60573820 -11.43062447 9.38306753 -8.13287552 6.83338416 -6.39888349 5.52979070 -4.72670428 3.90900502 -3.62842045 2.63293052 -3.11798556 
4.16123835 14.86537176 -10.39449929 8.14112871 -6.76028239 5.39162129 -4.93934164 4.09423361 -3.34833349 2.61303236 -2.43386229 1.55292677 -2.16098778 
4.26868123 15.60914005 -11.43550352 9.38905213 -8.13963635 6.84063440 -6.40636930 5.53729272 -4.73403638 3.91601447 -3.63498311 2.63895104 -3.12339408 
4.26155536 15.60913397 -11.43549480 9.38904143 -8.13962426 6.84062144 -6.40635592 5.53727931 -4.73402327 3.91600194 -3.63497137 2.63894027 -3.12338441 
4.25440400 15.60912782 -11.43548598 9.38903061 -8.13961205 6.84060834 -6.40634239 5.53726575 -4.73401002 3.91598927 -3.63495950 2.63892939 -3.12337463 
4.24722699 15.60912161 -11.43547707 9.38901969 -8.13959970 6.84059509 -6.40632872 5.53725205 -4.73399662 3.91597646 -3.63494751 2.63891839 -3.12336474 
4.24002412 15.60911533 -11.43546807 9.38900864 -8.13958722 6.84058171 -6.40631489 5.53723819 -4.73398308 3.91596351 -3.63493539 2.63890727 -3.12335475 
4.23279522 15.60910898 -11.43545896 9.38899747 -8.13957460 6.84056817 -6.40630092 5.53722419 -4.73396939 3.91595043 -3.63492314 2.63889602 -3.12334465 
4.10497466 14.70493136 -10.17680292 7.88781556 -6.48826151 5.11369325 -4.66542917 3.83171100 -3.10247487 2.38728586 -2.23042266 1.37287740 -2.00465595 
3.95485386 15.60534065 -11.43005435 9.38236830 -8.13208568 6.83253724 -6.39800914 5.52891454 -4.72584804 3.90818653 -3.62765419 2.63222761 -3.11735414 
3.79946423 14.40703925 -9.77908315 7.43213338 -6.00620721 4.62820051 -4.19355342 3.38547628 -2.68991030 2.01305791 -1.89704808 1.08102268 -1.75385955 
3.61231749 15.59530158 -11.41566252 9.36472297 -8.11215979 6.81117723 -6.37596324 5.50682869 -4.70426963 3.88756418 -3.60835206 2.61452490 -3.10145513 
3.58246785 15.59485864 -11.41502775 9.36394495 -8.11128148 6.81023597 -6.37499202 5.50585596 -4.70331949 3.88665635 -3.60750253 2.61374593 -3.10075566 
3.71998097 14.60042542 -10.03631711 7.72579932 -6.31578147 4.93892886 -4.49457247 3.66922859 -2.95144152 2.24958899 -2.10716658 1.26448425 -1.91111075 
3.84363693 15.60479456 -11.42927126 9.38140791 -8.13100087 6.83137405 -6.39680830 5.52771124 -4.72467212 3.90706248 -3.62660189 2.63126232 -3.11648706 
3.82596412 15.60470208 -11.42913864 9.38124526 -8.13081715 6.83117706 -6.39660494 5.52750747 -4.72447299 3.90687213 -3.62642370 2.63109887 -3.11634024 
3.95631283 14.72952150 -10.21000981 7.92627893 -6.52938236 5.15552794 -4.70648907 3.87090637 -3.13904108 2.42073820 -2.26046473 1.39937823 -2.02759384 
4.07462054 15.60895798 -11.43524237 9.38873177 -8.13927441 6.84024623 -6.40596849 5.53689101 -4.73364374 3.91563908 -3.63463162 2.63862857 -3.12310437 
3.93632899 14.57517050 -10.00252281 7.68699730 -6.27464999 4.89742392 -4.45415721 3.63094223 -2.91598494 2.21737701 -2.07842921 1.23929186 -1.88943474 
3.92284363 14.70546743 -10.17752623 7.88865269 -6.48915577 5.11460235 -4.66632078 3.83256153 -3.10326780 2.38801080 -2.23107330 1.37345102 -2.00515217 
3.91103874 14.55444656 -9.97483675 7.65525839 -6.24105678 4.86357520 -4.42124378 3.59980517 -2.88718720 2.19124716 -2.05514552 1.21890316 -1.87191062 
3.74444507 15.60425374 -11.42849574 9.38045682 -8.12992660 6.83022220 -6.39561920 5.52651974 -4.72350777 3.90594951 -3.62555999 2.63030660 -3.11562858 
3.57190341 14.18252320 -9.48488068 7.10106298 -5.66205174 4.28737624 -3.86765457 3.08211870 -2.41368196 1.76608769 -1.68003392 0.89347084 -1.59466844 
3.54451153 14.45248700 -9.83921724 7.50043565 -6.07785326 4.69977072 -4.26256601 3.45023808 -2.74934172 2.06658694 -1.94441347 1.12222627 -1.78905166 
3.67866142 15.60386443 -11.42793750 9.37977223 -8.12915336 6.82939314 -6.39476335 5.52566219 -4.72266977 3.90514850 -3.62481015 2.62961879 -3.11501077 
3.65946172 15.60374591 -11.42776755 9.37956383 -8.12891797 6.82914076 -6.39450283 5.52540114 -4.72241468 3.90490468 -3.62458190 2.62940943 -3.11482271 
3.47947658 14.08222701 -9.35499077 6.95654393 -5.51347249 4.14179313 -3.72987908 2.95515142 -2.29918188 1.66464794 -1.59166889 0.81772237 -1.53087426 
3.45068265 14.36638186 -9.72545309 7.37139897 -5.94268301 4.56491928 -4.13269746 3.32851705 -2.63777004 1.96620721 -1.85568530 1.04511694 -1.72325438 
3.59077305 15.60330286 -11.42713226 9.37878477 -8.12803807 6.82819736 -6.39352897 5.52442537 -4.72146118 3.90399330 -3.62372875 2.62862688 -3.11411981 
3.40454254 13.99685001 -9.24516798 6.83514635 -5.38945494 4.02101678 -3.61625597 2.85104144 -2.20581300 1.58236014 -1.52034095 0.75686067 -1.47984396 
3.17222405 15.58723918 -11.40411111 9.35056792 -8.09618361 6.79405965 -6.35830431 5.48914570 -4.68700029 3.87106660 -3.59291647 2.60037336 -3.08874970 
3.13495913 15.58638179 -11.40288304 9.34906345 -8.09448601 6.79224121 -6.35642881 5.48726805 -4.68516695 3.86931554 -3.59127844 2.59887185 -3.08740185 
3.09698673 15.58547514 -11.40158447 9.34747270 -8.09269116 6.79031869 -6.35444604 5.48528311 -4.68322893 3.86746456 -3.58954700 2.59728478 -3.08597724 
3.05827947 15.58451537 -11.40020992 9.34578898 -8.09079150 6.78828401 -6.35234770 5.48318256 -4.68117813 3.86550596 -3.58771496 2.59560555 -3.08446996 
3.23696333 14.15080057 -9.44369541 7.05512926 -5.61471740 4.24089256 -3.82356836 3.04140576 -2.37689261 1.73343263 -1.65153660 0.86900118 -1.57402730 
3.21007416 13.75751713 -8.94095337 6.50270126 -5.05360219 3.69742301 -3.31496806 2.57773131 -1.96305204 1.37034034 -1.33812443 0.60261364 -1.35149325 
3.17674100 14.08492692 -9.35847493 6.96040724 -5.51743108 4.14565943 -3.73352661 2.95850264 -2.30219521 1.66731020 -1.59398195 0.81970031 -1.53253614 
3.33556729 15.60136393 -11.42435230 9.37537593 -8.12418821 6.82406997 -6.38926860 5.52015685 -4.71729034 3.90000690 -3.61999725 2.62520431 -3.11104573 
3.12422625 13.64334166 -8.79771357 6.34813609 -4.89936962 3.55057532 -3.17981244 2.45649047 -1.85651869 1.27823645 -1.25972135 0.53683236 -1.29721983 
2.85264079 15.57875630 -11.39196370 9.33568997 -8.07939953 6.77608458 -6.33976879 5.47059255 -4.66888821 3.85377030 -3.57673919 2.58554663 -3.07544215 
2.80884867 15.57737241 -11.38998261 9.33326430 -8.07666386 6.77315558 -6.33674925 5.46757088 -4.66593906 3.85095460 -3.57410620 2.58313393 -3.07327705 
2.51938703 12.56936262 -7.50949316 5.01626592 -3.62406384 2.38280080 -2.14444265 1.56027603 -1.09528000 0.64026138 -0.73200900 0.10536524 -0.94983096 
2.11295966 15.49661552 -11.27468222 9.19244063 -7.91822133 6.60389870 -6.16263579 5.29369216 -4.49656450 3.68954106 -3.42342775 2.44528541 -2.94976428 
2.37937168 13.08232265 -8.11149491 5.62544547 -4.19505122 2.89490315 -2.58930461 1.93772340 -1.40970203 0.89903398 -0.94245500 0.27480590 -1.08425245 
2.59076378 15.56952437 -11.37875118 9.31951618 -8.06116292 6.75656339 -6.31964826 5.45046177 -4.64924425 3.83501852 -3.55920710 2.56948381 -3.06102989 
2.54076898 15.56747740 -11.37582268 9.31593255 -8.05712355 6.75224082 -6.31519429 5.44600678 -4.64489817 3.83087087 -3.55533016 2.56593256 -3.05784423 
2.48949255 15.56527185 -11.37266772 9.31207229 -8.05277291 6.74758571 -6.31039821 5.44121012 -4.64021922 3.82640598 -3.55115705 2.56211035 -3.05441577 
2.72668309 13.51437647 -8.63738120 6.17663486 -4.72969278 3.39034145 -3.03350420 2.32625039 -1.74292151 1.18070289 -1.17723419 0.46803810 -1.24078484 
2.92117736 15.59695300 -11.41802934 9.36762411 -8.11543510 6.81468747 -6.37958540 5.51045666 -4.70781355 3.89095045 -3.61152099 2.61743077 -3.10406453 
2.66195295 12.93050327 -7.93080109 5.44012423 -4.01907514 2.73512318 -2.44885908 1.81721264 -1.30823540 0.81471539 -0.87327820 0.21867916 -1.03940203 
2.30840688 15.55654209 -11.36018454 9.29680358 -8.03557000 6.72918441 -6.29144512 5.42225991 -4.62173891 3.80877544 -3.53468246 2.54702430 -3.04088658 
1.93941929 11.29528858 -6.11816977 3.70171284 -2.47086896 1.41069294 -1.34835368 0.92155042 -0.59051387 0.24355247 -0.42225058 -0.13586038 -0.76436990 
1.84357488 12.06677926 -6.94303848 4.46496150 -3.12660029 1.95245859 -1.78338740 1.26399191 -0.85620196 0.44903452 -0.58044788 -0.01401388 -0.85707156 
1.77719708 10.87437395 -5.69080851 3.32550328 -2.16303026 1.16766668 -1.16148354 0.78036092 -0.48511513 0.16454779 -0.36295949 -0.18078602 -0.73072333 
1.67183185 11.68253124 -6.52546531 4.07259291 -2.78449605 1.66594819 -1.55036906 1.07837217 -0.71058458 0.33538264 -0.49228262 -0.08228526 -0.80486848 
1.60147650 10.38318132 -5.21223844 2.92048963 -1.84405762 0.92450605 -0.98054191 0.64775009 -0.38887847 0.09389512 -0.31074427 -0.22011062 -0.70146757 
1.48461642 11.22787842 -6.04865329 3.63960363 -2.41931470 1.36945530 -1.31625195 0.89701644 -0.57200330 0.22956294 -0.41168462 -0.14389375 -0.75833304 
1.79232757 15.52142530 -11.31004013 9.23555160 -7.96664669 6.65554887 -6.21568898 5.34659862 -4.54803085 3.73852589 -3.46909979 2.48702143 -2.98712008 
1.71734516 15.51472946 -11.30049186 9.22390318 -7.95355540 6.64157875 -6.20133247 5.33227524 -4.53409127 3.72525296 -3.45671969 2.47570413 -2.97698706 
1.63944280 15.50725263 -11.28983482 9.21090777 -7.93895633 6.62600576 -6.18533479 5.31632021 -4.51856906 3.71047787 -3.44294266 2.46311341 -2.96571691 
1.55838394 15.49886981 -11.27789258 9.19635223 -7.92261222 6.60857904 -6.16744038 5.29848071 -4.50122016 3.69396996 -3.42755512 2.44905536 -2.95313712 
1.47390206 15.48943018 -11.26445262 9.17998021 -7.90423804 6.58899752 -6.14734291 5.27845400 -4.48175261 3.67545365 -3.41030211 2.43329870 -2.93904213 
1.86519195 11.96809231 -6.83451314 4.36182460 -3.03568346 1.87553217 -1.72021090 1.21320066 -0.81601022 0.41743401 -0.55577906 -0.03320749 -0.84232969 
2.14717142 15.58185490 -11.39640009 9.34112271 -8.08552735 6.78264626 -6.34653410 5.47736339 -4.67549724 3.86008090 -3.58264084 2.59095502 -3.08029589 
2.10565191 15.58067312 -11.39470800 9.33905048 -8.08318986 6.78014313 -6.34395317 5.47478022 -4.67297570 3.85767311 -3.58038900 2.58889130 -3.07844375 
2.06325226 15.57941555 -11.39290750 9.33684566 -8.08070298 6.77748022 -6.34120765 5.47203250 -4.67029367 3.85511222 -3.57799409 2.58669659 -3.07647413 
2.37586986 12.85025222 -7.83614473 5.34388548 -3.92846361 2.65351687 -2.37768938 1.75660577 -1.25757541 0.77289578 -0.83917745 0.19116084 -1.01752524 
2.35272303 12.46597139 -7.39107806 4.89923779 -3.51688644 2.28878311 -2.06450541 1.49384411 -1.04103029 0.59641110 -0.69692930 0.07752099 -0.92803879 
2.32072189 12.75115593 -7.72007731 5.22667310 -3.81883075 2.55539853 -2.29263747 1.68459897 -1.19772184 0.72373733 -0.79927823 0.15909427 -0.99213097 
2.56855949 15.60534065 -11.43005435 9.38236830 -8.13208568 6.83253724 -6.39800914 5.52891454 -4.72584804 3.90818653 -3.62765419 2.63222761 -3.11735414 
2.27817170 12.31719090 -7.22239288 4.73414424 -3.36711876 2.15858153 -1.95475770 1.40339130 -0.96774522 0.53758896 -0.65016714 0.04059914 -0.89928553 
1.86047784 15.57262296 -11.38318494 9.32494265 -8.06728040 6.76311068 -6.32639548 5.45721139 -4.65582969 3.84130401 -3.56508300 2.57486663 -3.06585904 
1.81248245 15.57080828 -11.38058822 9.32176441 -8.06369730 6.75927570 -6.32244326 5.45325764 -4.65197199 3.83762191 -3.56164076 2.57171316 -3.06302987 
1.76330708 15.56885872 -11.37779882 9.31835073 -8.05984920 6.75515751 -6.31819959 5.44901271 -4.64783057 3.83366935 -3.55794595 2.56832858 -3.05999356 
1.71289225 15.56676062 -11.37479730 9.31467789 -8.05570945 6.75072769 -6.31363528 5.44444753 -4.64337712 3.82941937 -3.55397347 2.56468991 -3.05672956 
2.08396499 12.29409614 -7.19638957 4.70886455 -3.34433549 2.13889731 -1.93826467 1.38987561 -0.95685439 0.52888961 -0.64328112 0.03518156 -0.89508074 
2.35815071 15.60425374 -11.42849574 9.38045682 -8.12992660 6.83022220 -6.39561920 5.52651974 -4.72350777 3.90594951 -3.62555999 2.63030660 -3.11562858 
2.33957512 15.60414638 -11.42834179 9.38026803 -8.12971336 6.82999357 -6.39538318 5.52628325 -4.72327667 3.90572861 -3.62535320 2.63011691 -3.11545820 
2.32082540 15.60403598 -11.42818349 9.38007390 -8.12949409 6.82975846 -6.39514048 5.52604006 -4.72303903 3.90550146 -3.62514056 2.62992187 -3.11528300 
2.61354555 13.14695510 -8.18906503 5.70564506 -4.27180672 2.96511833 -2.65147169 1.99143969 -1.45523259 0.93710219 -0.97386380 0.30041812 -1.10481715 
2.60655870 13.03482140 -8.05473102 5.56700160 -4.13934442 2.84414103 -2.54452982 1.89917541 -1.37714192 0.87189745 -0.92013173 0.25665059 -1.06971179 
2.28279025 15.60380560 -11.42785313 9.37966878 -8.12903651 6.82926786 -6.39463402 5.52553260 -4.72254314 3.90502747 -3.62469684 2.62951486 -3.11491742 
2.26349794 15.60368536 -11.42768073 9.37945735 -8.12879771 6.82901183 -6.39436972 5.52526778 -4.72228436 3.90478011 -3.62446529 2.62930247 -3.11472664 
2.24401773 15.60356159 -11.42750325 9.37923971 -8.12855190 6.82874827 -6.39409765 5.52499517 -4.72201797 3.90452549 -3.62422694 2.62908384 -3.11453026 
2.54797395 13.03873956 -8.05940533 5.57180644 -4.14391697 2.84830140 -2.54819409 1.90232563 -1.37979918 0.87410933 -0.92194919 0.25812719 -1.07089325 
2.54079667 12.92249273 -7.92132602 5.43046461 -4.00995626 2.72688985 -2.44166123 1.81106873 -1.30308833 0.81045784 -0.86980000 0.21586774 -1.03716349 
2.20447869 15.60330286 -11.42713226 9.37878477 -8.12803807 6.82819736 -6.39352897 5.52442537 -4.72146118 3.90399330 -3.62372875 2.62862688 -3.11411981 
2.51437963 12.98188808 -7.99172094 5.50236920 -4.07796374 2.78840358 -2.49553227 1.85712900 -1.34173742 0.84247461 -0.89599141 0.23706359 -1.05405950 
2.75638669 15.60999040 -11.43672330 9.39054849 -8.14132701 6.84244765 -6.40824168 5.53916935 -4.73587069 3.91776822 -3.63662521 2.64045763 -3.12474762 
2.75638669 15.60999040 -11.43672330 9.39054849 -8.14132701 6.84244765 -6.40824168 5.53916935 -4.73587069 3.91776822 -3.63662521 2.64045763 -3.12474762 
2.50710352 12.86349080 -7.85171888 5.35968002 -3.94329795 2.66684549 -2.38928693 1.76646037 -1.26579534 0.77966829 -0.84469022 0.19560260 -1.02105119 
2.49737265 12.95273845 -7.95713242 5.46699890 -4.04447352 2.75807933 -2.46894863 1.83437749 -1.32262881 0.82663158 -0.88302081 0.22655962 -1.04568087 
2.49004619 12.83324121 -7.81615628 5.32363727 -3.90946752 2.63646704 -2.36286911 1.74402519 -1.24709157 0.76426542 -0.83215792 0.18550896 -1.01304158 
2.14366476 15.60288449 -11.42653239 9.37804916 -8.12720725 6.82730662 -6.39260949 5.52350409 -4.72056096 3.90313286 -3.62292330 2.62788809 -3.11345623 
2.46292750 12.89293329 -7.88641342 5.39492218 -3.97644962 2.69667679 -2.41528145 1.78857906 -1.28426962 0.79490798 -0.85710899 0.20561845 -1.02900936 
2.45549839 12.77118478 -7.74346354 5.25021930 -3.84078986 2.57499645 -2.30957967 1.69890530 -1.20958396 0.73345780 -0.80715151 0.16541052 -0.99712439 
2.44548452 12.86225342 -7.85026251 5.35820238 -3.94190952 2.66559747 -2.38820056 1.76553690 -1.26502477 0.77903319 -0.84417309 0.19518582 -1.02072026 
2.69484337 15.60999040 -11.43672330 9.39054849 -8.14132701 6.84244765 -6.40824168 5.53916935 -4.73587069 3.91776822 -3.63662521 2.64045763 -3.12474762 
2.95283276 13.56753985 -8.70328743 6.24693863 -4.79906193 3.45568091 -3.09301544 2.37909707 -1.78890706 1.22009909 -1.21048413 0.49571589 -1.26344890 
2.95887402 13.65976609 -8.81824405 6.37021200 -4.92132240 3.57140797 -3.19892488 2.47358193 -1.87149182 1.29114516 -1.27068076 0.54600495 -1.30477002 
2.71040765 15.60999040 -11.43672330 9.39054849 -8.14132701 6.84244765 -6.40824168 5.53916935 -4.73587069 3.91776822 -3.63662521 2.64045763 -3.12474762 
2.96643084 13.58654016 -8.72690580 6.27219875 -4.82404976 3.47927471 -3.11455561 2.39826880 -1.80562646 1.23445218 -1.22262130 0.50583695 -1.27175058 
2.97243699 13.67804203 -8.84111849 6.39483903 -4.94584191 3.59470361 -3.22032119 2.49273677 -1.88829032 1.30564190 -1.28299985 0.55632438 -1.31327118 
2.72585175 15.60999040 -11.43672330 9.39054849 -8.14132701 6.84244765 -6.40824168 5.53916935 -4.73587069 3.91776822 -3.63662521 2.64045763 -3.12474762 
2.97993828 13.60527638 -8.75022882 6.29717700 -4.84879165 3.50266613 -3.13593747 2.41732243 -1.82226202 1.24874868 -1.23472283 0.51593767 -1.28004294 
2.98590971 13.69606282 -8.86370410 6.41918684 -4.97011430 3.61779265 -3.24155290 2.51176606 -1.90499716 1.32007444 -1.29527631 0.56661735 -1.32175782 
2.74117749 15.60999040 -11.43672330 9.39054849 -8.14132701 6.84244765 -6.40824168 5.53916935 -4.73587069 3.91776822 -3.63662521 2.64045763 -3.12474762 
2.74117749 15.60999040 -11.43672330 9.39054849 -8.14132701 6.84244765 -6.40824168 5.53916935 -4.73587069 3.91776822 -3.63662521 2.64045763 -3.12474762 
2.74117749 15.60999040 -11.43672330 9.39054849 -8.14132701 6.84244765 -6.40824168 5.53916935 -4.73587069 3.91776822 -3.63662521 2.64045763 -3.12474762 
2.49004619 12.83324121 -7.81615628 5.32363727 -3.90946752 2.63646704 -2.36286911 1.74402519 -1.24709157 0.76426542 -0.83215792 0.18550896 -1.01304158 
2.48022273 12.92309085 -7.92203328 5.43118544 -4.01063656 2.72750393 -2.44219794 1.81152674 -1.30347194 0.81077509 -0.87005913 0.21607716 -1.03733020 
2.47284527 12.80247666 -7.78007455 5.28715249 -3.87529909 2.60585073 -2.33629947 1.72150596 -1.22835344 0.74886093 -0.81964413 0.17544418 -1.00506537 
2.46292750 12.89293329 -7.88641342 5.39492218 -3.97644962 2.69667679 -2.41528145 1.78857906 -1.28426962 0.79490798 -0.85710899 0.20561845 -1.02900936 
2.45549839 12.77118478 -7.74346354 5.25021930 -3.84078986 2.57499645 -2.30957967 1.69890530 -1.20958396 0.73345780 -0.80715151 0.16541052 -0.99712439 
2.10206993 15.60258339 -11.42610068 9.37751978 -8.12660937 6.82666562 -6.39194783 5.52284115 -4.71991318 3.90251371 -3.62234373 2.62735649 -3.11297875 
1.73923766 11.07347101 -5.89096554 3.50002676 -2.30450368 1.27838537 -1.24591654 0.84365892 -0.53202317 0.19951084 -0.38908358 -0.16103618 -0.74548122 
1.69386530 11.42034859 -6.24822388 3.81884875 -2.56886434 1.48965107 -1.41024501 0.96915953 -0.62665347 0.27099820 -0.44306061 -0.12000093 -0.77631501 
1.66411521 10.87479321 -5.69122626 3.32586442 -2.16332057 1.16789213 -1.16165423 0.78048802 -0.48520873 0.16461722 -0.36301118 -0.18074700 -0.73075244 
1.61673079 11.22838086 -6.04916991 3.64006390 -2.41969571 1.36975929 -1.31648803 0.89719646 -0.57213883 0.22966520 -0.41176175 -0.14383515 -0.75837705 
1.94927293 15.60136393 -11.42435230 9.37537593 -8.12418821 6.82406997 -6.38926860 5.52015685 -4.71729034 3.90000690 -3.61999725 2.62520431 -3.11104573 
1.55960872 10.58724225 -5.40842542 3.08440230 -1.97153180 1.02056591 -1.05124912 0.69904950 -0.42575775 0.12079196 -0.33053064 -0.20522445 -0.71252562 
2.02488976 7.89386201 -3.11821817 1.37065670 -0.76697598 0.18567288 -0.47954870 0.30905043 -0.16038185 -0.06805316 -0.19304320 -0.31100717 -0.63339876 
2.25430584 12.38820322 -7.30265343 4.81245813 -3.43795228 2.21998794 -2.00637712 1.44582465 -1.00203943 0.56505439 -0.67195840 0.05777649 -0.91264178 
2.24310188 12.48633608 -7.41432462 4.92213853 -3.53779392 2.30706895 -2.08000811 1.50669217 -1.05149471 0.60484966 -0.70366578 0.08285845 -0.93220906 
1.99178669 7.51208607 -2.84576486 1.19863088 -0.66485139 0.12415505 -0.44228227 0.28611273 -0.14627371 -0.07808754 -0.18558643 -0.31744089 -0.62841349 
0.78839362 15.50318322 -11.28403669 9.20383991 -7.93101897 6.61754163 -6.17664250 5.30765364 -4.51013995 3.70245657 -3.43546506 2.45628129 -2.95960271 
0.21683023 -7.83354310 -2.51309805 -1.05430097 -0.56064522 -0.43985634 -0.34954251 0.09380622 -0.15128008 -0.19510272 -0.18327081 -0.40807102 -0.58942769 
1.36807520 3.83657209 -0.88108312 0.21436393 -0.18707128 -0.13809955 -0.29227702 0.19594640 -0.09577026 -0.12002998 -0.15334728 -0.35191578 -0.60131520 
2.07839045 15.35705642 -11.07685533 8.95245772 -7.64996066 6.31908976 -5.87137682 5.00445766 -4.21632624 3.42381837 -3.17655461 2.22043885 -2.74914761 
2.20202281 15.38458378 -11.11573176 8.99945353 -7.70231773 6.37449871 -5.92786664 5.06038992 -4.27036677 3.47492390 -3.22391583 2.26347268 -2.78745837 
1.99866698 12.66099917 -7.61526360 5.12158267 -3.72122247 2.46862276 -2.21790063 1.62171580 -1.14576051 0.68128903 -0.76499307 0.13165641 -0.97048954 
1.28055948 10.87640557 -5.69283294 3.32725350 -2.16443732 1.16875948 -1.16231092 0.78097704 -0.48556887 0.16488439 -0.36321011 -0.18059685 -0.73086445 
0.11185578 -6.08467010 -1.50572757 -0.52704655 -0.29786623 -0.30267654 -0.28217533 0.13562231 -0.12158559 -0.17079673 -0.16567785 -0.39462909 -0.58427991 
0.08621568 5.71541312 -1.73658812 0.58186598 -0.33925250 -0.05841034 -0.33700088 0.22312542 -0.10939299 -0.10618281 -0.16399175 -0.33837758 -0.61193012 
1.89978537 7.25246026 -2.66785450 1.09042565 -0.60287966 0.08775930 -0.42065553 0.27297614 -0.13832299 -0.08382913 -0.18127026 -0.32129498 -0.62540625 
2.44262609 15.60471766 -11.42916099 9.38127267 -8.13084811 6.83121026 -6.39663920 5.52754181 -4.72450655 3.90690421 -3.62645373 2.63112641 -3.11636498 
2.46027292 15.60480974 -11.42929303 9.38143460 -8.13103102 6.83140638 -6.39684167 5.52774468 -4.72470480 3.90709372 -3.62663114 2.63128915 -3.11651116 
2.47776541 15.60489943 -11.42942164 9.38159234 -8.13120918 6.83159741 -6.39703889 5.52794230 -4.72489792 3.90727832 -3.62680395 2.63144767 -3.11665355 
2.78059454 13.22233989 -8.28002748 5.80018001 -4.36274132 3.04870819 -2.72582825 2.05597975 -1.51017548 0.98322416 -1.01205871 0.33166794 -1.12998810 
2.80003908 13.52649081 -8.65237611 6.19260650 -4.74542920 3.40514305 -3.04696726 2.33819009 -1.75329797 1.18958202 -1.18471980 0.47426292 -1.24587712 
2.54624445 15.60523588 -11.42990411 9.38218404 -8.13187755 6.83231407 -6.39777874 5.52868367 -4.72562242 3.90797086 -3.62745228 2.63204239 -3.11718777 
2.56300403 15.60531478 -11.43001726 9.38232281 -8.13203430 6.83248215 -6.39795226 5.52885754 -4.72579233 3.90813328 -3.62760434 2.63218188 -3.11731307 
2.30656873 12.60824593 -7.55427982 5.06077031 -3.66503966 2.41892740 -2.17530849 1.58604693 -1.11641872 0.65741591 -0.74578160 0.11633041 -0.95843745 
1.94545647 15.60999040 -11.43672330 9.39054849 -8.14132701 6.84244765 -6.40824168 5.53916935 -4.73587069 3.91776822 -3.63662521 2.64045763 -3.12474762 
1.94545647 15.60999040 -11.43672330 9.39054849 -8.14132701 6.84244765 -6.40824168 5.53916935 -4.73587069 3.91776822 -3.63662521 2.64045763 -3.12474762 
1.94545647 15.60999040 -11.43672330 9.39054849 -8.14132701 6.84244765 -6.40824168 5.53916935 -4.73587069 3.91776822 -3.63662521 2.64045763 -3.12474762 
1.57866229 10.80356959 -5.62048690 3.26489788 -2.11445625 1.13004651 -1.13307506 0.75925762 -0.46960888 0.15306350 -0.35441934 -0.18722908 -0.72591929 
1.56222219 10.92338224 -5.73974671 3.36789862 -2.19718057 1.19423790 -1.18163545 0.79539107 -0.49620025 0.17278034 -0.36909402 -0.17615405 -0.73418007 
1.55190786 10.73036322 -5.54825353 3.20303297 -2.06517316 1.09208867 -1.10456051 0.73817766 -0.45418909 0.14168050 -0.34597467 -0.19359459 -0.72117771 
1.53521284 10.85090636 -5.66745098 3.30533181 -2.14683111 1.15509777 -1.15197611 0.77328715 -0.47990986 0.16068849 -0.36008730 -0.18295359 -0.72910661 
1.52481130 10.65534006 -5.47472708 3.14046694 -2.01564402 1.05415954 -1.07622009 0.71733032 -0.43900955 0.13051180 -0.33770858 -0.19982087 -0.71654401 
0.89976215 15.58547514 -11.40158447 9.34747270 -8.09269116 6.79031869 -6.35444604 5.48528311 -4.68322893 3.86746456 -3.58954700 2.59728478 -3.08597724 
