10.70583803 0.34475700 -0.11528201 -0.01239855 -0.12520256 -0.18987316 -0.26194728 0.17419433 -0.09201742 -0.13465830 -0.14694281 -0.36832121 -0.58959578 
4.38496982 15.60999040 -11.43672330 9.39054849 -8.14132701 6.84244765 -6.40824168 5.53916935 -4.73587069 3.91776822 -3.63662521 2.64045763 -3.12474762 
4.38496982 15.60999040 -11.43672330 9.39054849 -8.14132701 6.84244765 -6.40824168 5.53916935 -4.73587069 3.91776822 -3.63662521 2.64045763 -3.12474762 
4.38496982 15.60999040 -11.43672330 9.39054849 -8.14132701 6.84244765 -6.40824168 5.53916935 -4.73587069 3.91776822 -3.63662521 2.64045763 -3.12474762 
4.38496982 15.60999040 -11.43672330 9.39054849 -8.14132701 6.84244765 -6.40824168 5.53916935 -4.73587069 3.91776822 -3.63662521 2.64045763 -3.12474762 
4.38496982 15.60999040 -11.43672330 9.39054849 -8.14132701 6.84244765 -6.40824168 5.53916935 -4.73587069 3.91776822 -3.63662521 2.64045763 -3.12474762 
4.38496982 15.60999040 -11.43672330 9.39054849 -8.14132701 6.84244765 -6.40824168 5.53916935 -4.73587069 3.91776822 -3.63662521 2.64045763 -3.12474762 
4.38496982 15.60999040 -11.43672330 9.39054849 -8.14132701 6.84244765 -6.40824168 5.53916935 -4.73587069 3.91776822 -3.63662521 2.64045763 -3.12474762 
4.49661208 14.98649581 -10.56046845 8.33607181 -6.97153088 5.60934323 -5.15572854 4.30330879 -3.54566542 2.79556126 -2.59950843 1.70049644 -2.28992432 
4.49961383 15.01955619 -10.60601112 8.38983772 -7.03008059 5.66997135 -5.21625853 4.36204894 -3.60133842 2.84726201 -2.64660347 1.74260057 -2.32683582 
4.39166999 15.60999040 -11.43672330 9.39054849 -8.14132701 6.84244765 -6.40824168 5.53916935 -4.73587069 3.91776822 -3.63662521 2.64045763 -3.12474762 
4.39166999 15.60999040 -11.43672330 9.39054849 -8.14132701 6.84244765 -6.40824168 5.53916935 -4.73587069 3.91776822 -3.63662521 2.64045763 -3.12474762 
4.39166999 15.60999040 -11.43672330 9.39054849 -8.14132701 6.84244765 -6.40824168 5.53916935 -4.73587069 3.91776822 -3.63662521 2.64045763 -3.12474762 
4.28043836 14.86256036 -10.39066354 8.13664186 -6.75543962 5.38664921 -4.93441832 4.08949361 -3.34387506 2.60892180 -2.43014344 1.54962341 -2.15810953 
4.27669966 14.89723542 -10.43802513 8.19210158 -6.81536021 5.44823050 -4.99545382 4.14831038 -3.39924677 2.66001591 -2.47640514 1.59074736 -2.19396667 
4.38496982 15.60999040 -11.43672330 9.39054849 -8.14132701 6.84244765 -6.40824168 5.53916935 -4.73587069 3.91776822 -3.63662521 2.64045763 -3.12474762 
4.27336669 14.85817367 -10.38468004 8.12964438 -6.74788881 5.37889850 -4.92674526 4.08210779 -3.33692935 2.60251923 -2.42435206 1.54447993 -2.15362870 
4.26961405 14.89301458 -10.43225391 8.18533672 -6.80804407 5.44070454 -4.98798780 4.14110948 -3.39246197 2.65375028 -2.47072784 1.58569699 -2.18956013 
4.37824712 15.60999040 -11.43672330 9.39054849 -8.14132701 6.84244765 -6.40824168 5.53916935 -4.73587069 3.91776822 -3.63662521 2.64045763 -3.12474762 
4.37824712 15.60999040 -11.43672330 9.39054849 -8.14132701 6.84244765 -6.40824168 5.53916935 -4.73587069 3.91776822 -3.63662521 2.64045763 -3.12474762 
4.37824712 15.60999040 -11.43672330 9.39054849 -8.14132701 6.84244765 -6.40824168 5.53916935 -4.73587069 3.91776822 -3.63662521 2.64045763 -3.12474762 
4.37824712 15.60999040 -11.43672330 9.39054849 -8.14132701 6.84244765 -6.40824168 5.53916935 -4.73587069 3.91776822 -3.63662521 2.64045763 -3.12474762 
4.49026389 14.98312641 -10.55583273 8.33060560 -6.96558522 5.60319334 -5.14959518 4.29736291 -3.54003559 2.79033801 -2.59475471 1.69625006 -2.28620460 
4.49327462 15.01634705 -10.60158579 8.38460822 -7.02438041 5.66406347 -5.21035506 4.35631522 -3.59589971 2.84220750 -2.64199590 1.73847849 -2.32321977 
4.38496982 15.60999040 -11.43672330 9.39054849 -8.14132701 6.84244765 -6.40824168 5.53916935 -4.73587069 3.91776822 -3.63662521 2.64045763 -3.12474762 
4.38496982 15.60999040 -11.43672330 9.39054849 -8.14132701 6.84244765 -6.40824168 5.53916935 -4.73587069 3.91776822 -3.63662521 2.64045763 -3.12474762 
4.49661208 14.98649581 -10.56046845 8.33607181 -6.97153088 5.60934323 -5.15572854 4.30330879 -3.54566542 2.79556126 -2.59950843 1.70049644 -2.28992432 
4.49961383 15.01955619 -10.60601112 8.38983772 -7.03008059 5.66997135 -5.21625853 4.36204894 -3.60133842 2.84726201 -2.64660347 1.74260057 -2.32683582 
4.39166999 15.60999040 -11.43672330 9.39054849 -8.14132701 6.84244765 -6.40824168 5.53916935 -4.73587069 3.91776822 -3.63662521 2.64045763 -3.12474762 
4.39166999 15.60999040 -11.43672330 9.39054849 -8.14132701 6.84244765 -6.40824168 5.53916935 -4.73587069 3.91776822 -3.63662521 2.64045763 -3.12474762 
4.39166999 15.60999040 -11.43672330 9.39054849 -8.14132701 6.84244765 -6.40824168 5.53916935 -4.73587069 3.91776822 -3.63662521 2.64045763 -3.12474762 
4.39166999 15.60999040 -11.43672330 9.39054849 -8.14132701 6.84244765 -6.40824168 5.53916935 -4.73587069 3.91776822 -3.63662521 2.64045763 -3.12474762 
4.39166999 15.60999040 -11.43672330 9.39054849 -8.14132701 6.84244765 -6.40824168 5.53916935 -4.73587069 3.91776822 -3.63662521 2.64045763 -3.12474762 
4.39166999 15.60999040 -11.43672330 9.39054849 -8.14132701 6.84244765 -6.40824168 5.53916935 -4.73587069 3.91776822 -3.63662521 2.64045763 -3.12474762 
4.39166999 15.60999040 -11.43672330 9.39054849 -8.14132701 6.84244765 -6.40824168 5.53916935 -4.73587069 3.91776822 -3.63662521 2.64045763 -3.12474762 
4.39166999 15.60999040 -11.43672330 9.39054849 -8.14132701 6.84244765 -6.40824168 5.53916935 -4.73587069 3.91776822 -3.63662521 2.64045763 -3.12474762 
4.39166999 15.60999040 -11.43672330 9.39054849 -8.14132701 6.84244765 -6.40824168 5.53916935 -4.73587069 3.91776822 -3.63662521 2.64045763 -3.12474762 
4.39166999 15.60999040 -11.43672330 9.39054849 -8.14132701 6.84244765 -6.40824168 5.53916935 -4.73587069 3.91776822 -3.63662521 2.64045763 -3.12474762 
4.39166999 15.60999040 -11.43672330 9.39054849 -8.14132701 6.84244765 -6.40824168 5.53916935 -4.73587069 3.91776822 -3.63662521 2.64045763 -3.12474762 
4.50294024 14.98983895 -10.56506911 8.34149785 -6.97743413 5.61545050 -5.16182060 4.30921574 -3.55125942 2.80075216 -2.60423347 1.70471787 -2.29362272 
4.50593306 15.02274016 -10.61040271 8.39502844 -7.03573966 5.67583774 -5.22212164 4.36774450 -3.60674186 2.85228457 -2.65118261 1.74669783 -2.33043060 
4.39834780 15.60999040 -11.43672330 9.39054849 -8.14132701 6.84244765 -6.40824168 5.53916935 -4.73587069 3.91776822 -3.63662521 2.64045763 -3.12474762 
4.50924849 14.99315609 -10.56963504 8.34688413 -6.98329535 5.62151551 -5.16787170 4.31508407 -3.55681786 2.80591095 -2.60893005 1.70891449 -2.29729992 
4.51223243 15.02589923 -10.61476090 8.40018075 -7.04135797 5.68166302 -5.22794474 4.37340219 -3.61211030 2.85727539 -2.65573353 1.75077041 -2.33400422 
4.40500338 15.60999040 -11.43672330 9.39054849 -8.14132701 6.84244765 -6.40824168 5.53916935 -4.73587069 3.91776822 -3.63662521 2.64045763 -3.12474762 
4.51553696 14.99644749 -10.57416658 8.35223100 -6.98911490 5.62753864 -5.17388216 4.32091410 -3.56234099 2.81103783 -2.61359833 1.71308647 -2.30095606 
4.51851208 15.02903364 -10.61908601 8.40529501 -7.04693590 5.68744754 -5.23372816 4.37902232 -3.61744400 2.86223472 -2.66025641 1.75481850 -2.33755683 
4.52180578 14.99971343 -10.57866407 8.35753883 -6.99489318 5.63352022 -5.17985233 4.32670610 -3.56782909 2.81613305 -2.61823852 1.71723397 -2.30459127 
4.52477212 15.03214366 -10.62337837 8.41037159 -7.05247383 5.69319165 -5.23947222 4.38460519 -3.62274323 2.86716279 -2.66475147 1.75884225 -2.34108855 
4.52805506 15.00295415 -10.58312784 8.36280799 -7.00063054 5.63946064 -5.18578253 4.33246039 -3.57328241 2.82119683 -2.62285081 1.72135714 -2.30820566 
4.53101269 15.03522951 -10.62763830 8.41541083 -7.05797211 5.69889570 -5.24517727 4.39015110 -3.62800826 2.87205982 -2.66921888 1.76284182 -2.34459953 
4.53428493 15.00616990 -10.58755821 8.36803884 -7.00632736 5.64536022 -5.19167309 4.33817726 -3.57870121 2.82622939 -2.62743539 1.72545614 -2.31179937 
4.53723388 15.03829146 -10.63186611 8.42041309 -7.06343110 5.70456005 -5.25084362 4.39566035 -3.63323934 2.87692605 -2.67365885 1.76681737 -2.34808989 
4.43140640 15.60999040 -11.43672330 9.39054849 -8.14132701 6.84244765 -6.40824168 5.53916935 -4.73587069 3.91776822 -3.63662521 2.64045763 -3.12474762 
4.43140640 15.60999040 -11.43672330 9.39054849 -8.14132701 6.84244765 -6.40824168 5.53916935 -4.73587069 3.91776822 -3.63662521 2.64045763 -3.12474762 
4.54049551 15.00936095 -10.59195550 8.37323174 -7.01198399 5.65121933 -5.19752434 4.34385700 -3.58408575 2.83123095 -2.63199243 1.72953113 -2.31537253 
4.54343584 15.04132973 -10.63606213 8.42537871 -7.06885115 5.71018504 -5.25647160 4.40113322 -3.63843675 2.88176169 -2.67807157 1.77076908 -2.35155977 
4.43795305 15.60999040 -11.43672330 9.39054849 -8.14132701 6.84244765 -6.40824168 5.53916935 -4.73587069 3.91776822 -3.63662521 2.64045763 -3.12474762 
4.43795305 15.60999040 -11.43672330 9.39054849 -8.14132701 6.84244765 -6.40824168 5.53916935 -4.73587069 3.91776822 -3.63662521 2.64045763 -3.12474762 
4.54668691 15.01252754 -10.59632005 8.37838703 -7.01760079 5.65703832 -5.20333659 4.34949991 -3.58943629 2.83620174 -2.63652213 1.73358226 -2.31892526 
4.54961867 15.04434458 -10.64022665 8.43030804 -7.07423262 5.71577101 -5.26206152 4.40657001 -3.64360072 2.88656698 -2.68245722 1.77469709 -2.35500929 
4.44447834 15.60999040 -11.43672330 9.39054849 -8.14132701 6.84244765 -6.40824168 5.53916935 -4.73587069 3.91776822 -3.63662521 2.64045763 -3.12474762 
4.55285926 15.01566991 -10.60065215 8.38350507 -7.02317811 5.66281751 -5.20911017 4.35510626 -3.59475307 2.84114197 -2.64102468 1.73760968 -2.32245768 
4.55578249 15.04733623 -10.64435998 8.43520142 -7.07957585 5.72131830 -5.26761371 4.41197101 -3.64873153 2.89134213 -2.68681600 1.77860156 -2.35843859 
4.55901266 15.01878830 -10.60495213 8.38858619 -7.02871632 5.66855725 -5.21484539 4.36067634 -3.60003636 2.84605185 -2.64550025 1.74161354 -2.32596992 
4.65943156 15.60941504 -11.43589798 9.38953602 -8.14018306 6.84122075 -6.40697477 5.53789955 -4.73462952 3.91658155 -3.63551408 2.63943819 -3.12383173 
4.66527381 15.60941840 -11.43590278 9.38954192 -8.14018973 6.84122790 -6.40698214 5.53790695 -4.73463674 3.91658846 -3.63552055 2.63944412 -3.12383707 
4.57416108 15.05617434 -10.65657586 8.44966918 -7.09537956 5.73773141 -5.28404697 4.42796209 -3.66392747 2.90548897 -2.69973300 1.79017535 -2.36860645 
4.57736039 15.02800200 -10.61766236 8.40361149 -7.04509963 5.68554313 -5.23182399 4.37717181 -3.61568770 2.86060161 -2.65876695 1.75348533 -2.33638678 
4.67690737 15.60942501 -11.43591227 9.38955356 -8.14020288 6.84124200 -6.40699671 5.53792154 -4.73465101 3.91660210 -3.63553332 2.63945584 -3.12384760 
4.68269886 15.60942827 -11.43591695 9.38955930 -8.14020937 6.84124896 -6.40700390 5.53792875 -4.73465805 3.91660884 -3.63553962 2.63946163 -3.12385279 
4.68847364 15.60943151 -11.43592160 9.38956500 -8.14021580 6.84125586 -6.40701102 5.53793589 -4.73466503 3.91661551 -3.63554587 2.63946736 -3.12385794 
4.59840669 15.06764755 -10.67244498 8.46847613 -7.11593629 5.75909393 -5.30544836 4.44879946 -3.68373951 2.92394274 -2.71659075 1.80528707 -2.38188827 
4.49592812 15.60999040 -11.43672330 9.39054849 -8.14132701 6.84244765 -6.40824168 5.53916935 -4.73587069 3.91776822 -3.63662521 2.64045763 -3.12474762 
4.49592812 15.60999040 -11.43672330 9.39054849 -8.14132701 6.84244765 -6.40824168 5.53916935 -4.73587069 3.91776822 -3.63662521 2.64045763 -3.12474762 
4.49592812 15.60999040 -11.43672330 9.39054849 -8.14132701 6.84244765 -6.40824168 5.53916935 -4.73587069 3.91776822 -3.63662521 2.64045763 -3.12474762 
4.49592812 15.60999040 -11.43672330 9.39054849 -8.14132701 6.84244765 -6.40824168 5.53916935 -4.73587069 3.91776822 -3.63662521 2.64045763 -3.12474762 
4.49592812 15.60999040 -11.43672330 9.39054849 -8.14132701 6.84244765 -6.40824168 5.53916935 -4.73587069 3.91776822 -3.63662521 2.64045763 -3.12474762 
4.49592812 15.60999040 -11.43672330 9.39054849 -8.14132701 6.84244765 -6.40824168 5.53916935 -4.73587069 3.91776822 -3.63662521 2.64045763 -3.12474762 
4.49592812 15.60999040 -11.43672330 9.39054849 -8.14132701 6.84244765 -6.40824168 5.53916935 -4.73587069 3.91776822 -3.63662521 2.64045763 -3.12474762 
4.60156575 15.03996542 -10.63417784 8.42314869 -7.06641692 5.70765865 -5.25394373 4.39867491 -3.63610207 2.87958942 -2.67608920 1.76899375 -2.35000085 
4.60442255 15.07046179 -10.67633939 8.47309365 -7.12098570 5.76434352 -5.31070970 4.45392419 -3.68861392 2.92848462 -2.72074124 1.80900887 -2.38516040 
4.50226727 15.60999040 -11.43672330 9.39054849 -8.14132701 6.84244765 -6.40824168 5.53916935 -4.73587069 3.91776822 -3.63662521 2.64045763 -3.12474762 
4.50226727 15.60999040 -11.43672330 9.39054849 -8.14132701 6.84244765 -6.40824168 5.53916935 -4.73587069 3.91776822 -3.63662521 2.64045763 -3.12474762 
4.50226727 15.60999040 -11.43672330 9.39054849 -8.14132701 6.84244765 -6.40824168 5.53916935 -4.73587069 3.91776822 -3.63662521 2.64045763 -3.12474762 
4.39699379 14.93177635 -10.48531705 8.24760715 -6.87546384 5.51013172 -5.05693286 4.20767221 -3.45523815 2.71177515 -2.52334941 1.63254550 -2.23046770 
4.39347731 14.96379114 -10.52925148 8.29928585 -6.93154292 5.56800606 -5.11452589 4.26338751 -3.50788587 2.76052755 -2.56763903 1.67204091 -2.26500855 
4.49592812 15.60999040 -11.43672330 9.39054849 -8.14132701 6.84244765 -6.40824168 5.53916935 -4.73587069 3.91776822 -3.63662521 2.64045763 -3.12474762 
4.49592812 15.60999040 -11.43672330 9.39054849 -8.14132701 6.84244765 -6.40824168 5.53916935 -4.73587069 3.91776822 -3.63662521 2.64045763 -3.12474762 
4.39032185 14.92796813 -10.48009745 8.24147477 -6.86881692 5.50327955 -5.05012123 4.20108938 -3.44902387 2.70602600 -2.51813114 1.62789596 -2.22640465 
4.38679302 14.96013146 -10.52422432 8.29336702 -6.92511429 5.56136589 -5.10791246 4.25698455 -3.50183078 2.75491636 -2.56253795 1.66748904 -2.26102522 
4.48956882 15.60999040 -11.43672330 9.39054849 -8.14132701 6.84244765 -6.40824168 5.53916935 -4.73587069 3.91776822 -3.63662521 2.64045763 -3.12474762 
4.48956882 15.60999040 -11.43672330 9.39054849 -8.14132701 6.84244765 -6.40824168 5.53916935 -4.73587069 3.91776822 -3.63662521 2.64045763 -3.12474762 
4.38362764 14.92412876 -10.47483654 8.23529543 -6.86212073 5.49637820 -5.04326227 4.19446227 -3.44276908 2.70024053 -2.51288090 1.62321875 -2.22231812 
4.38008639 14.95644158 -10.51915696 8.28740231 -6.91863735 5.55467731 -5.10125227 4.25053766 -3.49573536 2.74926887 -2.55740480 1.66290932 -2.25701817 
4.48318923 15.60999040 -11.43672330 9.39054849 -8.14132701 6.84244765 -6.40824168 5.53916935 -4.73587069 3.91776822 -3.63662521 2.64045763 -3.12474762 
4.48318923 15.60999040 -11.43672330 9.39054849 -8.14132701 6.84244765 -6.40824168 5.53916935 -4.73587069 3.91776822 -3.63662521 2.64045763 -3.12474762 
4.48318923 15.60999040 -11.43672330 9.39054849 -8.14132701 6.84244765 -6.40824168 5.53916935 -4.73587069 3.91776822 -3.63662521 2.64045763 -3.12474762 
4.48318923 15.60999040 -11.43672330 9.39054849 -8.14132701 6.84244765 -6.40824168 5.53916935 -4.73587069 3.91776822 -3.63662521 2.64045763 -3.12474762 
4.48318923 15.60999040 -11.43672330 9.39054849 -8.14132701 6.84244765 -6.40824168 5.53916935 -4.73587069 3.91776822 -3.63662521 2.64045763 -3.12474762 
4.48318923 15.60999040 -11.43672330 9.39054849 -8.14132701 6.84244765 -6.40824168 5.53916935 -4.73587069 3.91776822 -3.63662521 2.64045763 -3.12474762 
4.48318923 15.60999040 -11.43672330 9.39054849 -8.14132701 6.84244765 -6.40824168 5.53916935 -4.73587069 3.91776822 -3.63662521 2.64045763 -3.12474762 
4.48318923 15.60999040 -11.43672330 9.39054849 -8.14132701 6.84244765 -6.40824168 5.53916935 -4.73587069 3.91776822 -3.63662521 2.64045763 -3.12474762 
4.48318923 15.60999040 -11.43672330 9.39054849 -8.14132701 6.84244765 -6.40824168 5.53916935 -4.73587069 3.91776822 -3.63662521 2.64045763 -3.12474762 
4.48318923 15.60999040 -11.43672330 9.39054849 -8.14132701 6.84244765 -6.40824168 5.53916935 -4.73587069 3.91776822 -3.63662521 2.64045763 -3.12474762 
4.48318923 15.60999040 -11.43672330 9.39054849 -8.14132701 6.84244765 -6.40824168 5.53916935 -4.73587069 3.91776822 -3.63662521 2.64045763 -3.12474762 
4.58949959 15.03402888 -10.62598077 8.41344994 -7.05583247 5.69667586 -5.24295692 4.38799257 -3.62595895 2.87015366 -2.66747986 1.76128485 -2.34323271 
4.59237272 15.06481190 -10.66852170 8.46382523 -7.11085129 5.75380823 -5.30015172 4.44364116 -3.67883390 2.91937244 -2.71241486 1.80154296 -2.37859693 
4.48956882 15.60999040 -11.43672330 9.39054849 -8.14132701 6.84244765 -6.40824168 5.53916935 -4.73587069 3.91776822 -3.63662521 2.64045763 -3.12474762 
4.48956882 15.60999040 -11.43672330 9.39054849 -8.14132701 6.84244765 -6.40824168 5.53916935 -4.73587069 3.91776822 -3.63662521 2.64045763 -3.12474762 
4.38362764 14.92412876 -10.47483654 8.23529543 -6.86212073 5.49637820 -5.04326227 4.19446227 -3.44276908 2.70024053 -2.51288090 1.62321875 -2.22231812 
4.38008639 14.95644158 -10.51915696 8.28740231 -6.91863735 5.55467731 -5.10125227 4.25053766 -3.49573536 2.74926887 -2.55740480 1.66290932 -2.25701817 
4.48318923 15.60999040 -11.43672330 9.39054849 -8.14132701 6.84244765 -6.40824168 5.53916935 -4.73587069 3.91776822 -3.63662521 2.64045763 -3.12474762 
4.48318923 15.60999040 -11.43672330 9.39054849 -8.14132701 6.84244765 -6.40824168 5.53916935 -4.73587069 3.91776822 -3.63662521 2.64045763 -3.12474762 
4.48318923 15.60999040 -11.43672330 9.39054849 -8.14132701 6.84244765 -6.40824168 5.53916935 -4.73587069 3.91776822 -3.63662521 2.64045763 -3.12474762 
4.48318923 15.60999040 -11.43672330 9.39054849 -8.14132701 6.84244765 -6.40824168 5.53916935 -4.73587069 3.91776822 -3.63662521 2.64045763 -3.12474762 
4.48318923 15.60999040 -11.43672330 9.39054849 -8.14132701 6.84244765 -6.40824168 5.53916935 -4.73587069 3.91776822 -3.63662521 2.64045763 -3.12474762 
4.48318923 15.60999040 -11.43672330 9.39054849 -8.14132701 6.84244765 -6.40824168 5.53916935 -4.73587069 3.91776822 -3.63662521 2.64045763 -3.12474762 
4.48318923 15.60999040 -11.43672330 9.39054849 -8.14132701 6.84244765 -6.40824168 5.53916935 -4.73587069 3.91776822 -3.63662521 2.64045763 -3.12474762 
4.48318923 15.60999040 -11.43672330 9.39054849 -8.14132701 6.84244765 -6.40824168 5.53916935 -4.73587069 3.91776822 -3.63662521 2.64045763 -3.12474762 
4.48318923 15.60999040 -11.43672330 9.39054849 -8.14132701 6.84244765 -6.40824168 5.53916935 -4.73587069 3.91776822 -3.63662521 2.64045763 -3.12474762 
4.48318923 15.60999040 -11.43672330 9.39054849 -8.14132701 6.84244765 -6.40824168 5.53916935 -4.73587069 3.91776822 -3.63662521 2.64045763 -3.12474762 
4.48318923 15.60999040 -11.43672330 9.39054849 -8.14132701 6.84244765 -6.40824168 5.53916935 -4.73587069 3.91776822 -3.63662521 2.64045763 -3.12474762 
4.48318923 15.60999040 -11.43672330 9.39054849 -8.14132701 6.84244765 -6.40824168 5.53916935 -4.73587069 3.91776822 -3.63662521 2.64045763 -3.12474762 
4.48318923 15.60999040 -11.43672330 9.39054849 -8.14132701 6.84244765 -6.40824168 5.53916935 -4.73587069 3.91776822 -3.63662521 2.64045763 -3.12474762 
4.37691102 14.92025790 -10.46953390 8.22906865 -6.85537481 5.48942725 -5.03635558 4.18779052 -3.43647350 2.69441848 -2.50759846 1.61851372 -2.21820796 
4.37335725 14.95272117 -10.51404898 8.28139125 -6.91211163 5.54793988 -5.09454491 4.24404648 -3.48959931 2.74358483 -2.55223936 1.65830158 -2.25298725 
4.47678922 15.60999040 -11.43672330 9.39054849 -8.14132701 6.84244765 -6.40824168 5.53916935 -4.73587069 3.91776822 -3.63662521 2.64045763 -3.12474762 
4.47678922 15.60999040 -11.43672330 9.39054849 -8.14132701 6.84244765 -6.40824168 5.53916935 -4.73587069 3.91776822 -3.63662521 2.64045763 -3.12474762 
4.37017184 14.91635520 -10.46418909 8.22279398 -6.84857870 5.48242625 -5.02940077 4.18107377 -3.43013680 2.68855960 -2.50228362 1.61378068 -2.21407406 
4.36660547 14.94896990 -10.50889995 8.27533339 -6.90553667 5.54115317 -5.08778997 4.23751065 -3.48342230 2.73786395 -2.54704140 1.65366563 -2.24893233 
4.47036867 15.60999040 -11.43672330 9.39054849 -8.14132701 6.84244765 -6.40824168 5.53916935 -4.73587069 3.91776822 -3.63662521 2.64045763 -3.12474762 
4.47036867 15.60999040 -11.43672330 9.39054849 -8.14132701 6.84244765 -6.40824168 5.53916935 -4.73587069 3.91776822 -3.63662521 2.64045763 -3.12474762 
4.47036867 15.60999040 -11.43672330 9.39054849 -8.14132701 6.84244765 -6.40824168 5.53916935 -4.73587069 3.91776822 -3.63662521 2.64045763 -3.12474762 
4.36340995 14.91242033 -10.45880168 8.21647094 -6.84173191 5.47537475 -5.02239742 4.17431166 -3.42375868 2.68266362 -2.49693617 1.60901946 -2.20991626 
4.35983088 14.94518743 -10.50370946 8.26922826 -6.89891200 5.53431673 -5.08098705 4.23092980 -3.47720403 2.73210598 -2.54181070 1.64900130 -2.24485326 
4.46392744 15.60999040 -11.43672330 9.39054849 -8.14132701 6.84244765 -6.40824168 5.53916935 -4.73587069 3.91776822 -3.63662521 2.64045763 -3.12474762 
4.35662519 14.90845294 -10.45337123 8.21009905 -6.83483399 5.46827231 -5.01534513 4.16750383 -3.41733883 2.67673029 -2.49155589 1.60422989 -2.20573444 
4.35303334 14.94137343 -10.49847707 8.26307539 -6.89223714 5.52743009 -5.07413572 4.22430355 -3.47094416 2.72631063 -2.53654703 1.64430839 -2.24074988 
4.34981741 14.90445266 -10.44789730 8.20367783 -6.82788444 5.46111846 -5.00824348 4.16064991 -3.41087694 2.67075934 -2.48614256 1.59941180 -2.20152846 
4.34621269 14.93752753 -10.49320232 8.25687430 -6.88551162 5.52049282 -5.06723558 4.21763155 -3.46464239 2.72047764 -2.53125017 1.63958673 -2.23662206 
4.45098241 15.60999040 -11.43672330 9.39054849 -8.14132701 6.84244765 -6.40824168 5.53916935 -4.73587069 3.91776822 -3.63662521 2.64045763 -3.12474762 
4.34298646 14.90041916 -10.44237942 8.19720680 -6.82088278 5.45391275 -5.00109205 4.15374955 -3.40437269 2.66475050 -2.48069596 1.59456501 -2.19729818 
4.33936877 14.93364940 -10.48788480 8.25062450 -6.87873495 5.51350444 -5.06028619 4.21091341 -3.45829838 2.71460674 -2.52591989 1.63483612 -2.23246964 
4.33613217 14.89635205 -10.43681714 8.19068545 -6.81382851 5.44665471 -4.99389043 4.14680236 -3.39782576 2.65870352 -2.47521588 1.58968934 -2.19304346 
4.21095042 15.60908952 -11.43543105 9.38896323 -8.13953591 6.84052668 -6.40625808 5.53718125 -4.73392742 3.91591030 -3.63488556 2.63886155 -3.12331368 
4.20361547 15.60908289 -11.43542154 9.38895156 -8.13952273 6.84051255 -6.40624348 5.53716662 -4.73391312 3.91589663 -3.63487276 2.63884981 -3.12330313 
4.19625352 15.60907619 -11.43541192 9.38893976 -8.13950940 6.84049825 -6.40622872 5.53715182 -4.73389866 3.91588280 -3.63485982 2.63883794 -3.12329246 
4.18886438 15.60906941 -11.43540220 9.38892784 -8.13949593 6.84048380 -6.40621380 5.53713687 -4.73388404 3.91586883 -3.63484673 2.63882593 -3.12328168 
4.18144783 15.60906256 -11.43539237 9.38891578 -8.13948230 6.84046919 -6.40619871 5.53712174 -4.73386926 3.91585470 -3.63483350 2.63881379 -3.12327077 
4.05031704 14.66444992 -10.12226127 7.82477884 -6.42101284 5.04541691 -4.59854972 3.76799034 -3.04313752 2.33309588 -2.18183738 1.33008582 -1.96767250 
4.03762410 14.78573326 -10.28613473 8.01469422 -6.62415606 5.25219141 -4.80159517 3.96190881 -3.22413267 2.49875183 -2.33066909 1.46142699 -2.08139945 
4.15150352 15.60903436 -11.43535193 9.38886617 -8.13942625 6.84040907 -6.40613664 5.53705953 -4.73380845 3.91579656 -3.63477907 2.63876385 -3.12322590 
4.01840332 14.64012419 -10.08956147 7.78706871 -6.38086853 5.00474235 -4.55878611 3.73017714 -3.00799017 2.30105339 -2.15315646 1.30486443 -1.94590688 
4.00549358 14.76389296 -10.25652179 7.98026058 -6.58720487 5.21446304 -4.76443621 3.92631770 -3.19082138 2.46818365 -2.30313711 1.43707363 -2.06026509 
3.99413098 14.62127703 -10.06426484 7.75793876 -6.34990226 4.97340984 -4.52819577 3.70112436 -2.98101876 2.27649320 -2.13119718 1.28557401 -1.92927612 
3.83482004 15.60474863 -11.42920539 9.38132712 -8.13090962 6.83127621 -6.39670729 5.52761003 -4.72457321 3.90696794 -3.62651338 2.63118114 -3.11641413 
3.52713075 12.02896055 -6.90134487 4.42524228 -3.09150480 1.92269801 -1.75889460 1.24426115 -0.84055911 0.43671529 -0.57081728 -0.02151526 -0.85130406 
2.86342165 13.08517921 -8.11491513 5.62897351 -4.19842018 2.89797844 -2.59202175 1.94006647 -1.41168423 0.90068837 -0.94381775 0.27591551 -1.08514214 
2.79018376 13.78551488 -8.97626411 6.54099818 -5.09200660 3.73416286 -3.34893892 2.60834085 -1.99006397 1.39378761 -1.35815935 0.61948203 -1.36545721 
3.17821633 14.15969625 -9.45523504 7.06798907 -5.62795903 4.25388650 -3.83588316 3.05277028 -2.38715495 1.74253588 -1.65947597 0.87581456 -1.57977152 
3.87264351 11.21787795 -6.03837526 3.63045061 -2.41174120 1.36341513 -1.31156300 0.89344223 -0.56931318 0.22753379 -0.41015439 -0.14505615 -0.75746029 
5.01191985 9.42321259 -4.33931502 2.22837126 -1.33212435 0.55541929 -0.71958854 0.46514924 -0.26186537 0.00305506 -0.24467117 -0.27004831 -0.66436955 
5.78623548 12.82437834 -7.80575268 5.31310876 -3.89959948 2.62761808 -2.35518405 1.73750704 -1.24166415 0.75980081 -0.82852906 0.18258884 -1.01072634 
6.00658622 15.54332518 -11.34129832 9.27371843 -8.00957706 6.70139756 -6.26284154 5.39367643 -4.59387875 3.78220945 -3.50986982 2.52431285 -3.02052729 
5.64541290 11.49939651 -6.33115729 3.89417949 -2.63240693 1.54124268 -1.45097966 1.00070894 -0.65075611 0.28939747 -0.45707007 -0.10929569 -0.78439863 
4.45936159 0.13246826 -0.10324091 -0.01669247 -0.12492133 -0.19195325 -0.26098989 0.17328573 -0.09225566 -0.13544732 -0.14692647 -0.36913572 -0.58909607 
5.30535732 -0.41684406 -0.09044204 -0.02664614 -0.12493196 -0.19722692 -0.25884869 0.17101660 -0.09306116 -0.13751867 -0.14705816 -0.37119390 -0.58789434 
6.78541638 9.47031873 -4.38022963 2.25940887 -1.35410633 0.57066793 -0.72999452 0.47220217 -0.26662848 0.00641209 -0.24709726 -0.26819412 -0.66575239 
7.41837287 14.15443722 -9.44841204 7.06038452 -5.62012772 4.24620076 -3.82859828 3.04604680 -2.38108288 1.73714908 -1.65477744 0.87178202 -1.57637148 
7.55039531 15.53507382 -11.32951576 9.25932571 -7.99338156 6.68409459 -6.24504008 5.37589708 -4.57655823 3.76570149 -3.49445841 2.51021254 -3.00789240 
7.24984496 12.58406676 -7.52641343 5.03306397 -3.63951603 2.39641260 -2.15606265 1.56997021 -1.10322566 0.64670504 -0.73717914 0.10947932 -0.95305846 
6.35894784 7.42159402 -2.78307741 1.16012553 -0.64259041 0.11099743 -0.43442693 0.28132652 -0.14336517 -0.08017851 -0.18401933 -0.31882751 -0.62733333 
4.49059718 -1.91044871 -0.18955013 -0.06030409 -0.13048033 -0.21161694 -0.25547664 0.16503920 -0.09659474 -0.14361665 -0.14869095 -0.37659397 -0.58527324 
3.97429338 2.01531920 -0.34807563 0.04681656 -0.13618586 -0.17136023 -0.27229950 0.18245305 -0.09173145 -0.12835887 -0.14844135 -0.36135106 -0.59428289 
4.87027858 13.96082059 -9.19902784 6.78436133 -5.33779024 3.97090416 -3.56929504 2.80817468 -2.16750871 1.54871767 -1.49127399 0.73213405 -1.45917180 
4.91297802 14.55428164 -9.97461658 7.65500617 -6.24079001 4.86330658 -4.42098275 3.59955839 -2.88695910 2.19104030 -2.05496129 1.21874192 -1.87177210 
4.33316775 9.72429767 -4.60423676 2.43183452 -1.47796361 0.65764865 -0.79001318 0.51328101 -0.29462075 0.02621537 -0.26142527 -0.25729585 -0.67386496 
3.00879133 6.06650643 -1.93093333 0.67947411 -0.38584403 -0.03362493 -0.35085777 0.23132941 -0.11396188 -0.10236276 -0.16699822 -0.33513121 -0.61450146 
0.78590341 0.32133550 -0.11375942 -0.01289166 -0.12516297 -0.19010423 -0.26183804 0.17409302 -0.09204166 -0.13474516 -0.14693916 -0.36841168 -0.58953966 
-6.09292642 -9.25750091 -3.53285109 -1.70170120 -0.94681410 -0.66862736 -0.48087778 0.01215505 -0.20572635 -0.23451140 -0.21108869 -0.42793464 -0.60037454 
-0.46187395 0.28648026 -0.11158268 -0.01361592 -0.12510809 -0.19044733 -0.26167714 0.17394277 -0.09207867 -0.13487450 -0.14693457 -0.36854602 -0.58945660 
-0.08384027 -12.39781221 -6.41841153 -4.02626848 -2.69901794 -1.95016270 -1.39496675 -0.64341292 -0.67882936 -0.57914795 -0.46006990 -0.60674865 -0.72334619 
-0.62383540 15.20911505 -10.86913943 8.70274838 -7.37323947 6.02771698 -5.57575781 4.71311164 -3.93607699 3.15989431 -2.93293032 1.99989348 -2.55349452 
-0.79505360 15.14338165 -10.77750911 8.59334525 -7.25279835 5.90169491 -5.44867119 4.58858784 -3.81696006 3.04830471 -2.83043547 1.90754226 -2.47193019 
1.26604601 4.27805673 -1.05418517 0.27978283 -0.21089048 -0.12531764 -0.29962039 0.20057885 -0.09779665 -0.11747175 -0.15521072 -0.34918207 -0.60342953 
1.89947744 15.60999040 -11.43672330 9.39054849 -8.14132701 6.84244765 -6.40824168 5.53916935 -4.73587069 3.91776822 -3.63662521 2.64045763 -3.12474762 
2.27977008 12.43876029 -7.36007540 4.86875239 -3.48910432 2.26452591 -2.04397385 1.47685498 -1.02721370 0.58528415 -0.68805728 0.07049854 -0.92255719 
2.56300403 15.60531478 -11.43001726 9.38232281 -8.13203430 6.83248215 -6.39795226 5.52885754 -4.72579233 3.90813328 -3.62760434 2.63218188 -3.11731307 
2.57962434 15.60539174 -11.43012762 9.38245816 -8.13218718 6.83264608 -6.39812150 5.52902713 -4.72595807 3.90829171 -3.62775265 2.63231793 -3.11743528 
2.59610767 15.60546681 -11.43023527 9.38259020 -8.13233633 6.83280600 -6.39828660 5.52919257 -4.72611975 3.90844626 -3.62789734 2.63245065 -3.11755450 
2.61245626 15.60554006 -11.43034032 9.38271903 -8.13248185 6.83296204 -6.39844769 5.52935400 -4.72627751 3.90859706 -3.62803852 2.63258016 -3.11767084 
2.62867230 15.60561154 -11.43044283 9.38284476 -8.13262387 6.83311433 -6.39860491 5.52951155 -4.72643147 3.90874424 -3.62817631 2.63270656 -3.11778438 
2.64475792 15.60568132 -11.43054290 9.38296748 -8.13276250 6.83326298 -6.39875838 5.52966534 -4.72658176 3.90888791 -3.62831080 2.63282993 -3.11789521 
2.66071519 15.60574944 -11.43064059 9.38308730 -8.13289785 6.83340811 -6.39890821 5.52981548 -4.72672849 3.90902817 -3.62844212 2.63295039 -3.11800341 
2.67654616 15.60581597 -11.43073599 9.38320430 -8.13303001 6.83354983 -6.39905453 5.52996210 -4.72687178 3.90916514 -3.62857035 2.63306802 -3.11810908 
2.69225281 15.60588093 -11.43082916 9.38331858 -8.13315910 6.83368825 -6.39919743 5.53010529 -4.72701172 3.90929892 -3.62869559 2.63318291 -3.11821228 
2.45131541 12.87253886 -7.86237247 5.37049346 -3.95346233 2.67598529 -2.39724570 1.77322796 -1.27144426 0.78432545 -0.84848330 0.19866032 -1.02347965 
2.46129705 12.78167478 -7.75572665 5.26258059 -3.85233098 2.58530765 -2.31850285 1.70644773 -1.21584374 0.73859184 -0.81131320 0.16875148 -0.99976736 
