9.89860830 -0.84070687 -0.09866753 -0.03425407 -0.12561904 -0.20124704 -0.25752354 0.16931783 -0.09386447 -0.13916425 -0.14733063 -0.37274489 -0.58705492 
3.25111505 3.45123333 -0.74400175 0.16618243 -0.17073059 -0.14730729 -0.28687666 0.19245311 -0.09440070 -0.12204203 -0.15196369 -0.35413561 -0.59961767 
1.34327171 -11.01678055 -5.04105830 -2.83410413 -1.74065127 -1.20956199 -0.83951851 -0.22995054 -0.37240756 -0.35231660 -0.29384172 -0.48601175 -0.63804984 
2.48610582 9.65777225 -4.54500552 2.38583489 -1.44463691 0.63407021 -0.77363475 0.50200505 -0.28689569 0.02073718 -0.25745835 -0.26030553 -0.67162680 
2.90479537 15.60666696 -11.43195642 9.38470117 -8.13472092 6.83536302 -6.40092651 5.53183802 -4.72870511 3.91091770 -3.63021112 2.63457318 -3.11946117 
2.65822804 13.02228503 -8.03978480 5.55164745 -4.12474131 2.83086190 -2.53284060 1.88913141 -1.36867396 0.86485211 -0.91434521 0.25195111 -1.06595302 
2.02106576 11.62879929 -6.46814043 4.01967912 -2.73915810 1.62859584 -1.52046457 1.05490482 -0.69243386 0.32138552 -0.48153503 -0.09054507 -0.79859755 
1.95625227 12.16382150 -7.05061904 4.56799697 -3.21811754 2.03044699 -1.84787518 1.31617611 -0.89775146 0.48187751 -0.60620625 0.00610098 -0.87257431 
2.22771105 15.58401428 -11.39949230 9.34490997 -8.08979981 6.78722187 -6.35125237 5.48208613 -4.68010769 3.86448368 -3.58675877 2.59472915 -3.08368331 
2.18784658 15.58296682 -11.39799230 9.34307275 -8.08772714 6.78500207 -6.34896330 5.47979482 -4.67787081 3.86234750 -3.58476075 2.59289789 -3.08203966 
2.48188977 13.03327863 -8.05289091 5.56511049 -4.13754509 2.84250421 -2.54308845 1.89793647 -1.37609702 0.87102783 -0.91941728 0.25607021 -1.06924747 
2.71300495 15.60596523 -11.43095005 9.38346684 -8.13332658 6.83386783 -6.39938283 5.53029109 -4.72719330 3.90947249 -3.62885809 2.63333198 -3.11834619 
2.69746107 15.60590225 -11.43085974 9.38335608 -8.13320146 6.83373367 -6.39924432 5.53015229 -4.72705764 3.90934282 -3.62873669 2.63322061 -3.11824615 
2.68179543 15.60583779 -11.43076729 9.38324269 -8.13307338 6.83359633 -6.39910253 5.53001020 -4.72691879 3.90921008 -3.62861242 2.63310662 -3.11814375 
2.66600612 15.60577179 -11.43067264 9.38312661 -8.13294225 6.83345573 -6.39895737 5.52986474 -4.72677663 3.90907419 -3.62848520 2.63298991 -3.11803891 
2.65009117 15.60570421 -11.43057572 9.38300774 -8.13280798 6.83331174 -6.39880872 5.52971578 -4.72663106 3.90893503 -3.62835492 2.63287041 -3.11793156 
2.89902850 13.57749767 -8.71566132 6.26016832 -4.81214484 3.46803016 -3.10428645 2.38912590 -1.79765064 1.22760325 -1.21682820 0.50100496 -1.26778628 
2.89283047 13.48202483 -8.59740382 6.13412208 -4.68787199 3.35106428 -2.99783116 2.29465852 -1.71550321 1.15727077 -1.15750302 0.45164805 -1.22739073 
2.61787623 15.60556408 -11.43037477 9.38276128 -8.13252957 6.83301322 -6.39850052 5.52940694 -4.72632924 3.90864652 -3.62808482 2.63262263 -3.11770899 
2.60157206 15.60549142 -11.43027057 9.38263349 -8.13238523 6.83285844 -6.39834073 5.52924682 -4.72617276 3.90849694 -3.62794479 2.63249418 -3.11759360 
2.31578534 12.39291854 -7.30799915 4.81768955 -3.44269758 2.22411286 -2.00985365 1.44868964 -1.00436038 0.56691709 -0.67343904 0.05894544 -0.91355202 
2.28311275 12.68201387 -7.63962806 5.14594711 -3.74379397 2.48864008 -2.23509998 1.63615425 -1.15766522 0.69099507 -0.77281852 0.13790928 -0.97541421 
2.53499286 15.60518216 -11.42982708 9.38208957 -8.13177084 6.83219965 -6.39766061 5.52856530 -4.72550674 3.90786028 -3.62734876 2.63194744 -3.11710247 
2.51799590 15.60509987 -11.42970907 9.38194484 -8.13160735 6.83202435 -6.39747964 5.52838395 -4.72532952 3.90769088 -3.62719018 2.63180196 -3.11697180 
2.78367708 13.41127194 -8.51031246 6.04185363 -4.59743653 3.26642624 -2.92122015 2.22703430 -1.65699751 1.10741742 -1.11563870 0.41695995 -1.19911114 
2.77716838 13.30930516 -8.38561658 5.91057509 -4.46955463 3.14744505 -2.81413589 2.13303106 -1.57609944 1.03882166 -1.05829942 0.36964812 -1.16069389 
2.20081762 12.15713943 -7.04318386 4.56085051 -3.21174793 2.02500124 -1.84335803 1.31250987 -0.89482411 0.47955789 -0.60438308 0.00467482 -0.87147339 
2.16595650 12.45832294 -7.38235704 4.89065579 -3.50905969 2.28194462 -2.05871335 1.48904830 -1.03712765 0.59326647 -0.69442071 0.07553457 -0.92648762 
2.43077444 15.60465491 -11.42907099 9.38116231 -8.13072345 6.83107659 -6.39650122 5.52740354 -4.72437143 3.90677505 -3.62633282 2.63101550 -3.11626535 
2.98768231 10.94594531 -5.76235016 3.38754046 -2.21304991 1.20661924 -1.19104984 0.80242961 -0.50140293 0.17665063 -0.37198158 -0.17397258 -0.73580897 
3.16567276 13.92408554 -9.15210948 6.73285248 -5.28552047 3.92032675 -3.52200936 2.76510917 -2.12911075 1.51506221 -1.46225224 0.70749056 -1.43860484 
2.71677053 13.21487508 -8.27099668 5.79077099 -4.35366850 3.04034869 -2.71837532 2.04949665 -1.50464489 0.97857254 -1.00819969 0.32850554 -1.12743696 
2.70810480 13.29674245 -8.37032026 5.89453882 -4.45399730 3.13302740 -2.80120932 2.12172539 -1.56640440 1.03062802 -1.05147137 0.36402990 -1.15614406 
2.70138659 13.19034798 -8.24136053 5.75993006 -4.32396383 3.01300957 -2.69402707 2.02833857 -1.48661321 0.96342045 -0.99564003 0.31822097 -1.11914634 
2.69264709 13.27275442 -8.34115310 5.86400173 -4.42441101 3.10564288 -2.77668674 2.10030288 -1.54805448 1.01513600 -1.03857385 0.35342696 -1.14756463 
2.68588546 13.16543704 -8.21131750 5.72872279 -4.29395986 2.98544204 -2.66951593 2.00707285 -1.46851750 0.94823600 -0.98307002 0.30794005 -1.11086797 
2.67707095 13.24838720 -8.31157944 5.83309405 -4.39451761 3.07802003 -2.75199052 2.07876220 -1.52963086 0.99960321 -1.02565899 0.34282211 -1.13899317 
2.90243696 15.60999040 -11.43672330 9.39054849 -8.14132701 6.84244765 -6.40824168 5.53916935 -4.73587069 3.91776822 -3.63662521 2.64045763 -3.12474762 
2.45728022 9.25855412 -4.19785291 2.12215928 -1.25764524 0.50419247 -0.68489479 0.44178966 -0.24618507 -0.00797228 -0.23670482 -0.27616060 -0.65980390 
2.04171057 12.20692743 -7.09868111 4.61428334 -3.25945140 2.06584968 -1.87729201 1.34009120 -0.91687675 0.49705319 -0.61814835 0.01545168 -0.87979921 
2.92082848 10.76564083 -5.58300213 3.23274448 -2.08880396 1.11026231 -1.11819399 0.74824356 -0.46154344 0.14710485 -0.34999631 -0.19056376 -0.72343478 
3.67472741 12.39688345 -7.31249570 4.82209144 -3.44669175 2.22758593 -2.01278168 1.45110330 -1.00631623 0.56848715 -0.67468733 0.05993113 -0.91431969 
3.44854018 7.98075056 -3.18202969 1.41202264 -0.79215770 0.20112277 -0.48904333 0.31495534 -0.16405554 -0.06546119 -0.19495506 -0.30939450 -0.63464168 
3.08973895 -10.55871299 -4.62185603 -2.50015029 -1.49326727 -1.03265122 -0.71666874 -0.14425628 -0.31216422 -0.30940262 -0.26347007 -0.46460345 -0.62370039 
4.20671786 9.96520139 -4.82203396 2.60345936 -1.60407565 0.74798891 -0.85348143 0.55742124 -0.32514306 0.04796111 -0.27720453 -0.24536459 -0.68272701 
4.03613018 6.00061908 -1.89363329 0.66037177 -0.37655722 -0.03859979 -0.34806833 0.22967899 -0.11303390 -0.10312350 -0.16640069 -0.33576383 -0.61400038 
4.08718647 -6.28403437 -1.60694395 -0.57428279 -0.31895488 -0.31305567 -0.28675172 0.13260343 -0.12389948 -0.17287620 -0.16718204 -0.39584159 -0.58460299 
5.25166060 10.85955860 -5.67605688 3.31275907 -2.15279202 1.15972020 -1.15547075 0.77588595 -0.48182132 0.16210520 -0.36114138 -0.18215817 -0.72969982 
5.28465394 11.46404153 -6.29399467 3.86036274 -2.60383198 1.51800425 -1.43260317 0.98645543 -0.63985208 0.28106441 -0.45071941 -0.11415138 -0.78073000 
4.22784135 6.60578828 -2.25062915 0.85010539 -0.47215416 0.01347388 -0.37752307 0.24713243 -0.12302069 -0.09521870 -0.17256688 -0.32947944 -0.61897220 
2.15328593 0.41394287 -0.12006082 -0.01090992 -0.12533248 -0.18918807 -0.26227525 0.17449523 -0.09194881 -0.13440192 -0.14695631 -0.36805307 -0.58976299 
0.72173843 1.05688325 -0.18456227 0.00594670 -0.12761157 -0.18258424 -0.26571262 0.17743050 -0.09153254 -0.13202035 -0.14727690 -0.36548779 -0.59142291 
2.29451236 8.90583966 -3.90295311 1.90633100 -1.10997711 0.40471738 -0.61874911 0.39794961 -0.21718032 -0.02828771 -0.22202457 -0.28755368 -0.65125526 
2.75638669 15.60999040 -11.43672330 9.39054849 -8.14132701 6.84244765 -6.40824168 5.53916935 -4.73587069 3.91776822 -3.63662521 2.64045763 -3.12474762 
2.75638669 15.60999040 -11.43672330 9.39054849 -8.14132701 6.84244765 -6.40824168 5.53916935 -4.73587069 3.91776822 -3.63662521 2.64045763 -3.12474762 
2.50710352 12.86349080 -7.85171888 5.35968002 -3.94329795 2.66684549 -2.38928693 1.76646037 -1.26579534 0.77966829 -0.84469022 0.19560260 -1.02105119 
2.49737265 12.95273845 -7.95713242 5.46699890 -4.04447352 2.75807933 -2.46894863 1.83437749 -1.32262881 0.82663158 -0.88302081 0.22655962 -1.04568087 
2.74117749 15.60999040 -11.43672330 9.39054849 -8.14132701 6.84244765 -6.40824168 5.53916935 -4.73587069 3.91776822 -3.63662521 2.64045763 -3.12474762 
2.49004619 12.83324121 -7.81615628 5.32363727 -3.90946752 2.63646704 -2.36286911 1.74402519 -1.24709157 0.76426542 -0.83215792 0.18550896 -1.01304158 
2.14366476 15.60288449 -11.42653239 9.37804916 -8.12720725 6.82730662 -6.39260949 5.52350409 -4.72056096 3.90313286 -3.62292330 2.62788809 -3.11345623 
1.78786952 11.19860349 -6.01859129 3.61285385 -2.39719855 1.35182961 -1.30257864 0.88660052 -0.56416853 0.22365598 -0.40723173 -0.14727556 -0.75579444 
2.20184518 8.57124178 -3.63342812 1.71586259 -0.98398764 0.32219423 -0.56519795 0.36317850 -0.19461122 -0.04405339 -0.21059963 -0.29659485 -0.64442184 
2.42035691 12.70696751 -7.66861192 5.17498176 -3.77073803 2.51257404 -2.25569688 1.65347095 -1.17196365 0.70266789 -0.78224077 0.14544573 -0.98135551 
2.41014531 12.79927529 -7.77632486 5.28336579 -3.87175724 2.60268088 -2.33355176 1.71917971 -1.22641984 0.74727287 -0.81835521 0.17440831 -1.00424505 
2.92535985 13.52872616 -8.65514449 6.19555674 -4.74833746 3.40787988 -3.04945777 2.34039981 -1.75521921 1.19122670 -1.18610689 0.47541679 -1.24682137 
2.73646258 10.24018475 -5.07698403 2.80923195 -1.75883194 0.86115407 -0.93449754 0.61473004 -0.36539345 0.07688727 -0.29828980 -0.22948028 -0.69451376 
2.05959165 15.60226277 -11.42564098 9.37695608 -8.12597274 6.82598309 -6.39124330 5.52213528 -4.71922345 3.90185448 -3.62172665 2.62679050 -3.11247039 
1.68945465 10.94254764 -5.75894348 3.38457770 -2.21065427 1.20474878 -1.18962662 0.80136487 -0.50061544 0.17606455 -0.37154417 -0.17430308 -0.73556215 
1.64275942 11.29390310 -6.11673688 3.70042908 -2.46980050 1.40983616 -1.34768514 0.92103836 -0.59012672 0.24325940 -0.42202895 -0.13602902 -0.76424308 
2.33758019 12.66646136 -7.62159257 5.12790788 -3.72707882 2.47381355 -2.22235831 1.62545600 -1.14884286 0.68380100 -0.76701752 0.13327348 -0.97176270 
2.32977048 12.53624993 -7.47146237 4.97857908 -3.58945845 2.35236876 -2.11850621 1.53867205 -1.07759921 0.62594205 -0.72053364 0.09624326 -0.94268170 
1.94927293 15.60136393 -11.42435230 9.37537593 -8.12418821 6.82406997 -6.38926860 5.52015685 -4.71729034 3.90000690 -3.61999725 2.62520431 -3.11104573 
1.55960872 10.58724225 -5.40842542 3.08440230 -1.97153180 1.02056591 -1.05124912 0.69904950 -0.42575775 0.12079196 -0.33053064 -0.20522445 -0.71252562 
2.02488976 7.89386201 -3.11821817 1.37065670 -0.76697598 0.18567288 -0.47954870 0.30905043 -0.16038185 -0.06805316 -0.19304320 -0.31100717 -0.63339876 
3.32358223 9.44394552 -4.35729848 2.24199593 -1.34176187 0.56209757 -0.72414156 0.46823258 -0.26394606 0.00452109 -0.24573059 -0.26923825 -0.66497380 
3.92575811 14.47043376 -9.86301733 7.52752751 -6.10633161 4.72827684 -4.29010768 3.47613263 -2.77314861 2.08806676 -1.96345135 1.13881319 -1.80323961 
3.82467659 12.95934531 -7.96496516 5.47500192 -4.05204489 2.76492955 -2.47494927 1.83950935 -1.32693594 0.83020035 -0.88594081 0.22892308 -1.04756518 
3.33964331 14.19097980 -9.49587583 7.11334304 -5.67472355 4.29983668 -3.87948740 3.09305962 -2.42358024 1.77488348 -1.68771797 0.90007545 -1.60024499 
2.94521961 13.64123002 -8.79507586 6.34530171 -4.89655289 3.54790398 -3.17736317 2.45430147 -1.85460208 1.27658497 -1.25831995 0.53565998 -1.29625524 
2.20838567 8.36858688 -3.47502211 1.60703601 -0.91393617 0.27731352 -0.53661765 0.34490547 -0.18292338 -0.05222242 -0.20465436 -0.30138840 -0.64077554 
1.19082701 15.53778954 -11.33339299 9.26406105 -7.99870917 6.68978564 -6.25089423 5.38174314 -4.58225267 3.77112811 -3.49952396 2.51484664 -3.01204445 
1.12342405 15.53287458 -11.32637641 9.25549213 -7.98906912 6.67948859 -6.24030270 5.37116682 -4.57195120 3.76131163 -3.49036106 2.50646455 -3.00453459 
1.05367076 15.52744448 -11.31862702 9.24603126 -7.97842884 6.66812640 -6.22861875 5.35950271 -4.56059302 3.75049073 -3.48026283 2.49722875 -2.99626148 
1.56368402 11.09246569 -5.91024785 3.51699644 -2.31838420 1.28933857 -1.25433447 0.85001552 -0.53676561 0.20306371 -0.39174859 -0.15901766 -0.74699243 
2.94266101 8.15270217 -3.31028490 1.49637084 -0.84422099 0.23340250 -0.50904921 0.32747708 -0.17189778 -0.05994668 -0.19900718 -0.30601710 -0.63723646 
3.44946053 15.60229027 -11.42568041 9.37700444 -8.12602735 6.82604164 -6.39130374 5.52219583 -4.71928262 3.90191103 -3.62177959 2.62683905 -3.11251400 
2.97259368 8.34473535 -3.45661829 1.59454487 -0.90598921 0.27226936 -0.53343061 0.34288059 -0.18163609 -0.05312306 -0.20399736 -0.30192279 -0.64036790 
1.51149207 -9.22426726 -3.50700538 -1.68403540 -0.93552920 -0.66156202 -0.47658332 0.01488912 -0.20390341 -0.23322440 -0.21018907 -0.42730220 -0.59999667 
0.70096314 14.98574934 -10.55944134 8.33486058 -6.97021331 5.60798029 -5.15436916 4.30199086 -3.54441745 2.79440334 -2.59845453 1.69955497 -2.28909956 
0.71432075 -15.99315725 -10.81602079 -8.67863932 -7.27005038 -6.25071344 -5.31999979 -4.15472754 -3.76793992 -3.25674628 -2.74592350 -2.52939858 -2.31401092 
1.85546671 7.19421497 -2.62876048 1.06709743 -0.58976111 0.08014949 -0.41617447 0.27026995 -0.13669819 -0.08501370 -0.18037438 -0.32210962 -0.62476865 
2.69106563 13.17378385 -8.22137751 5.73916624 -4.30399462 2.99465667 -2.67770439 2.01417331 -1.47455641 0.95330096 -0.98726106 0.31136651 -1.11362598 
2.69781273 13.28079216 -8.35092028 5.87422167 -4.43430707 3.11479746 -2.78488023 2.10745690 -1.55417939 1.02030463 -1.04287504 0.35696157 -1.15042363 
2.40984325 15.60999040 -11.43672330 9.39054849 -8.14132701 6.84244765 -6.40824168 5.53916935 -4.73587069 3.91776822 -3.63662521 2.64045763 -3.12474762 
2.40984325 15.60999040 -11.43672330 9.39054849 -8.14132701 6.84244765 -6.40824168 5.53916935 -4.73587069 3.91776822 -3.63662521 2.64045763 -3.12474762 
2.40984325 15.60999040 -11.43672330 9.39054849 -8.14132701 6.84244765 -6.40824168 5.53916935 -4.73587069 3.91776822 -3.63662521 2.64045763 -3.12474762 
2.70652751 13.19856592 -8.25128409 5.77025081 -4.33389849 3.02214793 -2.70216127 2.03540328 -1.49263097 0.96847483 -0.99982783 0.32164883 -1.12190859 
2.71323135 13.30465561 -8.37995360 5.90463645 -4.46379171 3.14210286 -2.80934493 2.12883979 -1.57250439 1.03578267 -1.05576638 0.36756351 -1.15900539 
2.42778059 15.60999040 -11.43672330 9.39054849 -8.14132701 6.84244765 -6.40824168 5.53916935 -4.73587069 3.91776822 -3.63662521 2.64045763 -3.12474762 
2.72187277 13.22296689 -8.28078625 5.80097079 -4.36350407 3.04941117 -2.72645516 2.05652523 -1.51064093 0.98361573 -1.01238362 0.33193425 -1.13020298 
2.51843286 9.56216431 -4.46057228 2.32076804 -1.39784710 0.60118166 -0.75092319 0.48645018 -0.27628992 0.01323250 -0.25202841 -0.26443415 -0.66855397 
2.14406480 12.28851158 -7.19010899 4.70276559 -3.33884482 2.13415840 -1.93429797 1.38662808 -0.95423991 0.52680289 -0.64163053 0.03388371 -0.89407398 
2.42778059 15.60999040 -11.43672330 9.39054849 -8.14132701 6.84244765 -6.40824168 5.53916935 -4.73587069 3.91776822 -3.63662521 2.64045763 -3.12474762 
2.72187277 13.22296689 -8.28078625 5.80097079 -4.36350407 3.04941117 -2.72645516 2.05652523 -1.51064093 0.98361573 -1.01238362 0.33193425 -1.13020298 
2.95572344 15.60683181 -11.43219285 9.38499116 -8.13504850 6.83571430 -6.40128920 5.53220148 -4.72906033 3.91125728 -3.63052904 2.63486483 -3.11972317 
3.41320472 11.84200783 -6.69714634 4.23244421 -2.92262532 1.78065452 -1.64290209 1.15151083 -0.76753833 0.37955378 -0.52636247 -0.05600319 -0.82488729 
3.43070691 12.14617012 -7.03098703 4.54913547 -3.20131344 2.01608589 -1.83596746 1.30651500 -0.89004011 0.47576890 -0.60140630 0.00234705 -0.86967704 
3.02314478 15.60703756 -11.43248792 9.38535308 -8.13545736 6.83615275 -6.40174187 5.53265513 -4.72950369 3.91168112 -3.63092585 2.63522886 -3.12005019 
2.61457487 9.86900062 -4.73443849 2.53396782 -1.55268035 0.71096211 -0.82733397 0.53915272 -0.31245753 0.03890351 -0.27062530 -0.25033278 -0.67903847 
1.88003755 15.60074733 -11.42346830 9.37429205 -8.12296419 6.82275780 -6.38791424 5.51879999 -4.71596461 3.89873987 -3.61881129 2.62411659 -3.11006882 
2.59884360 9.81965785 -4.68983039 2.49881947 -1.52685606 0.69246563 -0.81434150 0.53011846 -0.30621159 0.03445420 -0.26739709 -0.25277369 -0.67722552 
3.02314478 15.60703756 -11.43248792 9.38535308 -8.13545736 6.83615275 -6.40174187 5.53265513 -4.72950369 3.91168112 -3.63092585 2.63522886 -3.12005019 
2.81800412 13.46180940 -8.57247271 6.10766041 -4.66188953 3.32670572 -2.97574611 2.27513285 -1.69858436 1.14283337 -1.14536299 0.44157671 -1.21917045 
2.82616404 13.38375625 -8.47656831 6.00623151 -4.56264410 3.23397333 -2.89194054 2.20127055 -1.63477517 1.08853479 -1.09982372 0.40388740 -1.18847816 
2.83253978 13.48293372 -8.59852562 6.13531366 -4.68904287 3.35216277 -2.99882782 2.29554026 -1.71626773 1.15792356 -1.15805223 0.45210392 -1.22776299 
2.84063518 13.40538224 -8.50308365 6.03421649 -4.58997152 3.25945807 -2.91492884 2.22149462 -1.65221613 1.10335211 -1.11223188 0.41414242 -1.19681826 
3.06253294 15.60715150 -11.43265134 9.38555352 -8.13568380 6.83639557 -6.40199258 5.53290637 -4.72974924 3.91191586 -3.63114563 2.63543048 -3.12023131 
2.86130232 13.52425472 -8.64960730 6.18965628 -4.74252141 3.40240709 -3.04447791 2.33598172 -1.75137815 1.18793877 -1.18333408 0.47311032 -1.24493400 
2.86927163 13.44769366 -8.55508671 6.08923009 -4.64381501 3.30978065 -2.96041812 2.26159603 -1.68686716 1.13284451 -1.13697132 0.43462084 -1.21349758 
3.08836726 15.60722384 -11.43275509 9.38568078 -8.13582756 6.83654973 -6.40215175 5.53306589 -4.72990514 3.91206490 -3.63128517 2.63555849 -3.12034630 
2.88966258 13.56438004 -8.69936289 6.24274466 -4.79491640 3.45176960 -3.08944717 2.37592338 -1.78614121 1.21772619 -1.20847876 0.49404455 -1.26207872 
2.89750959 13.48879247 -8.60575864 6.14299852 -4.69659602 3.35925056 -3.00525998 2.30123207 -1.72120385 1.16213907 -1.16159958 0.45504880 -1.23016818 
2.90369529 13.58400917 -8.72375770 6.26882981 -4.82071520 3.47612443 -3.11167798 2.39570625 -1.80339057 1.23253184 -1.22099672 0.50448167 -1.27063850 
2.64741032 15.60999040 -11.43672330 9.39054849 -8.14132701 6.84244765 -6.40824168 5.53916935 -4.73587069 3.91776822 -3.63662521 2.64045763 -3.12474762 
2.91148253 13.50890208 -8.63060958 6.16942676 -4.72259526 3.38366953 -3.02743915 2.32087463 -1.73825210 1.17670928 -1.17386894 0.46524086 -1.23849747 
3.12650362 15.60732727 -11.43290344 9.38586274 -8.13603311 6.83677017 -6.40237935 5.53329397 -4.73012805 3.91227800 -3.63148469 2.63574152 -3.12051073 
3.34683995 13.99652125 -9.24474641 6.83468176 -5.38898172 4.02055723 -3.61582484 2.85064745 -2.20546057 1.58205030 -1.52007299 0.75663252 -1.47965306 
3.53338662 15.60290875 -11.42656717 9.37809181 -8.12725543 6.82735827 -6.39266280 5.52355751 -4.72061315 3.90318274 -3.62297000 2.62793092 -3.11349470 
3.38424344 14.23722834 -9.55612686 7.18076365 -5.74442447 4.36849766 -3.94480345 3.15355404 -2.47839848 1.82367073 -1.73040076 0.93681223 -1.63130396 
3.20066177 15.60751747 -11.43317623 9.38619734 -8.13641111 6.83717553 -6.40279788 5.53371341 -4.73053799 3.91266990 -3.63185161 2.63607813 -3.12081312 
3.21275847 15.60754718 -11.43321884 9.38624961 -8.13647016 6.83723885 -6.40286326 5.53377893 -4.73060203 3.91273112 -3.63190893 2.63613072 -3.12086036 
3.02579805 13.74864240 -8.92977586 6.49059447 -5.04147704 3.68583773 -3.30426878 2.56810189 -1.95456389 1.36298007 -1.33184154 0.59732860 -1.34712204 
3.03308503 13.67767902 -8.84066385 6.39434924 -4.94535395 3.59423973 -3.21989488 2.49235490 -1.88795525 1.30535259 -1.28275388 0.55611825 -1.31310130 
3.43470175 14.09627224 -9.37312320 6.97665756 -5.53409019 4.16193769 -3.74889066 2.97262471 -2.31489876 1.67853812 -1.60374076 0.82804822 -1.53955247 
3.44934574 14.30255058 -9.64157036 7.27674653 -5.84402959 4.46697417 -4.03881370 3.24092243 -2.55783024 1.89458404 -1.79262456 0.99051639 -1.67682845 
3.46668802 14.13133926 -9.41847587 7.02705234 -5.58583478 4.21257655 -3.79675648 3.01668439 -2.35458760 1.71366260 -1.63430719 0.85422570 -1.56157877 
3.48112453 14.33351180 -9.68220938 7.32255099 -5.89171727 4.51426891 -4.08410035 3.28313298 -2.59631475 1.92903315 -1.82292892 1.01673366 -1.69910308 
3.30698509 15.60776673 -11.43353373 9.38663585 -8.13690651 6.83770679 -6.40334641 5.53426313 -4.73107527 3.91318354 -3.63233251 2.63651931 -3.12120946 
3.31845730 15.60779207 -11.43357008 9.38668044 -8.13695689 6.83776082 -6.40340219 5.53431904 -4.73112991 3.91323578 -3.63238141 2.63656418 -3.12124977 
3.32986409 15.60781699 -11.43360582 9.38672428 -8.13700641 6.83781392 -6.40345703 5.53437399 -4.73118362 3.91328712 -3.63242949 2.63660828 -3.12128939 
3.34120618 15.60784148 -11.43364095 9.38676737 -8.13705509 6.83786613 -6.40351093 5.53442802 -4.73123642 3.91333760 -3.63247675 2.63665164 -3.12132834 
3.72142507 12.48893558 -7.41729471 4.92506703 -3.54046984 2.30941125 -2.08199547 1.50834046 -1.05283818 0.60593373 -0.70453168 0.08354486 -0.93274561 
3.86983687 14.71405598 -10.18911823 7.90207288 -6.50349618 5.12918486 -4.68062671 3.84621184 -3.11599711 2.39965146 -2.24152329 1.38266590 -2.01312542 
3.58357130 14.42930090 -9.80851417 7.46553542 -6.04121726 4.66314736 -4.22722700 3.41705358 -2.71886895 2.03912384 -1.92009859 1.10106305 -1.77096671 
3.59971526 14.27026295 -9.59928679 7.22919288 -5.79462634 4.41807842 -3.99208712 3.19745355 -2.51827196 1.85923587 -1.76158104 0.96370162 -1.65408022 
3.76590076 15.60437530 -11.42867004 9.38067058 -8.13016804 6.83048108 -6.39588644 5.52678752 -4.72376945 3.90619964 -3.62579414 2.63052139 -3.11582151 
3.78410992 15.60447644 -11.42881508 9.38084845 -8.13036895 6.83069649 -6.39610882 5.52701035 -4.72398719 3.90640777 -3.62598899 2.63070011 -3.11598205 
3.80215478 15.60457488 -11.42895623 9.38102156 -8.13056447 6.83090614 -6.39632525 5.52722722 -4.72419912 3.90661035 -3.62617863 2.63087407 -3.11613831 
3.67151615 14.50677981 -9.91131111 7.58260322 -6.16433086 4.78643378 -4.34639188 3.52913721 -2.82195653 2.13216943 -2.00259551 1.17296332 -1.83248779 
3.68692223 14.35548032 -9.71109975 7.35517317 -5.92574126 4.54807042 -4.11652051 3.31339961 -2.62395243 1.95380909 -1.84475426 1.03564012 -1.71518641 
3.69999698 14.53095882 -9.94350764 7.61939727 -6.20315608 4.82543993 -4.38421278 3.56481891 -2.85487047 2.16195955 -2.02907780 1.19610111 -1.85233233 
3.71517173 14.38212346 -9.74619885 7.39487271 -5.96721446 4.58933722 -4.15616123 3.35046179 -2.65784352 1.98423181 -1.87158813 1.05891318 -1.73500702 
3.87274897 15.60494341 -11.42948470 9.38166967 -8.13129654 6.83169108 -6.39713558 5.52803919 -4.72499261 3.90736883 -3.62688868 2.63152540 -3.11672337 
3.89001495 15.60502966 -11.42960839 9.38182137 -8.13146789 6.83187481 -6.39732526 5.52822926 -4.72517835 3.90754637 -3.62705489 2.63167786 -3.11686033 
3.90713314 15.60511373 -11.42972894 9.38196922 -8.13163489 6.83205388 -6.39751012 5.52841450 -4.72535937 3.90771941 -3.62721689 2.63182646 -3.11699381 
3.92410606 15.60519568 -11.42984646 9.38211334 -8.13179768 6.83222843 -6.39769033 5.52859508 -4.72553584 3.90788810 -3.62737481 2.63197132 -3.11712393 
4.08069852 14.64387337 -10.09459763 7.79287247 -6.38704274 5.01099404 -4.56489395 3.73598184 -3.01338248 2.30596662 -2.15755193 1.30872779 -1.94923931 
4.09886384 14.86690995 -10.39659825 8.14358430 -6.76293314 5.39434320 -4.94203721 4.09682913 -3.35077512 2.61528375 -2.43589934 1.55473642 -2.16256469 
3.98240203 15.60546681 -11.43023527 9.38259020 -8.13233633 6.83280600 -6.39828660 5.52919257 -4.72611975 3.90844626 -3.62789734 2.63245065 -3.11755450 
3.99875062 15.60554006 -11.43034032 9.38271903 -8.13248185 6.83296204 -6.39844769 5.52935400 -4.72627751 3.90859706 -3.62803852 2.63258016 -3.11767084 
4.01496666 15.60561154 -11.43044283 9.38284476 -8.13262387 6.83311433 -6.39860491 5.52951155 -4.72643147 3.90874424 -3.62817631 2.63270656 -3.11778438 
4.29628773 13.42058665 -8.52175157 6.05394560 -4.60926236 3.27747074 -2.93119683 2.23582333 -1.66458701 1.11387310 -1.12105090 0.42143764 -1.20275632 
4.52329305 15.59947540 -11.42164491 9.37205648 -8.12043972 6.82005167 -6.38512124 5.51600196 -4.71323090 3.89612730 -3.61636600 2.62187394 -3.10805468 
4.54818867 15.59973310 -11.42201434 9.37250940 -8.12095116 6.82059989 -6.38568705 5.51656877 -4.71378467 3.89665651 -3.61686132 2.62232820 -3.10846265 
4.47045023 15.09818055 -10.71473734 8.51866676 -7.17086927 5.81625250 -5.36278089 4.50468656 -3.73693638 2.97354533 -2.76194911 1.84598614 -2.41769138 
4.26921799 14.96566958 -10.53183231 8.30232501 -6.93484442 5.57141679 -5.11792343 4.26667744 -3.51099754 2.76341150 -2.57026117 1.67438104 -2.26705664 
4.16279579 15.60621257 -11.43130476 9.38390189 -8.13381802 6.83439482 -6.39992690 5.53083630 -4.72772612 3.90998184 -3.62933494 2.63376942 -3.11873914 
4.17773961 15.60626854 -11.43138503 9.38400034 -8.13392923 6.83451407 -6.40005002 5.53095968 -4.72784670 3.91009710 -3.62944286 2.63386841 -3.11882807 
4.19257260 15.60632327 -11.43146353 9.38409662 -8.13403799 6.83463069 -6.40017043 5.53108034 -4.72796462 3.91020983 -3.62954839 2.63396522 -3.11891504 
4.08487592 14.81698685 -10.32858983 8.06414856 -6.67731774 5.30656114 -4.85523009 4.01336010 -3.27235972 2.54306981 -2.37063852 1.49682641 -2.11215673 
3.95899742 15.60883148 -11.43506092 9.38850919 -8.13902294 6.83997653 -6.40569001 5.53661190 -4.73337093 3.91537827 -3.63438741 2.63840453 -3.12290309 
3.82960639 14.58594450 -10.01693240 7.70353397 -6.29217104 4.91509592 -4.47135757 3.64722952 -2.93106217 2.23106914 -2.09063984 1.24999244 -1.89863863 
3.67545135 15.60999040 -11.43672330 9.39054849 -8.14132701 6.84244765 -6.40824168 5.53916935 -4.73587069 3.91776822 -3.63662521 2.64045763 -3.12474762 
3.67545135 15.60999040 -11.43672330 9.39054849 -8.14132701 6.84244765 -6.40824168 5.53916935 -4.73587069 3.91776822 -3.63662521 2.64045763 -3.12474762 
3.67545135 15.60999040 -11.43672330 9.39054849 -8.14132701 6.84244765 -6.40824168 5.53916935 -4.73587069 3.91776822 -3.63662521 2.64045763 -3.12474762 
3.02251213 3.46130655 -0.74741909 0.16734295 -0.17111078 -0.14708622 -0.28700762 0.19253887 -0.09443231 -0.12199166 -0.15199720 -0.35407937 -0.59966042 
2.89945969 -4.12479042 -0.69698280 -0.20432112 -0.17176976 -0.24093703 -0.25900415 0.15420600 -0.10597917 -0.15523403 -0.15491625 -0.38500493 -0.58328378 
2.98937854 6.64430424 -2.27444437 0.86329787 -0.47906488 0.01731294 -0.37971898 0.24843818 -0.12378100 -0.09463696 -0.17301658 -0.32903957 -0.61931943 
4.39691467 -3.45081767 -0.49693172 -0.14170052 -0.15211304 -0.22978842 -0.25644734 0.15805340 -0.10248597 -0.15123516 -0.15247808 -0.38229603 -0.58361408 
6.14130523 7.88544715 -3.11207377 1.36669484 -0.76457654 0.18420640 -0.47865024 0.30849293 -0.16003585 -0.06829763 -0.19286261 -0.31116019 -0.63328068 
6.67272709 15.57322593 -11.38404782 9.32599885 -8.06847123 6.76438530 -6.32770915 5.45852565 -4.65711210 3.84252810 -3.56622741 2.57591509 -3.06679972 
6.22189559 8.64210895 -3.68968248 1.75507004 -1.00957647 0.33877110 -0.57585334 0.37004283 -0.19903363 -0.04096457 -0.21284217 -0.29480433 -0.64577939 
4.64843424 3.99062319 -0.93953818 0.23589910 -0.19471793 -0.13393886 -0.29468441 0.19747828 -0.09641729 -0.11917124 -0.15396185 -0.35098650 -0.60203129 
2.03252046 11.39152614 -6.21812519 3.79163129 -2.54600584 1.47116690 -1.39570680 0.95794038 -0.61811162 0.26449562 -0.43812063 -0.12377028 -0.77347270 
3.28930538 5.31622532 -1.52882094 0.48293976 -0.29436009 -0.08192060 -0.32392112 0.21534572 -0.10518597 -0.10991599 -0.16104862 -0.34173416 -0.60927481 
3.61157075 12.32981214 -7.23662421 4.74799882 -3.37962216 2.16939805 -1.96383186 1.41083618 -0.97375099 0.54239097 -0.65397155 0.04359443 -0.90161187 
2.57057727 -4.09648020 -0.68777630 -0.20127251 -0.17076579 -0.24040390 -0.25886034 0.15438323 -0.10581851 -0.15505564 -0.15480298 -0.38488698 -0.58329201 
2.29243552 4.28160126 -1.05564432 0.28035510 -0.21110633 -0.12520375 -0.29968519 0.20061923 -0.09781516 -0.11744994 -0.15522699 -0.34915921 -0.60344730 
2.25443752 2.48787098 -0.45837992 0.07697298 -0.14389865 -0.16475214 -0.27634013 0.18533461 -0.09225100 -0.12643274 -0.14934480 -0.35913378 -0.59588486 
3.25295637 -1.82524882 -0.17862983 -0.05761168 -0.12988503 -0.21076049 -0.25556825 0.16538685 -0.09633948 -0.14324212 -0.14854642 -0.37628789 -0.58539722 
3.66688191 12.49956681 -7.42944801 4.93705625 -3.55143045 2.31900987 -2.09014330 1.51510113 -1.05835083 0.61038367 -0.70808728 0.08636420 -0.93495001 
3.42252492 -15.66208985 -10.36114324 -8.14341137 -6.68961912 -5.65271645 -4.72627616 -3.58153946 -3.22752276 -2.75785551 -2.29447335 -2.12870263 -1.96532198 
4.52191162 8.36769526 -3.47433324 1.60656788 -0.91363798 0.27712408 -0.53649786 0.34482931 -0.18287493 -0.05225630 -0.20462965 -0.30140848 -0.64076022 
4.36474377 3.86855581 -0.89304778 0.21872462 -0.18860343 -0.13726012 -0.29276422 0.19625757 -0.09589963 -0.11985445 -0.15347187 -0.35172491 -0.60146204 
5.00415560 -3.13726246 -0.41746688 -0.11900172 -0.14554974 -0.22547792 -0.25578088 0.15963060 -0.10107231 -0.14953242 -0.15151652 -0.38109379 -0.58385639 
6.35995161 10.09217273 -4.93891433 2.69714933 -1.67406748 0.79886429 -0.88970251 0.58291442 -0.34296504 0.06073393 -0.28650063 -0.23835611 -0.68792807 
6.78835853 15.57104223 -11.38092297 9.32217411 -8.06415917 6.75977002 -6.32295267 5.45376722 -4.65246918 3.83809645 -3.56208436 2.57211955 -3.06339445 
6.33606237 8.59516240 -3.65236643 1.72902944 -0.99256059 0.32773724 -0.56875507 0.36546697 -0.19608371 -0.04302488 -0.21134664 -0.29599743 -0.64487505 
5.92552880 -11.82352097 -5.82489743 -3.49531344 -2.25863274 -1.59992760 -1.12500340 -0.43777596 -0.52350330 -0.46245365 -0.37340929 -0.54306624 -0.67763660 
