9.41519513 2.21242425 -0.39170066 0.05845423 -0.13905651 -0.16871779 -0.27391151 0.18361592 -0.09191080 -0.12756882 -0.14879015 -0.36044245 -0.59493447 
6.08257177 15.57488672 -11.38642470 9.32890843 -8.07175188 6.76789703 -6.33132868 5.46214701 -4.66064586 3.84590136 -3.56938125 2.57880461 -3.06939231 
6.03341615 15.27310836 -10.95873594 8.81017001 -7.49197432 6.15243037 -5.70198859 4.83723454 -4.05521213 3.27185807 -3.03608031 2.09309991 -2.63603659 
5.92640558 15.55053321 -11.35159620 9.28630351 -8.02374487 6.71654065 -6.27842726 5.40924884 -4.60905491 3.79667869 -3.52338237 2.53667965 -3.03161204 
5.81143629 15.15442871 -10.79287981 8.61166487 -7.27293195 5.92272717 -5.46984786 4.60930622 -3.83675026 3.06681901 -2.84741882 1.92282616 -2.48541328 
5.62342757 15.03810877 -10.63161385 8.42011458 -7.06310531 5.70422198 -5.25050540 4.39533148 -3.63292706 2.87663552 -2.67339375 1.76657999 -2.34788146 
5.47124735 15.46541590 -11.23029881 9.13841830 -7.85763941 6.53938346 -6.09646714 5.22780069 -4.43255363 3.62869455 -3.36676472 2.39356429 -2.90352082 
5.30577965 14.79495141 -10.29864707 8.02925862 -6.63980107 5.26818095 -4.81735814 3.97702033 -3.23828849 2.51175264 -2.34238773 1.47180032 -2.09040796 
5.03662544 14.54368756 -9.96047936 7.63881695 -6.22367292 4.84607666 -4.40424527 3.58373918 -2.87234167 2.17778848 -2.04316256 1.20841815 -1.86290532 
4.80128791 15.22803527 -10.89558926 8.73441459 -7.40819199 6.06438069 -5.61282022 4.74951049 -3.97097223 3.19265265 -2.96307822 2.02710820 -2.57757282 
4.63198474 15.13877982 -10.77110962 8.58572185 -7.24442418 5.89295105 -5.43987123 4.57998204 -3.80874319 3.04062060 -2.82338937 1.90120344 -2.46634010 
4.54403205 15.60740910 -11.43302080 9.38600669 -8.13619573 6.83694456 -6.40255941 5.53347442 -4.73030442 3.91244660 -3.63164254 2.63588634 -3.12064083 
4.45356640 15.02798046 -10.61763264 8.40357635 -7.04506130 5.68550338 -5.23178425 4.37713319 -3.61565105 2.86056753 -2.65873586 1.75345751 -2.33636237 
4.34999300 15.60920644 -11.43559875 9.38916895 -8.13976834 6.84077596 -6.40651547 5.53743922 -4.73417957 3.91615137 -3.63511129 2.63906865 -3.12349973 
4.35681117 15.60921176 -11.43560639 9.38917832 -8.13977892 6.84078731 -6.40652720 5.53745097 -4.73419106 3.91616236 -3.63512157 2.63907808 -3.12350821 
4.36360617 15.60921703 -11.43561395 9.38918759 -8.13978940 6.84079855 -6.40653880 5.53746261 -4.73420243 3.91617323 -3.63513175 2.63908742 -3.12351660 
4.37037817 15.60922225 -11.43562143 9.38919678 -8.13979978 6.84080968 -6.40655029 5.53747412 -4.73421368 3.91618399 -3.63514182 2.63909666 -3.12352490 
4.37712731 15.60922742 -11.43562884 9.38920587 -8.13981005 6.84082069 -6.40656167 5.53748552 -4.73422483 3.91619464 -3.63515180 2.63910581 -3.12353312 
4.49572598 14.95401295 -10.51582238 8.28347802 -6.91437689 5.55027846 -5.09687288 4.24629927 -3.49172871 2.74555724 -2.55403171 1.65990032 -2.25438578 
4.50472224 15.05301146 -10.65220332 8.44448965 -7.08972074 5.73185338 -5.27816075 4.42223335 -3.65848275 2.90041941 -2.69510353 1.78602675 -2.36496135 
4.29313610 14.90694469 -10.45130718 8.20767761 -6.83221311 5.46557417 -5.01266648 4.16491844 -3.41490115 2.67447766 -2.48951351 1.60241198 -2.20414740 
3.92709104 12.92249273 -7.92132602 5.43046461 -4.00995626 2.72688985 -2.44166123 1.81106873 -1.30308833 0.81045784 -0.86980000 0.21586774 -1.03716349 
3.59077305 15.60330286 -11.42713226 9.37878477 -8.12803807 6.82819736 -6.39352897 5.52442537 -4.72146118 3.90399330 -3.62372875 2.62862688 -3.11411981 
3.57070650 15.60316760 -11.42693833 9.37854695 -8.12776946 6.82790938 -6.39323169 5.52412751 -4.72117013 3.90371510 -3.62346833 2.62838801 -3.11390526 
4.19556651 10.45275204 -5.27870511 2.97568812 -1.88673371 0.95649410 -1.00397064 0.66467033 -0.40099098 0.10270386 -0.31721200 -0.21524548 -0.70507991 
5.26010673 10.15309661 -4.99550835 2.74290801 -1.70853895 0.82410777 -0.90779778 0.59572899 -0.35197434 0.06721202 -0.29122402 -0.23479873 -0.69056757 
5.91103344 13.64350142 -8.79791315 6.34835057 -4.89958278 3.55077749 -3.17999782 2.45665616 -1.85666377 1.27836147 -1.25982745 0.53692112 -1.29729287 
6.17650957 15.35937477 -11.08012677 8.95640927 -7.65435965 6.32374179 -5.87611631 5.00914725 -4.22085435 3.42809799 -3.18051843 2.22403858 -2.75235065 
6.12403824 14.82980271 -10.34602581 8.08448904 -6.69921427 5.32898593 -4.87738111 4.03463641 -3.29232720 2.56144014 -2.38722461 1.51153136 -2.12494599 
5.76439047 13.15927876 -8.20389937 5.72102603 -4.28656818 2.97865789 -2.66349019 2.00185020 -1.46407765 0.94451374 -0.97999120 0.30542377 -1.10884325 
5.28075996 13.90068270 -9.12228516 6.70017986 -5.25243403 3.88837547 -3.49219543 2.73800702 -2.10498968 1.49395629 -1.44408147 0.69208417 -1.42576540 
4.82683836 13.17292536 -8.22034252 5.73809150 -4.30296166 2.99370788 -2.67686106 2.01344185 -1.47393417 0.95277896 -0.98682904 0.31101324 -1.11334158 
4.52742484 15.60999040 -11.43672330 9.39054849 -8.14132701 6.84244765 -6.40824168 5.53916935 -4.73587069 3.91776822 -3.63662521 2.64045763 -3.12474762 
4.63141723 15.05442295 -10.65415453 8.44680085 -7.09224566 5.73447597 -5.28078686 4.42478908 -3.66091166 2.90268086 -2.69716857 1.78787722 -2.36658717 
4.72843683 15.60945340 -11.43595300 9.38960352 -8.14025932 6.84130254 -6.40705922 5.53798420 -4.73471225 3.91666065 -3.63558814 2.63950614 -3.12389278 
4.73408122 15.60945642 -11.43595733 9.38960883 -8.14026533 6.84130898 -6.40706587 5.53799087 -4.73471877 3.91666689 -3.63559398 2.63951150 -3.12389759 
4.64603556 15.08957935 -10.70281457 8.50450725 -7.15536120 5.80010549 -5.34657446 4.48887909 -3.72188104 2.95949947 -2.74909835 1.83444975 -2.40753803 
4.54608749 15.60999040 -11.43672330 9.39054849 -8.14132701 6.84244765 -6.40824168 5.53916935 -4.73587069 3.91776822 -3.63662521 2.64045763 -3.12474762 
4.44308626 14.95758870 -10.52073216 8.28925630 -6.92065040 5.55675597 -5.10332195 4.25254091 -3.49762927 2.75102349 -2.55899952 1.66433202 -2.25826290 
4.43965382 14.98858977 -10.56334993 8.33947010 -6.97522789 5.61316787 -5.15954352 4.30700771 -3.54916826 2.79881158 -2.60246696 1.70313956 -2.29223990 
4.43656611 14.95398956 -10.51579027 8.28344024 -6.91433588 5.55023611 -5.09683073 4.24625847 -3.49169014 2.74552152 -2.55399925 1.65987137 -2.25436045 
4.43312191 14.98513271 -10.55859292 8.33386013 -6.96912506 5.60685462 -5.15324647 4.30090245 -3.54338687 2.79344716 -2.59758427 1.69877756 -2.28841856 
4.53366509 15.60999040 -11.43672330 9.39054849 -8.14132701 6.84244765 -6.40824168 5.53916935 -4.73587069 3.91776822 -3.63662521 2.64045763 -3.12474762 
4.53366509 15.60999040 -11.43672330 9.39054849 -8.14132701 6.84244765 -6.40824168 5.53916935 -4.73587069 3.91776822 -3.63662521 2.64045763 -3.12474762 
4.43002469 14.95036149 -10.51080990 8.27758028 -6.90797517 5.54367003 -5.09029487 4.23993413 -3.48571259 2.73998499 -2.54896845 1.65538423 -2.25043546 
4.42656865 14.98164762 -10.55379849 8.32820733 -6.96297699 5.60049591 -5.14690538 4.29475570 -3.53756728 2.78804825 -2.59267103 1.69438897 -2.28457451 
4.52742484 15.60999040 -11.43672330 9.39054849 -8.14132701 6.84244765 -6.40824168 5.53916935 -4.73587069 3.91776822 -3.63662521 2.64045763 -3.12474762 
4.42346188 14.94670419 -10.50579066 8.27167602 -6.90156786 5.53705730 -5.08371400 4.23356756 -3.47969631 2.73441364 -2.54390692 1.65087045 -2.24648780 
4.41999392 14.97813420 -10.54896626 8.32251126 -6.95678324 5.59409134 -5.14051987 4.28856711 -3.53170919 2.78261461 -2.58772703 1.68997361 -2.28070760 
4.41687752 14.94301734 -10.50073216 8.26572701 -6.89511351 5.53039753 -5.07708775 4.22715842 -3.47364102 2.72880723 -2.53881446 1.64632985 -2.24251732 
4.29693353 15.60916373 -11.43553749 9.38909380 -8.13968343 6.84068489 -6.40642144 5.53734498 -4.73408746 3.91606331 -3.63502883 2.63899299 -3.12343177 
4.28990778 15.60915790 -11.43552913 9.38908354 -8.13967184 6.84067247 -6.40640861 5.53733212 -4.73407489 3.91605129 -3.63501758 2.63898267 -3.12342249 
4.28285727 15.60915201 -11.43552068 9.38907318 -8.13966014 6.84065992 -6.40639565 5.53731913 -4.73406219 3.91603915 -3.63500621 2.63897224 -3.12341312 
4.27578181 15.60914606 -11.43551214 9.38906271 -8.13964831 6.84064723 -6.40638255 5.53730600 -4.73404936 3.91602688 -3.63499472 2.63896170 -3.12340365 
4.38679302 14.96013146 -10.52422432 8.29336702 -6.92511429 5.56136589 -5.10791246 4.25698455 -3.50183078 2.75491636 -2.56253795 1.66748904 -2.26102522 
4.38362764 14.92412876 -10.47483654 8.23529543 -6.86212073 5.49637820 -5.04326227 4.19446227 -3.44276908 2.70024053 -2.51288090 1.62321875 -2.22231812 
4.38008639 14.95644158 -10.51915696 8.28740231 -6.91863735 5.55467731 -5.10125227 4.25053766 -3.49573536 2.74926887 -2.55740480 1.66290932 -2.25701817 
4.37691102 14.92025790 -10.46953390 8.22906865 -6.85537481 5.48942725 -5.03635558 4.18779052 -3.43647350 2.69441848 -2.50759846 1.61851372 -2.21820796 
4.25440400 15.60912782 -11.43548598 9.38903061 -8.13961205 6.84060834 -6.40634239 5.53726575 -4.73401002 3.91598927 -3.63495950 2.63892939 -3.12337463 
4.24722699 15.60912161 -11.43547707 9.38901969 -8.13959970 6.84059509 -6.40632872 5.53725205 -4.73399662 3.91597646 -3.63494751 2.63891839 -3.12336474 
4.24002412 15.60911533 -11.43546807 9.38900864 -8.13958722 6.84058171 -6.40631489 5.53723819 -4.73398308 3.91596351 -3.63493539 2.63890727 -3.12335475 
4.23279522 15.60910898 -11.43545896 9.38899747 -8.13957460 6.84056817 -6.40630092 5.53722419 -4.73396939 3.91595043 -3.63492314 2.63889602 -3.12334465 
4.10497466 14.70493136 -10.17680292 7.88781556 -6.48826151 5.11369325 -4.66542917 3.83171100 -3.10247487 2.38728586 -2.23042266 1.37287740 -2.00465595 
4.09264422 14.82202779 -10.33544617 8.07214496 -6.68592370 5.31537259 -4.86393194 4.02171644 -3.28020032 2.55028178 -2.37714875 1.50259721 -2.11717486 
4.20361547 15.60908289 -11.43542154 9.38895156 -8.13952273 6.84051255 -6.40624348 5.53716662 -4.73391312 3.91589663 -3.63487276 2.63884981 -3.12330313 
4.07392404 14.68211546 -10.14604335 7.85224387 -6.45029107 5.07512117 -4.62762597 3.79567463 -3.06890072 2.35660972 -2.20290695 1.34863267 -1.98369355 
4.06138902 14.80157960 -10.30764890 8.03974233 -6.65106843 5.27970212 -4.82872147 3.98791905 -3.24850245 2.52113715 -2.35085009 1.47929400 -2.09691804 
4.05031704 14.66444992 -10.12226127 7.82477884 -6.42101284 5.04541691 -4.59854972 3.76799034 -3.04313752 2.33309588 -2.18183738 1.33008582 -1.96767250 
3.89573731 15.60505792 -11.42964892 9.38187107 -8.13152403 6.83193501 -6.39738741 5.52829153 -4.72523920 3.90760455 -3.62710935 2.63172782 -3.11690520 
3.87852088 15.60497241 -11.42952629 9.38172067 -8.13135415 6.83175285 -6.39719935 5.52810309 -4.72505505 3.90742852 -3.62694456 2.63157666 -3.11676942 
3.86115496 15.60488465 -11.42940044 9.38156633 -8.13117981 6.83156592 -6.39700637 5.52790972 -4.72486608 3.90724789 -3.62677546 2.63142154 -3.11663008 
3.84363693 15.60479456 -11.42927126 9.38140791 -8.13100087 6.83137405 -6.39680830 5.52771124 -4.72467212 3.90706248 -3.62660189 2.63126232 -3.11648706 
3.82596412 15.60470208 -11.42913864 9.38124526 -8.13081715 6.83117706 -6.39660494 5.52750747 -4.72447299 3.90687213 -3.62642370 2.63109887 -3.11634024 
3.95631283 14.72952150 -10.21000981 7.92627893 -6.52938236 5.15552794 -4.70648907 3.87090637 -3.13904108 2.42073820 -2.26046473 1.39937823 -2.02759384 
3.94468887 14.58194668 -10.01158427 7.69739495 -6.28566513 4.90853254 -4.46496803 3.64117795 -2.92545911 2.22597988 -2.08610046 1.24601377 -1.89521592 
3.78108655 15.60445977 -11.42879118 9.38081914 -8.13033584 6.83066099 -6.39607218 5.52697363 -4.72395131 3.90637348 -3.62595688 2.63067066 -3.11595560 
3.61166023 14.22400706 -9.53888203 7.16144458 -5.72442962 4.34877995 -3.92602676 3.13614590 -2.46260842 1.80960496 -1.71808426 0.92620286 -1.62232732 
3.58484901 14.48797669 -9.88631137 7.55407562 -6.13427143 4.75627573 -4.31718912 3.50162164 -2.79660672 2.10925248 -1.98224591 1.15520235 -1.81727006 
3.41243238 11.77366880 -6.62329511 4.16342884 -2.86277534 1.73078762 -1.60254694 1.11951805 -0.74255487 0.36013156 -0.51134733 -0.06759970 -0.81604217 
3.15362587 14.13320873 -9.42089693 7.02974605 -5.58860412 4.21529000 -3.79932435 3.01905076 -2.35672155 1.71555310 -1.63595397 0.85563731 -1.56276758 
3.11447853 13.55247734 -8.68458784 6.22696383 -4.77932618 3.43706767 -3.07604131 2.36400566 -1.77575975 1.20882349 -1.20095801 0.48777882 -1.25694383 
2.82608672 15.55342402 -11.35572754 9.29135399 -8.02943218 6.72262116 -6.28468716 5.41550499 -4.61515334 3.80249436 -3.52881468 2.54165234 -3.03607007 
2.76668952 15.55002666 -11.35087235 9.28541870 -8.02274859 6.71547560 -6.27733088 5.40815322 -4.60798700 3.79566036 -3.52243124 2.53580905 -3.03083160 
2.70547460 15.54631586 -11.34557043 9.27893872 -8.01545314 6.70767742 -6.26930423 5.40013292 -4.60017032 3.78820738 -3.51547067 2.52943836 -3.02512108 
2.90373656 13.84152452 -9.04712350 6.61808097 -5.16953240 3.80853741 -3.41789610 2.67063940 -2.04518066 1.44174534 -1.39923017 0.65413401 -1.39420023 
2.86009582 13.16842850 -8.21492223 5.73246417 -4.29755413 2.98874195 -2.67244782 2.00961474 -1.47067901 0.95004862 -0.98456968 0.30916596 -1.11185461 
2.52678324 15.53414899 -11.32819553 9.25771347 -7.99156787 6.68215737 -6.24304753 5.37390746 -4.57462038 3.76385494 -3.49273485 2.50863590 -3.00647987 
2.17656865 11.73441744 -6.58106923 4.12413930 -2.82884775 1.70263142 -1.57984773 1.10158732 -0.72860014 0.34931422 -0.50300491 -0.07403118 -0.81114488 
1.64894498 15.34140523 -11.05478309 8.92581188 -7.62031374 6.28775365 -5.83946744 4.97289920 -4.18586827 3.39504415 -3.14991442 2.19625484 -2.72763641 
1.95993591 12.44901603 -7.37175221 4.88022686 -3.49955460 2.27364475 -2.05168762 1.48323427 -1.03239895 0.58945802 -0.69138387 0.07313069 -0.92461111 
2.19484801 15.50524727 -11.28697737 9.20742435 -7.93504413 6.62183369 -6.18105002 5.31204790 -4.51441360 3.70652326 -3.43925595 2.45974480 -2.96270215 
2.45062737 13.19819330 -8.25083399 5.76978257 -4.33344764 3.02173310 -2.70179193 2.03508242 -1.49235759 0.96824517 -0.99963750 0.32149301 -1.12178301 
2.65553721 15.57203228 -11.38233967 9.32390805 -8.06611396 6.76186221 -6.32510880 5.45592417 -4.65457370 3.84010516 -3.56396221 2.57383985 -3.06493783 
2.34355310 12.21886361 -7.11201959 4.62715682 -3.27097171 2.07573654 -1.88552292 1.34679491 -0.92224710 0.50132093 -0.62151122 0.01808765 -0.88183796 
1.52962880 10.00667208 -4.86005024 2.63381207 -1.62666363 0.76435133 -0.86509411 0.56557124 -0.33082573 0.05202775 -0.28016186 -0.24313377 -0.68438273 
0.72895622 15.00043576 -10.57965892 8.35871308 -6.99617167 5.63484386 -5.18117359 4.32798808 -3.56904393 2.81726105 -2.61926588 1.71815233 -2.30539626 
0.50881685 14.87644493 -10.40961434 8.15881761 -6.77938301 5.41124038 -4.95877640 4.11295218 -3.36594689 2.62927741 -2.44856431 1.56599048 -2.17237381 
1.69285913 6.89992322 -2.43581965 0.95439124 -0.52765067 0.04458465 -0.39542141 0.25780370 -0.12927772 -0.09048920 -0.17620621 -0.32597792 -0.62173213 
2.53459493 13.22509408 -8.28336075 5.80365419 -4.36609260 3.05179707 -2.72858309 2.05837690 -1.51222108 0.98494516 -1.01348685 0.33283856 -1.13093267 
2.99635054 13.79176883 -8.98416161 6.54957403 -5.10061680 3.74240931 -3.35657233 2.61522636 -1.99614651 1.39907258 -1.36267933 0.62329085 -1.36861278 
3.18033658 15.60746673 -11.43310346 9.38610808 -8.13631028 6.83706739 -6.40268623 5.53360152 -4.73042864 3.91256536 -3.63175373 2.63598834 -3.12073246 
2.77451354 10.17476405 -5.01571597 2.75930857 -1.72093931 0.83321827 -0.91434809 0.60038038 -0.35525269 0.06957283 -0.29294685 -0.23350165 -0.69152996 
1.72845827 10.74189869 -5.55960371 3.21272780 -2.07287609 1.09800728 -1.10899670 0.74145038 -0.45657843 0.14344187 -0.34728005 -0.19261094 -0.72191013 
0.56556946 6.33785381 -2.08858454 0.76209357 -0.42690338 -0.01141501 -0.36337098 0.23873592 -0.11817187 -0.09898705 -0.16963982 -0.33239933 -0.61666425 
-1.12049310 13.14579110 -8.18766462 5.70419377 -4.27041457 2.96384201 -2.65033927 1.99045920 -1.45439989 0.93640471 -0.97328737 0.29994737 -1.10443864 
0.02159120 6.37390633 -2.11001981 0.77355833 -0.43271187 -0.00824444 -0.36516590 0.23979933 -0.11878184 -0.09850679 -0.17001420 -0.33202001 -0.61696434 
-0.07731142 2.77067307 -0.53377238 0.09898356 -0.15002704 -0.16028202 -0.27907289 0.18722826 -0.09271751 -0.12521946 -0.14999972 -0.35773872 -0.59691175 
-3.62106749 5.53053616 -1.63861860 0.53450283 -0.31745092 -0.06986801 -0.33062240 0.21933876 -0.10732707 -0.10798396 -0.16257116 -0.33997270 -0.61066749 
-5.17220109 -15.52335460 -10.17356946 -7.92609519 -6.45748178 -5.41703346 -4.49559634 -3.36187529 -3.02313846 -2.57156447 -2.12796292 -1.98265938 -1.83968698 
-3.51439451 6.05750406 -1.92581434 0.67684232 -0.38455984 -0.03431392 -0.35047117 0.23110068 -0.11383303 -0.10246799 -0.16691562 -0.33521832 -0.61443247 
-0.01768257 2.81549408 -0.54636616 0.10277022 -0.15111784 -0.15953088 -0.27953051 0.18754168 -0.09280307 -0.12502217 -0.15011179 -0.35751250 -0.59707948 
0.10735735 7.08282441 -2.55483106 1.02343170 -0.56544461 0.06613361 -0.40795848 0.26532175 -0.13373975 -0.08718272 -0.17872872 -0.32362081 -0.62358411 
-1.61130587 -9.57637589 -3.78581664 -1.87785577 -1.06138350 -0.74149118 -0.52588288 -0.01676343 -0.22507277 -0.24812691 -0.22059400 -0.43460021 -0.60442803 
-0.31561816 4.27449561 -1.05272031 0.27920867 -0.21067403 -0.12543186 -0.29955539 0.20053833 -0.09777809 -0.11749365 -0.15519439 -0.34920501 -0.60341168 
0.24106343 15.22803527 -10.89558926 8.73441459 -7.40819199 6.06438069 -5.61282022 4.74951049 -3.97097223 3.19265265 -2.96307822 2.02710820 -2.57757282 
0.94517462 9.46851626 -4.37866043 2.25821587 -1.35325961 0.57007949 -0.72959230 0.47192916 -0.26644387 0.00628191 -0.24700317 -0.26826598 -0.66569882 
1.84007364 11.76636007 -6.61542193 4.15609368 -2.85643325 1.72551817 -1.59829400 1.11615496 -0.73993489 0.35809890 -0.50977860 -0.06880971 -0.81512035 
2.48022273 12.92309085 -7.92203328 5.43118544 -4.01063656 2.72750393 -2.44219794 1.81152674 -1.30347194 0.81077509 -0.87005913 0.21607716 -1.03733020 
2.47284527 12.80247666 -7.78007455 5.28715249 -3.87529909 2.60585073 -2.33629947 1.72150596 -1.22835344 0.74886093 -0.81964413 0.17544418 -1.00506537 
2.46292750 12.89293329 -7.88641342 5.39492218 -3.97644962 2.69667679 -2.41528145 1.78857906 -1.28426962 0.79490798 -0.85710899 0.20561845 -1.02900936 
2.45549839 12.77118478 -7.74346354 5.25021930 -3.84078986 2.57499645 -2.30957967 1.69890530 -1.20958396 0.73345780 -0.80715151 0.16541052 -0.99712439 
2.10206993 15.60258339 -11.42610068 9.37751978 -8.12660937 6.82666562 -6.39194783 5.52284115 -4.71991318 3.90251371 -3.62234373 2.62735649 -3.11297875 
2.08094356 15.60242563 -11.42587448 9.37724240 -8.12629610 6.82632977 -6.39160115 5.52249381 -4.71957378 3.90218932 -3.62204008 2.62707798 -3.11272860 
2.05959165 15.60226277 -11.42564098 9.37695608 -8.12597274 6.82598309 -6.39124330 5.52213528 -4.71922345 3.90185448 -3.62172665 2.62679050 -3.11247039 
2.39224391 12.76695026 -7.73851613 5.24523507 -3.83613887 2.57084325 -2.30598735 1.69587031 -1.20706625 0.73139373 -0.80547900 0.16406829 -0.99606291 
2.38460151 12.64048226 -7.59151534 5.09787202 -3.69929059 2.44920125 -2.20123687 1.60774600 -1.13425719 0.67192122 -0.75744833 0.12563335 -0.96574998 
2.37418444 12.73404935 -7.70013234 5.20661998 -3.80015497 2.53875270 -2.27826551 1.67247772 -1.18768314 0.71551971 -0.79262859 0.15376411 -0.98792044 
2.63134598 15.60999040 -11.43672330 9.39054849 -8.14132701 6.84244765 -6.40824168 5.53916935 -4.73587069 3.91776822 -3.63662521 2.64045763 -3.12474762 
2.89750959 13.48879247 -8.60575864 6.14299852 -4.69659602 3.35925056 -3.00525998 2.30123207 -1.72120385 1.16213907 -1.16159958 0.45504880 -1.23016818 
2.90369529 13.58400917 -8.72375770 6.26882981 -4.82071520 3.47612443 -3.11167798 2.39570625 -1.80339057 1.23253184 -1.22099672 0.50448167 -1.27063850 
2.64741032 15.60999040 -11.43672330 9.39054849 -8.14132701 6.84244765 -6.40824168 5.53916935 -4.73587069 3.91776822 -3.63662521 2.64045763 -3.12474762 
2.64741032 15.60999040 -11.43672330 9.39054849 -8.14132701 6.84244765 -6.40824168 5.53916935 -4.73587069 3.91776822 -3.63662521 2.64045763 -3.12474762 
2.64741032 15.60999040 -11.43672330 9.39054849 -8.14132701 6.84244765 -6.40824168 5.53916935 -4.73587069 3.91776822 -3.63662521 2.64045763 -3.12474762 
2.38460151 12.64048226 -7.59151534 5.09787202 -3.69929059 2.44920125 -2.20123687 1.60774600 -1.13425719 0.67192122 -0.75744833 0.12563335 -0.96574998 
2.37418444 12.73404935 -7.70013234 5.20661998 -3.80015497 2.53875270 -2.27826551 1.67247772 -1.18768314 0.71551971 -0.79262859 0.15376411 -0.98792044 
2.89750959 13.48879247 -8.60575864 6.14299852 -4.69659602 3.35925056 -3.00525998 2.30123207 -1.72120385 1.16213907 -1.16159958 0.45504880 -1.23016818 
2.90369529 13.58400917 -8.72375770 6.26882981 -4.82071520 3.47612443 -3.11167798 2.39570625 -1.80339057 1.23253184 -1.22099672 0.50448167 -1.27063850 
2.38460151 12.64048226 -7.59151534 5.09787202 -3.69929059 2.44920125 -2.20123687 1.60774600 -1.13425719 0.67192122 -0.75744833 0.12563335 -0.96574998 
2.37418444 12.73404935 -7.70013234 5.20661998 -3.80015497 2.53875270 -2.27826551 1.67247772 -1.18768314 0.71551971 -0.79262859 0.15376411 -0.98792044 
2.63134598 15.60999040 -11.43672330 9.39054849 -8.14132701 6.84244765 -6.40824168 5.53916935 -4.73587069 3.91776822 -3.63662521 2.64045763 -3.12474762 
2.63134598 15.60999040 -11.43672330 9.39054849 -8.14132701 6.84244765 -6.40824168 5.53916935 -4.73587069 3.91776822 -3.63662521 2.64045763 -3.12474762 
2.63134598 15.60999040 -11.43672330 9.39054849 -8.14132701 6.84244765 -6.40824168 5.53916935 -4.73587069 3.91776822 -3.63662521 2.64045763 -3.12474762 
2.36648699 12.60635373 -7.55209713 5.05859831 -3.66303710 2.41715952 -2.17379614 1.58478269 -1.11538052 0.65657251 -0.74510384 0.11579037 -0.95801326 
2.35596414 12.70055804 -7.66116182 5.16751333 -3.76380258 2.50640937 -2.25038838 1.64900516 -1.16827410 0.69965428 -0.77980704 0.14349830 -0.97981967 
2.34821092 12.57161478 -7.51208347 5.01883630 -3.62642717 2.38488174 -2.14621832 1.56175680 -1.09649322 0.64124491 -0.73279790 0.10599283 -0.95032318 
2.33758019 12.66646136 -7.62159257 5.12790788 -3.72707882 2.47381355 -2.22235831 1.62545600 -1.14884286 0.68380100 -0.76701752 0.13327348 -0.97176270 
2.32977048 12.53624993 -7.47146237 4.97857908 -3.58945845 2.35236876 -2.11850621 1.53867205 -1.07759921 0.62594205 -0.72053364 0.09624326 -0.94268170 
1.94927293 15.60136393 -11.42435230 9.37537593 -8.12418821 6.82406997 -6.38926860 5.52015685 -4.71729034 3.90000690 -3.61999725 2.62520431 -3.11104573 
2.30030971 12.59638934 -7.54060845 5.04717105 -3.65250599 2.40786642 -2.16584949 1.57814230 -1.10992944 0.65214573 -0.74154752 0.11295744 -0.95578857 
2.29238481 12.46357798 -7.38834844 4.89655113 -3.51443574 2.28664144 -2.06269114 1.49234164 -1.03980743 0.59542561 -0.69614304 0.07689832 -0.92755251 
2.28141718 12.56038142 -7.49916810 5.00602476 -3.61465154 2.37451652 -2.13737634 1.55438542 -1.09045547 0.63635144 -0.72887371 0.10287165 -0.94787567 
2.54902983 15.60999040 -11.43672330 9.39054849 -8.14132701 6.84244765 -6.40824168 5.53916935 -4.73587069 3.91776822 -3.63662521 2.64045763 -3.12474762 
2.54902983 15.60999040 -11.43672330 9.39054849 -8.14132701 6.84244765 -6.40824168 5.53916935 -4.73587069 3.91776822 -3.63662521 2.64045763 -3.12474762 
2.54902983 15.60999040 -11.43672330 9.39054849 -8.14132701 6.84244765 -6.40824168 5.53916935 -4.73587069 3.91776822 -3.63662521 2.64045763 -3.12474762 
2.54902983 15.60999040 -11.43672330 9.39054849 -8.14132701 6.84244765 -6.40824168 5.53916935 -4.73587069 3.91776822 -3.63662521 2.64045763 -3.12474762 
2.54902983 15.60999040 -11.43672330 9.39054849 -8.14132701 6.84244765 -6.40824168 5.53916935 -4.73587069 3.91776822 -3.63662521 2.64045763 -3.12474762 
2.27343354 12.42623723 -7.34583013 4.85476632 -3.47637757 2.25342969 -2.03459473 1.46910427 -1.02091823 0.58021984 -0.68402329 0.06730819 -0.92006883 
1.88003755 15.60074733 -11.42346830 9.37429205 -8.12296419 6.82275780 -6.38791424 5.51879999 -4.71596461 3.89873987 -3.61881129 2.62411659 -3.11006882 
1.85641606 15.60052706 -11.42315252 9.37390487 -8.12252697 6.82228910 -6.38743048 5.51831534 -4.71549110 3.89828732 -3.61838771 2.62372811 -3.10971991 
1.83251224 15.60029883 -11.42282533 9.37350371 -8.12207396 6.82180348 -6.38692927 5.51781322 -4.71500051 3.89781847 -3.61794887 2.62332563 -3.10935844 
1.80831928 15.60006225 -11.42248617 9.37308789 -8.12160440 6.82130013 -6.38640976 5.51729277 -4.71449202 3.89733252 -3.61749403 2.62290848 -3.10898379 
1.78383010 15.59981691 -11.42213447 9.37265669 -8.12111747 6.82077817 -6.38587105 5.51675310 -4.71396476 3.89682862 -3.61702240 2.62247594 -3.10859533 
1.13988699 -4.78038433 -0.92989526 -0.28648491 -0.20038357 -0.25541917 -0.26347832 0.14958297 -0.11010809 -0.15966707 -0.15783366 -0.38786699 -0.58324893 
0.52417942 6.14222947 -1.97427448 0.70188616 -0.39684055 -0.02771123 -0.35417972 0.23329491 -0.11507212 -0.10146117 -0.16770539 -0.33438983 -0.61508861 
2.20374755 7.78703903 -3.04068351 1.32093862 -0.73702390 0.16743830 -0.46841159 0.30215542 -0.15611307 -0.07107409 -0.19080818 -0.31290999 -0.63192882 
2.76966728 15.43344233 -11.18490836 9.08327805 -7.79591931 6.47377283 -6.02928935 5.16101283 -4.36777217 3.56720526 -3.30958183 2.34143603 -2.85697014 
2.87231161 15.44985379 -11.20819457 9.11155244 -7.82755304 6.50738580 -6.06369069 5.19520072 -4.40092029 3.59865742 -3.33882124 2.36808229 -2.88075811 
2.73859402 13.90403510 -9.12655427 6.70485336 -5.25716344 3.89293957 -3.49645146 2.74187351 -2.10842880 1.49696380 -1.44666934 0.69427725 -1.42759220 
2.56639114 15.45021664 -11.20870970 9.11217824 -7.82825354 6.50813048 -6.06445319 5.19595881 -4.40165563 3.59935541 -3.33947036 2.36867405 -2.88128656 
2.39508967 13.33203126 -8.41332499 5.93966152 -4.49780807 3.17366045 -2.83766765 2.15363547 -1.59378773 1.05378579 -1.07078127 0.37992715 -1.16902498 
1.82175624 12.16786020 -7.05511492 4.57232008 -3.22197229 2.03374394 -1.85061095 1.31839732 -0.89952561 0.48328376 -0.60731180 0.00696597 -0.87324218 
0.99343983 9.83955292 -4.70779026 2.51295113 -1.53722499 0.69988353 -0.81954644 0.53373420 -0.30870916 0.03623254 -0.26868709 -0.25179802 -0.67795026 
-0.38729381 3.44697147 -0.74255860 0.16569298 -0.17057045 -0.14740054 -0.28682140 0.19241691 -0.09438739 -0.12206330 -0.15194955 -0.35415938 -0.59959960 
-2.67702289 13.56328117 -8.69799829 6.24128659 -4.79347540 3.45041020 -3.08820717 2.37482066 -1.78518031 1.21690192 -1.20778224 0.49346410 -1.26160291 
-1.36928208 -8.29192795 -2.82178956 -1.23915557 -0.66475962 -0.49868713 -0.38158281 0.07422763 -0.16442752 -0.20491644 -0.19027360 -0.41315881 -0.59199395 
0.42487614 7.00240158 -2.50213673 0.99267077 -0.54850514 0.05643951 -0.40230429 0.26192638 -0.13171947 -0.08867408 -0.17759309 -0.32467555 -0.62275604 
1.56086362 10.75496406 -5.57247367 3.22373255 -2.08162894 1.10473900 -1.11404684 0.74517911 -0.45930278 0.14545130 -0.34876987 -0.19148816 -0.72274627 
2.31578534 12.39291854 -7.30799915 4.81768955 -3.44269758 2.22411286 -2.00985365 1.44868964 -1.00436038 0.56691709 -0.67343904 0.05894544 -0.91355202 
2.60979060 15.59221700 -11.41124238 9.35930573 -8.10604472 6.80462438 -6.36920228 5.50005768 -4.69765624 3.88124564 -3.60243965 2.60910380 -3.09658755 
2.13788755 8.33238939 -3.44711198 1.58810524 -0.90189993 0.26967759 -0.53179507 0.34184247 -0.18097675 -0.05358446 -0.20366063 -0.30219707 -0.64015858 
0.62603305 7.59684834 -2.90514050 1.23547710 -0.68636278 0.13695704 -0.44996491 0.29081012 -0.14914068 -0.07603530 -0.18711963 -0.31609696 -0.62945844 
0.09030567 -11.22664172 -5.23936425 -2.99694161 -1.86486729 -1.30083624 -0.90461172 -0.27633625 -0.40554878 -0.37616685 -0.31087431 -0.49810437 -0.64629863 
0.53749308 15.31822778 -11.02213908 8.88645196 -7.57657221 6.24157163 -5.79249107 4.92648720 -4.14111866 3.35280752 -3.11084451 2.16081631 -2.69613909 
1.43613387 -9.74546247 -3.92361361 -1.97624965 -1.12693813 -0.78407074 -0.55274889 -0.03425176 -0.23683879 -0.25638636 -0.22635558 -0.43863095 -0.60693247 
4.08736508 4.16471935 -1.00811124 0.26188908 -0.20420415 -0.12885883 -0.29760059 0.19931613 -0.09722460 -0.11815795 -0.15470182 -0.34990499 -0.60286820 
5.37715579 10.32638121 -5.15829429 2.87594408 -1.80980678 0.89896029 -0.96191757 0.63435616 -0.37932750 0.08696686 -0.30566559 -0.22393096 -0.69863186 
5.90748125 14.73723898 -10.22044345 7.93837731 -6.54233029 5.16871398 -4.71944358 3.88328432 -3.15059923 2.43132121 -2.26997664 1.40777539 -2.03486737 
5.90845635 14.74927978 -10.23673329 7.95727886 -6.56257213 5.18934083 -4.73972040 3.90266987 -3.16871094 2.44791359 -2.28489718 1.42095351 -2.04628726 
5.36613707 10.06795685 -4.91651170 2.67910658 -1.66052678 0.78898192 -0.88264055 0.57792741 -0.33946798 0.05822323 -0.28467158 -0.23973422 -0.68690549 
4.23365148 9.35822187 -4.28319127 2.18602766 -1.30229267 0.53481902 -0.70558733 0.45569309 -0.25549996 -0.00142582 -0.24143368 -0.27252761 -0.66251901 
2.74640180 1.76227692 -0.29707066 0.03366886 -0.13313302 -0.17455404 -0.27036929 0.18103277 -0.09157446 -0.12935018 -0.14805006 -0.36248617 -0.59347955 
0.28156826 6.93390765 -2.45770922 0.96697255 -0.53447699 0.04845537 -0.39766491 0.25914627 -0.13007148 -0.08989752 -0.17665888 -0.32555104 -0.62206791 
1.42490839 10.72141546 -5.53945772 3.19552670 -2.05921431 1.08751377 -1.10113402 0.73565156 -0.45234601 0.14032244 -0.34496852 -0.19435269 -0.72061331 
2.55095424 9.66737727 -4.55353300 2.39243949 -1.44940938 0.63743895 -0.77596993 0.50360977 -0.28799321 0.02151486 -0.25802132 -0.25987810 -0.67194475 
3.20743542 13.82760070 -9.02948066 6.59885982 -5.15017253 3.78993842 -3.40062838 2.65501856 -2.03134311 1.42969079 -1.38889514 0.64540515 -1.38695265 
3.58856414 14.20002737 -9.50764682 7.12649763 -5.68830587 4.31320007 -3.89218476 3.10480621 -2.43421291 1.78433650 -1.69598001 0.90717993 -1.60624612 
3.61129821 14.51075978 -9.91660699 7.58865115 -6.17070837 4.79283688 -4.35259653 3.53498737 -2.82734976 2.13704810 -2.00693018 1.17674869 -1.83573284 
2.95973557 8.29598259 -3.41915775 1.56921846 -0.88993666 0.26211036 -0.52702761 0.33882036 -0.17905977 -0.05492637 -0.20268079 -0.30299676 -0.63954793 
1.85176273 -15.73272990 -10.45734173 -8.25563758 -6.81031000 -5.77605334 -4.84776421 -3.69793325 -3.33645651 -2.85770666 -2.38420957 -2.20782272 -2.03373184 
