10.92793604 0.34475700 -0.11528201 -0.01239855 -0.12520256 -0.18987316 -0.26194728 0.17419433 -0.09201742 -0.13465830 -0.14694281 -0.36832121 -0.58959578 
4.60706783 15.60999040 -11.43672330 9.39054849 -8.14132701 6.84244765 -6.40824168 5.53916935 -4.73587069 3.91776822 -3.63662521 2.64045763 -3.12474762 
4.60706783 15.60999040 -11.43672330 9.39054849 -8.14132701 6.84244765 -6.40824168 5.53916935 -4.73587069 3.91776822 -3.63662521 2.64045763 -3.12474762 
4.60706783 15.60999040 -11.43672330 9.39054849 -8.14132701 6.84244765 -6.40824168 5.53916935 -4.73587069 3.91776822 -3.63662521 2.64045763 -3.12474762 
4.60706783 15.60999040 -11.43672330 9.39054849 -8.14132701 6.84244765 -6.40824168 5.53916935 -4.73587069 3.91776822 -3.63662521 2.64045763 -3.12474762 
4.60706783 15.60999040 -11.43672330 9.39054849 -8.14132701 6.84244765 -6.40824168 5.53916935 -4.73587069 3.91776822 -3.63662521 2.64045763 -3.12474762 
4.60706783 15.60999040 -11.43672330 9.39054849 -8.14132701 6.84244765 -6.40824168 5.53916935 -4.73587069 3.91776822 -3.63662521 2.64045763 -3.12474762 
4.60706783 15.60999040 -11.43672330 9.39054849 -8.14132701 6.84244765 -6.40824168 5.53916935 -4.73587069 3.91776822 -3.63662521 2.64045763 -3.12474762 
4.50714794 14.99205325 -10.56811690 8.34509310 -6.98134625 5.61949852 -5.16585920 4.31313223 -3.55496898 2.80419491 -2.60736767 1.70751836 -2.29607653 
4.50382886 15.02168162 -10.60894257 8.39330249 -7.03385785 5.67388687 -5.22017173 4.36585020 -3.60494462 2.85061392 -2.64965937 1.74533482 -2.32923470 
4.60105278 15.60999040 -11.43672330 9.39054849 -8.14132701 6.84244765 -6.40824168 5.53916935 -4.73587069 3.91776822 -3.63662521 2.64045763 -3.12474762 
4.50083307 14.98872747 -10.56353943 8.33969361 -6.97547107 5.61341946 -5.15979449 4.30725106 -3.54939872 2.79902544 -2.60266163 1.70331349 -2.29239228 
4.49750299 15.01848928 -10.60453977 8.38809888 -7.02818512 5.66800668 -5.21429520 4.36014196 -3.59952945 2.84558074 -2.64507078 1.74122931 -2.32563284 
4.49449825 14.98537561 -10.55892713 8.33425422 -6.96955373 5.60729802 -5.15368870 4.30133117 -3.54379280 2.79382379 -2.59792705 1.69908376 -2.28868679 
4.49115709 15.01527170 -10.60010312 8.38285637 -7.02247115 5.66208489 -5.20837821 4.35439544 -3.59407892 2.84051552 -2.64045369 1.73709891 -2.32200966 
4.48814336 14.98199740 -10.55427963 8.32877455 -6.96359384 5.60113384 -5.14754149 4.29537225 -3.53815096 2.78858970 -2.59316374 1.69482903 -2.28495994 
4.48479106 15.01202860 -10.59563229 8.37757459 -7.01671554 5.65612113 -5.20242040 4.34861034 -3.58859275 2.83541802 -2.63580791 1.73294345 -2.31836501 
4.48176827 14.97859256 -10.54959660 8.32325421 -6.95759103 5.59492654 -5.14135251 4.28937401 -3.53247293 2.78332295 -2.58837149 1.69054912 -2.28121159 
4.36586605 15.60921878 -11.43561645 9.38919067 -8.13979287 6.84080227 -6.40654265 5.53746646 -4.73420619 3.91617682 -3.63513512 2.63909051 -3.12351938 
4.47199803 15.00546479 -10.58658668 8.36689168 -7.00507791 5.64406620 -5.19038095 4.33692314 -3.57751239 2.82512524 -2.62642946 1.72455671 -2.31101077 
4.46895697 14.97170189 -10.54012253 8.31209001 -6.94545504 5.58238108 -5.12884788 4.27725826 -3.52100719 2.77269055 -2.57869944 1.68191315 -2.27364991 
4.35226831 15.60920822 -11.43560130 9.38917208 -8.13977188 6.84077975 -6.40651939 5.53744315 -4.73418341 3.91615505 -3.63511473 2.63907180 -3.12350257 
4.34543461 15.60920286 -11.43559361 9.38916265 -8.13976122 6.84076832 -6.40650759 5.53743132 -4.73417185 3.91614399 -3.63510437 2.63906230 -3.12349404 
4.33857748 15.60919744 -11.43558584 9.38915311 -8.13975045 6.84075677 -6.40649566 5.53741937 -4.73416017 3.91613282 -3.63509391 2.63905271 -3.12348541 
4.44616453 14.99201909 -10.56806989 8.34503764 -6.98128590 5.61943606 -5.16579688 4.31307180 -3.55491174 2.80414178 -2.60731930 1.70747514 -2.29603866 
4.44308626 14.95758870 -10.52073216 8.28925630 -6.92065040 5.55675597 -5.10332195 4.25254091 -3.49762927 2.75102349 -2.55899952 1.66433202 -2.25826290 
4.32479228 15.60918643 -11.43557006 9.38913375 -8.13972857 6.84073331 -6.40647143 5.53739508 -4.73413643 3.91611013 -3.63507267 2.63903321 -3.12346790 
4.31786389 15.60918085 -11.43556204 9.38912392 -8.13971746 6.84072139 -6.40645913 5.53738275 -4.73412438 3.91609860 -3.63506188 2.63902331 -3.12345901 
4.31091141 15.60917520 -11.43555394 9.38911398 -8.13970624 6.84070935 -6.40644670 5.53737029 -4.73411220 3.91608696 -3.63505098 2.63901331 -3.12345002 
4.41999392 14.97813420 -10.54896626 8.32251126 -6.95678324 5.59409134 -5.14051987 4.28856711 -3.53170919 2.78261461 -2.58772703 1.68997361 -2.28070760 
4.41687752 14.94301734 -10.50073216 8.26572701 -6.89511351 5.53039753 -5.07708775 4.22715842 -3.47364102 2.72880723 -2.53881446 1.64632985 -2.24251732 
4.29693353 15.60916373 -11.43553749 9.38909380 -8.13968343 6.84068489 -6.40642144 5.53734498 -4.73408746 3.91606331 -3.63502883 2.63899299 -3.12343177 
4.28990778 15.60915790 -11.43552913 9.38908354 -8.13967184 6.84067247 -6.40640861 5.53733212 -4.73407489 3.91605129 -3.63501758 2.63898267 -3.12342249 
4.40013940 14.96742093 -10.53423884 8.30515925 -6.93792368 5.57459827 -5.12109295 4.26974689 -3.51390096 2.76610270 -2.57270826 1.67656513 -2.26896831 
4.39699379 14.93177635 -10.48531705 8.24760715 -6.87546384 5.51013172 -5.05693286 4.20767221 -3.45523815 2.71177515 -2.52334941 1.63254550 -2.23046770 
4.27578181 15.60914606 -11.43551214 9.38906271 -8.13964831 6.84064723 -6.40638255 5.53730600 -4.73404936 3.91602688 -3.63499472 2.63896170 -3.12340365 
4.38679302 14.96013146 -10.52422432 8.29336702 -6.92511429 5.56136589 -5.10791246 4.25698455 -3.50183078 2.75491636 -2.56253795 1.66748904 -2.26102522 
4.38362764 14.92412876 -10.47483654 8.23529543 -6.86212073 5.49637820 -5.04326227 4.19446227 -3.44276908 2.70024053 -2.51288090 1.62321875 -2.22231812 
4.26155536 15.60913397 -11.43549480 9.38904143 -8.13962426 6.84062144 -6.40635592 5.53727931 -4.73402327 3.91600194 -3.63497137 2.63894027 -3.12338441 
4.25440400 15.60912782 -11.43548598 9.38903061 -8.13961205 6.84060834 -6.40634239 5.53726575 -4.73401002 3.91598927 -3.63495950 2.63892939 -3.12337463 
4.36660547 14.94896990 -10.50889995 8.27533339 -6.90553667 5.54115317 -5.08778997 4.23751065 -3.48342230 2.73786395 -2.54704140 1.65366563 -2.24893233 
4.36340995 14.91242033 -10.45880168 8.21647094 -6.84173191 5.47537475 -5.02239742 4.17431166 -3.42375868 2.68266362 -2.49693617 1.60901946 -2.20991626 
4.24002412 15.60911533 -11.43546807 9.38900864 -8.13958722 6.84058171 -6.40631489 5.53723819 -4.73398308 3.91596351 -3.63493539 2.63890727 -3.12335475 
4.23279522 15.60910898 -11.43545896 9.38899747 -8.13957460 6.84056817 -6.40630092 5.53722419 -4.73396939 3.91595043 -3.63492314 2.63889602 -3.12334465 
4.22554010 15.60910257 -11.43544976 9.38898618 -8.13956184 6.84055449 -6.40628679 5.53721003 -4.73395555 3.91593720 -3.63491075 2.63888466 -3.12333444 
4.21825856 15.60909608 -11.43544045 9.38897477 -8.13954895 6.84054066 -6.40627251 5.53719572 -4.73394156 3.91592382 -3.63489822 2.63887317 -3.12332412 
4.21095042 15.60908952 -11.43543105 9.38896323 -8.13953591 6.84052668 -6.40625808 5.53718125 -4.73392742 3.91591030 -3.63488556 2.63886155 -3.12331368 
4.20361547 15.60908289 -11.43542154 9.38895156 -8.13952273 6.84051255 -6.40624348 5.53716662 -4.73391312 3.91589663 -3.63487276 2.63884981 -3.12330313 
4.19625352 15.60907619 -11.43541192 9.38893976 -8.13950940 6.84049825 -6.40622872 5.53715182 -4.73389866 3.91588280 -3.63485982 2.63883794 -3.12329246 
4.06608582 14.67628073 -10.13818513 7.84316507 -6.44060915 5.06529470 -4.61800379 3.78650990 -3.06036910 2.34882053 -2.19592534 1.34248524 -1.97838187 
4.05349859 14.79634708 -10.30054220 8.03146534 -6.64217234 5.27060524 -4.81974883 3.97931293 -3.24043673 2.51372616 -2.34416709 1.47337580 -2.09177649 
4.16653172 15.60904862 -11.43537237 9.38889125 -8.13945459 6.84043947 -6.40616802 5.53709099 -4.73383920 3.91582595 -3.63480659 2.63878910 -3.12324859 
4.03442353 14.65239955 -10.10605556 7.80608230 -6.40110142 5.02523467 -4.57881210 3.74921405 -3.02567891 2.31717429 -2.16758166 1.31754595 -1.95684777 
4.02162310 14.77491693 -10.27146336 7.99762819 -6.60583572 5.23347932 -4.78315936 3.94424521 -3.20759544 2.48357197 -2.31699320 1.44932685 -2.07089608 
4.01034507 14.63390041 -10.08120418 7.77744088 -6.37062953 4.99437811 -4.54866347 3.72055970 -2.99905853 2.29291746 -2.14587978 1.29847019 -1.94039264 
3.99737997 14.75830147 -10.24894765 7.97146155 -6.57777095 5.20483895 -4.75496523 3.91725358 -3.18234439 2.46041039 -2.29614078 1.43088908 -2.05490134 
3.98597462 14.61487598 -10.05568102 7.74806266 -6.33941233 4.96280432 -4.51784947 3.69130544 -2.97190985 2.26820426 -2.12379084 1.27907178 -1.92367365 
3.97284059 14.74120079 -10.22580181 7.94459308 -6.54898506 5.17549361 -4.72610653 3.88965289 -3.15654796 2.43676975 -2.27487518 1.41210105 -2.03861521 
3.96130506 14.59530632 -10.02946222 7.71792326 -6.30742702 4.93049317 -4.48635318 3.66143760 -2.94422223 2.24302675 -2.10130917 1.25934689 -1.90668842 
3.94799767 14.72359605 -10.20200273 7.91699854 -6.51945473 5.14542206 -4.69656474 3.86142753 -3.13019342 2.41263996 -2.25318862 1.39295695 -2.02203351 
4.06676716 15.60894985 -11.43523070 9.38871746 -8.13925824 6.84022888 -6.40595058 5.53687306 -4.73362619 3.91562230 -3.63461591 2.63861416 -3.12309142 
3.92793421 14.56832898 -9.99337841 7.67650932 -6.26354417 4.88622869 -4.44326667 3.62063522 -2.90644851 2.20872079 -2.07071310 1.23253286 -1.88362351 
3.91438847 14.69930459 -10.16921252 7.87903259 -6.47888100 5.10415896 -4.65608005 3.82279435 -3.09416342 2.37968834 -2.22360491 1.36686765 -1.99945778 
3.90253748 14.54740394 -9.96543746 7.64449338 -6.22967332 4.85211529 -4.41011007 3.58928107 -2.87746154 2.18242916 -2.04729365 1.21203220 -1.86600883 
3.88880735 14.68044497 -10.14379321 7.84964385 -6.44751795 5.07230628 -4.62486925 3.79304865 -3.06645586 2.35437736 -2.20090583 1.34687047 -1.98217078 
3.87681589 14.52585981 -9.93671323 7.61162759 -6.19495229 4.81719290 -4.37621163 3.55726601 -2.84789962 2.15564701 -2.02346343 1.19119351 -1.84812137 
3.86289633 14.66101135 -10.11763558 7.81944061 -6.41532614 5.03965129 -4.59290964 3.76262360 -3.03814619 2.32854292 -2.17775990 1.32649837 -1.96457511 
3.98648914 15.60886290 -11.43510598 9.38856447 -8.13908539 6.84004351 -6.40575917 5.53668122 -4.73343868 3.91544304 -3.63444806 2.63846016 -3.12295308 
3.84200058 14.49612856 -9.89714560 7.56643422 -6.14728902 4.76933158 -4.32982723 3.51352578 -2.80757050 2.11916116 -1.99104210 1.16287759 -1.82384462 
3.82782022 14.63416643 -10.08156132 7.77785224 -6.37106691 4.99482076 -4.54909572 3.72097030 -2.99943979 2.29326470 -2.14619030 1.29874301 -1.94062789 
3.81548786 14.47304200 -9.86647879 7.53147050 -6.11047924 4.73243124 -4.29412409 3.47991117 -2.77662458 2.09120473 -1.96623406 1.14123887 -1.80531547 
3.80110545 14.61330057 -10.05356900 7.74563333 -6.33683268 4.96019691 -4.51530642 3.68889258 -2.96967197 2.26616828 -2.12197201 1.27747529 -1.92229833 
3.78862109 14.44924931 -9.83492683 7.49555539 -6.07272686 4.69464281 -4.25761487 3.44558600 -2.74506733 2.06273261 -1.94099921 1.11925310 -1.78650977 
3.77403084 14.59177805 -10.02473901 7.71249804 -6.30167392 4.92468572 -4.48069621 3.65607679 -2.93925601 2.23851359 -2.09728165 1.25581522 -1.90364889 
3.76139073 14.42472135 -9.80245594 7.45865559 -6.03400196 4.65594100 -4.22027937 3.41053499 -2.71288787 2.03373760 -1.91533326 1.09691822 -1.76742707 
3.58076494 15.60323574 -11.42703602 9.37866675 -8.12790477 6.82805445 -6.39338145 5.52427755 -4.72131674 3.90385524 -3.62359952 2.62850834 -3.11401334 
3.72808008 14.55437200 -9.97473721 7.65514436 -6.24093617 4.86345375 -4.42112577 3.59969360 -2.88708407 2.19115363 -2.05506223 1.21883026 -1.87184799 
3.71517173 14.38212346 -9.74619885 7.39487271 -5.96721446 4.58933722 -4.15616123 3.35046179 -2.65784352 1.98423181 -1.87158813 1.05891318 -1.73500702 
3.52995912 15.60288449 -11.42653239 9.37804916 -8.12720725 6.82730662 -6.39260949 5.52350409 -4.72056096 3.90313286 -3.62292330 2.62788809 -3.11345623 
3.50926983 15.60273628 -11.42631989 9.37778858 -8.12691296 6.82699110 -6.39228380 5.52317777 -4.72024209 3.90282809 -3.62263801 2.62762641 -3.11322119 
3.66193221 14.49854418 -9.90035728 7.57009911 -6.15115069 4.77320591 -4.33357882 3.51706061 -2.81082710 2.12210520 -1.99365632 1.16515925 -1.82579956 
3.64862896 14.31861803 -9.66264884 7.30049193 -5.86873884 4.49146797 -4.06225652 3.26276296 -2.57773413 1.91239347 -1.80828508 1.00405980 -1.68833109 
3.45659046 15.60234485 -11.42575866 9.37710038 -8.12613571 6.82615781 -6.39142365 5.52231597 -4.71940001 3.90202323 -3.62188461 2.62693538 -3.11260052 
3.43512397 15.60217936 -11.42552139 9.37680944 -8.12580713 6.82580555 -6.39106004 5.52195166 -4.71904404 3.90168301 -3.62156614 2.62664328 -3.11233816 
3.59353494 14.43829583 -9.82041923 7.47906131 -6.05540913 4.67732786 -4.24090414 3.42989137 -2.73065282 2.04973971 -1.92949403 1.10923781 -1.77795008 
3.57981234 14.25017393 -9.57302807 7.19971505 -5.76405616 4.38787376 -3.96327010 3.17068846 -2.49395227 1.83753614 -1.74255021 0.94728449 -1.64017009 
3.56349481 14.41100533 -9.78432307 7.43807655 -6.01243268 4.63441108 -4.19953430 3.39108173 -2.69504816 2.01768020 -1.90113369 1.08457315 -1.75688905 
3.54958446 14.21919998 -9.53261612 7.15442939 -5.71717349 4.34162860 -3.91922059 3.12983929 -2.45689104 1.80451449 -1.71362898 0.92236683 -1.61908303 
3.53299952 14.38277423 -9.74705701 7.39584426 -5.96823034 4.59034894 -4.15713391 3.35137195 -2.65867647 1.98498008 -1.87224860 1.05948639 -1.73549551 
3.67705132 15.60845420 -11.43451977 9.38784537 -8.13827296 6.83917221 -6.40485950 5.53577955 -4.73255738 3.91460048 -3.63365916 2.63773640 -3.12230286 
3.50856224 14.17626067 -9.47674257 7.09197851 -5.65268216 4.27816739 -3.85891362 3.07404026 -2.40637657 1.75959865 -1.67436728 0.88860202 -1.59055892 
3.49160700 14.34359339 -9.69546182 7.33750911 -5.90731191 4.52975562 -4.09894862 3.29698993 -2.60896368 1.94036861 -1.83291130 1.02537847 -1.70645497 
3.63843410 15.60839375 -11.43443306 9.38773900 -8.13815279 6.83904334 -6.40472643 5.53564619 -4.73242704 3.91447586 -3.63354249 2.63762936 -3.12220669 
3.62866215 15.60837807 -11.43441058 9.38771143 -8.13812164 6.83900993 -6.40469194 5.53561162 -4.73239325 3.91444356 -3.63351224 2.63760161 -3.12218177 
3.45608219 14.11978471 -9.40351941 7.01041939 -5.56874262 4.19583674 -3.78092153 3.00209804 -2.34143909 1.70201857 -1.62416788 0.84553721 -1.55426402 
3.43864040 14.29198502 -9.62772296 7.26116150 -5.82782652 4.45092624 -4.02346724 3.22663646 -2.54482121 1.88295255 -1.78240370 0.98168309 -1.66933091 
3.58908979 15.60831303 -11.43431728 9.38759698 -8.13799234 6.83887127 -6.40454876 5.53546812 -4.73225300 3.91430947 -3.63338670 2.63748644 -3.12207830 
3.41309230 14.07220775 -9.34206722 6.94222044 -5.49880212 4.12747077 -3.71637263 2.94274705 -2.28803240 1.65480098 -1.58311644 0.81041128 -1.52473328 
3.39524095 14.24844382 -9.57076840 7.19718027 -5.76142940 4.38528025 -3.96079745 3.16839340 -2.49186824 1.83567775 -1.74092134 0.94588008 -1.63898076 
3.54871862 15.60824396 -11.43421822 9.38747547 -8.13785506 6.83872404 -6.40439675 5.53531577 -4.73210409 3.91416712 -3.63325341 2.63736416 -3.12196844 
3.36916655 14.02235109 -9.27789896 6.87125065 -5.42626245 4.05679125 -3.64984677 2.88176236 -2.23331478 1.60655676 -1.54128106 0.77470124 -1.49478104 
3.35088620 14.20275452 -9.51119639 7.13046606 -5.69240497 4.31723465 -3.89601969 3.10835526 -2.43742653 1.78719452 -1.69847873 0.90932919 -1.60806209 
3.50751572 15.60817054 -11.43411291 9.38734630 -8.13770913 6.83856754 -6.40423515 5.53515382 -4.73194581 3.91401579 -3.63311172 2.63723417 -3.12185166 
3.32426370 13.97006395 -9.21085348 6.79736513 -5.35100707 3.98371254 -3.58128753 2.81911249 -2.17727450 1.55728841 -1.49867375 0.73842465 -1.46442755 
3.30553348 14.15477184 -9.44884609 7.06086821 -5.62062575 4.24668946 -3.82906142 3.04647417 -2.38146880 1.73749140 -1.65507598 0.87203821 -1.57658746 
3.46544610 15.60809240 -11.43400083 9.38720881 -8.13755380 6.83840096 -6.40406315 5.53498145 -4.73177733 3.91385472 -3.63296092 2.63709582 -3.12172737 
3.27833972 13.91518241 -9.14075738 6.72040984 -5.27291392 3.90814686 -3.51063893 2.75476828 -2.11990330 1.50700239 -1.45531060 0.70160286 -1.43369643 
3.25913725 14.10433759 -9.38354398 6.98822591 -5.54595743 4.17354102 -3.75984913 2.98270337 -2.32397027 1.68656028 -1.61071686 0.83401861 -1.54457285 
3.24319847 13.87221189 -9.08607149 6.66058066 -5.21240519 3.84978658 -3.45624815 2.70538228 -2.07599878 1.46862649 -1.42230443 0.67364395 -1.41041659 
3.22362610 14.06479987 -9.33251809 6.93164338 -5.48797538 4.11690692 -3.70641612 2.93360789 -2.27982206 1.64755337 -1.57682453 0.80503496 -1.52021929 
3.20743542 13.82760070 -9.02948066 6.59885982 -5.15017253 3.78993842 -3.40062838 2.65501856 -2.03134311 1.42969079 -1.38889514 0.64540515 -1.38695265 
3.18747884 14.02370783 -9.27964207 6.87317522 -5.42822632 4.05870169 -3.65164215 2.88340571 -2.23478711 1.60785313 -1.54240376 0.77565840 -1.49558294 
3.17102844 13.78126206 -8.97089574 6.53517087 -5.08615810 3.72856341 -3.34375749 2.60366863 -1.98593793 1.39020365 -1.35509504 0.61690051 -1.36331898 
2.92117736 15.59695300 -11.41802934 9.36762411 -8.11543510 6.81468747 -6.37958540 5.51045666 -4.70781355 3.89095045 -3.61152099 2.61743077 -3.10406453 
3.12575683 13.95153596 -9.18715746 6.77131690 -5.32454058 3.95807183 -3.55728730 2.79722928 -2.15774158 1.54015025 -1.48388074 0.72585188 -1.45392541 
3.10885521 13.69993706 -8.86856368 6.42442970 -4.97534492 3.62277193 -3.24613491 2.51587560 -1.90860755 1.32319529 -1.29793249 0.56884558 -1.32359596 
2.85016756 15.59599781 -11.41666033 9.36594600 -8.11354053 6.81265696 -6.37749011 5.50835798 -4.70576345 3.88899152 -3.60968777 2.61574970 -3.10255495 
2.82104238 15.59558617 -11.41607037 9.36522288 -8.11272415 6.81178205 -6.37658732 5.50745375 -4.70488019 3.88814756 -3.60889799 2.61502549 -3.10190464 
2.79148681 15.59515612 -11.41545405 9.36446746 -8.11187134 6.81086810 -6.37564427 5.50650922 -4.70395758 3.88726602 -3.60807305 2.61426906 -3.10122540 
2.76148793 15.59470655 -11.41480978 9.36367780 -8.11097990 6.80991278 -6.37465854 5.50552197 -4.70299326 3.88634465 -3.60721086 2.61347848 -3.10051551 
2.73103226 15.59423626 -11.41413584 9.36285179 -8.11004745 6.80891354 -6.37362753 5.50448939 -4.70198468 3.88538101 -3.60630913 2.61265166 -3.09977309 
2.70010565 15.59374397 -11.41343039 9.36198719 -8.10907146 6.80786766 -6.37254843 5.50340867 -4.70092911 3.88437248 -3.60536542 2.61178636 -3.09899614 
2.66869333 15.59322828 -11.41269142 9.36108155 -8.10804917 6.80677221 -6.37141820 5.50227678 -4.69982357 3.88331625 -3.60437709 2.61088017 -3.09818248 
2.90057272 13.66588672 -8.82590126 6.37845228 -4.92952320 3.57919625 -3.20607533 2.47998083 -1.87710148 1.29598449 -1.27479181 0.54944765 -1.30760530 
2.88194194 13.37874189 -8.47042648 5.99975557 -4.55632633 3.22808693 -2.88663544 2.19660734 -1.63075698 1.08512366 -1.09696924 0.40152978 -1.18656197 
2.58793393 15.59182651 -11.41068288 9.35862009 -8.10527083 6.80379517 -6.36834681 5.49920101 -4.69681958 3.88044635 -3.60169178 2.60841813 -3.09597193 
2.55469446 15.59121625 -11.40980851 9.35754863 -8.10406150 6.80249942 -6.36701006 5.49786243 -4.69551229 3.87919747 -3.60052329 2.60734682 -3.09501009 
2.80003908 13.52649081 -8.65237611 6.19260650 -4.74542920 3.40514305 -3.04696726 2.33819009 -1.75329797 1.18958202 -1.18471980 0.47426292 -1.24587712 
2.78059454 13.22233989 -8.28002748 5.80018001 -4.36274132 3.04870819 -2.72582825 2.05597975 -1.51017548 0.98322416 -1.01205871 0.33166794 -1.12998810 
2.46909566 15.58954924 -11.40742024 9.35462221 -8.10075875 6.79896088 -6.36335979 5.49420735 -4.69194286 3.87578768 -3.59733312 2.60442214 -3.09238436 
2.72504932 13.41751155 -8.51797424 6.04995178 -4.60535557 3.27382130 -2.92789955 2.23291799 -1.66207771 1.11173829 -1.11926086 0.41995645 -1.20155035 
2.70498129 13.10019866 -8.13291063 5.64754868 -4.21616932 2.91419041 -2.60635429 1.95243302 -1.42215190 0.90942938 -0.95102124 0.28178343 -1.08984894 
2.37966914 15.58765051 -11.40470029 9.35128974 -8.09699811 6.79493216 -6.35920424 5.49004668 -4.68788003 3.87190688 -3.59370254 2.60109393 -3.08939654 
2.34274816 15.58681642 -11.40350556 9.34982608 -8.09534653 6.79316297 -6.35737948 5.48821980 -4.68609623 3.87020310 -3.59210871 2.59963291 -3.08808502 
2.30513282 15.58593485 -11.40224289 9.34827926 -8.09360120 6.79129345 -6.35545133 5.48628949 -4.68421151 3.86840300 -3.59042483 2.59808941 -3.08669949 
2.26679651 15.58500215 -11.40090705 9.34664291 -8.09175493 6.78931590 -6.35341186 5.48424784 -4.68221816 3.86649922 -3.58864403 2.59645712 -3.08523432 
2.22771105 15.58401428 -11.39949230 9.34490997 -8.08979981 6.78722187 -6.35125237 5.48208613 -4.68010769 3.86448368 -3.58675877 2.59472915 -3.08368331 
2.18784658 15.58296682 -11.39799230 9.34307275 -8.08772714 6.78500207 -6.34896330 5.47979482 -4.67787081 3.86234750 -3.58476075 2.59289789 -3.08203966 
2.14717142 15.58185490 -11.39640009 9.34112271 -8.08552735 6.78264626 -6.34653410 5.47736339 -4.67549724 3.86008090 -3.58264084 2.59095502 -3.08029589 
2.44715830 12.97438937 -7.98281560 5.49325521 -4.06932737 2.78057774 -2.48866678 1.85124907 -1.33679565 0.83837484 -0.89263306 0.23434254 -1.05188798 
2.42466225 12.60457007 -7.55003995 5.05655148 -3.66115021 2.41549396 -2.17237150 1.58359191 -1.11440276 0.65577830 -0.74446567 0.11528192 -0.95761391 
2.39392668 12.88211432 -7.87365526 5.38195357 -3.96424194 2.68568464 -2.40569704 1.78041876 -1.27744991 0.78927935 -0.85252002 0.20191583 -1.02606624 
2.63404856 15.60563499 -11.43047646 9.38288599 -8.13267045 6.83316428 -6.39865648 5.52956322 -4.72648197 3.90879251 -3.62822150 2.63274801 -3.11782162 
2.61787623 15.60556408 -11.43037477 9.38276128 -8.13252957 6.83301322 -6.39850052 5.52940694 -4.72632924 3.90864652 -3.62808482 2.63262263 -3.11770899 
2.60157206 15.60549142 -11.43027057 9.38263349 -8.13238523 6.83285844 -6.39834073 5.52924682 -4.72617276 3.90849694 -3.62794479 2.63249418 -3.11759360 
2.85653680 13.51745224 -8.64118704 6.18068727 -4.73368424 3.39409464 -3.03691696 2.32927613 -1.74555036 1.18295182 -1.17912971 0.46961401 -1.24207375 
2.85022562 13.41962382 -8.52056877 6.05269491 -4.60803884 3.27632773 -2.93016405 2.23491325 -1.66380093 1.11320430 -1.12049008 0.42097356 -1.20237845 
2.56855949 15.60534065 -11.43005435 9.38236830 -8.13208568 6.83253724 -6.39800914 5.52891454 -4.72584804 3.90818653 -3.62765419 2.63222761 -3.11735414 
2.55184660 15.60526240 -11.42994214 9.38223069 -8.13193024 6.83237056 -6.39783706 5.52874211 -4.72567953 3.90802545 -3.62750339 2.63208928 -3.11722989 
2.53499286 15.60518216 -11.42982708 9.38208957 -8.13177084 6.83219965 -6.39766061 5.52856530 -4.72550674 3.90786028 -3.62734876 2.63194744 -3.11710247 
2.23985770 12.23864798 -7.13415688 4.64854899 -3.29013855 2.09220463 -1.89924786 1.35798504 -0.93122048 0.50845822 -0.62713956 0.02250214 -0.88525431 
1.81248245 15.57080828 -11.38058822 9.32176441 -8.06369730 6.75927570 -6.32244326 5.45325764 -4.65197199 3.83762191 -3.56164076 2.57171316 -3.06302987 
1.76330708 15.56885872 -11.37779882 9.31835073 -8.05984920 6.75515751 -6.31819959 5.44901271 -4.64783057 3.83366935 -3.55794595 2.56832858 -3.05999356 
1.31314996 9.67291702 -4.55845501 2.39625437 -1.45216793 0.63938732 -0.77732127 0.50453885 -0.28862892 0.02196541 -0.25834750 -0.25963050 -0.67212891 
0.49103590 15.30552473 -11.00426902 8.86492992 -7.55268036 6.21637297 -5.76688453 4.90121246 -4.11677141 3.32984732 -3.08962305 2.14158203 -2.67905629 
0.34482523 15.26215541 -10.94337343 8.79171992 -7.47154794 6.13094217 -5.68020653 4.81578562 -4.03459703 3.25245894 -3.01818650 2.07691251 -2.62168574 
0.18709481 15.20911505 -10.86913943 8.70274838 -7.37323947 6.02771698 -5.57575781 4.71311164 -3.93607699 3.15989431 -2.93293032 1.99989348 -2.55349452 
0.01587662 15.14338165 -10.77750911 8.59334525 -7.25279835 5.90169491 -5.44867119 4.58858784 -3.81696006 3.04830471 -2.83043547 1.90754226 -2.47193019 
-0.17134800 15.06067773 -10.66280321 8.45704772 -7.10344282 5.74610897 -5.29243807 4.43613046 -3.67169245 2.91272032 -2.70633782 1.79609514 -2.37380862 
0.67819424 8.53561111 -3.60531304 1.69637671 -0.97133852 0.31403556 -0.55997304 0.35982270 -0.19245541 -0.04555937 -0.20950529 -0.29747188 -0.64375603 
1.12342405 15.53287458 -11.32637641 9.25549213 -7.98906912 6.67948859 -6.24030270 5.37116682 -4.57195120 3.76131163 -3.49036106 2.50646455 -3.00453459 
1.05367076 15.52744448 -11.31862702 9.24603126 -7.97842884 6.66812640 -6.22861875 5.35950271 -4.56059302 3.75049073 -3.48026283 2.49722875 -2.99626148 
1.56368402 11.09246569 -5.91024785 3.51699644 -2.31838420 1.28933857 -1.25433447 0.85001552 -0.53676561 0.20306371 -0.39174859 -0.15901766 -0.74699243 
2.28141718 12.56038142 -7.49916810 5.00602476 -3.61465154 2.37451652 -2.13737634 1.55438542 -1.09045547 0.63635144 -0.72887371 0.10287165 -0.94787567 
2.54902983 15.60999040 -11.43672330 9.39054849 -8.14132701 6.84244765 -6.40824168 5.53916935 -4.73587069 3.91776822 -3.63662521 2.64045763 -3.12474762 
2.54902983 15.60999040 -11.43672330 9.39054849 -8.14132701 6.84244765 -6.40824168 5.53916935 -4.73587069 3.91776822 -3.63662521 2.64045763 -3.12474762 
2.54902983 15.60999040 -11.43672330 9.39054849 -8.14132701 6.84244765 -6.40824168 5.53916935 -4.73587069 3.91776822 -3.63662521 2.64045763 -3.12474762 
2.54902983 15.60999040 -11.43672330 9.39054849 -8.14132701 6.84244765 -6.40824168 5.53916935 -4.73587069 3.91776822 -3.63662521 2.64045763 -3.12474762 
2.82616404 13.38375625 -8.47656831 6.00623151 -4.56264410 3.23397333 -2.89194054 2.20127055 -1.63477517 1.08853479 -1.09982372 0.40388740 -1.18847816 
2.83253978 13.48293372 -8.59852562 6.13531366 -4.68904287 3.35216277 -2.99882782 2.29554026 -1.71626773 1.15792356 -1.15805223 0.45210392 -1.22776299 
2.84063518 13.40538224 -8.50308365 6.03421649 -4.58997152 3.25945807 -2.91492884 2.22149462 -1.65221613 1.10335211 -1.11223188 0.41414242 -1.19681826 
2.84697204 13.50374673 -8.62423514 6.16264406 -4.71591913 3.37739600 -3.02173825 2.31582333 -1.73386595 1.17295908 -1.17070969 0.46261554 -1.23635122 
2.58236394 15.60999040 -11.43672330 9.39054849 -8.14132701 6.84244765 -6.40824168 5.53916935 -4.73587069 3.91776822 -3.63662521 2.64045763 -3.12474762 
2.58236394 15.60999040 -11.43672330 9.39054849 -8.14132701 6.84244765 -6.40824168 5.53916935 -4.73587069 3.91776822 -3.63662521 2.64045763 -3.12474762 
2.58236394 15.60999040 -11.43672330 9.39054849 -8.14132701 6.84244765 -6.40824168 5.53916935 -4.73587069 3.91776822 -3.63662521 2.64045763 -3.12474762 
2.58236394 15.60999040 -11.43672330 9.39054849 -8.14132701 6.84244765 -6.40824168 5.53916935 -4.73587069 3.91776822 -3.63662521 2.64045763 -3.12474762 
2.58236394 15.60999040 -11.43672330 9.39054849 -8.14132701 6.84244765 -6.40824168 5.53916935 -4.73587069 3.91776822 -3.63662521 2.64045763 -3.12474762 
2.58236394 15.60999040 -11.43672330 9.39054849 -8.14132701 6.84244765 -6.40824168 5.53916935 -4.73587069 3.91776822 -3.63662521 2.64045763 -3.12474762 
2.31116277 12.50024318 -7.43022156 4.93781969 -3.55212869 2.31962159 -2.09066276 1.51553231 -1.05870254 0.61066767 -0.70831427 0.08654422 -0.93509081 
2.30030971 12.59638934 -7.54060845 5.04717105 -3.65250599 2.40786642 -2.16584949 1.57814230 -1.10992944 0.65214573 -0.74154752 0.11295744 -0.95578857 
2.56576633 15.60999040 -11.43672330 9.39054849 -8.14132701 6.84244765 -6.40824168 5.53916935 -4.73587069 3.91776822 -3.63662521 2.64045763 -3.12474762 
2.29238481 12.46357798 -7.38834844 4.89655113 -3.51443574 2.28664144 -2.06269114 1.49234164 -1.03980743 0.59542561 -0.69614304 0.07689832 -0.92755251 
2.28141718 12.56038142 -7.49916810 5.00602476 -3.61465154 2.37451652 -2.13737634 1.55438542 -1.09045547 0.63635144 -0.72887371 0.10287165 -0.94787567 
2.27343354 12.42623723 -7.34583013 4.85476632 -3.47637757 2.25342969 -2.03459473 1.46910427 -1.02091823 0.58021984 -0.68402329 0.06730819 -0.92006883 
2.26234897 12.52370291 -7.45707801 4.96434980 -3.57641500 2.34091697 -2.10876144 1.53056727 -1.07097572 0.62058470 -0.71624529 0.09283771 -0.94001511 
2.53215209 15.60999040 -11.43672330 9.39054849 -8.14132701 6.84244765 -6.40824168 5.53916935 -4.73587069 3.91776822 -3.63662521 2.64045763 -3.12474762 
2.25430584 12.38820322 -7.30265343 4.81245813 -3.43795228 2.21998794 -2.00637712 1.44582465 -1.00203943 0.56505439 -0.67195840 0.05777649 -0.91264178 
2.24310188 12.48633608 -7.41432462 4.92213853 -3.53779392 2.30706895 -2.08000811 1.50669217 -1.05149471 0.60484966 -0.70366578 0.08285845 -0.93220906 
2.51513072 15.60999040 -11.43672330 9.39054849 -8.14132701 6.84244765 -6.40824168 5.53916935 -4.73587069 3.91776822 -3.63662521 2.64045763 -3.12474762 
2.23499847 12.34945766 -7.25880481 4.76961940 -3.39915809 2.18631798 -1.97804212 1.42250740 -0.98317570 0.54993344 -0.65995185 0.04830593 -0.90527341 
2.22367261 12.44826258 -7.37089403 4.87938324 -3.49878601 2.27297385 -2.05111991 1.48276463 -1.03201710 0.58915057 -0.69113877 0.07293672 -0.92445972 
2.49796323 15.60999040 -11.43672330 9.39054849 -8.14132701 6.84244765 -6.40824168 5.53916935 -4.73587069 3.91776822 -3.63662521 2.64045763 -3.12474762 
2.49796323 15.60999040 -11.43672330 9.39054849 -8.14132701 6.84244765 -6.40824168 5.53916935 -4.73587069 3.91776822 -3.63662521 2.64045763 -3.12474762 
2.49796323 15.60999040 -11.43672330 9.39054849 -8.14132701 6.84244765 -6.40824168 5.53916935 -4.73587069 3.91776822 -3.63662521 2.64045763 -3.12474762 
2.49796323 15.60999040 -11.43672330 9.39054849 -8.14132701 6.84244765 -6.40824168 5.53916935 -4.73587069 3.91776822 -3.63662521 2.64045763 -3.12474762 
2.49796323 15.60999040 -11.43672330 9.39054849 -8.14132701 6.84244765 -6.40824168 5.53916935 -4.73587069 3.91776822 -3.63662521 2.64045763 -3.12474762 
2.49796323 15.60999040 -11.43672330 9.39054849 -8.14132701 6.84244765 -6.40824168 5.53916935 -4.73587069 3.91776822 -3.63662521 2.64045763 -3.12474762 
2.78212146 13.31691852 -8.39489371 5.92030820 -4.47900388 3.15620814 -2.82199796 2.13991174 -1.58200355 1.04381432 -1.06246221 0.37307500 -1.16347038 
2.78861663 13.41860073 -8.51931205 6.05136616 -4.60673903 3.27511354 -2.92906702 2.23394661 -1.66296606 1.11249402 -1.11989451 0.42048075 -1.20197721 
