11.05104948 0.54957240 -0.13064805 -0.00783907 -0.12564581 -0.18783308 -0.26294129 0.17509264 -0.09182742 -0.13389997 -0.14699448 -0.36752331 -0.59009709 
5.30852606 15.36993890 -11.09504021 8.97443041 -7.67442918 6.34497365 -5.89775499 5.03056539 -4.24154166 3.44765602 -3.19863850 2.24049874 -2.76700066 
5.17834212 15.32184737 -11.02723373 8.89259095 -7.58339055 6.24876631 -5.79980553 4.93371002 -4.14807932 3.35937421 -3.11691616 2.16632133 -2.70102995 
5.03427447 15.26130670 -10.94218351 8.79029139 -7.46996696 6.12927959 -5.67852176 4.81412714 -4.03300352 3.25095985 -3.01680411 2.07566227 -2.62057762 
4.87380911 15.18397702 -10.83404957 8.66079762 -7.32699808 5.97927478 -5.52685003 4.66513709 -3.89013696 3.11681433 -2.89332399 1.96417510 -2.52192154 
4.78509058 15.60999040 -11.43672330 9.39054849 -8.14132701 6.84244765 -6.40824168 5.53916935 -4.73587069 3.91776822 -3.63662521 2.64045763 -3.12474762 
4.78509058 15.60999040 -11.43672330 9.39054849 -8.14132701 6.84244765 -6.40824168 5.53916935 -4.73587069 3.91776822 -3.63662521 2.64045763 -3.12474762 
4.69365259 15.08353442 -10.69443943 8.49456566 -7.14447778 5.78877866 -5.33521077 4.47779965 -3.71133290 2.94966222 -2.74010127 1.82637554 -2.40043403 
4.58998029 15.60937367 -11.43583863 9.38946322 -8.14010081 6.84113254 -6.40688368 5.53780826 -4.73454028 3.91649624 -3.63543419 2.63936490 -3.12376589 
4.58391357 15.60936992 -11.43583325 9.38945662 -8.14009335 6.84112454 -6.40687541 5.53779998 -4.73453219 3.91648850 -3.63542695 2.63935825 -3.12375992 
4.57782839 15.60936613 -11.43582782 9.38944995 -8.14008583 6.84111646 -6.40686708 5.53779162 -4.73452402 3.91648069 -3.63541964 2.63935154 -3.12375389 
4.67330527 15.10178127 -10.71973065 8.52459918 -7.17736919 5.82302270 -5.36957839 4.51131898 -3.74325527 2.97944236 -2.76734595 1.85083232 -2.42195769 
4.67054015 15.07288364 -10.67969140 8.47706875 -7.12533331 5.76886422 -5.31524119 4.45833866 -3.69281337 2.93239809 -2.72431792 1.81221652 -2.38798082 
4.66749291 15.09920190 -10.71615357 8.52034921 -7.17271252 5.81817224 -5.36470823 4.50656696 -3.73872776 2.97521701 -2.76347890 1.84735976 -2.41890058 
4.75742762 15.60999040 -11.43672330 9.39054849 -8.14132701 6.84244765 -6.40824168 5.53916935 -4.73587069 3.91776822 -3.63662521 2.64045763 -3.12474762 
4.85015367 15.15087468 -10.78793354 8.60576820 -7.26644990 5.91595428 -5.46302700 4.60263160 -3.83037340 3.06085216 -2.84194440 1.91789873 -2.48106573 
4.85269281 15.17591863 -10.82281360 8.64737911 -7.31222237 5.96381106 -5.51125244 4.64985102 -3.87551186 3.10311100 -2.88073540 1.95283059 -2.51190061 
4.67054015 15.07288364 -10.67969140 8.47706875 -7.12533331 5.76886422 -5.31524119 4.45833866 -3.69281337 2.93239809 -2.72431792 1.81221652 -2.38798082 
4.66749291 15.09920190 -10.71615357 8.52034921 -7.17271252 5.81817224 -5.36470823 4.50656696 -3.73872776 2.97521701 -2.76347890 1.84735976 -2.41890058 
4.66472016 15.07017197 -10.67593830 8.47261804 -7.12046557 5.76380273 -5.31016766 4.45339618 -3.68811167 2.92801660 -2.72031353 1.80862531 -2.38482317 
4.45731818 14.93246320 -10.48625861 8.24871353 -6.87666322 5.51136831 -5.05816230 4.20886050 -3.45636006 2.71281320 -2.52429171 1.63338518 -2.23120155 
4.44707917 15.02473707 -10.61315749 8.39828506 -7.03929069 5.67951946 -5.22580185 4.37132005 -3.61013451 2.85543848 -2.65405845 1.74927133 -2.33268874 
4.54092327 15.60934267 -11.43579416 9.38940867 -8.14003918 6.84106643 -6.40681541 5.53773984 -4.73447341 3.91643230 -3.63537433 2.63930997 -3.12371655 
4.53470567 15.60933863 -11.43578837 9.38940156 -8.14003115 6.84105782 -6.40680652 5.53773093 -4.73446470 3.91642397 -3.63536653 2.63930282 -3.12371012 
4.52846867 15.60933455 -11.43578252 9.38939438 -8.14002304 6.84104913 -6.40679755 5.53772193 -4.73445590 3.91641556 -3.63535866 2.63929560 -3.12370363 
4.52221216 15.60933044 -11.43577662 9.38938714 -8.14001486 6.84104035 -6.40678848 5.53771285 -4.73444703 3.91640708 -3.63535071 2.63928831 -3.12369708 
4.62037715 15.07786335 -10.68658542 8.48524622 -7.13427920 5.77816831 -5.32456951 4.46742796 -3.70146165 2.94045897 -2.73168640 1.81882583 -2.39379316 
4.71235529 15.60999040 -11.43672330 9.39054849 -8.14132701 6.84244765 -6.40824168 5.53916935 -4.73587069 3.91776822 -3.63662521 2.64045763 -3.12474762 
4.71235529 15.60999040 -11.43672330 9.39054849 -8.14132701 6.84244765 -6.40824168 5.53916935 -4.73587069 3.91776822 -3.63662521 2.64045763 -3.12474762 
4.71235529 15.60999040 -11.43672330 9.39054849 -8.14132701 6.84244765 -6.40824168 5.53916935 -4.73587069 3.91776822 -3.63662521 2.64045763 -3.12474762 
4.71235529 15.60999040 -11.43672330 9.39054849 -8.14132701 6.84244765 -6.40824168 5.53916935 -4.73587069 3.91776822 -3.63662521 2.64045763 -3.12474762 
4.71235529 15.60999040 -11.43672330 9.39054849 -8.14132701 6.84244765 -6.40824168 5.53916935 -4.73587069 3.91776822 -3.63662521 2.64045763 -3.12474762 
4.61754183 15.04774330 -10.64492246 8.43586741 -7.08030315 5.72207345 -5.26836959 4.41270638 -3.64943018 2.89199240 -2.68740963 1.77913335 -2.35890570 
4.61440904 15.07510518 -10.68276666 8.48071620 -7.12932316 5.77301347 -5.31940092 4.46239149 -3.69666927 2.93599184 -2.72760277 1.81516275 -2.39057162 
4.61156571 15.04484479 -10.64091769 8.43112609 -7.07512581 5.71669824 -5.26298950 4.40747266 -3.64445816 2.88736492 -2.68318555 1.77534946 -2.35558224 
4.50332435 15.60931786 -11.43575857 9.38936501 -8.13998985 6.84101353 -6.40676078 5.53768509 -4.73441989 3.91638113 -3.63532642 2.63926602 -3.12367706 
4.49698856 15.60931358 -11.43575244 9.38935749 -8.13998135 6.84100441 -6.40675138 5.53767566 -4.73441067 3.91637232 -3.63531817 2.63925845 -3.12367025 
4.49063264 15.60930927 -11.43574625 9.38934989 -8.13997277 6.84099521 -6.40674188 5.53766614 -4.73440137 3.91636342 -3.63530984 2.63925080 -3.12366339 
4.48425646 15.60930491 -11.43574000 9.38934223 -8.13996411 6.84098593 -6.40673229 5.53765652 -4.73439197 3.91635444 -3.63530143 2.63924309 -3.12365645 
4.47785988 15.60930052 -11.43573369 9.38933449 -8.13995537 6.84097655 -6.40672260 5.53764682 -4.73438249 3.91634537 -3.63529293 2.63923530 -3.12364946 
4.47144278 15.60929607 -11.43572733 9.38932668 -8.13994654 6.84096708 -6.40671283 5.53763702 -4.73437291 3.91633622 -3.63528436 2.63922743 -3.12364239 
4.46500502 15.60929159 -11.43572089 9.38931879 -8.13993763 6.84095752 -6.40670296 5.53762713 -4.73436324 3.91632697 -3.63527570 2.63921949 -3.12363525 
4.45854647 15.60928706 -11.43571440 9.38931082 -8.13992863 6.84094787 -6.40669299 5.53761714 -4.73435347 3.91631764 -3.63526696 2.63921147 -3.12362805 
4.45206700 15.60928249 -11.43570784 9.38930278 -8.13991954 6.84093812 -6.40668292 5.53760705 -4.73434361 3.91630821 -3.63525814 2.63920337 -3.12362077 
4.44556647 15.60927788 -11.43570122 9.38929466 -8.13991036 6.84092828 -6.40667276 5.53759687 -4.73433366 3.91629869 -3.63524923 2.63919520 -3.12361343 
4.43904474 15.60927322 -11.43569454 9.38928645 -8.13990110 6.84091834 -6.40666250 5.53758658 -4.73432361 3.91628908 -3.63524023 2.63918694 -3.12360601 
4.43250168 15.60926851 -11.43568779 9.38927817 -8.13989174 6.84090831 -6.40665214 5.53757619 -4.73431345 3.91627937 -3.63523114 2.63917860 -3.12359852 
4.42593714 15.60926376 -11.43568097 9.38926981 -8.13988229 6.84089817 -6.40664167 5.53756570 -4.73430320 3.91626957 -3.63522196 2.63917018 -3.12359095 
4.41935098 15.60925896 -11.43567408 9.38926136 -8.13987275 6.84088794 -6.40663110 5.53755511 -4.73429285 3.91625967 -3.63521269 2.63916168 -3.12358332 
4.41274307 15.60925411 -11.43566713 9.38925283 -8.13986311 6.84087760 -6.40662043 5.53754441 -4.73428239 3.91624967 -3.63520333 2.63915309 -3.12357560 
4.51642105 15.02799156 -10.61764796 8.40359446 -7.04508106 5.68552387 -5.23180474 4.37715309 -3.61566994 2.86058510 -2.65875189 1.75347185 -2.33637495 
4.51344300 14.99535320 -10.57265987 8.35045306 -6.98717966 5.62553556 -5.17188317 4.31897499 -3.56050385 2.80933240 -2.61204537 1.71169854 -2.29973968 
4.51013484 15.02484896 -10.61331186 8.39846756 -7.03948970 5.67972581 -5.22600813 4.37152048 -3.61032469 2.85561529 -2.65421968 1.74941562 -2.33281535 
4.50714794 14.99205325 -10.56811690 8.34509310 -6.98134625 5.61949852 -5.16585920 4.31313223 -3.55496898 2.80419491 -2.60736767 1.70751836 -2.29607653 
4.50382886 15.02168162 -10.60894257 8.39330249 -7.03385785 5.67388687 -5.22017173 4.36585020 -3.60494462 2.85061392 -2.64965937 1.74533482 -2.32923470 
4.50083307 14.98872747 -10.56353943 8.33969361 -6.97547107 5.61341946 -5.15979449 4.30725106 -3.54939872 2.79902544 -2.60266163 1.70331349 -2.29239228 
4.27475975 14.82154043 -10.33478319 8.07137161 -6.68509128 5.31452017 -4.86309001 4.02090783 -3.27944152 2.54958373 -2.37651855 1.50203853 -2.11668900 
4.26348783 14.92620210 -10.47767737 8.23863200 -6.86573617 5.50010421 -5.04696520 4.19803986 -3.44614551 2.70336346 -2.51571480 1.62574325 -2.22452371 
4.25341122 14.80761426 -10.31584828 8.04929555 -6.66133995 5.29020916 -4.83908851 3.99786588 -3.25782762 2.52970792 -2.35858112 1.48614212 -2.10286897 
4.24201160 14.91379144 -10.46067876 8.21867382 -6.84411707 5.47783102 -5.02483674 4.17666677 -3.42597990 2.68471680 -2.49879822 1.61067728 -2.21136389 
4.23183324 14.79332760 -10.29644240 8.02669172 -6.63704304 5.26536151 -4.81457801 3.97435451 -3.23579074 2.50945823 -2.34031921 1.46996893 -2.08881726 
4.09154247 15.60593392 -11.43090515 9.38341178 -8.13326438 6.83380114 -6.39931398 5.53022209 -4.72712586 3.90940803 -3.62879774 2.63327662 -3.11829646 
4.20569902 14.89236779 -10.43136969 8.18430043 -6.80692350 5.43955201 -4.98684462 4.14000704 -3.39142337 2.65279128 -2.46985899 1.58492417 -2.18888591 
4.19534647 14.76868156 -10.26301069 7.98780150 -6.59529264 5.22271651 -4.77256093 3.93409574 -3.19809772 2.47485777 -2.30914573 1.44238639 -2.06487383 
4.18359181 14.87905087 -10.41317318 8.16298436 -6.78388428 5.41586578 -4.96336022 4.11736882 -3.37010433 2.63311324 -2.45203697 1.56907716 -2.17506490 
4.17313188 14.75337159 -10.24227219 7.96370928 -6.56946216 5.19636546 -4.74662919 3.90927809 -3.17488772 2.45357466 -2.28998991 1.42545325 -2.05018807 
4.16123835 14.86537176 -10.39449929 8.14112871 -6.76028239 5.39162129 -4.93934164 4.09423361 -3.34833349 2.61303236 -2.43386229 1.55292677 -2.16098778 
4.15066881 14.73765302 -10.22100336 7.93902674 -6.54302550 5.16942216 -4.72013950 3.88394942 -3.15122042 2.43189011 -2.27048807 1.40822697 -2.03525860 
4.00417059 15.60556408 -11.43037477 9.38276128 -8.13252957 6.83301322 -6.39850052 5.52940694 -4.72632924 3.90864652 -3.62808482 2.63262263 -3.11770899 
3.85255151 14.45505163 -9.84261646 7.50430297 -6.08191641 4.70383582 -4.26649170 3.45392728 -2.75273198 2.06964452 -1.94712236 1.12458552 -1.79106896 
3.82899136 14.68419703 -10.14884761 7.85548455 -6.45374794 5.07863052 -4.63106319 3.79894921 -3.07194977 2.35939404 -2.20540308 1.35083097 -1.98559334 
3.80840993 14.41524176 -9.78992183 7.44442852 -6.01908819 4.64105241 -4.20593163 3.39707898 -2.70054645 2.02262788 -1.90550784 1.08837514 -1.76013379 
3.78428674 14.65057049 -10.10359699 7.80324717 -6.39808345 5.02217699 -4.57582305 3.74637176 -3.02303712 2.31476597 -2.16542609 1.31565047 -1.95521206 
3.76327850 14.37339087 -9.73468734 7.38184433 -5.95359583 4.57577854 -4.14312952 3.33827116 -2.64669013 1.97421490 -1.86274874 1.05124339 -1.72847226 
3.57241815 15.59470655 -11.41480978 9.36367780 -8.11097990 6.80991278 -6.37465854 5.50552197 -4.70299326 3.88634465 -3.60721086 2.61347848 -3.10051551 
3.71062415 14.59295147 -10.02630971 7.71430204 -6.30358680 4.92661653 -4.48257685 3.65785885 -2.94090679 2.24001368 -2.09862023 1.25698894 -1.90465899 
3.68889557 14.30182364 -9.64061728 7.27567349 -5.84291363 4.46586854 -4.03775607 3.23993759 -2.55693317 1.89378174 -1.79191938 0.98990679 -1.67631092 
3.66317548 14.55434387 -9.97469966 7.65510134 -6.24089067 4.86340793 -4.42108124 3.59965150 -2.88704516 2.19111835 -2.05503080 1.21880276 -1.87182436 
3.64097151 14.25396624 -9.57798216 7.20527331 -5.76981722 4.39356291 -3.96869510 3.17572465 -2.49852613 1.84161540 -1.74612622 0.95036811 -1.64278181 
3.43695800 15.59250168 -11.41165028 9.35980561 -8.10660894 6.80522895 -6.36982600 5.50068228 -4.69826626 3.88182843 -3.60298495 2.60960376 -3.09703644 
3.58484901 14.48797669 -9.88631137 7.55407562 -6.13427143 4.75627573 -4.31718912 3.50162164 -2.79660672 2.10925248 -1.98224591 1.15520235 -1.81727006 
3.56184048 14.17186666 -9.47103478 7.08560936 -5.64611550 4.27171562 -3.85279175 3.06838424 -2.40126339 1.75505821 -1.67040339 0.88519713 -1.58768575 
3.34879548 15.59089954 -11.40935475 9.35699260 -8.10343395 6.80182704 -6.36631643 5.49716786 -4.69483397 3.87854947 -3.59991701 2.60679098 -3.09451105 
3.12702319 13.57011203 -8.70648281 6.25035410 -4.80243862 3.45886745 -3.09592305 2.38168363 -1.79116163 1.22203366 -1.21211930 0.49707889 -1.26456645 
3.07800300 14.04931872 -9.31257877 6.90957542 -5.46540418 4.09490039 -3.68568996 2.91459665 -2.26275462 1.63249688 -1.56376144 0.79387914 -1.51085790 
3.23282974 15.58856805 -11.40601463 9.35290001 -8.09881523 6.79687876 -6.36121207 5.49205693 -4.68984297 3.87378183 -3.59545656 2.60270184 -3.09083998 
3.19668713 15.58778515 -11.40489315 9.35152602 -8.09726473 6.79521777 -6.35949883 5.49034162 -4.68816803 3.87218196 -3.59395988 2.60132982 -3.08960830 
2.95756074 13.32164883 -8.40066045 5.92636113 -4.48488287 3.16166253 -2.82689354 2.14419793 -1.58568280 1.04692668 -1.06505809 0.37521261 -1.16520279 
2.90373656 13.84152452 -9.04712350 6.61808097 -5.16953240 3.80853741 -3.41789610 2.67063940 -2.04518066 1.44174534 -1.39923017 0.65413401 -1.39420023 
3.07126529 15.58484145 -11.40067690 9.34636099 -8.09143686 6.78897523 -6.35306053 5.48389613 -4.68187479 3.86617129 -3.58833729 2.59617597 -3.08498196 
3.03205212 15.58384397 -11.39924839 9.34461123 -8.08946278 6.78686091 -6.35088013 5.48171352 -4.67974392 3.86413628 -3.58643383 2.59443133 -3.08341600 
2.99205479 15.58278611 -11.39773353 9.34275582 -8.08736961 6.78461917 -6.34856846 5.47939961 -4.67748499 3.86197907 -3.58441615 2.59258207 -3.08175620 
3.17674100 14.08492692 -9.35847493 6.96040724 -5.51743108 4.14565943 -3.73352661 2.95850264 -2.30219521 1.66731020 -1.59398195 0.81970031 -1.53253614 
3.14912793 13.67701440 -8.83983147 6.39345254 -4.94446064 3.59339052 -3.21911448 2.49165588 -1.88734191 1.30482303 -1.28230367 0.55574096 -1.31279036 
3.11466573 14.01456323 -9.26789666 6.86021060 -5.41500053 4.04583900 -3.63955721 2.87234674 -2.22488133 1.59913315 -1.53485353 0.76922270 -1.49019219 
3.27803886 15.60085459 -11.42362208 9.37448060 -8.12317712 6.82298606 -6.38814983 5.51903601 -4.71619522 3.89896026 -3.61901758 2.62430579 -3.11023874 
3.06059901 13.55520953 -8.68797819 6.23058377 -4.78290123 3.44043798 -3.07911358 2.36673609 -1.77813754 1.21086206 -1.20267971 0.48921288 -1.25811882 
2.77911204 15.57639827 -11.38858820 9.33155708 -8.07473859 6.77109439 -6.33462446 5.46544472 -4.66386405 3.84897359 -3.57225383 2.58143661 -3.07175399 
2.73366141 15.57485346 -11.38637710 9.32885016 -8.07168618 6.76782670 -6.33125618 5.46207447 -4.66057508 3.84583379 -3.56931807 2.57874672 -3.06934037 
2.43334984 12.40154263 -7.31778145 4.82726765 -3.45139005 2.23167254 -2.01622798 1.45394499 -1.00861956 0.57033659 -0.67615806 0.06109267 -0.91522447 
2.00564887 15.48425832 -11.25709252 9.17101847 -7.89418468 6.57828795 -6.13635544 5.26750931 -4.47111728 3.66534139 -3.40088274 2.42469882 -2.93135134 
1.55646986 10.08851110 -4.93552351 2.69441583 -1.67201416 0.79736451 -0.88862996 0.58215650 -0.34243323 0.06035198 -0.28622232 -0.23856578 -0.68777249 
0.77022658 15.02154027 -10.60874761 8.39307204 -7.03360660 5.67362640 -5.21991141 4.36559731 -3.60470469 2.85039090 -2.64945604 1.74515288 -2.32907507 
0.55481959 14.90400614 -10.44728638 8.20296130 -6.82710906 5.46032039 -5.00745134 4.15988551 -3.41015634 2.67009356 -2.48553902 1.59887469 -2.20105963 
0.31347674 14.74898904 -10.23633979 7.95682209 -6.56208279 5.18884200 -4.73922986 3.90220073 -3.16827248 2.44751179 -2.28453575 1.42063420 -2.04601048 
0.91048241 9.79678514 -4.66922620 2.48263971 -1.51500744 0.68400367 -0.80841321 0.52600595 -0.30337451 0.03243544 -0.26593313 -0.25388141 -0.67640256 
1.26746024 15.35705642 -11.07685533 8.95245772 -7.64996066 6.31908976 -5.87137682 5.00445766 -4.21632624 3.42381837 -3.17655461 2.22043885 -2.74914761 
1.13568777 15.32428956 -11.03067185 8.89673463 -7.58799363 6.25362431 -5.80474524 4.93858864 -4.15278157 3.36381097 -3.12101901 2.17004176 -2.70433572 
0.99462872 15.28489653 -10.97528254 8.83005656 -7.51400636 6.17562309 -5.72551349 4.86041380 -4.07750332 3.29284601 -3.05544975 2.11063083 -2.65158575 
1.45644880 11.15610167 -5.97508434 3.57425742 -2.36538163 1.32654167 -1.28301167 0.87173086 -0.55300887 0.21525705 -0.40090910 -0.15207363 -0.75219545 
1.76764436 15.51927331 -11.30697094 9.23180682 -7.96243749 6.65105653 -6.21107184 5.34199160 -4.54354679 3.73425584 -3.46511658 2.48337984 -2.98385928 
1.69171326 15.51232966 -11.29707077 9.21973078 -7.94886742 6.63657732 -6.19619396 5.32714976 -4.52910422 3.72050540 -3.45229235 2.47165760 -2.97336460 
1.61278640 15.50456588 -11.28600655 9.20624095 -7.93371517 6.62041656 -6.17959471 5.31059692 -4.51300240 3.70518036 -3.43800408 2.45860101 -2.96167856 
1.53061777 15.49584899 -11.27359070 9.19111083 -7.91672872 6.60230782 -6.16100282 5.29206476 -4.49498238 3.68803611 -3.42202534 2.44400452 -2.94861838 
1.44492974 15.48601823 -11.25959677 9.17406736 -7.89760460 6.58193076 -6.14009243 5.27123142 -4.47473388 3.66877985 -3.40408536 2.42762261 -2.93396588 
1.35540744 15.47487786 -11.24374949 9.15477913 -7.87597505 6.55889764 -6.11646975 5.24770839 -4.45188287 3.64705906 -3.38385849 2.40916029 -2.91745924 
1.26169179 15.46218776 -11.22571175 9.13284097 -7.85139123 6.53273604 -6.08965568 5.22102375 -4.42597564 3.62244671 -3.36095080 2.38826117 -2.89878249 
1.16337082 15.44765090 -11.20506744 9.10775377 -7.82330124 6.50286616 -6.05906327 5.19060033 -4.39645825 3.59442228 -3.33488283 2.36449211 -2.87755216 
1.05996871 15.43089661 -11.18129849 9.07889748 -7.79102105 6.46857088 -6.02396812 5.15572722 -4.36264972 3.56234703 -3.30506727 2.33732346 -2.85330008 
0.95093194 15.41145780 -11.15375387 9.04549506 -7.75369556 6.42895601 -5.98346911 5.11552219 -4.32370686 3.52543184 -3.27078007 2.30610350 -2.82545128 
0.83561140 15.38873972 -11.12160728 9.00656323 -7.71024606 6.38289678 -5.93643598 5.06888174 -4.27857788 3.48269487 -3.23112254 2.27002526 -2.79329546 
0.71323900 15.36197630 -11.08379840 8.96084489 -7.65929826 6.32896523 -5.88143866 5.01441425 -4.22594061 3.43290569 -3.18497186 2.22808337 -2.75595006 
0.58289680 15.33016835 -11.03895033 8.90671462 -7.59908286 6.26533050 -5.81665106 4.95034980 -4.16411998 3.37451132 -3.13091593 2.17901781 -2.71231269 
1.18318421 10.21466108 -5.05303491 2.78968197 -1.74396713 0.85017799 -0.92656930 0.60907643 -0.36139328 0.07399984 -0.29617970 -0.23106826 -0.69333548 
1.12551105 9.04563611 -4.01851038 1.98999310 -1.16661847 0.44253448 -0.64369825 0.41437416 -0.22797899 -0.02073462 -0.22748519 -0.28329203 -0.65445984 
1.67180355 6.51728097 -2.19639962 0.82030938 -0.45666673 0.00490677 -0.37263544 0.24422917 -0.12133596 -0.09651594 -0.17156198 -0.33047043 -0.61818946 
1.90472923 11.48839106 -6.31957704 3.88363125 -2.62348502 1.53398038 -1.44523181 0.99624706 -0.64734013 0.28678529 -0.45507830 -0.11081911 -0.78324727 
1.86347251 11.81962253 -6.67290880 4.20975181 -2.90291105 1.76420089 -1.62956542 1.14092163 -0.75925722 0.37310818 -0.52137427 -0.05985863 -0.82194448 
1.83539952 11.31830500 -6.14199929 3.72308396 -2.48867365 1.42498333 -1.35951409 0.93010573 -0.59698704 0.24845564 -0.42596047 -0.13303672 -0.76649399 
1.79246970 11.65622037 -6.49736242 4.04662353 -2.76222060 1.64757760 -1.53564726 1.06680878 -0.70163324 0.32847478 -0.48697529 -0.08636580 -0.80176926 
2.10206993 15.60258339 -11.42610068 9.37751978 -8.12660937 6.82666562 -6.39194783 5.52284115 -4.71991318 3.90251371 -3.62234373 2.62735649 -3.11297875 
1.73923766 11.07347101 -5.89096554 3.50002676 -2.30450368 1.27838537 -1.24591654 0.84365892 -0.53202317 0.19951084 -0.38908358 -0.16103618 -0.74548122 
1.15740938 15.53539229 -11.32997041 9.25988094 -7.99400619 6.68476179 -6.24572636 5.37658236 -4.57722570 3.76633754 -3.49505211 2.51075565 -3.00837899 
1.64275942 11.29390310 -6.11673688 3.70042908 -2.46980050 1.40983616 -1.34768514 0.92103836 -0.59012672 0.24325940 -0.42202895 -0.13602902 -0.76424308 
1.97182884 15.60155582 -11.42462740 9.37571325 -8.12456915 6.82447835 -6.38969012 5.52057916 -4.71770297 3.90040127 -3.62036638 2.62554287 -3.11134981 
2.31902970 12.63174379 -7.58141231 5.08779626 -3.68998087 2.44096569 -2.19417777 1.60183381 -1.12939330 0.66796355 -0.75426324 0.12309229 -0.96375163 
2.58236394 15.60999040 -11.43672330 9.39054849 -8.14132701 6.84244765 -6.40824168 5.53916935 -4.73587069 3.91776822 -3.63662521 2.64045763 -3.12474762 
3.11460557 11.19748163 -6.01744081 3.61183144 -2.39635429 1.35115754 -1.30205786 0.88620420 -0.56387071 0.22343161 -0.40706269 -0.14740390 -0.75569813 
3.47077452 15.60245227 -11.42591268 9.37728924 -8.12634901 6.82638648 -6.39165969 5.52255246 -4.71963109 3.90224410 -3.62209136 2.62712501 -3.11277084 
3.31696766 14.16699093 -9.46470339 7.07854663 -5.63883604 4.26456570 -3.84600941 3.06211980 -2.39560176 1.75003205 -1.66601654 0.88142978 -1.58450743 
3.33558337 13.98337232 -9.22789386 6.81611812 -5.37008209 4.00221191 -3.59862104 2.83493271 -2.19140908 1.56970123 -1.50939714 0.74754581 -1.47205231 
3.18515567 11.52249959 -6.35550265 3.91638642 -2.65121575 1.55657233 -1.46312725 1.01014956 -0.65799156 0.29493524 -0.46129565 -0.10606218 -0.78684356 
2.43800310 12.73935279 -7.70631287 5.21283124 -3.80593708 2.54390418 -2.28271149 1.67622600 -1.19078628 0.71805907 -0.79468279 0.15541026 -0.98922048 
1.73923766 11.07347101 -5.89096554 3.50002676 -2.30450368 1.27838537 -1.24591654 0.84365892 -0.53202317 0.19951084 -0.38908358 -0.16103618 -0.74548122 
0.51630302 -2.70906513 -0.32289975 -0.09361975 -0.13864149 -0.22021056 -0.25529737 0.16162991 -0.09932973 -0.14734413 -0.15036666 -0.37949457 -0.58426956 
-1.46708253 -7.40312104 -2.24013580 -0.89948801 -0.47781176 -0.39478171 -0.32606751 0.10810569 -0.14150605 -0.18753989 -0.17782467 -0.40403944 -0.58758328 
-1.18600691 -13.27312800 -7.38016716 -4.93894840 -3.50115574 -2.62457263 -1.94399212 -1.08281414 -1.02577652 -0.85010435 -0.66875543 -0.76539406 -0.84166016 
-1.63599848 -15.99641487 -10.82054747 -8.68402326 -7.27595019 -6.25685315 -5.32615515 -4.16072544 -3.77364540 -3.26205838 -2.75076997 -2.53373407 -2.31781222 
1.03446404 3.06025584 -0.61825246 0.12497724 -0.15770998 -0.15519415 -0.28215984 0.18932418 -0.09333022 -0.12391744 -0.15076544 -0.35625082 -0.59802064 
2.48542040 9.45385040 -4.36590336 2.24852489 -1.34638683 0.56530639 -0.72633165 0.46971716 -0.26494877 0.00522783 -0.24624134 -0.26884793 -0.66526489 
3.38078455 11.76839305 -6.61761143 4.15813313 -2.85819622 1.72698268 -1.59947578 1.11708931 -0.74066266 0.35866345 -0.51021425 -0.06847372 -0.81537630 
3.86594643 14.41681265 -9.79199830 7.44678482 -6.02155757 4.64351699 -4.20830610 3.39930534 -2.70258792 2.02446521 -1.90713244 1.08978743 -1.76133925 
4.02842857 15.59277958 -11.41204848 9.36029360 -8.10715976 6.80581917 -6.37043493 5.50129209 -4.69886184 3.88239743 -3.60351735 2.61009189 -3.09747471 
4.19239514 14.64508365 -10.09622364 7.79474664 -6.38903686 5.01301350 -4.56686723 3.73785747 -3.01512510 2.30755464 -2.15897278 1.30997678 -1.95031678 
3.99981876 11.63033414 -6.46977428 4.02118403 -2.74044487 1.62965391 -1.52131009 1.05556718 -0.69294531 0.32177939 -0.48183711 -0.09031310 -0.79877353 
3.53338662 15.60290875 -11.42656717 9.37809181 -8.12725543 6.82735827 -6.39266280 5.52355751 -4.72061315 3.90318274 -3.62297000 2.62793092 -3.11349470 
3.07292320 8.71598685 -3.74880181 1.79658696 -1.03687055 0.35655750 -0.58734403 0.37747596 -0.20384131 -0.03760693 -0.21527721 -0.29286964 -0.64724375 
1.81176929 11.25911178 -6.08081161 3.66829167 -2.44309217 1.38844849 -1.33101808 0.90828776 -0.58049761 0.23597677 -0.41652533 -0.14021489 -0.76109647 
0.77298782 7.72096096 -2.99322855 1.29080594 -0.71904091 0.15656593 -0.46180715 0.29808269 -0.15360255 -0.07285616 -0.18948599 -0.31404533 -0.63104998 
-0.45172882 14.91285914 -10.45940240 8.21717590 -6.84249518 5.47616076 -5.02317798 4.17506525 -3.42446941 2.68332057 -2.49753195 1.60954988 -2.21037943 
0.51014379 7.89088394 -3.11604291 1.36925368 -0.76612602 0.18515329 -0.47923031 0.30885284 -0.16025921 -0.06813981 -0.19297920 -0.31106139 -0.63335692 
0.98139735 15.52142530 -11.31004013 9.23555160 -7.96664669 6.65554887 -6.21568898 5.34659862 -4.54803085 3.73852589 -3.46909979 2.48702143 -2.98712008 
2.02488976 7.89386201 -3.11821817 1.37065670 -0.76697598 0.18567288 -0.47954870 0.30905043 -0.16038185 -0.06805316 -0.19304320 -0.31100717 -0.63339876 
2.81158903 13.36180812 -8.44970237 5.97792161 -4.53504232 3.20827104 -2.86878943 2.18093162 -1.61725865 1.07367179 -1.08739176 0.39362358 -1.18013934 
3.25498025 13.88671357 -9.10450753 6.68073023 -5.23276352 3.86940342 -3.47451385 2.72195246 -2.09071711 1.48148101 -1.43335183 0.68299534 -1.41819766 
3.27083675 14.11718516 -9.40015624 7.00668110 -5.56490298 4.19207799 -3.77736756 2.99882573 -2.33849060 1.69940848 -1.62189594 0.84359104 -1.55262611 
3.28991896 13.92915552 -9.15857738 6.73994524 -5.29271014 3.92727631 -3.52849999 2.77101467 -2.13437118 1.51966878 -1.46622120 0.71085810 -1.44141318 
3.13664997 11.40481457 -6.23199270 3.80416322 -2.55652413 1.47966738 -1.40238891 0.96309427 -0.62203368 0.26748015 -0.44038723 -0.12204115 -0.77477631 
2.63134598 15.60999040 -11.43672330 9.39054849 -8.14132701 6.84244765 -6.40824168 5.53916935 -4.73587069 3.91776822 -3.63662521 2.64045763 -3.12474762 
2.36648699 12.60635373 -7.55209713 5.05859831 -3.66303710 2.41715952 -2.17379614 1.58478269 -1.11538052 0.65657251 -0.74510384 0.11579037 -0.95801326 
1.63846809 10.80544134 -5.62234009 3.26649025 -2.11572878 1.13102945 -1.13381547 0.75980635 -0.47001121 0.15336100 -0.35464031 -0.18706244 -0.72604348 
1.01786040 15.52451364 -11.31444551 9.24092756 -7.97269029 6.66199993 -6.22232020 5.35321617 -4.55447260 3.74466093 -3.47482334 2.49225466 -2.99180656 
0.94425740 15.51816805 -11.30539477 9.22988389 -7.96027629 6.64875017 -6.20870161 5.33962676 -4.54124524 3.73206430 -3.46307241 2.48151110 -2.98218605 
0.31321989 5.64905082 -1.70107499 0.56455185 -0.33121906 -0.06264191 -0.33464373 0.22172728 -0.10862658 -0.10684465 -0.16346979 -0.33895863 -0.61147007 
0.13339064 6.25844022 -2.04177326 0.73724723 -0.41440644 -0.01821233 -0.35953035 0.23646160 -0.11687174 -0.10001763 -0.16883521 -0.33322088 -0.61601410 
0.66297184 15.48943018 -11.26445262 9.17998021 -7.90423804 6.58899752 -6.14734291 5.27845400 -4.48175261 3.67545365 -3.41030211 2.43329870 -2.93904213 
0.57476519 15.47875061 -11.24925721 9.16148125 -7.88348911 6.56689766 -6.12467294 5.25587545 -4.45981521 3.65459780 -3.39087762 2.41556614 -2.92318573 
0.48249029 15.46660699 -11.23199155 9.14047674 -7.85994576 6.54183747 -6.09898202 5.23030310 -4.43498283 3.63100208 -3.36891219 2.39552326 -2.90527131 
0.38575388 15.45272286 -11.21226808 9.11650150 -7.83309327 6.51327587 -6.06972206 5.20119765 -4.40673759 3.60417956 -3.34395705 2.37276447 -2.88493961 
0.28410282 15.43675431 -11.18960570 9.08897929 -7.80229544 6.48054539 -6.03621829 5.16789645 -4.37444428 3.57353407 -3.31546370 2.34679480 -2.86175287 
1.01513585 9.48528696 -4.39327189 2.26933247 -1.36115505 0.57556980 -0.73334718 0.47447899 -0.26816888 0.00749851 -0.24788255 -0.26759459 -0.66619933 
1.43474802 15.59558617 -11.41607037 9.36522288 -8.11272415 6.81178205 -6.37658732 5.50745375 -4.70488019 3.88814756 -3.60889799 2.61502549 -3.10190464 
0.94408166 8.60247299 -3.65816447 1.73306714 -0.99519369 0.32944189 -0.56985019 0.36617213 -0.19653781 -0.04270770 -0.21157694 -0.29581345 -0.64501457 
0.87175514 8.99864349 -3.97947176 1.96159721 -1.14730716 0.42959275 -0.63513230 0.40871945 -0.22425169 -0.02334284 -0.22560010 -0.28475961 -0.65335732 
1.31381129 15.59374397 -11.41343039 9.36198719 -8.10907146 6.80786766 -6.37254843 5.50340867 -4.70092911 3.88437248 -3.60536542 2.61178636 -3.09899614 
1.79085493 11.50325176 -6.33521649 3.89787919 -2.63553808 1.54379281 -1.45299906 1.00227732 -0.65195742 0.29031645 -0.45777101 -0.10875946 -0.78480398 
1.78128870 11.33076658 -6.15492105 3.73468983 -2.49835668 1.43276553 -1.36559948 0.93477621 -0.60052479 0.25113772 -0.42799127 -0.13149037 -0.76765771 
1.76664974 11.44463537 -6.27364434 3.84188650 -2.58825405 1.50536156 -1.42262506 0.97873026 -0.63395247 0.27656217 -0.44729219 -0.11676984 -0.77875308 
2.09853663 15.60999040 -11.43672330 9.39054849 -8.14132701 6.84244765 -6.40824168 5.53916935 -4.73587069 3.91776822 -3.63662521 2.64045763 -3.12474762 
2.09853663 15.60999040 -11.43672330 9.39054849 -8.14132701 6.84244765 -6.40824168 5.53916935 -4.73587069 3.91776822 -3.63662521 2.64045763 -3.12474762 
2.09853663 15.60999040 -11.43672330 9.39054849 -8.14132701 6.84244765 -6.40824168 5.53916935 -4.73587069 3.91776822 -3.63662521 2.64045763 -3.12474762 
2.09853663 15.60999040 -11.43672330 9.39054849 -8.14132701 6.84244765 -6.40824168 5.53916935 -4.73587069 3.91776822 -3.63662521 2.64045763 -3.12474762 
2.09853663 15.60999040 -11.43672330 9.39054849 -8.14132701 6.84244765 -6.40824168 5.53916935 -4.73587069 3.91776822 -3.63662521 2.64045763 -3.12474762 
2.44385151 12.75002427 -7.71875704 5.22534487 -3.81759302 2.55429471 -2.29168392 1.68379433 -1.19705511 0.72319130 -0.79883621 0.15873983 -0.99185088 
2.45131541 12.87253886 -7.86237247 5.37049346 -3.95346233 2.67598529 -2.39724570 1.77322796 -1.27144426 0.78432545 -0.84848330 0.19866032 -1.02347965 
2.11947923 15.60999040 -11.43672330 9.39054849 -8.14132701 6.84244765 -6.40824168 5.53916935 -4.73587069 3.91776822 -3.63662521 2.64045763 -3.12474762 
2.46129705 12.78167478 -7.75572665 5.26258059 -3.85233098 2.58530765 -2.31850285 1.70644773 -1.21584374 0.73859184 -0.81131320 0.16875148 -0.99976736 
2.46870887 12.90304323 -7.89834520 5.40706033 -3.98788435 2.70698051 -2.42427195 1.79623891 -1.29067527 0.80019802 -0.86142425 0.20910190 -1.03177955 
2.47859501 12.81278949 -7.79216009 5.29936359 -3.88672629 2.61608260 -2.34517278 1.72902155 -1.23460311 0.75399576 -0.82381318 0.17879576 -1.00772028 
