9.88730806 -0.11324183 -0.09424239 -0.02127648 -0.12480065 -0.19432735 -0.25997269 0.17225814 -0.09258268 -0.13636727 -0.14695445 -0.37006436 -0.58854244 
2.03518013 4.27732384 -1.05388361 0.27966460 -0.21084590 -0.12534116 -0.29960700 0.20057050 -0.09779283 -0.11747626 -0.15520736 -0.34918679 -0.60342585 
3.16508179 11.47410870 -6.30456505 3.86997138 -2.61194296 1.52459421 -1.43780967 0.99049036 -0.64293636 0.28341994 -0.45251361 -0.11278003 -0.78176575 
3.49532970 15.60999040 -11.43672330 9.39054849 -8.14132701 6.84244765 -6.40824168 5.53916935 -4.73587069 3.91776822 -3.63662521 2.64045763 -3.12474762 
3.66907181 14.39424524 -9.76219005 7.41298408 -5.98615961 4.60821168 -4.17431396 3.36745363 -2.67339908 1.99821037 -1.88393020 1.06962769 -1.74414040 
3.96956193 14.60189139 -10.03828063 7.72805585 -6.31817557 4.94134675 -4.49692882 3.67146258 -2.95351198 2.25147134 -2.10884704 1.26595836 -1.91237988 
3.98105374 14.74695608 -10.23358851 7.95362869 -6.55866190 5.18535501 -4.73580107 3.89892175 -3.16520815 2.44470381 -2.28201011 1.41840300 -2.04407655 
3.84801640 15.60869551 -11.43486589 9.38826995 -8.13875265 6.83968665 -6.40539069 5.53631192 -4.73307772 3.91509794 -3.63412494 2.63816372 -3.12268676 
3.71131644 14.48690305 -9.88488492 7.55244898 -6.13255858 4.75455836 -4.31552717 3.50005664 -2.79516574 2.10795050 -1.98109038 1.15419431 -1.81640676 
3.54701216 15.60999040 -11.43672330 9.39054849 -8.14132701 6.84244765 -6.40824168 5.53916935 -4.73587069 3.91776822 -3.63662521 2.64045763 -3.12474762 
3.54701216 15.60999040 -11.43672330 9.39054849 -8.14132701 6.84244765 -6.40824168 5.53916935 -4.73587069 3.91776822 -3.63662521 2.64045763 -3.12474762 
3.54701216 15.60999040 -11.43672330 9.39054849 -8.14132701 6.84244765 -6.40824168 5.53916935 -4.73587069 3.91776822 -3.63662521 2.64045763 -3.12474762 
3.71635789 14.43746055 -9.81931339 7.47780457 -6.05409014 4.67600958 -4.23963234 3.42869732 -2.72955654 2.04875187 -1.92861957 1.10847680 -1.77729987 
3.72066681 14.49500753 -9.89565532 7.56473385 -6.14549757 4.76753446 -4.32808723 3.51188648 -2.80606040 2.11779612 -1.98983009 1.16181986 -1.82293842 
3.72568323 14.44583339 -9.83040131 7.49040888 -6.06732199 4.68923750 -4.25239695 3.44068425 -2.74056441 2.05867294 -1.93740367 1.11612260 -1.78383378 
3.72997392 14.50302685 -9.90631868 7.57690335 -6.15832192 4.78040223 -4.34054866 3.52362910 -2.81687977 2.12757801 -1.99851686 1.16940220 -1.82943553 
3.56731691 15.60999040 -11.43672330 9.39054849 -8.14132701 6.84244765 -6.40824168 5.53916935 -4.73587069 3.91776822 -3.63662521 2.64045763 -3.12474762 
3.56731691 15.60999040 -11.43672330 9.39054849 -8.14132701 6.84244765 -6.40824168 5.53916935 -4.73587069 3.91776822 -3.63662521 2.64045763 -3.12474762 
3.56731691 15.60999040 -11.43672330 9.39054849 -8.14132701 6.84244765 -6.40824168 5.53916935 -4.73587069 3.91776822 -3.63662521 2.64045763 -3.12474762 
3.56731691 15.60999040 -11.43672330 9.39054849 -8.14132701 6.84244765 -6.40824168 5.53916935 -4.73587069 3.91776822 -3.63662521 2.64045763 -3.12474762 
3.56731691 15.60999040 -11.43672330 9.39054849 -8.14132701 6.84244765 -6.40824168 5.53916935 -4.73587069 3.91776822 -3.63662521 2.64045763 -3.12474762 
3.56731691 15.60999040 -11.43672330 9.39054849 -8.14132701 6.84244765 -6.40824168 5.53916935 -4.73587069 3.91776822 -3.63662521 2.64045763 -3.12474762 
3.56731691 15.60999040 -11.43672330 9.39054849 -8.14132701 6.84244765 -6.40824168 5.53916935 -4.73587069 3.91776822 -3.63662521 2.64045763 -3.12474762 
3.56731691 15.60999040 -11.43672330 9.39054849 -8.14132701 6.84244765 -6.40824168 5.53916935 -4.73587069 3.91776822 -3.63662521 2.64045763 -3.12474762 
3.73496556 14.45411907 -9.84138035 7.50289656 -6.08043870 4.70235732 -4.26506383 3.45258536 -2.75149875 2.06853225 -1.94613689 1.12372721 -1.79033503 
3.73923817 14.51096221 -9.91687639 7.58895885 -6.17103289 4.79316274 -4.35291233 3.53528517 -2.82762433 2.13729650 -2.00715091 1.17694146 -1.83589812 
3.41077652 14.13481802 -9.42298132 7.03206544 -5.59098893 4.21762693 -3.80153615 3.02108922 -2.35856000 1.71718196 -1.63737297 0.85685379 -1.56379213 
3.40483766 14.19346003 -9.49910187 7.11694745 -5.67844433 4.30349669 -3.88296428 3.09627550 -2.42649059 1.77747047 -1.68997864 0.90201906 -1.60188650 
3.56731691 15.60999040 -11.43672330 9.39054849 -8.14132701 6.84244765 -6.40824168 5.53916935 -4.73587069 3.91776822 -3.63662521 2.64045763 -3.12474762 
3.56731691 15.60999040 -11.43672330 9.39054849 -8.14132701 6.84244765 -6.40824168 5.53916935 -4.73587069 3.91776822 -3.63662521 2.64045763 -3.12474762 
3.56731691 15.60999040 -11.43672330 9.39054849 -8.14132701 6.84244765 -6.40824168 5.53916935 -4.73587069 3.91776822 -3.63662521 2.64045763 -3.12474762 
3.56731691 15.60999040 -11.43672330 9.39054849 -8.14132701 6.84244765 -6.40824168 5.53916935 -4.73587069 3.91776822 -3.63662521 2.64045763 -3.12474762 
3.39986905 14.12295615 -9.40762334 7.01498199 -5.57342985 4.20042607 -3.78526163 3.00609489 -2.34504105 1.70520764 -1.62694422 0.84791579 -1.55626612 
3.39389519 14.18194030 -9.48412305 7.10021708 -5.66117913 4.28651844 -3.86684020 3.08136592 -2.41300111 1.76548282 -1.67950563 0.89301687 -1.59428521 
3.55719030 15.60999040 -11.43672330 9.39054849 -8.14132701 6.84244765 -6.40824168 5.53916935 -4.73587069 3.91776822 -3.63662521 2.64045763 -3.12474762 
3.55719030 15.60999040 -11.43672330 9.39054849 -8.14132701 6.84244765 -6.40824168 5.53916935 -4.73587069 3.91776822 -3.63662521 2.64045763 -3.12474762 
3.38890227 14.11095298 -9.39209592 6.99772450 -5.55570632 4.18307772 -3.76886002 2.99099458 -2.33143622 1.69316531 -1.61646287 0.83893805 -1.54871094 
3.38289302 14.17028204 -9.46897683 7.08331343 -5.64374885 4.26939084 -3.85058625 3.06634695 -2.39942197 1.75342332 -1.66897633 0.88397149 -1.58665166 
3.54701216 15.60999040 -11.43672330 9.39054849 -8.14132701 6.84244765 -6.40824168 5.53916935 -4.73587069 3.91776822 -3.63662521 2.64045763 -3.12474762 
3.54701216 15.60999040 -11.43672330 9.39054849 -8.14132701 6.84244765 -6.40824168 5.53916935 -4.73587069 3.91776822 -3.63662521 2.64045763 -3.12474762 
3.37787555 14.09880624 -9.37639657 6.98029069 -5.53781649 4.16558046 -3.75233037 2.97578772 -2.31774523 1.68105493 -1.60592906 0.82992079 -1.54112687 
3.37183048 14.15848300 -9.45366075 7.06623421 -5.62615159 4.25211242 -3.83420139 3.05121792 -2.38575282 1.74129185 -1.65839078 0.87488309 -1.57898608 
3.53678196 15.60999040 -11.43672330 9.39054849 -8.14132701 6.84244765 -6.40824168 5.53916935 -4.73587069 3.91776822 -3.63662521 2.64045763 -3.12474762 
3.53678196 15.60999040 -11.43672330 9.39054849 -8.14132701 6.84244765 -6.40824168 5.53916935 -4.73587069 3.91776822 -3.63662521 2.64045763 -3.12474762 
3.53678196 15.60999040 -11.43672330 9.39054849 -8.14132701 6.84244765 -6.40824168 5.53916935 -4.73587069 3.91776822 -3.63662521 2.64045763 -3.12474762 
3.53678196 15.60999040 -11.43672330 9.39054849 -8.14132701 6.84244765 -6.40824168 5.53916935 -4.73587069 3.91776822 -3.63662521 2.64045763 -3.12474762 
3.53678196 15.60999040 -11.43672330 9.39054849 -8.14132701 6.84244765 -6.40824168 5.53916935 -4.73587069 3.91776822 -3.63662521 2.64045763 -3.12474762 
3.36678823 14.08651358 -9.36052278 6.96267828 -5.51975847 4.14793289 -3.73567171 2.96047374 -2.30396781 1.66887647 -1.59534292 0.82086424 -1.53351418 
3.36070691 14.14654085 -9.43817228 7.04897708 -5.60838540 4.23468169 -3.81768456 3.03597818 -2.37199333 1.72908832 -1.64774905 0.86575184 -1.57128871 
3.52649916 15.60999040 -11.43672330 9.39054849 -8.14132701 6.84244765 -6.40824168 5.53916935 -4.73587069 3.91776822 -3.63662521 2.64045763 -3.12474762 
3.52649916 15.60999040 -11.43672330 9.39054849 -8.14132701 6.84244765 -6.40824168 5.53916935 -4.73587069 3.91776822 -3.63662521 2.64045763 -3.12474762 
3.52649916 15.60999040 -11.43672330 9.39054849 -8.14132701 6.84244765 -6.40824168 5.53916935 -4.73587069 3.91776822 -3.63662521 2.64045763 -3.12474762 
3.52649916 15.60999040 -11.43672330 9.39054849 -8.14132701 6.84244765 -6.40824168 5.53916935 -4.73587069 3.91776822 -3.63662521 2.64045763 -3.12474762 
3.52649916 15.60999040 -11.43672330 9.39054849 -8.14132701 6.84244765 -6.40824168 5.53916935 -4.73587069 3.91776822 -3.63662521 2.64045763 -3.12474762 
3.52649916 15.60999040 -11.43672330 9.39054849 -8.14132701 6.84244765 -6.40824168 5.53916935 -4.73587069 3.91776822 -3.63662521 2.64045763 -3.12474762 
3.52649916 15.60999040 -11.43672330 9.39054849 -8.14132701 6.84244765 -6.40824168 5.53916935 -4.73587069 3.91776822 -3.63662521 2.64045763 -3.12474762 
3.52649916 15.60999040 -11.43672330 9.39054849 -8.14132701 6.84244765 -6.40824168 5.53916935 -4.73587069 3.91776822 -3.63662521 2.64045763 -3.12474762 
3.52649916 15.60999040 -11.43672330 9.39054849 -8.14132701 6.84244765 -6.40824168 5.53916935 -4.73587069 3.91776822 -3.63662521 2.64045763 -3.12474762 
3.52649916 15.60999040 -11.43672330 9.39054849 -8.14132701 6.84244765 -6.40824168 5.53916935 -4.73587069 3.91776822 -3.63662521 2.64045763 -3.12474762 
3.52649916 15.60999040 -11.43672330 9.39054849 -8.14132701 6.84244765 -6.40824168 5.53916935 -4.73587069 3.91776822 -3.63662521 2.64045763 -3.12474762 
3.52649916 15.60999040 -11.43672330 9.39054849 -8.14132701 6.84244765 -6.40824168 5.53916935 -4.73587069 3.91776822 -3.63662521 2.64045763 -3.12474762 
3.52649916 15.60999040 -11.43672330 9.39054849 -8.14132701 6.84244765 -6.40824168 5.53916935 -4.73587069 3.91776822 -3.63662521 2.64045763 -3.12474762 
3.52649916 15.60999040 -11.43672330 9.39054849 -8.14132701 6.84244765 -6.40824168 5.53916935 -4.73587069 3.91776822 -3.63662521 2.64045763 -3.12474762 
3.52649916 15.60999040 -11.43672330 9.39054849 -8.14132701 6.84244765 -6.40824168 5.53916935 -4.73587069 3.91776822 -3.63662521 2.64045763 -3.12474762 
3.52649916 15.60999040 -11.43672330 9.39054849 -8.14132701 6.84244765 -6.40824168 5.53916935 -4.73587069 3.91776822 -3.63662521 2.64045763 -3.12474762 
3.52649916 15.60999040 -11.43672330 9.39054849 -8.14132701 6.84244765 -6.40824168 5.53916935 -4.73587069 3.91776822 -3.63662521 2.64045763 -3.12474762 
3.52649916 15.60999040 -11.43672330 9.39054849 -8.14132701 6.84244765 -6.40824168 5.53916935 -4.73587069 3.91776822 -3.63662521 2.64045763 -3.12474762 
3.52649916 15.60999040 -11.43672330 9.39054849 -8.14132701 6.84244765 -6.40824168 5.53916935 -4.73587069 3.91776822 -3.63662521 2.64045763 -3.12474762 
3.52649916 15.60999040 -11.43672330 9.39054849 -8.14132701 6.84244765 -6.40824168 5.53916935 -4.73587069 3.91776822 -3.63662521 2.64045763 -3.12474762 
3.69757656 14.42044847 -9.79680520 7.45224047 -6.02727603 4.64922530 -4.21380658 3.40446353 -2.70731849 2.02872334 -1.91089805 1.09306137 -1.76413405 
3.70192241 14.47871220 -9.87400607 7.54004734 -6.11950369 4.74147285 -4.30286762 3.48813891 -2.78419530 2.09804082 -1.97229753 1.14652546 -1.80984050 
3.53678196 15.60999040 -11.43672330 9.39054849 -8.14132701 6.84244765 -6.40824168 5.53916935 -4.73587069 3.91776822 -3.63662521 2.64045763 -3.12474762 
3.53678196 15.60999040 -11.43672330 9.39054849 -8.14132701 6.84244765 -6.40824168 5.53916935 -4.73587069 3.91776822 -3.63662521 2.64045763 -3.12474762 
3.53678196 15.60999040 -11.43672330 9.39054849 -8.14132701 6.84244765 -6.40824168 5.53916935 -4.73587069 3.91776822 -3.63662521 2.64045763 -3.12474762 
3.53678196 15.60999040 -11.43672330 9.39054849 -8.14132701 6.84244765 -6.40824168 5.53916935 -4.73587069 3.91776822 -3.63662521 2.64045763 -3.12474762 
3.70698914 14.42899933 -9.80811517 7.46508224 -6.04074191 4.66267254 -4.22676916 3.41662396 -2.71847471 2.03876876 -1.91978441 1.10078975 -1.77073329 
3.71131644 14.48690305 -9.88488492 7.55244898 -6.13255858 4.75455836 -4.31552717 3.50005664 -2.79516574 2.10795050 -1.98109038 1.15419431 -1.81640676 
3.54701216 15.60999040 -11.43672330 9.39054849 -8.14132701 6.84244765 -6.40824168 5.53916935 -4.73587069 3.91776822 -3.63662521 2.64045763 -3.12474762 
3.71635789 14.43746055 -9.81931339 7.47780457 -6.05409014 4.67600958 -4.23963234 3.42869732 -2.72955654 2.04875187 -1.92861957 1.10847680 -1.77729987 
3.72066681 14.49500753 -9.89565532 7.56473385 -6.14549757 4.76753446 -4.32808723 3.51188648 -2.80606040 2.11779612 -1.98983009 1.16181986 -1.82293842 
3.72568323 14.44583339 -9.83040131 7.49040888 -6.06732199 4.68923750 -4.25239695 3.44068425 -2.74056441 2.05867294 -1.93740367 1.11612260 -1.78383378 
3.87417944 15.60872894 -11.43491384 9.38832876 -8.13881909 6.83975791 -6.40546427 5.53638566 -4.73314980 3.91516685 -3.63418946 2.63822292 -3.12273994 
3.73923817 14.51096221 -9.91687639 7.58895885 -6.17103289 4.79316274 -4.35291233 3.53528517 -2.82762433 2.13729650 -2.00715091 1.17694146 -1.83589812 
3.57739250 15.60999040 -11.43672330 9.39054849 -8.14132701 6.84244765 -6.40824168 5.53916935 -4.73587069 3.91776822 -3.63662521 2.64045763 -3.12474762 
3.74420525 14.46231880 -9.85225190 7.51526899 -6.09344150 4.71537009 -4.27763380 3.46440128 -2.76236000 2.07833009 -1.95481939 1.13129072 -1.79680364 
3.74845993 14.51881477 -9.92732981 7.60090172 -6.18363171 4.80581705 -4.36517909 3.54685534 -2.83829457 2.14695193 -2.01573245 1.18443776 -1.84232625 
3.75340272 14.47043376 -9.86301733 7.52752751 -6.10633161 4.72827684 -4.29010768 3.47613263 -2.77314861 2.08806676 -1.96345135 1.13881319 -1.80323961 
3.75763961 14.52658568 -9.93768029 7.61273330 -6.19611961 4.81836621 -4.37734980 3.55834028 -2.84889098 2.15654464 -2.02426169 1.19189121 -1.84871997 
3.76255832 14.47846513 -9.87367801 7.53967348 -6.11911024 4.74107858 -4.30248628 3.48778002 -2.78386501 2.09774254 -1.97203293 1.14629472 -1.80964298 
3.76677758 14.53427605 -9.94792915 7.62445490 -6.20849779 4.83081124 -4.38942531 3.56974064 -2.85941403 2.16607496 -2.03273885 1.19930194 -1.85507933 
3.77167245 14.48641405 -9.88423526 7.55170819 -6.13177857 4.75377632 -4.31477041 3.49934406 -2.79450965 2.10735773 -1.98056431 1.15373540 -1.81601376 
3.91703802 15.60878184 -11.43498972 9.38842184 -8.13892425 6.83987070 -6.40558072 5.53650238 -4.73326388 3.91527592 -3.63429158 2.63831661 -3.12282410 
3.92550062 15.60879202 -11.43500432 9.38843976 -8.13894449 6.83989240 -6.40560313 5.53652484 -4.73328583 3.91529691 -3.63431123 2.63833464 -3.12284030 
3.93392756 15.60880207 -11.43501874 9.38845744 -8.13896448 6.83991383 -6.40562526 5.53654702 -4.73330751 3.91531763 -3.63433064 2.63835244 -3.12285630 
3.94231915 15.60881200 -11.43503298 9.38847491 -8.13898421 6.83993500 -6.40564712 5.53656892 -4.73332892 3.91533810 -3.63434980 2.63837002 -3.12287209 
3.95067567 15.60882180 -11.43504704 9.38849216 -8.13900369 6.83995589 -6.40566870 5.53659055 -4.73335006 3.91535831 -3.63436872 2.63838738 -3.12288769 
3.95899742 15.60883148 -11.43506092 9.38850919 -8.13902294 6.83997653 -6.40569001 5.53661190 -4.73337093 3.91537827 -3.63438741 2.63840453 -3.12290309 
3.96728469 15.60884104 -11.43507464 9.38852602 -8.13904195 6.83999692 -6.40571105 5.53663300 -4.73339155 3.91539798 -3.63440587 2.63842146 -3.12291830 
3.83842378 14.59302893 -10.02641340 7.71442114 -6.30371309 4.92674401 -4.48270102 3.65797652 -2.94101579 2.24011273 -2.09870863 1.25706645 -1.90472570 
3.84313588 14.54716801 -9.96512266 7.64413292 -6.22929225 4.85173175 -4.40973753 3.58892901 -2.87713625 2.18213429 -2.04703113 1.21180252 -1.86581158 
3.98375691 15.60885982 -11.43510156 9.38855904 -8.13907926 6.84003694 -6.40575238 5.53667441 -4.73343203 3.91543668 -3.63444210 2.63845470 -3.12294817 
3.99194243 15.60886903 -11.43511478 9.38857525 -8.13909758 6.84005658 -6.40577266 5.53669474 -4.73345190 3.91545567 -3.63445989 2.63847102 -3.12296283 
4.13555264 14.72693982 -10.20652077 7.92223459 -6.52505549 5.15112292 -4.70216275 3.86677385 -3.13518337 2.41720693 -2.25729169 1.39657775 -2.02516865 
4.14619651 14.85604472 -10.38177678 8.12624986 -6.74422664 5.37514013 -4.92302527 4.07852774 -3.33356324 2.59941687 -2.42154630 1.54198844 -2.15145852 
4.02435354 15.60890478 -11.43516605 9.38863816 -8.13916864 6.84013280 -6.40585136 5.53677362 -4.73352900 3.91552938 -3.63452890 2.63853434 -3.12301971 
4.03237491 15.60891345 -11.43517849 9.38865341 -8.13918588 6.84015128 -6.40587045 5.53679275 -4.73354769 3.91554726 -3.63454564 2.63854969 -3.12303351 
4.17313188 14.75337159 -10.24227219 7.96370928 -6.56946216 5.19636546 -4.74662919 3.90927809 -3.17488772 2.45357466 -2.28998991 1.42545325 -2.05018807 
4.18359181 14.87905087 -10.41317318 8.16298436 -6.78388428 5.41586578 -4.96336022 4.11736882 -3.37010433 2.63311324 -2.45203697 1.56907716 -2.17506490 
4.06414249 15.60894711 -11.43522678 9.38871265 -8.13925280 6.84022305 -6.40594456 5.53686702 -4.73362029 3.91561667 -3.63461063 2.63860932 -3.12308707 
4.07200617 15.60895528 -11.43523850 9.38872702 -8.13926904 6.84024047 -6.40596254 5.53688505 -4.73363791 3.91563351 -3.63462640 2.63862378 -3.12310007 
4.21002083 14.77866808 -10.27655019 8.00354389 -6.61218475 5.23996268 -4.78954564 3.95036272 -3.21332172 2.48882726 -2.32172697 1.45351448 -2.07453052 
4.33514895 15.60681006 -11.43216166 9.38495290 -8.13500529 6.83566796 -6.40124135 5.53215353 -4.72901346 3.91121248 -3.63048710 2.63482635 -3.11968861 
4.34886313 15.60685334 -11.43222372 9.38502902 -8.13509128 6.83576018 -6.40133656 5.53224895 -4.72910671 3.91130162 -3.63057056 2.63490292 -3.11975738 
4.24919592 14.91796444 -10.46639280 8.22538088 -6.85138037 5.48531218 -5.03226746 4.18384216 -3.43274838 2.69097411 -2.50447380 1.61573101 -2.21577741 
4.26055265 14.81229577 -10.32221151 8.05671209 -6.66931692 5.29837175 -4.84714494 4.00559815 -3.26507881 2.53637437 -2.36459603 1.49147146 -2.10750123 
4.38274272 15.60695774 -11.43237345 9.38521268 -8.13529875 6.83598266 -6.40156626 5.53247914 -4.72933169 3.91151669 -3.63077191 2.63508764 -3.11992332 
4.28473660 14.93829381 -10.49425318 8.25810958 -6.88685124 5.52187448 -5.06860972 4.21896015 -3.46589716 2.72163898 -2.53230468 1.64052666 -2.23744372 
4.17151612 15.60905330 -11.43537909 9.38889949 -8.13946390 6.84044945 -6.40617833 5.53710132 -4.73384930 3.91583561 -3.63481563 2.63879739 -3.12325604 
4.30287581 14.83956835 -10.35932246 8.10001235 -6.71593733 5.34612444 -4.89432185 4.05091883 -3.30761758 2.57551585 -2.39994037 1.52281094 -2.13476109 
4.42265491 15.60707629 -11.43254347 9.38542121 -8.13553433 6.83623529 -6.40182709 5.53274053 -4.72958715 3.91176091 -3.63100056 2.63529739 -3.12011175 
4.54495475 14.94946714 -10.50958238 8.27613619 -6.90640790 5.54205237 -5.08868487 4.23837644 -3.48424049 2.73862166 -2.54772979 1.65427955 -2.24946927 
4.65749750 15.60480974 -11.42929303 9.38143460 -8.13103102 6.83140638 -6.39684167 5.52774468 -4.72470480 3.90709372 -3.62663114 2.63128915 -3.11651116 
4.67498999 15.60489943 -11.42942164 9.38159234 -8.13120918 6.83159741 -6.39703889 5.52794230 -4.72489792 3.90727832 -3.62680395 2.63144767 -3.11665355 
4.59611174 15.12371551 -10.75017454 8.56079884 -7.21706350 5.86439924 -5.41115251 4.55191219 -3.78195585 3.01558238 -2.80044075 1.88056743 -2.44814911 
4.61187389 14.98581981 -10.55953831 8.33497493 -6.97033770 5.60810896 -5.15449749 4.30211527 -3.54453526 2.79451265 -2.59855402 1.69964384 -2.28917742 
4.62605032 15.13631675 -10.76768518 8.58164342 -7.23994509 5.88827521 -5.43516635 4.57538187 -3.80435173 3.03651460 -2.81962492 1.89781739 -2.46335444 
4.53782414 15.60739304 -11.43299776 9.38597843 -8.13616382 6.83691033 -6.40252406 5.53343900 -4.73026980 3.91241351 -3.63161156 2.63585791 -3.12061529 
4.65332492 15.00745731 -10.58933215 8.37013361 -7.00860905 5.64772345 -5.19403302 4.34046790 -3.58087268 2.82824631 -2.62927297 1.72709927 -2.31324009 
4.76022861 15.60531478 -11.43001726 9.38232281 -8.13203430 6.83248215 -6.39795226 5.52885754 -4.72579233 3.90813328 -3.62760434 2.63218188 -3.11731307 
4.77684892 15.60539174 -11.43012762 9.38245816 -8.13218718 6.83264608 -6.39812150 5.52902713 -4.72595807 3.90829171 -3.62775265 2.63231793 -3.11743528 
4.79333225 15.60546681 -11.43023527 9.38259020 -8.13233633 6.83280600 -6.39828660 5.52919257 -4.72611975 3.90844626 -3.62789734 2.63245065 -3.11755450 
4.90035726 15.09901976 -10.71590101 8.52004916 -7.17238378 5.81782985 -5.36436448 4.50623157 -3.73840824 2.97491884 -2.76320603 1.84711474 -2.41868488 
4.91764998 15.26610414 -10.94891057 8.79836844 -7.47890704 6.13868223 -5.68805090 4.82350855 -4.04201840 3.25944137 -3.02462608 2.08273711 -2.62684876 
4.93630028 15.11479164 -10.73778305 8.54605836 -7.20089342 5.84753732 -5.39420372 4.53535734 -3.76616741 3.00083375 -2.78693070 1.86842535 -2.43745111 
4.95330017 15.27705568 -10.96427519 8.81682570 -7.49934630 6.16018894 -5.70985656 4.84498527 -4.06266440 3.27887331 -3.04255340 2.09895759 -2.64123127 
4.88425553 15.60585945 -11.43079835 9.38328078 -8.13311641 6.83364247 -6.39915017 5.53005794 -4.72696544 3.90925467 -3.62865417 2.63314491 -3.11817815 
4.89988037 15.60592341 -11.43089007 9.38339328 -8.13324349 6.83377874 -6.39929085 5.53019891 -4.72710321 3.90938638 -3.62877747 2.63325802 -3.11827975 
4.91538409 15.60598590 -11.43097969 9.38350319 -8.13336764 6.83391187 -6.39942830 5.53033665 -4.72723782 3.90951505 -3.62889793 2.63336853 -3.11837902 
4.93076856 15.60604696 -11.43106725 9.38361059 -8.13348896 6.83404196 -6.39956260 5.53047124 -4.72736935 3.90964078 -3.62901565 2.63347651 -3.11847602 
4.94603558 15.60610663 -11.43115283 9.38371555 -8.13360753 6.83416910 -6.39969386 5.53060277 -4.72749790 3.90976367 -3.62913069 2.63358205 -3.11857083 
4.96118695 15.60616496 -11.43123648 9.38381815 -8.13372342 6.83429338 -6.39982217 5.53073135 -4.72762356 3.90988379 -3.62924315 2.63368521 -3.11866350 
4.97622441 15.60622198 -11.43131827 9.38391846 -8.13383673 6.83441488 -6.39994761 5.53085706 -4.72774641 3.91000123 -3.62935310 2.63378607 -3.11875410 
4.90830675 15.24152410 -10.91446683 8.75703863 -7.43318892 6.09062643 -5.63937571 4.77561348 -3.99601797 3.21618333 -2.98475009 2.04668541 -2.59490543 
4.92171152 15.13235080 -10.76217249 8.57507931 -7.23273756 5.88075252 -5.42759835 4.56798359 -3.79729034 3.02991327 -2.81357363 1.89237517 -2.45855640 
4.93395311 15.24994917 -10.92626637 8.77118986 -7.44883492 6.10706466 -5.65601822 4.79198211 -4.01173252 3.23095520 -2.99836196 2.05898751 -2.60580198 
4.85881380 15.60810577 -11.43402000 9.38723233 -8.13758038 6.83842946 -6.40409258 5.53501094 -4.73180615 3.91388227 -3.63298672 2.63711949 -3.12174864 
4.86937713 15.60812556 -11.43404839 9.38726715 -8.13761971 6.83847165 -6.40413614 5.53505459 -4.73184882 3.91392307 -3.63302491 2.63715453 -3.12178012 
4.87988497 15.60814504 -11.43407633 9.38730143 -8.13765844 6.83851317 -6.40417902 5.53509756 -4.73189082 3.91396322 -3.63306251 2.63718902 -3.12181110 
5.06371133 14.34641083 -9.69916712 7.34169317 -5.91167591 4.53409122 -4.10310717 3.30087236 -2.61250899 1.94354691 -1.83571116 1.02780394 -1.70851831 
5.15025060 15.33200166 -11.04153267 8.90982847 -7.60254362 6.26898461 -5.82036828 4.95402261 -4.16766146 3.37785412 -3.13400828 2.18182289 -2.71480593 
5.08790242 15.60661976 -11.43188873 9.38461814 -8.13462712 6.83526244 -6.40082267 5.53173396 -4.72860341 3.91082048 -3.63012009 2.63448968 -3.11938616 
5.10201995 15.60666696 -11.43195642 9.38470117 -8.13472092 6.83536302 -6.40092651 5.53183802 -4.72870511 3.91091770 -3.63021112 2.63457318 -3.11946117 
5.03821954 15.28242560 -10.97181310 8.82588557 -7.50938406 6.17075597 -5.72057537 4.85554702 -4.07282188 3.28843727 -3.05138013 2.10694675 -2.64831752 
5.05075335 15.18378323 -10.83377930 8.66047477 -7.32664248 5.97890254 -5.52647448 4.66476896 -3.88978468 3.11648418 -2.89302065 1.96390169 -2.52167999 
5.06226481 15.28952445 -10.98178215 8.83787220 -7.52266955 6.18474703 -5.73477237 4.86954067 -4.08628419 3.30111679 -3.06308560 2.11754433 -2.65771979 
4.99196789 15.60834060 -11.43435683 9.38764550 -8.13804715 6.83893005 -6.40460945 5.53552895 -4.73231245 3.91436631 -3.63343991 2.63753526 -3.12212216 
4.91956223 15.22333063 -10.88900917 8.72653320 -7.39948886 6.05524765 -5.60358415 4.74043628 -3.96226966 3.18448016 -2.95555449 2.02031437 -2.57156019 
4.92756947 15.15822532 -10.79816503 8.61796709 -7.27986142 5.92996913 -5.47714265 4.61644605 -3.84357290 3.07320414 -2.85327802 1.92810080 -2.49006789 
4.85380556 14.25800977 -9.58326590 7.21120306 -5.77596493 4.39963545 -3.97448710 3.18110284 -2.50341172 1.84597364 -1.74994756 0.95366394 -1.64557379 
4.66624374 15.60999040 -11.43672330 9.39054849 -8.14132701 6.84244765 -6.40824168 5.53916935 -4.73587069 3.91776822 -3.63662521 2.64045763 -3.12474762 
4.76328322 15.11450523 -10.73738547 8.54558557 -7.20037492 5.84699678 -5.39366054 4.53482692 -3.76566168 3.00036143 -2.78649813 1.86803667 -2.43710872 
4.76592940 15.14135815 -10.77469490 8.58999253 -7.24911515 5.89784882 -5.44480014 4.58480193 -3.81334500 3.04492383 -2.82733511 1.90475295 -2.46947022 
4.67206616 15.60999040 -11.43672330 9.39054849 -8.14132701 6.84244765 -6.40824168 5.53916935 -4.73587069 3.91776822 -3.63662521 2.64045763 -3.12474762 
4.76882434 15.11689920 -10.74070888 8.54953805 -7.20470977 5.85151615 -5.39820226 4.53926220 -3.76989082 3.00431135 -2.79011573 1.87128744 -2.43997244 
4.77146357 15.14363369 -10.77785967 8.59376291 -7.25325722 5.90217411 -5.44915352 4.58905960 -3.81741055 3.04872605 -2.83082187 1.90788991 -2.47223681 
4.67787168 15.60999040 -11.43672330 9.39054849 -8.14132701 6.84244765 -6.40824168 5.53916935 -4.73587069 3.91776822 -3.63662521 2.64045763 -3.12474762 
4.58141496 15.03002111 -10.62044879 8.40690666 -7.04869389 5.68927086 -5.23555135 4.38079424 -3.61912581 2.86379865 -2.66168285 1.75609531 -2.33867746 
4.47144278 15.60929607 -11.43572733 9.38932668 -8.13994654 6.84096708 -6.40671283 5.53763702 -4.73437291 3.91633622 -3.63528436 2.63922743 -3.12364239 
4.46500502 15.60929159 -11.43572089 9.38931879 -8.13993763 6.84095752 -6.40670296 5.53762713 -4.73436324 3.91632697 -3.63527570 2.63921949 -3.12363525 
4.45854647 15.60928706 -11.43571440 9.38931082 -8.13992863 6.84094787 -6.40669299 5.53761714 -4.73435347 3.91631764 -3.63526696 2.63921147 -3.12362805 
4.34432498 14.86550635 -10.39468294 8.14134355 -6.76051429 5.39185941 -4.93957745 4.09446066 -3.34854706 2.61322929 -2.43404046 1.55308505 -2.16112569 
4.21218033 15.60639440 -11.43156553 9.38422172 -8.13417931 6.83478223 -6.40032688 5.53123713 -4.72811785 3.91035631 -3.62968553 2.63409102 -3.11902804 
4.19749258 15.60634125 -11.43148931 9.38412824 -8.13407371 6.83466900 -6.40020997 5.53111997 -4.72800335 3.91024685 -3.62958305 2.63399702 -3.11894360 
4.05980205 14.62771749 -10.07290542 7.76788450 -6.36047065 4.98409902 -4.53862779 3.71102839 -2.99021001 2.28485994 -2.13867551 1.29214148 -1.93493647 
4.03870637 14.82907615 -10.34503691 8.08333494 -6.69797140 5.32771259 -4.87612286 4.03342743 -3.29119221 2.56039560 -2.38628124 1.51069475 -2.12421817 
4.02002577 14.59634586 -10.03085404 7.71952219 -6.30912285 4.93220527 -4.48802115 3.66301846 -2.94568692 2.24435799 -2.10249730 1.26038886 -1.90758527 
3.99847904 14.80287532 -10.30940913 8.04179288 -6.65327282 5.28195672 -4.83094571 3.99005284 -3.25050262 2.52297528 -2.35250793 1.48076234 -2.09819387 
4.10702619 15.60599617 -11.43099442 9.38352126 -8.13338806 6.83393376 -6.39945090 5.53035929 -4.72725995 3.90953621 -3.62891774 2.63338670 -3.11839534 
3.96298270 14.54991434 -9.96878737 7.64832944 -6.23372915 4.85619777 -4.41407579 3.59302915 -2.88092481 2.18556883 -2.05008899 1.21447806 -1.86810947 
3.94077132 14.76399487 -10.25665986 7.98042101 -6.58737691 5.21463858 -4.76460899 3.92648308 -3.19097607 2.46832552 -2.30326483 1.43718654 -2.06036302 
3.79320697 12.57082063 -7.51117002 5.01792983 -3.62559367 2.38414780 -2.14559202 1.56123449 -1.09606526 0.64089796 -0.73251960 0.10577143 -0.95014952 
3.22732410 13.63376396 -8.78575310 6.33528733 -4.88660419 3.53847186 -3.16871784 2.44657719 -1.84784095 1.27076071 -1.25337891 0.53152740 -1.29285587 
2.71956311 12.74307155 -7.71064819 5.21718961 -3.80999568 2.54752127 -2.28583419 1.67885942 -1.19296706 0.71984411 -0.79612713 0.15656793 -0.99013492 
2.02286008 11.10385236 -5.92182252 3.52719607 -2.32673756 1.29593790 -1.25941183 0.85385349 -0.53963171 0.20521246 -0.39336128 -0.15779582 -0.74790745 
0.78837080 -1.24197704 -0.12098521 -0.04239235 -0.12684969 -0.20506725 -0.25653315 0.16772485 -0.09476946 -0.14077630 -0.14772661 -0.37419423 -0.58632981 
-1.63987195 -3.77458532 -0.58805073 -0.16926826 -0.16050645 -0.23477145 -0.25746259 0.15629503 -0.10408100 -0.15309401 -0.15358350 -0.38357315 -0.58342133 
-1.36455580 10.55672876 -5.37885181 3.05950352 -1.95202391 1.00576670 -1.04028791 0.69105150 -0.41997771 0.11656147 -0.32741109 -0.20757213 -0.71078057 
-0.34296743 5.69517627 -1.72571743 0.57654864 -0.33677767 -0.05971519 -0.33627382 0.22269430 -0.10915623 -0.10638651 -0.16383111 -0.33855580 -0.61178900 
0.91282230 10.25165727 -5.08776782 2.81804969 -1.76554743 0.86611998 -0.93808936 0.61729449 -0.36720996 0.07819939 -0.29924909 -0.22875843 -0.69504939 
2.91172823 5.82072643 -1.79374240 0.61007361 -0.35249307 -0.05140993 -0.34090512 0.22543892 -0.11066963 -0.10509518 -0.16484905 -0.33743509 -0.61267655 
3.99556427 11.47178168 -6.30212090 3.86774890 -2.61006630 1.52306903 -1.43660435 0.98955602 -0.64222198 0.28287424 -0.45209789 -0.11309781 -0.78152571 
4.88407021 11.00311254 -5.81982479 3.43765586 -2.25367499 1.23841234 -1.21529410 0.82060422 -0.51487072 0.18668822 -0.37948109 -0.16830329 -0.74004508 
5.61116324 12.52038887 -7.45328108 4.96059610 -3.57297617 2.33789948 -2.10619514 1.52843398 -1.06923320 0.61917591 -0.71511805 0.09194283 -0.93931463 
6.10869243 13.86414094 -9.07581941 6.64938469 -5.20110208 3.83890333 -3.44612189 2.69620249 -2.06785045 1.46151455 -1.41619599 0.66847620 -1.40611893 
6.35633403 15.38066993 -11.11019997 8.99276147 -7.69485695 6.36659769 -5.91980628 5.05240417 -4.26264655 3.46761890 -3.21714247 2.25731516 -2.78197409 
6.39399785 15.57977012 -11.39341514 9.33746727 -8.08140410 6.77823095 -6.34198165 5.47280710 -4.67104974 3.85583413 -3.57866919 2.58731524 -3.07702932 
6.18534543 13.83611829 -9.04027113 6.61061333 -5.16200864 3.80130729 -3.41118165 2.66456371 -2.03979719 1.43705441 -1.39520746 0.65073576 -1.39137808 
5.62170557 11.42004140 -6.24790270 3.81855797 -2.56861984 1.48945315 -1.41008919 0.96903916 -0.62656174 0.27092832 -0.44300749 -0.12004148 -0.77628442 
4.42520668 -0.21345050 -0.09209363 -0.02306939 -0.12481056 -0.19528771 -0.25958553 0.17184532 -0.09273159 -0.13674525 -0.14698024 -0.37043920 -0.58832416 
