10.74591444 0.40439058 -0.11937603 -0.01111840 -0.12531337 -0.18928289 -0.26222950 0.17445354 -0.09195801 -0.13443730 -0.14695420 -0.36809018 -0.58973978 
4.63589039 15.60940134 -11.43587832 9.38951191 -8.14015582 6.84119153 -6.40694460 5.53786931 -4.73459996 3.91655329 -3.63548762 2.63941391 -3.12380993 
4.54343584 15.04132973 -10.63606213 8.42537871 -7.06885115 5.71018504 -5.25647160 4.40113322 -3.63843675 2.88176169 -2.67807157 1.77076908 -2.35155977 
4.54668691 15.01252754 -10.59632005 8.37838703 -7.01760079 5.65703832 -5.20333659 4.34949991 -3.58943629 2.83620174 -2.63652213 1.73358226 -2.31892526 
4.54961867 15.04434458 -10.64022665 8.43030804 -7.07423262 5.71577101 -5.26206152 4.40657001 -3.64360072 2.88656698 -2.68245722 1.77469709 -2.35500929 
4.55285926 15.01566991 -10.60065215 8.38350507 -7.02317811 5.66281751 -5.20911017 4.35510626 -3.59475307 2.84114197 -2.64102468 1.73760968 -2.32245768 
4.55578249 15.04733623 -10.64435998 8.43520142 -7.07957585 5.72131830 -5.26761371 4.41197101 -3.64873153 2.89134213 -2.68681600 1.77860156 -2.35843859 
4.45098241 15.60999040 -11.43672330 9.39054849 -8.14132701 6.84244765 -6.40824168 5.53916935 -4.73587069 3.91776822 -3.63662521 2.64045763 -3.12474762 
4.55901266 15.01878830 -10.60495213 8.38858619 -7.02871632 5.66855725 -5.21484539 4.36067634 -3.60003636 2.84605185 -2.64550025 1.74161354 -2.32596992 
4.56192743 15.05030492 -10.64846243 8.44005919 -7.08488120 5.72682725 -5.27312847 4.41733650 -3.65382943 2.89608736 -2.69114810 1.78248266 -2.36184779 
4.45746540 15.60999040 -11.43672330 9.39054849 -8.14132701 6.84244765 -6.40824168 5.53916935 -4.73587069 3.91776822 -3.63662521 2.64045763 -3.12474762 
4.56514724 15.02188296 -10.60922029 8.39363075 -7.03421574 5.67425788 -5.22054256 4.36621044 -3.60528640 2.85093161 -2.64994903 1.74559401 -2.32946210 
4.66527381 15.60941840 -11.43590278 9.38954192 -8.14018973 6.84122790 -6.40698214 5.53790695 -4.73463674 3.91658846 -3.63552055 2.63944412 -3.12383707 
4.57416108 15.05617434 -10.65657586 8.44966918 -7.09537956 5.73773141 -5.28404697 4.42796209 -3.66392747 2.90548897 -2.69973300 1.79017535 -2.36860645 
4.57736039 15.02800200 -10.61766236 8.40361149 -7.04509963 5.68554313 -5.23182399 4.37717181 -3.61568770 2.86060161 -2.65876695 1.75348533 -2.33638678 
4.67690737 15.60942501 -11.43591227 9.38955356 -8.14020288 6.84124200 -6.40699671 5.53792154 -4.73465101 3.91660210 -3.63553332 2.63945584 -3.12384760 
4.58632053 15.06195463 -10.66456928 8.45914065 -7.10573038 5.74848612 -5.29481947 4.43844902 -3.67389685 2.91477352 -2.70821340 1.79777641 -2.37528626 
4.58949959 15.03402888 -10.62598077 8.41344994 -7.05583247 5.69667586 -5.24295692 4.38799257 -3.62595895 2.87015366 -2.66747986 1.76128485 -2.34323271 
4.68847364 15.60943151 -11.43592160 9.38956500 -8.14021580 6.84125586 -6.40701102 5.53793589 -4.73466503 3.91661551 -3.63554587 2.63946736 -3.12385794 
4.69423179 15.60943472 -11.43592620 9.38957064 -8.14022218 6.84126270 -6.40701809 5.53794297 -4.73467195 3.91662213 -3.63555207 2.63947304 -3.12386305 
4.69997341 15.60943790 -11.43593076 9.38957624 -8.14022850 6.84126949 -6.40702509 5.53794999 -4.73467882 3.91662869 -3.63555821 2.63947868 -3.12386811 
4.61042041 15.07325483 -10.68020520 8.47767811 -7.12599984 5.76955733 -5.31593602 4.45901560 -3.69345738 2.93299829 -2.72486651 1.81270853 -2.38841346 
4.61355973 15.04581337 -10.64225586 8.43271027 -7.07685556 5.71849400 -5.26478679 4.40922096 -3.64611895 2.88891055 -2.68459637 1.77661321 -2.35669216 
4.71140743 15.60944418 -11.43593977 9.38958729 -8.14024099 6.84128288 -6.40703892 5.53796385 -4.73469236 3.91664164 -3.63557034 2.63948980 -3.12387811 
4.71710002 15.60944728 -11.43594422 9.38959274 -8.14024715 6.84128949 -6.40704574 5.53797069 -4.73469905 3.91664803 -3.63557632 2.63949530 -3.12388304 
4.72277646 15.60945035 -11.43594863 9.38959815 -8.14025326 6.84129604 -6.40705251 5.53797747 -4.73470568 3.91665437 -3.63558226 2.63950074 -3.12388793 
4.72843683 15.60945340 -11.43595300 9.38960352 -8.14025932 6.84130254 -6.40705922 5.53798420 -4.73471225 3.91666065 -3.63558814 2.63950614 -3.12389278 
4.73408122 15.60945642 -11.43595733 9.38960883 -8.14026533 6.84130898 -6.40706587 5.53799087 -4.73471877 3.91666689 -3.63559398 2.63951150 -3.12389759 
4.73970973 15.60945942 -11.43596163 9.38961411 -8.14027129 6.84131537 -6.40707247 5.53799748 -4.73472523 3.91667307 -3.63559977 2.63951680 -3.12390236 
4.83872910 15.12153027 -10.74713946 8.55718762 -7.21310121 5.86026660 -5.40699777 4.54785326 -3.77808414 3.01196505 -2.79712667 1.87758847 -2.44552407 
4.84637876 15.19718635 -10.85248087 8.68282422 -7.35126853 6.00469138 -5.55250218 4.69029155 -3.91421715 3.13938871 -2.91407233 1.98288175 -2.53845301 
4.76206670 15.60947116 -11.43597847 9.38963476 -8.14029463 6.84134040 -6.40709832 5.53802338 -4.73475055 3.91669727 -3.63562243 2.63953760 -3.12392105 
4.76761711 15.60947403 -11.43598259 9.38963982 -8.14030034 6.84134653 -6.40710464 5.53802972 -4.73475675 3.91670320 -3.63562798 2.63954269 -3.12392562 
4.77315216 15.60947688 -11.43598668 9.38964483 -8.14030600 6.84135261 -6.40711092 5.53803601 -4.73476290 3.91670908 -3.63563348 2.63954774 -3.12393016 
4.68680225 15.10772653 -10.72797794 8.53440062 -7.18811146 5.83421485 -5.38081880 4.52228930 -3.75370966 2.98920112 -2.77627901 1.85885564 -2.42902242 
4.68981898 15.08178076 -10.69201042 8.49168307 -7.14132287 5.78549598 -5.33191815 4.47459010 -3.70827789 2.94681366 -2.73749648 1.82403836 -2.39837802 
4.69255897 15.11024353 -10.73147054 8.53855252 -7.19266310 5.83895832 -5.38558388 4.52694098 -3.75814357 2.99334089 -2.78006927 1.86226055 -2.43202106 
4.59501960 15.60999040 -11.43672330 9.39054849 -8.14132701 6.84244765 -6.40824168 5.53916935 -4.73587069 3.91776822 -3.63662521 2.64045763 -3.12474762 
4.59501960 15.60999040 -11.43672330 9.39054849 -8.14132701 6.84244765 -6.40824168 5.53916935 -4.73587069 3.91776822 -3.63662521 2.64045763 -3.12474762 
4.49449825 14.98537561 -10.55892713 8.33425422 -6.96955373 5.60729802 -5.15368870 4.30133117 -3.54379280 2.79382379 -2.59792705 1.69908376 -2.28868679 
4.49115709 15.01527170 -10.60010312 8.38285637 -7.02247115 5.66208489 -5.20837821 4.35439544 -3.59407892 2.84051552 -2.64045369 1.73709891 -2.32200966 
4.48814336 14.98199740 -10.55427963 8.32877455 -6.96359384 5.60113384 -5.14754149 4.29537225 -3.53815096 2.78858970 -2.59316374 1.69482903 -2.28495994 
4.37263041 15.60922398 -11.43562391 9.38919982 -8.13980321 6.84081336 -6.40655410 5.53747793 -4.73421741 3.91618755 -3.63514516 2.63909972 -3.12352765 
4.36586605 15.60921878 -11.43561645 9.38919067 -8.13979287 6.84080227 -6.40654265 5.53746646 -4.73420619 3.91617682 -3.63513512 2.63909051 -3.12351938 
4.35907874 15.60921353 -11.43560892 9.38918142 -8.13978243 6.84079107 -6.40653108 5.53745486 -4.73419486 3.91616599 -3.63512497 2.63908120 -3.12351102 
4.46557079 15.00214354 -10.58201121 8.36148979 -6.99919510 5.63797428 -5.18429862 4.33102041 -3.57191765 2.81992948 -2.62169639 1.72032508 -2.30730091 
4.46252051 14.96821551 -10.53533077 8.30644534 -6.93932107 5.57604216 -5.12253152 4.27114014 -3.51521894 2.76732443 -2.57381924 1.67755676 -2.26983631 
4.23183324 14.79332760 -10.29644240 8.02669172 -6.63704304 5.26536151 -4.81457801 3.97435451 -3.23579074 2.50945823 -2.34031921 1.46996893 -2.08881726 
4.22030301 14.90105070 -10.44324327 8.19821976 -6.82197868 5.45504048 -5.00221117 4.15482927 -3.40539034 2.66569055 -2.48154798 1.59532314 -2.19795983 
4.21002083 14.77866808 -10.27655019 8.00354389 -6.61218475 5.23996268 -4.78954564 3.95036272 -3.21332172 2.48882726 -2.32172697 1.45351448 -2.07453052 
4.06808979 15.60583779 -11.43076729 9.38324269 -8.13307338 6.83359633 -6.39910253 5.53001020 -4.72691879 3.90921008 -3.62861242 2.63310662 -3.11814375 
4.05230048 15.60577179 -11.43067264 9.38312661 -8.13294225 6.83345573 -6.39895737 5.52986474 -4.72677663 3.90907419 -3.62848520 2.63298991 -3.11803891 
4.03638553 15.60570421 -11.43057572 9.38300774 -8.13280798 6.83331174 -6.39880872 5.52971578 -4.72663106 3.90893503 -3.62835492 2.63287041 -3.11793156 
4.02034292 15.60563499 -11.43047646 9.38288599 -8.13267045 6.83316428 -6.39865648 5.52956322 -4.72648197 3.90879251 -3.62822150 2.63274801 -3.11782162 
4.00417059 15.60556408 -11.43037477 9.38276128 -8.13252957 6.83301322 -6.39850052 5.52940694 -4.72632924 3.90864652 -3.62808482 2.63262263 -3.11770899 
3.85255151 14.45505163 -9.84261646 7.50430297 -6.08191641 4.70383582 -4.26649170 3.45392728 -2.75273198 2.06964452 -1.94712236 1.12458552 -1.79106896 
3.82899136 14.68419703 -10.14884761 7.85548455 -6.45374794 5.07863052 -4.63106319 3.79894921 -3.07194977 2.35939404 -2.20540308 1.35083097 -1.98559334 
3.94651486 15.60530177 -11.42999860 9.38229993 -8.13200845 6.83245443 -6.39792364 5.52882886 -4.72576431 3.90810649 -3.62757926 2.63215887 -3.11729240 
3.92973184 15.60522253 -11.42988497 9.38216058 -8.13185104 6.83228564 -6.39774939 5.52865426 -4.72559368 3.90794339 -3.62742657 2.63201880 -3.11716658 
3.91280680 15.60514128 -11.42976845 9.38201767 -8.13168961 6.83211255 -6.39757070 5.52847520 -4.72541869 3.90777612 -3.62726997 2.63187516 -3.11703755 
3.89573731 15.60505792 -11.42964892 9.38187107 -8.13152403 6.83193501 -6.39738741 5.52829153 -4.72523920 3.90760455 -3.62710935 2.63172782 -3.11690520 
3.87852088 15.60497241 -11.42952629 9.38172067 -8.13135415 6.83175285 -6.39719935 5.52810309 -4.72505505 3.90742852 -3.62694456 2.63157666 -3.11676942 
3.86115496 15.60488465 -11.42940044 9.38156633 -8.13117981 6.83156592 -6.39700637 5.52790972 -4.72486608 3.90724789 -3.62677546 2.63142154 -3.11663008 
3.69834507 14.31109696 -9.65277911 7.28937016 -5.85716229 4.47998918 -4.05126731 3.25252219 -2.56839910 1.90403877 -1.80093682 0.99770359 -1.68293157 
3.67275522 14.56223443 -9.98523615 7.66717485 -6.25366404 4.87627311 -4.43358591 3.61147667 -2.89797782 2.20103466 -2.06386401 1.22653522 -1.87846842 
3.79915859 15.60455865 -11.42893297 9.38099303 -8.13053225 6.83087159 -6.39628958 5.52719148 -4.72416419 3.90657696 -3.62614737 2.63084540 -3.11611256 
3.78108655 15.60445977 -11.42879118 9.38081914 -8.13033584 6.83066099 -6.39607218 5.52697363 -4.72395131 3.90637348 -3.62595688 2.63067066 -3.11595560 
3.76284972 15.60435817 -11.42864548 9.38064046 -8.13013402 6.83044460 -6.39584879 5.52674979 -4.72373258 3.90616439 -3.62576115 2.63049112 -3.11579433 
3.74444507 15.60425374 -11.42849574 9.38045682 -8.12992660 6.83022220 -6.39561920 5.52651974 -4.72350777 3.90594951 -3.62555999 2.63030660 -3.11562858 
3.57190341 14.18252320 -9.48488068 7.10106298 -5.66205174 4.28737624 -3.86765457 3.08211870 -2.41368196 1.76608769 -1.68003392 0.89347084 -1.59466844 
3.36003066 15.59111156 -11.40965851 9.35736483 -8.10385405 6.80227716 -6.36678077 5.49763283 -4.69528806 3.87898326 -3.60032287 2.60716308 -3.09484512 
3.32613398 15.59046467 -11.40873171 9.35622916 -8.10257232 6.80090388 -6.36536410 5.49621426 -4.69390271 3.87765985 -3.59908467 2.60602791 -3.09382597 
3.29165293 15.58978403 -11.40775660 9.35503434 -8.10122386 6.79945918 -6.36387380 5.49472202 -4.69244545 3.87626778 -3.59778228 2.60483391 -3.09275403 
3.25656701 15.58906725 -11.40672975 9.35377619 -8.09980399 6.79793802 -6.36230469 5.49315091 -4.69091123 3.87480225 -3.59641119 2.60357697 -3.09162561 
3.22085462 15.58831173 -11.40564747 9.35245017 -8.09830759 6.79633494 -6.36065113 5.49149531 -4.68929456 3.87325800 -3.59496650 2.60225259 -3.09043668 
2.98457057 13.36275448 -8.45085986 5.97914038 -4.53622971 3.20937592 -2.86978395 2.18180475 -1.61801013 1.07430904 -1.08792449 0.39406317 -1.18049631 
2.93154477 13.87607466 -9.09098032 6.66594371 -5.21782181 3.85500406 -3.46110460 2.70978646 -2.07990950 1.47204096 -1.42523805 0.67612654 -1.41248177 
3.09698673 15.58547514 -11.40158447 9.34747270 -8.09269116 6.79031869 -6.35444604 5.48528311 -4.68322893 3.86746456 -3.58954700 2.59728478 -3.08597724 
3.05827947 15.58451537 -11.40020992 9.34578898 -8.09079150 6.78828401 -6.35234770 5.48318256 -4.68117813 3.86550596 -3.58771496 2.59560555 -3.08446996 
3.01880835 15.58349829 -11.39875337 9.34400491 -8.08877875 6.78612831 -6.35012467 5.48095731 -4.67900567 3.86343126 -3.58577440 2.59382693 -3.08287352 
2.97854261 15.58241924 -11.39720818 9.34211240 -8.08664377 6.78384184 -6.34776691 5.47859732 -4.67670179 3.86123115 -3.58371664 2.59194096 -3.08118079 
2.71223213 12.92089494 -7.91943680 5.42853929 -4.00813936 2.72524995 -2.44022804 1.80984577 -1.30206411 0.80961086 -0.86910823 0.21530871 -1.03671846 
2.65053432 13.50131871 -8.62123382 6.15945138 -4.71277746 3.37444455 -3.01905687 2.31344806 -1.73180393 1.17119642 -1.16922509 0.46138207 -1.23534302 
2.60195911 12.72397277 -7.68839640 5.19483257 -3.78918823 2.52898735 -2.26984193 1.66537964 -1.18180958 0.71071535 -0.78874365 0.15065194 -0.98546341 
2.53632481 13.33203126 -8.41332499 5.93966152 -4.49780807 3.17366045 -2.83766765 2.15363547 -1.59378773 1.05378579 -1.07078127 0.37992715 -1.16902498 
2.73366141 15.57485346 -11.38637710 9.32885016 -8.07168618 6.76782670 -6.33125618 5.46207447 -4.66057508 3.84583379 -3.56931807 2.57874672 -3.06934037 
2.94372965 13.80739374 -9.00390874 6.57103413 -5.12217924 3.76307595 -3.37571622 2.63250646 -2.01142156 1.41235300 -1.37404406 0.63287271 -1.37655539 
2.91316848 13.33910764 -8.42196252 5.94873853 -4.50663453 3.18185858 -2.84503384 2.16009146 -1.59933510 1.05848280 -1.07470224 0.38315846 -1.17164574 
2.60715483 15.57017406 -11.37968074 9.32065379 -8.06244530 6.75793577 -6.32106246 5.45187638 -4.65062437 3.83633571 -3.56043840 2.57061173 -3.06204175 
2.83087197 13.65936152 -8.81773804 6.36966758 -4.92078071 3.57089364 -3.19845278 2.47315953 -1.87112159 1.29082583 -1.27040954 0.54577786 -1.30458303 
2.59773443 9.52937439 -4.43180268 2.29873367 -1.38209647 0.59016791 -0.74335305 0.48128689 -0.27278276 0.01075491 -0.25023675 -0.26579901 -0.66753738 
2.16951788 12.71585550 -7.67894919 5.18535048 -3.78037226 2.52114220 -2.26307891 1.65968421 -1.17709937 0.70686455 -0.78563124 0.14815965 -0.98349653 
1.86817255 6.59167921 -2.24193800 0.84530719 -0.46964877 0.01208456 -0.37672926 0.24666063 -0.12274636 -0.09542915 -0.17240405 -0.32963924 -0.61884602 
1.12023624 10.42992246 -5.25684628 2.95749713 -1.87264107 0.94591162 -0.99620669 0.65905452 -0.39696511 0.09977332 -0.31505896 -0.21686507 -0.70387722 
1.91302624 12.21365576 -7.10619831 4.62153699 -3.26594130 2.07141834 -1.88192713 1.34386565 -0.91989997 0.49945535 -0.62004096 0.01693504 -0.88094638 
2.17112782 15.54882639 -11.34915728 9.28332239 -8.02038830 6.71295249 -6.27473368 5.40555790 -4.60545742 3.79324835 -3.52017846 2.53374708 -3.02898322 
3.05649553 8.73076648 -3.76068714 1.80497199 -1.04240750 0.36017874 -0.58969073 0.37899787 -0.20482802 -0.03691779 -0.21577668 -0.29247395 -0.64754295 
3.52649916 15.60999040 -11.43672330 9.39054849 -8.14132701 6.84244765 -6.40824168 5.53916935 -4.73587069 3.91776822 -3.63662521 2.64045763 -3.12474762 
3.69757656 14.42044847 -9.79680520 7.45224047 -6.02727603 4.64922530 -4.21380658 3.40446353 -2.70731849 2.02872334 -1.91089805 1.09306137 -1.76413405 
3.70192241 14.47871220 -9.87400607 7.54004734 -6.11950369 4.74147285 -4.30286762 3.48813891 -2.78419530 2.09804082 -1.97229753 1.14652546 -1.80984050 
2.93895160 5.49594884 -1.62062467 0.52594144 -0.31356948 -0.07189950 -0.32949255 0.21866677 -0.10696385 -0.10830660 -0.16231673 -0.34026313 -0.61043772 
1.45964910 -14.64641092 -9.02943415 -6.64488694 -5.13327688 -4.11461036 -3.25941298 -2.21866667 -1.98874371 -1.65354570 -1.32821423 -1.29828643 -1.26480087 
3.66197089 4.61252526 -1.19674145 0.33727333 -0.23316769 -0.11366128 -0.30621038 0.20465004 -0.09972150 -0.11530914 -0.15684682 -0.34695484 -0.60516711 
4.89599436 10.63019996 -5.45020160 3.11968902 -1.99926579 1.04166596 -1.06691891 0.71051135 -0.43405993 0.12687804 -0.33502339 -0.20184260 -0.71504023 
5.45556973 14.29729026 -9.63467478 7.26898423 -5.83595802 4.45897851 -4.03116626 3.23380231 -2.55134554 1.88878515 -1.78752823 0.98611135 -1.67308907 
5.64879220 15.51832716 -11.30562168 9.23016071 -7.96058740 6.64908216 -6.20904278 5.33996716 -4.54157652 3.73237973 -3.46336662 2.48178006 -2.98242687 
5.66396344 15.57825554 -11.39124682 9.33481220 -8.07840955 6.77502462 -6.33867603 5.46949899 -4.66782088 3.85275125 -3.57578624 2.58467340 -3.07465852 
5.38302888 12.70597736 -7.66746076 5.17382753 -3.76966595 2.51162093 -2.25487599 1.65278025 -1.17139291 0.70220164 -0.78186419 0.14514436 -0.98111781 
4.67563202 10.98240697 -5.79897391 3.41944640 -2.23889147 1.22682668 -1.20644774 0.81396449 -0.50994496 0.18301390 -0.37673407 -0.17038054 -0.73849248 
3.49201045 4.67372090 -1.22388934 0.34857654 -0.23768212 -0.11131527 -0.30752824 0.20545657 -0.10011534 -0.11488895 -0.15716925 -0.34653114 -0.60549889 
1.33692407 -15.00891890 -9.49372276 -7.15547715 -5.65161591 -4.61549531 -3.72658068 -2.64342837 -2.36678722 -1.98372189 -1.61136688 -1.53689542 -1.46222319 
2.90602877 5.32705282 -1.53427113 0.48546072 -0.29547280 -0.08134149 -0.32424307 0.21553801 -0.10528807 -0.10982209 -0.16112253 -0.34164729 -0.60934344 
4.33387512 9.24695987 -4.18798305 2.11481300 -1.25253699 0.50070426 -0.68254751 0.44021801 -0.24513550 -0.00870916 -0.23617257 -0.27657045 -0.65949732 
5.07624879 13.19879150 -8.25155658 5.77053430 -4.33417146 3.02239909 -2.70238489 2.03559755 -1.49279649 0.96861389 -0.99994307 0.32174318 -1.12198464 
5.47072595 14.47043376 -9.86301733 7.52752751 -6.10633161 4.72827684 -4.29010768 3.47613263 -2.77314861 2.08806676 -1.96345135 1.13881319 -1.80323961 
5.69889933 15.20717598 -10.86643057 8.69950746 -7.36966451 6.02396931 -5.57197163 4.70939536 -3.93251616 3.15655326 -2.92985700 1.99712044 -2.55104213 
5.74731152 15.54612732 -11.34530107 9.27860955 -8.01508260 6.70728137 -6.26889663 5.39972568 -4.59977345 3.78782901 -3.51511733 2.52911499 -3.02483125 
5.51152064 13.57868226 -8.71713394 6.26174343 -4.81370308 3.46950157 -3.10562988 2.39032169 -1.79869354 1.22849860 -1.21758537 0.50163639 -1.26830422 
4.99067899 12.62057028 -7.56850418 5.07493276 -3.67810418 2.43046676 -2.18518476 1.59430681 -1.12320479 0.66293088 -0.75021507 0.11986407 -0.96121392 
4.17979400 9.13309377 -4.09168819 2.04358242 -1.20330200 0.46725377 -0.66013864 0.42527175 -0.23518946 -0.01568488 -0.23113374 -0.28046127 -0.65658365 
2.97447976 10.91075773 -5.72711960 3.35694256 -2.18834181 1.18735116 -1.17640563 0.79148570 -0.49331668 0.17063701 -0.36749590 -0.17736105 -0.73327906 
1.71828198 1.38339745 -0.23121069 0.01731610 -0.12968973 -0.17900036 -0.26774409 0.17903934 -0.09148298 -0.13079741 -0.14757821 -0.36412592 -0.59234269 
-2.86961600 10.21199777 -5.05053926 2.78764734 -1.74242203 0.84903837 -0.92574698 0.60849058 -0.36097913 0.07370105 -0.29596141 -0.23123254 -0.69321358 
-0.56579274 2.72968812 -0.52241091 0.09559428 -0.14905941 -0.16095808 -0.27866055 0.18694498 -0.09264213 -0.12539861 -0.14989925 -0.35794432 -0.59675959 
0.90894641 9.34810287 -4.27448673 2.17948444 -1.29769923 0.53165669 -0.70344387 0.45424887 -0.25452991 -0.00210815 -0.24094075 -0.27290564 -0.66223669 
1.81640800 11.71190547 -6.55691428 4.10172029 -2.80953553 1.68664098 -1.56698452 1.09144732 -0.72072399 0.34321884 -0.49831062 -0.07764656 -0.80839454 
2.78044515 10.36939417 -5.19911795 2.90963416 -1.83569527 0.91825853 -0.97598000 0.64446466 -0.38653262 0.09219199 -0.30949513 -0.22105024 -0.70077006 
2.97243699 13.67804203 -8.84111849 6.39483903 -4.94584191 3.59470361 -3.22032119 2.49273677 -1.88829032 1.30564190 -1.28299985 0.55632438 -1.31327118 
2.97993828 13.60527638 -8.75022882 6.29717700 -4.84879165 3.50266613 -3.13593747 2.41732243 -1.82226202 1.24874868 -1.23472283 0.51593767 -1.28004294 
2.98590971 13.69606282 -8.86370410 6.41918684 -4.97011430 3.61779265 -3.24155290 2.51176606 -1.90499716 1.32007444 -1.29527631 0.56661735 -1.32175782 
2.49004619 12.83324121 -7.81615628 5.32363727 -3.90946752 2.63646704 -2.36286911 1.74402519 -1.24709157 0.76426542 -0.83215792 0.18550896 -1.01304158 
2.48022273 12.92309085 -7.92203328 5.43118544 -4.01063656 2.72750393 -2.44219794 1.81152674 -1.30347194 0.81077509 -0.87005913 0.21607716 -1.03733020 
2.47284527 12.80247666 -7.78007455 5.28715249 -3.87529909 2.60585073 -2.33629947 1.72150596 -1.22835344 0.74886093 -0.81964413 0.17544418 -1.00506537 
2.12297547 15.60273628 -11.42631989 9.37778858 -8.12691296 6.82699110 -6.39228380 5.52317777 -4.72024209 3.90282809 -3.62263801 2.62762641 -3.11322119 
2.10206993 15.60258339 -11.42610068 9.37751978 -8.12660937 6.82666562 -6.39194783 5.52284115 -4.71991318 3.90251371 -3.62234373 2.62735649 -3.11297875 
2.08094356 15.60242563 -11.42587448 9.37724240 -8.12629610 6.82632977 -6.39160115 5.52249381 -4.71957378 3.90218932 -3.62204008 2.62707798 -3.11272860 
2.05959165 15.60226277 -11.42564098 9.37695608 -8.12597274 6.82598309 -6.39124330 5.52213528 -4.71922345 3.90185448 -3.62172665 2.62679050 -3.11247039 
2.39224391 12.76695026 -7.73851613 5.24523507 -3.83613887 2.57084325 -2.30598735 1.69587031 -1.20706625 0.73139373 -0.80547900 0.16406829 -0.99606291 
2.38460151 12.64048226 -7.59151534 5.09787202 -3.69929059 2.44920125 -2.20123687 1.60774600 -1.13425719 0.67192122 -0.75744833 0.12563335 -0.96574998 
2.37418444 12.73404935 -7.70013234 5.20661998 -3.80015497 2.53875270 -2.27826551 1.67247772 -1.18768314 0.71551971 -0.79262859 0.15376411 -0.98792044 
2.36648699 12.60635373 -7.55209713 5.05859831 -3.66303710 2.41715952 -2.17379614 1.58478269 -1.11538052 0.65657251 -0.74510384 0.11579037 -0.95801326 
1.99413321 15.60174138 -11.42489344 9.37603945 -8.12493754 6.82487329 -6.39009776 5.52098757 -4.71810202 3.90078266 -3.62072338 2.62587030 -3.11164390 
2.33758019 12.66646136 -7.62159257 5.12790788 -3.72707882 2.47381355 -2.22235831 1.62545600 -1.14884286 0.68380100 -0.76701752 0.13327348 -0.97176270 
2.32977048 12.53624993 -7.47146237 4.97857908 -3.58945845 2.35236876 -2.11850621 1.53867205 -1.07759921 0.62594205 -0.72053364 0.09624326 -0.94268170 
1.94927293 15.60136393 -11.42435230 9.37537593 -8.12418821 6.82406997 -6.38926860 5.52015685 -4.71729034 3.90000690 -3.61999725 2.62520431 -3.11104573 
2.30030971 12.59638934 -7.54060845 5.04717105 -3.65250599 2.40786642 -2.16584949 1.57814230 -1.10992944 0.65214573 -0.74154752 0.11295744 -0.95578857 
2.29238481 12.46357798 -7.38834844 4.89655113 -3.51443574 2.28664144 -2.06269114 1.49234164 -1.03980743 0.59542561 -0.69614304 0.07689832 -0.92755251 
2.28141718 12.56038142 -7.49916810 5.00602476 -3.61465154 2.37451652 -2.13737634 1.55438542 -1.09045547 0.63635144 -0.72887371 0.10287165 -0.94787567 
2.27343354 12.42623723 -7.34583013 4.85476632 -3.47637757 2.25342969 -2.03459473 1.46910427 -1.02091823 0.58021984 -0.68402329 0.06730819 -0.92006883 
2.26234897 12.52370291 -7.45707801 4.96434980 -3.57641500 2.34091697 -2.10876144 1.53056727 -1.07097572 0.62058470 -0.71624529 0.09283771 -0.94001511 
2.53215209 15.60999040 -11.43672330 9.39054849 -8.14132701 6.84244765 -6.40824168 5.53916935 -4.73587069 3.91776822 -3.63662521 2.64045763 -3.12474762 
2.53215209 15.60999040 -11.43672330 9.39054849 -8.14132701 6.84244765 -6.40824168 5.53916935 -4.73587069 3.91776822 -3.63662521 2.64045763 -3.12474762 
2.53215209 15.60999040 -11.43672330 9.39054849 -8.14132701 6.84244765 -6.40824168 5.53916935 -4.73587069 3.91776822 -3.63662521 2.64045763 -3.12474762 
2.25430584 12.38820322 -7.30265343 4.81245813 -3.43795228 2.21998794 -2.00637712 1.44582465 -1.00203943 0.56505439 -0.67195840 0.05777649 -0.91264178 
2.24310188 12.48633608 -7.41432462 4.92213853 -3.53779392 2.30706895 -2.08000811 1.50669217 -1.05149471 0.60484966 -0.70366578 0.08285845 -0.93220906 
2.23499847 12.34945766 -7.25880481 4.76961940 -3.39915809 2.18631798 -1.97804212 1.42250740 -0.98317570 0.54993344 -0.65995185 0.04830593 -0.90527341 
1.44969935 10.27032890 -5.10534373 2.83244093 -1.77652218 0.87424516 -0.94397272 0.62149924 -0.37019110 0.08035400 -0.30082488 -0.22757275 -0.69592922 
0.74745372 15.49886981 -11.27789258 9.19635223 -7.92261222 6.60857904 -6.16744038 5.29848071 -4.50122016 3.69396996 -3.42755512 2.44905536 -2.95313712 
0.66297184 15.48943018 -11.26445262 9.17998021 -7.90423804 6.58899752 -6.14734291 5.27845400 -4.48175261 3.67545365 -3.41030211 2.43329870 -2.93904213 
0.57476519 15.47875061 -11.24925721 9.16148125 -7.88348911 6.56689766 -6.12467294 5.25587545 -4.45981521 3.65459780 -3.39087762 2.41556614 -2.92318573 
1.21399267 10.11251198 -4.95777113 2.71236746 -1.68551104 0.80723090 -0.89569103 0.58714961 -0.34593890 0.06287070 -0.28805796 -0.23718300 -0.68879851 
1.60345792 15.59781374 -11.41926305 9.36913646 -8.11714262 6.81651759 -6.38147399 5.51234840 -4.70966157 3.89271636 -3.61317365 2.61894631 -3.10542550 
2.01856830 12.02412095 -6.89601879 4.42017700 -3.08703658 1.91891491 -1.75578577 1.24176032 -0.83857908 0.43515778 -0.56960092 -0.02246195 -0.85057673 
2.31766103 15.60999040 -11.43672330 9.39054849 -8.14132701 6.84244765 -6.40824168 5.53916935 -4.73587069 3.91776822 -3.63662521 2.64045763 -3.12474762 
2.31766103 15.60999040 -11.43672330 9.39054849 -8.14132701 6.84244765 -6.40824168 5.53916935 -4.73587069 3.91776822 -3.63662521 2.64045763 -3.12474762 
2.31766103 15.60999040 -11.43672330 9.39054849 -8.14132701 6.84244765 -6.40824168 5.53916935 -4.73587069 3.91776822 -3.63662521 2.64045763 -3.12474762 
2.31766103 15.60999040 -11.43672330 9.39054849 -8.14132701 6.84244765 -6.40824168 5.53916935 -4.73587069 3.91776822 -3.63662521 2.64045763 -3.12474762 
2.00974746 11.87035481 -6.72790410 4.26130002 -2.94774409 1.80165796 -1.65995707 1.16507532 -0.77816323 0.38783491 -0.53277861 -0.05103977 -0.82867892 
1.99689001 11.97685512 -6.84411372 4.37091582 -3.04366949 1.88226703 -1.72572448 1.21761999 -0.81949731 0.42016896 -0.55790953 -0.03155264 -0.84359873 
1.98799875 11.82137785 -6.67480771 4.21152819 -2.90445305 1.76548687 -1.63060703 1.14174808 -0.75990311 0.37361063 -0.52176293 -0.05955833 -0.82217361 
1.52088129 15.59676994 -11.41776696 9.36730249 -8.11507199 6.81429829 -6.37918380 5.51005440 -4.70742060 3.89057497 -3.61116960 2.61710854 -3.10377516 
1.49258035 15.59639208 -11.41722540 9.36663865 -8.11432250 6.81349503 -6.37835491 5.50922416 -4.70660957 3.88980001 -3.61044436 2.61644349 -3.10317796 
1.93045849 11.82901751 -6.68307562 4.21926551 -2.91117196 1.77109218 -1.63514868 1.14535276 -0.76272109 0.37580334 -0.52345941 -0.05824735 -0.82317409 
2.24072847 15.60999040 -11.43672330 9.39054849 -8.14132701 6.84244765 -6.40824168 5.53916935 -4.73587069 3.91776822 -3.63662521 2.64045763 -3.12474762 
2.56295374 12.96075498 -7.96663690 5.47671052 -4.05366181 2.76639288 -2.47623146 1.84060619 -1.32785674 0.83096346 -0.88656534 0.22942867 -1.04796833 
2.57006649 13.07560362 -8.10345305 5.61715303 -4.18713543 2.88767980 -2.58292453 1.93222336 -1.40505048 0.89515276 -0.93925879 0.27220397 -1.08216667 
2.57941505 12.98890716 -8.00006136 5.51090968 -4.08606094 2.79574457 -2.50197556 1.86264993 -1.34637957 0.84632739 -0.89914865 0.23962255 -1.05610231 
2.82832348 15.60640314 -11.43157807 9.38423710 -8.13419669 6.83480087 -6.40034612 5.53125640 -4.72813669 3.91037432 -3.62970239 2.63410649 -3.11904194 
2.60276250 13.12940684 -8.16796594 5.68379266 -4.25085715 2.94592271 -2.63444956 1.97670922 -1.44272875 0.92663374 -0.96521598 0.29335848 -1.09914283 
2.29870355 15.60999040 -11.43672330 9.39054849 -8.14132701 6.84244765 -6.40824168 5.53916935 -4.73587069 3.91776822 -3.63662521 2.64045763 -3.12474762 
1.98799875 11.82137785 -6.67480771 4.21152819 -2.90445305 1.76548687 -1.63060703 1.14174808 -0.75990311 0.37361063 -0.52176293 -0.05955833 -0.82217361 
1.08178087 9.09312852 -4.05816388 2.01897371 -1.18641806 0.45585462 -0.65254447 0.42023068 -0.23184957 -0.01802463 -0.22944337 -0.28177123 -0.65560128 
0.17701126 15.41826936 -11.16340177 9.05719013 -7.76675927 6.44281602 -5.99763358 5.12957922 -4.33731833 3.53833078 -3.28275738 2.31700649 -2.83517455 
0.06386422 -16.29258930 -11.23621247 -9.18313434 -7.82796355 -6.83646941 -5.91231166 -4.73665881 -4.32589738 -3.78019676 -3.22700310 -2.96279390 -2.69658175 
0.12363532 14.91285914 -10.45940240 8.21717590 -6.84249518 5.47616076 -5.02317798 4.17506525 -3.42446941 2.68332057 -2.49753195 1.60954988 -2.21037943 
0.33750964 15.02833923 -10.61812772 8.40416178 -7.04569983 5.68616559 -5.23244636 4.37777663 -3.61626172 2.86113536 -2.65925374 1.75392103 -2.33676917 
0.53075508 15.11795778 -10.74217861 8.55128619 -7.20662724 5.85351543 -5.40021163 4.54122467 -3.77176226 3.00605937 -2.79171682 1.87272630 -2.44124007 
0.04311935 6.14826081 -1.97774836 0.70369251 -0.39773151 -0.02723099 -0.35444979 0.23345471 -0.11516263 -0.10138806 -0.16776269 -0.33433010 -0.61513591 
-1.27749531 14.26805246 -9.59639555 7.22594517 -5.79125625 4.41474669 -3.98890666 3.19449795 -2.51558499 1.85683717 -1.75947638 0.96188520 -1.65254053 
0.06240337 -7.91792430 -2.56852868 -1.08674542 -0.57852414 -0.44979214 -0.35485027 0.09057219 -0.15346555 -0.19675795 -0.18445689 -0.40893936 -0.58984889 
0.56685171 15.57589481 -11.38786757 9.33067483 -8.07374371 6.77002930 -6.33352656 5.46434615 -4.66279195 3.84795009 -3.57129682 2.58055973 -3.07096716 
1.24437212 10.01378052 -4.86658200 2.63903886 -1.63056179 0.76718056 -0.86710562 0.56698520 -0.33181306 0.05273489 -0.28067633 -0.24274581 -0.68467065 
1.65224953 15.60999040 -11.43672330 9.39054849 -8.14132701 6.84244765 -6.40824168 5.53916935 -4.73587069 3.91776822 -3.63662521 2.64045763 -3.12474762 
2.08063653 12.02661463 -6.89876286 4.42278646 -3.08933825 1.92086349 -1.75738692 1.24304823 -0.83959870 0.43595978 -0.57022721 -0.02197453 -0.85095120 
2.38873170 15.60442621 -11.42874305 9.38076012 -8.13026918 6.83058952 -6.39599839 5.52689969 -4.72387906 3.90630441 -3.62589223 2.63061136 -3.11590233 
2.40685834 15.60452599 -11.42888613 9.38093559 -8.13046737 6.83080202 -6.39621776 5.52711951 -4.72409387 3.90650974 -3.62608445 2.63078768 -3.11606071 
2.42482217 15.60462311 -11.42902540 9.38110638 -8.13066028 6.83100887 -6.39643130 5.52733348 -4.72430297 3.90670961 -3.62627155 2.63095931 -3.11621488 
2.15081774 12.30229936 -7.20562034 4.71783323 -3.35241391 2.14587313 -1.94410656 1.39466055 -0.96070824 0.53196671 -0.64571592 0.03709656 -0.89656662 
1.08908791 2.81549408 -0.54636616 0.10277022 -0.15111784 -0.15953088 -0.27953051 0.18754168 -0.09280307 -0.12502217 -0.15011179 -0.35751250 -0.59707948 
