8.83658410 0.49968872 -0.12656644 -0.00899345 -0.12552128 -0.18833338 -0.26269275 0.17487171 -0.09187003 -0.13408451 -0.14697863 -0.36771880 -0.58997324 
2.80336357 13.44036728 -8.54607028 6.07967953 -4.63445597 3.30102319 -2.95249265 2.25460149 -1.68081681 1.12768977 -1.13264329 0.43103521 -1.21057478 
2.53215209 15.60999040 -11.43672330 9.39054849 -8.14132701 6.84244765 -6.40824168 5.53916935 -4.73587069 3.91776822 -3.63662521 2.64045763 -3.12474762 
2.53215209 15.60999040 -11.43672330 9.39054849 -8.14132701 6.84244765 -6.40824168 5.53916935 -4.73587069 3.91776822 -3.63662521 2.64045763 -3.12474762 
2.25430584 12.38820322 -7.30265343 4.81245813 -3.43795228 2.21998794 -2.00637712 1.44582465 -1.00203943 0.56505439 -0.67195840 0.05777649 -0.91264178 
2.24310188 12.48633608 -7.41432462 4.92213853 -3.53779392 2.30706895 -2.08000811 1.50669217 -1.05149471 0.60484966 -0.70366578 0.08285845 -0.93220906 
2.79690867 13.33953117 -8.42247962 5.94928210 -4.50716323 3.18234977 -2.84547529 2.16047846 -1.59966771 1.05876449 -1.07493743 0.38335232 -1.17180300 
2.80336357 13.44036728 -8.54607028 6.07967953 -4.63445597 3.30102319 -2.95249265 2.25460149 -1.68081681 1.12768977 -1.13264329 0.43103521 -1.21057478 
2.53215209 15.60999040 -11.43672330 9.39054849 -8.14132701 6.84244765 -6.40824168 5.53916935 -4.73587069 3.91776822 -3.63662521 2.64045763 -3.12474762 
2.81158903 13.36180812 -8.44970237 5.97792161 -4.53504232 3.20827104 -2.86878943 2.18093162 -1.61725865 1.07367179 -1.08739176 0.39362358 -1.18013934 
3.03636055 15.60707629 -11.43254347 9.38542121 -8.13553433 6.83623529 -6.40182709 5.53274053 -4.72958715 3.91176091 -3.63100056 2.63529739 -3.12011175 
3.04948955 15.60711426 -11.43259794 9.38548802 -8.13560980 6.83631621 -6.40191065 5.53282426 -4.72966899 3.91183914 -3.63107381 2.63536459 -3.12017212 
3.06253294 15.60715150 -11.43265134 9.38555352 -8.13568380 6.83639557 -6.40199258 5.53290637 -4.72974924 3.91191586 -3.63114563 2.63543048 -3.12023131 
3.07549181 15.60718802 -11.43270372 9.38561777 -8.13575637 6.83647340 -6.40207294 5.53298690 -4.72982794 3.91199110 -3.63121607 2.63549510 -3.12028936 
2.87553204 13.54446384 -8.67464797 6.21635497 -4.76885282 3.42719772 -3.06704735 2.35601515 -1.76880349 1.20286150 -1.19592417 0.48358705 -1.25351020 
2.88343974 13.46839162 -8.58058621 6.11626774 -4.67033689 3.33462144 -2.98291979 2.28147243 -1.70407525 1.14751710 -1.14929998 0.44484174 -1.22183452 
2.69155904 10.10570674 -4.95145778 2.70726919 -1.68167499 0.80442478 -0.89368152 0.58572782 -0.34494014 0.06215290 -0.28753474 -0.23757710 -0.68850608 
2.35596414 12.70055804 -7.66116182 5.16751333 -3.76380258 2.50640937 -2.25038838 1.64900516 -1.16827410 0.69965428 -0.77980704 0.14349830 -0.97981967 
2.61515156 15.60999040 -11.43672330 9.39054849 -8.14132701 6.84244765 -6.40824168 5.53916935 -4.73587069 3.91776822 -3.63662521 2.64045763 -3.12474762 
2.88343974 13.46839162 -8.58058621 6.11626774 -4.67033689 3.33462144 -2.98291979 2.28147243 -1.70407525 1.14751710 -1.14929998 0.44484174 -1.22183452 
2.88966258 13.56438004 -8.69936289 6.24274466 -4.79491640 3.45176960 -3.08944717 2.37592338 -1.78614121 1.21772619 -1.20847876 0.49404455 -1.26207872 
2.63134598 15.60999040 -11.43672330 9.39054849 -8.14132701 6.84244765 -6.40824168 5.53916935 -4.73587069 3.91776822 -3.63662521 2.64045763 -3.12474762 
2.89750959 13.48879247 -8.60575864 6.14299852 -4.69659602 3.35925056 -3.00525998 2.30123207 -1.72120385 1.16213907 -1.16159958 0.45504880 -1.23016818 
2.90369529 13.58400917 -8.72375770 6.26882981 -4.82071520 3.47612443 -3.11167798 2.39570625 -1.80339057 1.23253184 -1.22099672 0.50448167 -1.27063850 
2.91148253 13.50890208 -8.63060958 6.16942676 -4.72259526 3.38366953 -3.02743915 2.32087463 -1.73825210 1.17670928 -1.17386894 0.46524086 -1.23849747 
2.91763150 13.60335688 -8.74783789 6.29461484 -4.84625223 3.50026395 -3.13374045 2.41536360 -1.82055091 1.24727746 -1.23347693 0.51489733 -1.27918852 
2.66334666 15.60999040 -11.43672330 9.39054849 -8.14132701 6.84244765 -6.40824168 5.53916935 -4.73587069 3.91776822 -3.63662521 2.64045763 -3.12474762 
2.66334666 15.60999040 -11.43672330 9.39054849 -8.14132701 6.84244765 -6.40824168 5.53916935 -4.73587069 3.91776822 -3.63662521 2.64045763 -3.12474762 
2.92535985 13.52872616 -8.65514449 6.19555674 -4.74833746 3.40787988 -3.04945777 2.34039981 -1.75521921 1.19122670 -1.18610689 0.47541679 -1.24682137 
2.93147252 13.62242870 -8.77160886 6.32010405 -4.87153047 3.52418989 -3.15563527 2.43489536 -1.83762160 1.26196213 -1.24591835 0.52529044 -1.28772776 
2.93914285 13.54827028 -8.67936870 6.22139265 -4.77382542 3.43188316 -3.07131635 2.35980735 -1.77210443 1.20569029 -1.19831231 0.48557549 -1.25513884 
2.94521961 13.64123002 -8.79507586 6.34530171 -4.89655289 3.54790398 -3.17736317 2.45430147 -1.85460208 1.27658497 -1.25831995 0.53565998 -1.29625524 
2.95283276 13.56753985 -8.70328743 6.24693863 -4.79906193 3.45568091 -3.09301544 2.37909707 -1.78890706 1.22009909 -1.21048413 0.49571589 -1.26344890 
2.95887402 13.65976609 -8.81824405 6.37021200 -4.92132240 3.57140797 -3.19892488 2.47358193 -1.87149182 1.29114516 -1.27068076 0.54600495 -1.30477002 
2.71040765 15.60999040 -11.43672330 9.39054849 -8.14132701 6.84244765 -6.40824168 5.53916935 -4.73587069 3.91776822 -3.63662521 2.64045763 -3.12474762 
2.71040765 15.60999040 -11.43672330 9.39054849 -8.14132701 6.84244765 -6.40824168 5.53916935 -4.73587069 3.91776822 -3.63662521 2.64045763 -3.12474762 
2.71040765 15.60999040 -11.43672330 9.39054849 -8.14132701 6.84244765 -6.40824168 5.53916935 -4.73587069 3.91776822 -3.63662521 2.64045763 -3.12474762 
2.71040765 15.60999040 -11.43672330 9.39054849 -8.14132701 6.84244765 -6.40824168 5.53916935 -4.73587069 3.91776822 -3.63662521 2.64045763 -3.12474762 
2.96643084 13.58654016 -8.72690580 6.27219875 -4.82404976 3.47927471 -3.11455561 2.39826880 -1.80562646 1.23445218 -1.22262130 0.50583695 -1.27175058 
2.97243699 13.67804203 -8.84111849 6.39483903 -4.94584191 3.59470361 -3.22032119 2.49273677 -1.88829032 1.30564190 -1.28299985 0.55632438 -1.31327118 
2.97993828 13.60527638 -8.75022882 6.29717700 -4.84879165 3.50266613 -3.13593747 2.41732243 -1.82226202 1.24874868 -1.23472283 0.51593767 -1.28004294 
3.18849146 15.60748721 -11.43313283 9.38614411 -8.13635098 6.83711104 -6.40273130 5.53364669 -4.73047278 3.91260756 -3.63179324 2.63602458 -3.12076502 
2.99929336 13.71383333 -8.88600573 6.44325942 -4.99414241 3.64067685 -3.26262084 2.53066991 -1.92161194 1.33444209 -1.30750929 0.57688295 -1.33022906 
3.00668597 13.64197652 -8.79600829 6.34630361 -4.89754850 3.54884816 -3.17822882 2.45507510 -1.85527942 1.27716859 -1.25881517 0.53607426 -1.29659608 
3.21275847 15.60754718 -11.43321884 9.38624961 -8.13647016 6.83723885 -6.40286326 5.53377893 -4.73060203 3.91273112 -3.63190893 2.63613072 -3.12086036 
3.22478245 15.60757636 -11.43326069 9.38630094 -8.13652815 6.83730104 -6.40292747 5.53384328 -4.73066493 3.91279125 -3.63196522 2.63618236 -3.12090676 
3.23673457 15.60760502 -11.43330179 9.38635136 -8.13658511 6.83736213 -6.40299054 5.53390649 -4.73072670 3.91285031 -3.63202051 2.63623308 -3.12095233 
3.05196005 13.78250582 -8.97246557 6.53687472 -5.08786797 3.73020030 -3.34527203 2.60503420 -1.98714376 1.39125096 -1.35599043 0.61765478 -1.36394368 
3.05914433 13.71242079 -8.88423194 6.44134365 -4.99222909 3.63885361 -3.26094141 2.52916222 -1.92028615 1.33329508 -1.30653227 0.57606273 -1.32955195 
3.06491525 13.79909387 -8.99341632 6.55962856 -5.11071636 3.75208660 -3.36553417 2.62331359 -2.00329356 1.40528489 -1.36799434 0.62777113 -1.37232584 
3.07204925 13.72944244 -8.90561917 6.46445571 -5.01532426 3.66087292 -3.28123424 2.54738895 -1.93632136 1.34717417 -1.31835940 0.58599561 -1.33775485 
3.07778800 13.81545844 -9.01411004 6.58212971 -5.13333694 3.77377857 -3.38563788 2.64146884 -2.01934969 1.41925049 -1.37995034 0.63785536 -1.38068793 
3.08487239 13.74623696 -8.92674754 6.48731570 -5.03819458 3.68270262 -3.30137449 2.56549793 -1.95226934 1.36099105 -1.33014418 0.59590122 -1.34594179 
3.09057932 13.83160363 -9.03455091 6.60438169 -5.15573234 3.79527795 -3.40558412 2.65950027 -2.03531199 1.43314729 -1.39185780 0.64790677 -1.38902925 
2.85973071 15.60999040 -11.43672330 9.39054849 -8.14132701 6.84244765 -6.40824168 5.53916935 -4.73587069 3.91776822 -3.63662521 2.64045763 -3.12474762 
2.85973071 15.60999040 -11.43672330 9.39054849 -8.14132701 6.84244765 -6.40824168 5.53916935 -4.73587069 3.91776822 -3.63662521 2.64045763 -3.12474762 
3.09761479 13.76280847 -8.94762120 6.50992710 -5.06084257 3.70434430 -3.32136298 2.58348935 -1.96812982 1.37474517 -1.34188592 0.60577883 -1.35411204 
3.10329023 13.84753345 -9.05474301 6.62638801 -5.17790519 3.81658647 -3.42537386 2.67740821 -2.05118034 1.44697489 -1.40371615 0.65792469 -1.39734913 
2.87406769 15.60999040 -11.43672330 9.39054849 -8.14132701 6.84244765 -6.40824168 5.53916935 -4.73587069 3.91776822 -3.63662521 2.64045763 -3.12474762 
2.87406769 15.60999040 -11.43672330 9.39054849 -8.14132701 6.84244765 -6.40824168 5.53916935 -4.73587069 3.91776822 -3.63662521 2.64045763 -3.12474762 
3.11027743 13.77916102 -8.96824421 6.53229331 -5.08327072 3.72579957 -3.34120051 2.60136340 -1.98390257 1.38843602 -1.35358396 0.61562771 -1.36226490 
3.11592173 13.86325180 -9.07469036 6.64815208 -5.19985806 3.83770589 -3.44500806 2.69519304 -2.06695466 1.46073290 -1.41552480 0.66790850 -1.40564691 
3.12286131 13.79529855 -8.98862056 6.55441769 -5.10548150 3.74707002 -3.36088794 2.61912033 -1.99958739 1.40206312 -1.36523766 0.62544719 -1.37039970 
3.31845730 15.60779207 -11.43357008 9.38668044 -8.13695689 6.83776082 -6.40340219 5.53431904 -4.73112991 3.91323578 -3.63238141 2.63656418 -3.12124977 
3.14095034 13.89406928 -9.11386640 6.69096690 -5.24311407 3.87938425 -3.48381380 2.73039490 -2.09822098 1.48803871 -1.43899093 0.68777130 -1.42217370 
3.14779658 13.82694387 -9.02864885 6.59795406 -5.14926070 3.78906285 -3.39981587 2.65428388 -2.03069259 1.42912433 -1.38840967 0.64499528 -1.38661245 
3.15334936 13.90917577 -9.13310270 6.71202424 -5.26442224 3.89994663 -3.50298735 2.74781276 -2.11371293 1.50158589 -1.45064742 0.69764915 -1.43040151 
3.16014984 13.84245910 -9.04830836 6.61937251 -5.17083393 3.80978840 -3.41905811 2.67169108 -2.04611270 1.44255762 -1.39992686 0.65472264 -1.39468914 
3.16567276 13.92408554 -9.15210948 6.73285248 -5.28552047 3.92032675 -3.52200936 2.76510917 -2.12911075 1.51506221 -1.46225224 0.70749056 -1.43860484 
2.94425033 15.60999040 -11.43672330 9.39054849 -8.14132701 6.84244765 -6.40824168 5.53916935 -4.73587069 3.91776822 -3.63662521 2.64045763 -3.12474762 
3.17242809 13.85777420 -9.06773638 6.64056200 -5.19219942 3.83033550 -3.43815372 2.68898233 -2.06144435 1.45592554 -1.41139746 0.66441809 -1.40274524 
3.17792144 13.93880205 -9.17089035 6.75345479 -5.30641122 3.94052632 -3.54088086 2.78228458 -2.14441449 1.52846741 -1.47380497 0.71729503 -1.44678313 
3.18463221 13.87289266 -9.08693652 6.66152562 -5.21335949 3.85070570 -3.45710358 2.70615797 -2.07668749 1.46922775 -1.42282097 0.67408105 -1.41078016 
3.19009630 13.95332871 -9.18944885 6.77383426 -5.32709688 3.96054700 -3.55960286 2.79933948 -2.15962420 1.54180127 -1.48530520 0.72706205 -1.45493587 
3.19676308 13.88781793 -9.10591231 6.68226644 -5.23431648 3.87090059 -3.47590861 2.72321836 -2.09184207 1.48246395 -1.43419694 0.68371098 -1.41879335 
3.20219822 13.96766883 -9.20778848 6.79399395 -5.34757985 3.98039049 -3.57817640 2.81627437 -2.17473997 1.55506360 -1.49675256 0.73679115 -1.46306255 
3.20882157 13.90255336 -9.12466722 6.70278742 -5.25507265 3.89092174 -3.49456972 2.74016389 -2.10690807 1.49563385 -1.44552490 0.69330735 -1.42678426 
3.39697144 15.60795796 -11.43380801 9.38697230 -8.13728660 6.83811441 -6.40376728 5.53468493 -4.73148752 3.91357765 -3.63270151 2.63685783 -3.12151357 
3.40794031 15.60798012 -11.43383979 9.38701128 -8.13733064 6.83816164 -6.40381605 5.53473380 -4.73153529 3.91362332 -3.63274426 2.63689706 -3.12154881 
3.23807482 14.00960209 -9.26152781 6.85318413 -5.40783598 4.03887440 -3.63301670 2.86636411 -2.21952481 1.59441972 -1.53077392 0.76574653 -1.48728141 
3.24457118 13.94565302 -9.17964033 6.76306070 -5.31615888 3.94995821 -3.54969875 2.79031537 -2.15157476 1.53474322 -1.47921664 0.72189022 -1.45061813 
3.42969920 15.60802336 -11.43390182 9.38708736 -8.13741659 6.83825381 -6.40391122 5.53482918 -4.73162851 3.91371244 -3.63282771 2.63697361 -3.12161758 
3.44049051 15.60804446 -11.43393208 9.38712448 -8.13745853 6.83829879 -6.40395766 5.53487572 -4.73167399 3.91375593 -3.63286842 2.63701096 -3.12165114 
3.45122392 15.60806523 -11.43396186 9.38716101 -8.13749980 6.83834304 -6.40400335 5.53492152 -4.73171875 3.91379872 -3.63290849 2.63704772 -3.12168416 
3.28493955 14.06309040 -9.33031523 6.92920417 -5.48547936 4.11447225 -3.70412209 2.93150277 -2.27793141 1.64588483 -1.57537637 0.80379782 -1.51918080 
3.07763308 15.60999040 -11.43672330 9.39054849 -8.14132701 6.84244765 -6.40824168 5.53916935 -4.73587069 3.91776822 -3.63662521 2.64045763 -3.12474762 
3.29127388 14.00065226 -9.25004434 6.84052116 -5.39493035 4.02633469 -3.62124580 2.85560188 -2.20989291 1.58594753 -1.52344373 0.75950275 -1.48205490 
3.12769206 11.30668899 -6.12996695 3.71228781 -2.47967500 1.41775774 -1.35386880 0.92577653 -0.59371028 0.24597292 -0.42408154 -0.13446700 -0.76541792 
2.87079989 13.53776030 -8.66633755 6.20748996 -4.76010559 3.41895857 -3.05954308 2.34935124 -1.76300475 1.19789365 -1.19173136 0.48009689 -1.25065226 
3.07763308 15.60999040 -11.43672330 9.39054849 -8.14132701 6.84244765 -6.40824168 5.53916935 -4.73587069 3.91776822 -3.63662521 2.64045763 -3.12474762 
2.86452686 13.44072729 -8.54651322 6.08014859 -4.63491551 3.30145309 -2.95288162 2.25494469 -1.68111362 1.12794259 -1.13285552 0.43121101 -1.21071806 
2.85653680 13.51745224 -8.64118704 6.18068727 -4.73368424 3.39409464 -3.03691696 2.32927613 -1.74555036 1.18295182 -1.17912971 0.46961401 -1.24207375 
2.85022562 13.41962382 -8.52056877 6.05269491 -4.60803884 3.27632773 -2.93016405 2.23491325 -1.66380093 1.11320430 -1.12049008 0.42097356 -1.20237845 
2.84217269 13.49684326 -8.61570308 6.15356951 -4.70699097 3.36900969 -3.01412044 2.30907615 -1.72800939 1.16795339 -1.16649415 0.45911348 -1.23348903 
3.05165869 15.60999040 -11.43672330 9.39054849 -8.14132701 6.84244765 -6.40824168 5.53916935 -4.73587069 3.91776822 -3.63662521 2.64045763 -3.12474762 
3.05165869 15.60999040 -11.43672330 9.39054849 -8.14132701 6.84244765 -6.40824168 5.53916935 -4.73587069 3.91776822 -3.63662521 2.64045763 -3.12474762 
3.05165869 15.60999040 -11.43672330 9.39054849 -8.14132701 6.84244765 -6.40824168 5.53916935 -4.73587069 3.91776822 -3.63662521 2.64045763 -3.12474762 
3.05165869 15.60999040 -11.43672330 9.39054849 -8.14132701 6.84244765 -6.40824168 5.53916935 -4.73587069 3.91776822 -3.63662521 2.64045763 -3.12474762 
3.26805753 13.97349512 -9.21524525 6.80219659 -5.35591983 3.98847549 -3.58574889 2.82318310 -2.18091031 1.56048044 -1.50143061 0.74076901 -1.46638684 
3.27332498 14.04996909 -9.31341598 6.91050152 -5.46635092 4.09582300 -3.68655847 2.91539293 -2.26346917 1.63312698 -1.56430790 0.79434564 -1.51124922 
3.27969907 13.98715787 -9.23274400 6.82145895 -5.37551783 4.00748659 -3.60356602 2.83944837 -2.19544567 1.57324782 -1.51246243 0.75015421 -1.47423366 
3.28493955 14.06309040 -9.33031523 6.92920417 -5.48547936 4.11447225 -3.70412209 2.93150277 -2.27793141 1.64588483 -1.57537637 0.80379782 -1.51918080 
3.29127388 14.00065226 -9.25004434 6.84052116 -5.39493035 4.02633469 -3.62124580 2.85560188 -2.20989291 1.58594753 -1.52344373 0.75950275 -1.48205490 
3.29648765 14.07604921 -9.34702109 6.94770974 -5.50442317 4.13295737 -3.72154564 2.94749705 -2.29230108 1.65857033 -1.58638972 0.81320902 -1.52708291 
3.30278271 14.01398110 -9.26714923 6.85938587 -5.41415947 4.04502129 -3.63878919 2.87164413 -2.22425217 1.59857946 -1.53437424 0.76881426 -1.48985014 
3.30797003 14.08884823 -9.36353647 6.96602088 -5.52318448 4.15127993 -3.73883019 2.96337638 -2.30657843 1.67118346 -1.59734774 0.82257896 -1.53495519 
3.31422630 14.02714715 -9.28406159 6.87805567 -5.43320724 4.06354788 -3.65619713 2.88757563 -2.23852360 1.61114351 -1.54525369 0.77808840 -1.49761900 
3.31938743 14.10149012 -9.37986423 6.98414017 -5.54176539 4.16944150 -3.75597679 2.97914136 -2.32076371 1.68372422 -1.60825027 0.83190734 -1.54279731 
3.32560538 14.04015308 -9.30078427 6.89653312 -5.45207572 4.08191594 -3.67347061 2.90339690 -2.25270739 1.62363961 -1.55608186 0.78732484 -1.50536110 
3.50404352 15.60816422 -11.43410384 9.38733517 -8.13769656 6.83855405 -6.40422123 5.53513987 -4.73193217 3.91400275 -3.63309952 2.63722297 -3.12184160 
3.51444208 15.60818310 -11.43413092 9.38736839 -8.13773408 6.83859430 -6.40426278 5.53518151 -4.73197287 3.91404166 -3.63313595 2.63725640 -3.12187163 
3.52478687 15.60820169 -11.43415758 9.38740109 -8.13777103 6.83863393 -6.40430370 5.53522252 -4.73201295 3.91407998 -3.63317182 2.63728931 -3.12190120 
3.53507842 15.60821999 -11.43418384 9.38743330 -8.13780742 6.83867294 -6.40434398 5.53526290 -4.73205241 3.91411771 -3.63320715 2.63732172 -3.12193031 
3.54531728 15.60823801 -11.43420969 9.38746501 -8.13784324 6.83871137 -6.40438366 5.53530266 -4.73209127 3.91415486 -3.63324193 2.63735363 -3.12195898 
3.55550399 15.60825577 -11.43423515 9.38749624 -8.13787853 6.83874920 -6.40442273 5.53534181 -4.73212954 3.91419145 -3.63327619 2.63738506 -3.12198722 
3.56563908 15.60827325 -11.43426022 9.38752700 -8.13791328 6.83878647 -6.40446121 5.53538038 -4.73216724 3.91422748 -3.63330993 2.63741601 -3.12201502 
3.40847198 14.19726953 -9.50405803 7.12248612 -5.68416304 4.30912318 -3.88831029 3.10122116 -2.43096723 1.78145041 -1.69345712 0.90501017 -1.60441305 
3.41439928 14.13874097 -9.42806341 7.03772164 -5.59680573 4.22332802 -3.80693292 3.02606389 -2.36304728 1.72115829 -1.64083752 0.85982425 -1.56629427 
3.58575648 15.60830743 -11.43430925 9.38758713 -8.13798122 6.83885934 -6.40453644 5.53545578 -4.73224093 3.91429794 -3.63337590 2.63747653 -3.12206939 
3.59573980 15.60832414 -11.43433322 9.38761653 -8.13801443 6.83889495 -6.40457322 5.53549264 -4.73227696 3.91433238 -3.63340814 2.63750611 -3.12209597 
3.44088939 14.23088668 -9.54785322 7.17149262 -5.73482690 4.35903100 -3.93578662 3.14519265 -2.47081274 1.81691207 -1.72448156 0.93171259 -1.62698842 
3.44671450 14.17336561 -9.47298171 7.08778166 -5.64835494 4.27391567 -3.85487912 3.07031259 -2.40300652 1.75660596 -1.67175450 0.88635762 -1.58866495 
3.61555817 15.60835682 -11.43438009 9.38767403 -8.13807939 6.83896462 -6.40464515 5.53556473 -4.73234742 3.91439974 -3.63347122 2.63756398 -3.12214795 
3.46221490 14.25264827 -9.57626028 7.20334127 -5.76781451 4.39158505 -3.96680892 3.17397352 -2.49693564 1.84019680 -1.74488255 0.94929562 -1.64187340 
3.27410996 15.60999040 -11.43672330 9.39054849 -8.14132701 6.84244765 -6.40824168 5.53916935 -4.73587069 3.91776822 -3.63662521 2.64045763 -3.12474762 
3.27410996 15.60999040 -11.43672330 9.39054849 -8.14132701 6.84244765 -6.40824168 5.53916935 -4.73587069 3.91776822 -3.63662521 2.64045763 -3.12474762 
3.46797379 14.19578562 -9.50212730 7.12032830 -5.68193489 4.30693080 -3.88622705 3.09929379 -2.42922252 1.77989918 -1.69210125 0.90384421 -1.60342813 
3.47279361 14.26334019 -9.59023362 7.21902521 -5.78407720 4.40765095 -3.98213458 3.18820597 -2.50986604 1.85173277 -1.75499849 0.95802126 -1.64926580 
3.47851995 14.20680286 -9.51646687 7.13635986 -5.69849424 4.32322941 -3.90171901 3.11363083 -2.44220443 1.79144454 -1.70219511 0.91252636 -1.61076392 
3.80657207 14.46519097 -9.85606146 7.51960612 -6.09800130 4.71993501 -4.28204490 3.46854915 -2.76617396 2.08177168 -1.95787008 1.13394895 -1.79907766 
3.81895469 14.62728246 -10.07232165 7.76721241 -6.35975635 4.98337641 -4.53792244 3.71035862 -2.98958833 2.28429395 -2.13816953 1.29169706 -1.93455339 
3.67386155 15.60844929 -11.43451273 9.38783674 -8.13826321 6.83916175 -6.40484870 5.53576873 -4.73254681 3.91459036 -3.63364970 2.63772772 -3.12229506 
3.84200058 14.49612856 -9.89714560 7.56643422 -6.14728902 4.76933158 -4.32982723 3.51352578 -2.80757050 2.11916116 -1.99104210 1.16287759 -1.82384462 
3.85418453 14.65440192 -10.10874746 7.80918688 -6.40440664 5.02858379 -4.58208643 3.75232798 -3.02857348 2.31981331 -2.16994396 1.31962341 -1.95864067 
3.71180714 15.60850665 -11.43459500 9.38793765 -8.13837722 6.83928402 -6.40497495 5.53589526 -4.73267048 3.91470860 -3.63376040 2.63782928 -3.12238630 
3.72118210 15.60852049 -11.43461485 9.38796200 -8.13840473 6.83931353 -6.40500541 5.53592579 -4.73270032 3.91473712 -3.63378711 2.63785378 -3.12240831 
3.88542636 14.53311147 -9.94637677 7.62267904 -6.20662205 4.82892498 -4.38759469 3.56801204 -2.85781815 2.16462937 -2.03145279 1.19817749 -1.85411426 
3.89737063 14.68679417 -10.15234699 7.85952920 -6.45806306 5.08301180 -4.63535504 3.80303853 -3.07575795 2.36287201 -2.20852145 1.35357758 -1.98796722 
3.91103874 14.55444656 -9.97483675 7.65525839 -6.24105678 4.86357520 -4.42124378 3.59980517 -2.88718720 2.19124716 -2.05514552 1.21890316 -1.87191062 
3.92284363 14.70546743 -10.17752623 7.88865269 -6.48915577 5.11460235 -4.66632078 3.83256153 -3.10326780 2.38801080 -2.23107330 1.37345102 -2.00515217 
3.93632899 14.57517050 -10.00252281 7.68699730 -6.27464999 4.89742392 -4.45415721 3.63094223 -2.91598494 2.21737701 -2.07842921 1.23929186 -1.88943474 
4.07854717 15.60588093 -11.43082916 9.38331858 -8.13315910 6.83368825 -6.39919743 5.53010529 -4.72701172 3.90929892 -3.62869559 2.63318291 -3.11821228 
3.96459371 14.73538951 -10.21794254 7.93547680 -6.53922551 5.16555152 -4.71633610 3.88031463 -3.14782577 2.42878134 -2.26769349 1.40575953 -2.03312102 
3.83038228 15.60867249 -11.43483286 9.38822943 -8.13870687 6.83963756 -6.40534000 5.53626111 -4.73302807 3.91505047 -3.63408049 2.63812295 -3.12265012 
3.98597462 14.61487598 -10.05568102 7.74806266 -6.33941233 4.96280432 -4.51784947 3.69130544 -2.97190985 2.26820426 -2.12379084 1.27907178 -1.92367365 
3.99737997 14.75830147 -10.24894765 7.97146155 -6.57777095 5.20483895 -4.75496523 3.91725358 -3.18234439 2.46041039 -2.29614078 1.43088908 -2.05490134 
3.86549640 15.60871794 -11.43489806 9.38830941 -8.13879723 6.83973447 -6.40544006 5.53636140 -4.73312609 3.91514418 -3.63416824 2.63820344 -3.12272244 
3.87417944 15.60872894 -11.43491384 9.38832876 -8.13881909 6.83975791 -6.40546427 5.53638566 -4.73314980 3.91516685 -3.63418946 2.63822292 -3.12273994 
3.88282494 15.60873979 -11.43492941 9.38834786 -8.13884067 6.83978105 -6.40548816 5.53640961 -4.73317321 3.91518923 -3.63421042 2.63824214 -3.12275721 
4.03442353 14.65239955 -10.10605556 7.80608230 -6.40110142 5.02523467 -4.57881210 3.74921405 -3.02567891 2.31717429 -2.16758166 1.31754595 -1.95684777 
3.92313159 13.01999967 -8.03706168 5.54885155 -4.12208361 2.82844641 -2.53071538 1.88730618 -1.36713584 0.86357294 -0.91329500 0.25109849 -1.06527129 
3.77167245 14.48641405 -9.88423526 7.55170819 -6.13177857 4.75377632 -4.31477041 3.49934406 -2.79450965 2.10735773 -1.98056431 1.15373540 -1.81601376 
3.77587421 14.54188701 -9.95807769 7.63606784 -6.22076744 4.84315319 -4.40140644 3.58105709 -2.86986422 2.17554323 -2.04116415 1.20667009 -1.86140440 
3.61719480 15.60999040 -11.43672330 9.39054849 -8.14132701 6.84244765 -6.40824168 5.53916935 -4.73587069 3.91776822 -3.63662521 2.64045763 -3.12474762 
3.78074547 14.49428163 -9.89469039 7.56363296 -6.14433777 4.76637106 -4.32696088 3.51082538 -2.80508297 2.11691263 -1.98904569 1.16113533 -1.82235199 
3.78492988 14.54941963 -9.96812718 7.64757339 -6.23292973 4.85539305 -4.41329404 3.59229025 -2.88024202 2.18494980 -2.04953783 1.21399578 -1.86769524 
3.94924810 12.96075498 -7.96663690 5.47671052 -4.05366181 2.76639288 -2.47623146 1.84060619 -1.32785674 0.83096346 -0.88656534 0.22942867 -1.04796833 
4.19994804 15.60635019 -11.43150213 9.38414396 -8.13409147 6.83468804 -6.40022964 5.53113967 -4.72802261 3.91026526 -3.62960029 2.63401283 -3.11895780 
4.21461784 15.60640314 -11.43157807 9.38423710 -8.13419669 6.83480087 -6.40034612 5.53125640 -4.72813669 3.91037432 -3.62970239 2.63410649 -3.11904194 
4.22918082 15.60645495 -11.43165236 9.38432823 -8.13429962 6.83491125 -6.40046008 5.53137061 -4.72824830 3.91048101 -3.62980228 2.63419813 -3.11912426 
4.24363852 15.60650564 -11.43172506 9.38441739 -8.13440035 6.83501926 -6.40057160 5.53148236 -4.72835752 3.91058542 -3.62990003 2.63428780 -3.11920481 
4.13863310 14.85131741 -10.37533167 8.11871590 -6.73610044 5.36680225 -4.91477422 4.07058863 -3.32609998 2.59253963 -2.41532763 1.53646721 -2.14665004 
4.01629987 15.60889600 -11.43515347 9.38862272 -8.13915120 6.84011409 -6.40583204 5.53675426 -4.73351007 3.91551129 -3.63451196 2.63851879 -3.12300575 
4.02435354 15.60890478 -11.43516605 9.38863816 -8.13916864 6.84013280 -6.40585136 5.53677362 -4.73352900 3.91552938 -3.63452890 2.63853434 -3.12301971 
4.03237491 15.60891345 -11.43517849 9.38865341 -8.13918588 6.84015128 -6.40587045 5.53679275 -4.73354769 3.91554726 -3.63454564 2.63854969 -3.12303351 
4.04036424 15.60892202 -11.43519078 9.38866849 -8.13920291 6.84016955 -6.40588931 5.53681165 -4.73356617 3.91556492 -3.63456218 2.63856487 -3.12304714 
3.91608663 14.65369387 -10.10779555 7.80808899 -6.40323775 5.02739932 -4.58092837 3.75122661 -3.02754966 2.31887984 -2.16910834 1.31888853 -1.95800643 
3.92060864 14.60994912 -10.04907675 7.74046705 -6.33134762 4.95465368 -4.50990082 3.68376449 -2.96491643 2.26184234 -2.11810797 1.27408401 -1.91937720 
4.05624778 15.60893885 -11.43521492 9.38869810 -8.13923637 6.84020543 -6.40592636 5.53684878 -4.73360247 3.91559962 -3.63459467 2.63859467 -3.12307392 
3.93294492 14.66645727 -10.12496217 7.82789635 -6.42433446 5.04878519 -4.60184522 3.77112662 -3.04605487 2.33575740 -2.18422127 1.33218349 -1.96948385 
3.93742674 14.62316447 -10.06679664 7.76085253 -6.35299799 4.97654050 -4.53125069 3.70402426 -2.98370962 2.27894237 -2.13338603 1.28749604 -1.93093250 
4.07200617 15.60895528 -11.43523850 9.38872702 -8.13926904 6.84024047 -6.40596254 5.53688505 -4.73363791 3.91563351 -3.63462640 2.63862378 -3.12310007 
3.94966295 14.67897413 -10.14181220 7.84735507 -6.44507704 5.06982884 -4.62244325 3.79073791 -3.06430468 2.35241333 -2.19914538 1.34532033 -1.98083135 
3.95410528 14.63612688 -10.08419346 7.78088416 -6.37429090 4.99808379 -4.55228233 3.72399754 -3.00225086 2.29582508 -2.14848005 1.30075491 -1.94236275 
3.95797009 14.68514207 -10.15012087 7.85695613 -6.45531784 5.08022441 -4.63262447 3.80043674 -3.07333496 2.36065906 -2.20653727 1.35182990 -1.98645668 
3.96239293 14.64251523 -10.09277313 7.79076972 -6.38480559 5.00872864 -4.56268052 3.73387812 -3.01142808 2.30418574 -2.15595863 1.30732729 -1.94803121 
3.96624302 14.69125070 -10.15835322 7.86647295 -6.46547286 5.09053687 -4.64272808 3.81006511 -3.08230276 2.36885045 -2.21388273 1.35830050 -1.99204989 
3.97064655 14.64884272 -10.10127487 7.80056972 -6.39523365 5.01929003 -4.57300119 3.74368872 -3.02054360 2.31249305 -2.16339189 1.31386186 -1.95366871 
3.97448202 14.69730078 -10.16651014 7.87590645 -6.47554300 5.10076705 -4.65275479 3.81962361 -3.09120854 2.37698782 -2.22118202 1.36473230 -1.99761112 
3.83185284 15.60999040 -11.43672330 9.39054849 -8.14132701 6.84244765 -6.40824168 5.53916935 -4.73587069 3.91776822 -3.63662521 2.64045763 -3.12474762 
3.68495759 14.40890569 -9.78154888 7.43492984 -6.00913629 4.63112238 -4.19636705 3.38811312 -2.69232704 2.01523201 -1.89896964 1.08269247 -1.75528425 
3.67983089 14.45925741 -9.84819224 7.51064805 -6.08858430 4.71050837 -4.27293676 3.45998533 -2.75830023 2.07466729 -1.95157312 1.12846246 -1.79438451 
3.67544117 14.40014069 -9.76997244 7.42180376 -5.99539090 4.61741385 -4.18316924 3.37574712 -2.68099553 2.00504009 -1.88996321 1.07486744 -1.74860882 
3.32426370 13.97006395 -9.21085348 6.79736513 -5.35100707 3.98371254 -3.58128753 2.81911249 -2.17727450 1.55728841 -1.49867375 0.73842465 -1.46442755 
3.30553348 14.15477184 -9.44884609 7.06086821 -5.62062575 4.24668946 -3.82906142 3.04647417 -2.38146880 1.73749140 -1.65507598 0.87203821 -1.57658746 
3.28991896 13.92915552 -9.15857738 6.73994524 -5.29271014 3.92727631 -3.52849999 2.77101467 -2.13437118 1.51966878 -1.46622120 0.71085810 -1.44141318 
3.05605378 15.59859207 -11.42037869 9.37050413 -8.11868687 6.81817279 -6.38318217 5.51405949 -4.71133318 3.89431376 -3.61466865 2.62031732 -3.10665672 
2.81345193 13.18318087 -8.23271099 5.75093944 -4.31531434 3.00505759 -2.68695254 2.02219723 -1.48138448 0.95903071 -0.99200441 0.31524616 -1.11675002 
2.77199290 13.57842981 -8.71682010 6.26140773 -4.81337096 3.46918795 -3.10534353 2.39006680 -1.79847124 1.22830774 -1.21742396 0.50150178 -1.26819380 
2.96260379 15.59747997 -11.41878463 9.36854998 -8.11648044 6.81580786 -6.38074158 5.51161476 -4.70894487 3.89203150 -3.61253270 2.61835854 -3.10489767 
3.16301597 13.99540834 -9.24331940 6.83310918 -5.38738002 4.01900189 -3.61436571 2.84931412 -2.20426793 1.58100180 -1.51916627 0.75586054 -1.47900713 
3.14638790 13.74936435 -8.93068487 6.49157876 -5.04246254 3.68677910 -3.30513792 2.56888392 -1.95525307 1.36357753 -1.33235144 0.59775743 -1.34747665 
3.12575683 13.95153596 -9.18715746 6.77131690 -5.32454058 3.95807183 -3.55728730 2.79722928 -2.15774158 1.54015025 -1.48388074 0.72585188 -1.45392541 
2.92857789 10.62097588 -5.44121725 3.11208901 -1.99328387 1.03710895 -1.06353054 0.70803010 -0.43226081 0.12555821 -0.33404859 -0.20257644 -0.71449448 
2.60066340 13.32789446 -8.40827771 5.93435962 -4.49265457 3.16887565 -2.83337002 2.14987023 -1.59055353 1.05104824 -1.06849670 0.37804492 -1.16749880 
2.34805745 8.66711334 -3.70963745 1.76904783 -1.01874317 0.34473267 -0.57969812 0.37252643 -0.20063785 -0.03984420 -0.21365498 -0.29415748 -0.64626927 
0.90993700 7.82906513 -3.07106641 1.34034976 -0.74867666 0.17451386 -0.47272418 0.30482132 -0.15776084 -0.06990671 -0.19167277 -0.31217155 -0.63249971 
0.17182542 -13.33520969 -7.45101187 -5.00864437 -3.56458589 -2.67970418 -1.99034207 -1.12101417 -1.05675435 -0.87488345 -0.68827548 -0.78055108 -0.85321697 
1.90899424 6.26314371 -2.04453028 0.73870331 -0.41513532 -0.01781678 -0.35975357 0.23659375 -0.11694711 -0.09995761 -0.16888211 -0.33317275 -0.61605219 
