9.52278207 0.01503305 -0.09827910 -0.01892417 -0.12483738 -0.19309178 -0.26049165 0.17279167 -0.09240516 -0.13588591 -0.14693358 -0.36958133 -0.58882818 
2.23938728 8.82061553 -3.83335883 1.85651996 -1.07662489 0.38265364 -0.60430920 0.38850755 -0.21101134 -0.03259865 -0.21890507 -0.29000379 -0.64940847 
2.95433277 13.65361655 -8.81055421 6.36194025 -4.91309381 3.56359654 -3.19175606 2.46716907 -1.86587202 1.28629877 -1.26656508 0.54255942 -1.30193323 
3.55892951 12.22184959 -7.11535840 4.63038112 -3.27385875 2.07821557 -1.88758780 1.34847750 -0.92359565 0.50239305 -0.62235633 0.01875027 -0.88235060 
3.70940165 14.53884670 -9.95402304 7.63142739 -6.21586383 4.83821997 -4.39661677 3.57653252 -2.86568545 2.17175664 -2.03779427 1.20372271 -1.85887400 
3.72450082 14.39082042 -9.75767058 7.40786387 -5.98080212 4.60287268 -4.16917772 3.36264460 -2.66899543 1.99425221 -1.88043463 1.06659244 -1.74155253 
3.73735463 14.56201177 -9.98493874 7.66683397 -6.25330331 4.87590971 -4.43323260 3.61114249 -2.89766879 2.20075430 -2.06361422 1.22631652 -1.87828047 
3.75223144 14.41637672 -9.79142204 7.44613088 -6.02087221 4.64283295 -4.20764704 3.39868737 -2.70202125 2.02395519 -1.90668146 1.08939538 -1.76100460 
3.76492432 14.58445320 -10.01493722 7.70124354 -6.28974352 4.91264676 -4.46897310 3.64497101 -2.92897090 2.22916951 -2.08894535 1.24850717 -1.89736082 
3.61555817 15.60835682 -11.43438009 9.38767403 -8.13807939 6.83896462 -6.40464515 5.53556473 -4.73234742 3.91439974 -3.63347122 2.63756398 -3.12214795 
3.62539420 15.60837280 -11.43440301 9.38770215 -8.13811116 6.83899869 -6.40468033 5.53559998 -4.73238188 3.91443268 -3.63350206 2.63759227 -3.12217337 
3.63518208 15.60838855 -11.43442560 9.38772986 -8.13814246 6.83903226 -6.40471499 5.53563472 -4.73241583 3.91446514 -3.63353245 2.63762016 -3.12219842 
3.80657207 14.46519097 -9.85606146 7.51960612 -6.09800130 4.71993501 -4.28204490 3.46854915 -2.76617396 2.08177168 -1.95787008 1.13394895 -1.79907766 
3.81895469 14.62728246 -10.07232165 7.76721241 -6.35975635 4.98337641 -4.53792244 3.71035862 -2.98958833 2.28429395 -2.13816953 1.29169706 -1.93455339 
3.67386155 15.60844929 -11.43451273 9.38783674 -8.13826321 6.83916175 -6.40484870 5.53576873 -4.73254681 3.91459036 -3.63364970 2.63772772 -3.12229506 
3.84200058 14.49612856 -9.89714560 7.56643422 -6.14728902 4.76933158 -4.32982723 3.51352578 -2.80757050 2.11916116 -1.99104210 1.16287759 -1.82384462 
3.85418453 14.65440192 -10.10874746 7.80918688 -6.40440664 5.02858379 -4.58208643 3.75232798 -3.02857348 2.31981331 -2.16994396 1.31962341 -1.95864067 
3.71180714 15.60850665 -11.43459500 9.38793765 -8.13837722 6.83928402 -6.40497495 5.53589526 -4.73267048 3.91470860 -3.63376040 2.63782928 -3.12238630 
3.87681589 14.52585981 -9.93671323 7.61162759 -6.19495229 4.81719290 -4.37621163 3.55726601 -2.84789962 2.15564701 -2.02346343 1.19119351 -1.84812137 
3.88880735 14.68044497 -10.14379321 7.84964385 -6.44751795 5.07230628 -4.62486925 3.79304865 -3.06645586 2.35437736 -2.20090583 1.34687047 -1.98217078 
3.74904618 15.60856086 -11.43467276 9.38803304 -8.13848498 6.83939960 -6.40509428 5.53601486 -4.73278737 3.91482035 -3.63386503 2.63792528 -3.12247254 
3.91103874 14.55444656 -9.97483675 7.65525839 -6.24105678 4.86357520 -4.42124378 3.59980517 -2.88718720 2.19124716 -2.05514552 1.21890316 -1.87191062 
3.92284363 14.70546743 -10.17752623 7.88865269 -6.48915577 5.11460235 -4.66632078 3.83256153 -3.10326780 2.38801080 -2.23107330 1.37345102 -2.00515217 
3.93632899 14.57517050 -10.00252281 7.68699730 -6.27464999 4.89742392 -4.45415721 3.63094223 -2.91598494 2.21737701 -2.07842921 1.23929186 -1.88943474 
3.94799767 14.72359605 -10.20200273 7.91699854 -6.51945473 5.14542206 -4.69656474 3.86142753 -3.13019342 2.41263996 -2.25318862 1.39295695 -2.02203351 
3.81259129 15.60864884 -11.43479895 9.38818783 -8.13865987 6.83958715 -6.40528794 5.53620894 -4.73297708 3.91500172 -3.63403485 2.63808107 -3.12261250 
3.82150657 15.60866074 -11.43481602 9.38820877 -8.13868353 6.83961252 -6.40531414 5.53623520 -4.73300274 3.91502626 -3.63405782 2.63810215 -3.12263144 
3.83038228 15.60867249 -11.43483286 9.38822943 -8.13870687 6.83963756 -6.40534000 5.53626111 -4.73302807 3.91505047 -3.63408049 2.63812295 -3.12265012 
3.83921877 15.60868408 -11.43484949 9.38824983 -8.13872991 6.83966227 -6.40536551 5.53628668 -4.73305306 3.91507436 -3.63410286 2.63814347 -3.12266856 
3.70192241 14.47871220 -9.87400607 7.54004734 -6.11950369 4.74147285 -4.30286762 3.48813891 -2.78419530 2.09804082 -1.97229753 1.14652546 -1.80984050 
3.53678196 15.60999040 -11.43672330 9.39054849 -8.14132701 6.84244765 -6.40824168 5.53916935 -4.73587069 3.91776822 -3.63662521 2.64045763 -3.12474762 
3.53678196 15.60999040 -11.43672330 9.39054849 -8.14132701 6.84244765 -6.40824168 5.53916935 -4.73587069 3.91776822 -3.63662521 2.64045763 -3.12474762 
3.53678196 15.60999040 -11.43672330 9.39054849 -8.14132701 6.84244765 -6.40824168 5.53916935 -4.73587069 3.91776822 -3.63662521 2.64045763 -3.12474762 
3.53678196 15.60999040 -11.43672330 9.39054849 -8.14132701 6.84244765 -6.40824168 5.53916935 -4.73587069 3.91776822 -3.63662521 2.64045763 -3.12474762 
3.53678196 15.60999040 -11.43672330 9.39054849 -8.14132701 6.84244765 -6.40824168 5.53916935 -4.73587069 3.91776822 -3.63662521 2.64045763 -3.12474762 
3.53678196 15.60999040 -11.43672330 9.39054849 -8.14132701 6.84244765 -6.40824168 5.53916935 -4.73587069 3.91776822 -3.63662521 2.64045763 -3.12474762 
3.53678196 15.60999040 -11.43672330 9.39054849 -8.14132701 6.84244765 -6.40824168 5.53916935 -4.73587069 3.91776822 -3.63662521 2.64045763 -3.12474762 
3.53678196 15.60999040 -11.43672330 9.39054849 -8.14132701 6.84244765 -6.40824168 5.53916935 -4.73587069 3.91776822 -3.63662521 2.64045763 -3.12474762 
3.53678196 15.60999040 -11.43672330 9.39054849 -8.14132701 6.84244765 -6.40824168 5.53916935 -4.73587069 3.91776822 -3.63662521 2.64045763 -3.12474762 
3.87348376 12.82814988 -7.81017898 5.31758734 -3.90379633 2.63138084 -2.35845133 1.74027775 -1.24397085 0.76169804 -0.83007093 0.18382943 -1.01170984 
4.25958652 14.77333524 -10.26931887 7.99513471 -6.60316006 5.23074749 -4.78046888 3.94166835 -3.20518374 2.48135896 -2.31500006 1.44756388 -2.06936619 
4.38834796 15.60321314 -11.42700362 9.37862702 -8.12785989 6.82800634 -6.39333178 5.52422779 -4.72126812 3.90380876 -3.62355601 2.62846843 -3.11397749 
4.29742256 14.98087788 -10.55273972 8.32695917 -6.96161966 5.59909226 -5.14550580 4.29339917 -3.53628310 2.78685703 -2.59158708 1.69342086 -2.28372660 
4.06924856 14.80676334 -10.31469192 8.04794801 -6.65989085 5.28872659 -4.83762547 3.99646193 -3.25651123 2.52849786 -2.35748948 1.48517502 -2.10202848 
3.80291979 14.56425413 -9.98793406 7.67026737 -6.25693690 4.87957053 -4.43679190 3.61450936 -2.90078240 2.20357920 -2.06613121 1.22852037 -1.88017453 
3.64653518 15.60999040 -11.43672330 9.39054849 -8.14132701 6.84244765 -6.40824168 5.53916935 -4.73587069 3.91776822 -3.63662521 2.64045763 -3.12474762 
3.48552020 14.21407763 -9.52594168 7.14695941 -5.70944954 4.33401865 -3.91198023 3.12313239 -2.45081257 1.79910402 -1.70889488 0.91829173 -1.61563735 
3.47981535 14.27039951 -9.59946541 7.22939354 -5.79483458 4.41828430 -3.99228367 3.19763622 -2.51843804 1.85938415 -1.76171115 0.96381391 -1.65417541 
3.63680280 15.60999040 -11.43672330 9.39054849 -8.14132701 6.84244765 -6.40824168 5.53916935 -4.73587069 3.91776822 -3.63662521 2.64045763 -3.12474762 
3.63680280 15.60999040 -11.43672330 9.39054849 -8.14132701 6.84244765 -6.40824168 5.53916935 -4.73587069 3.91776822 -3.63662521 2.64045763 -3.12474762 
3.47501069 14.20314453 -9.51170407 7.13103371 -5.69299137 4.31781188 -3.89656841 3.10886313 -2.43788644 1.78760357 -1.69883639 0.90963685 -1.60832207 
3.27606686 15.60769695 -11.43343365 9.38651309 -8.13676783 6.83755807 -6.40319286 5.53410925 -4.73092487 3.91303975 -3.63219788 2.63639581 -3.12109851 
3.26434818 15.60766994 -11.43339490 9.38646557 -8.13671414 6.83750049 -6.40313341 5.53404967 -4.73086663 3.91298408 -3.63214576 2.63634799 -3.12105555 
3.25256043 15.60764244 -11.43335547 9.38641720 -8.13665949 6.83744189 -6.40307290 5.53398903 -4.73080737 3.91292743 -3.63209272 2.63629933 -3.12101183 
3.24070279 15.60761446 -11.43331533 9.38636796 -8.13660387 6.83738224 -6.40301131 5.53392731 -4.73074705 3.91286976 -3.63203872 2.63624979 -3.12096734 
3.22877443 15.60758597 -11.43327447 9.38631785 -8.13654725 6.83732152 -6.40294862 5.53386448 -4.73068564 3.91281105 -3.63198376 2.63619937 -3.12092204 
3.41572104 14.20484343 -9.51391573 7.13350680 -5.69554635 4.32032707 -3.89895953 3.11107635 -2.43989079 1.78938639 -1.70039529 0.91097791 -1.60945531 
3.57739250 15.60999040 -11.43672330 9.39054849 -8.14132701 6.84244765 -6.40824168 5.53916935 -4.73587069 3.91776822 -3.63662521 2.64045763 -3.12474762 
3.57739250 15.60999040 -11.43672330 9.39054849 -8.14132701 6.84244765 -6.40824168 5.53916935 -4.73587069 3.91776822 -3.63662521 2.64045763 -3.12474762 
3.57739250 15.60999040 -11.43672330 9.39054849 -8.14132701 6.84244765 -6.40824168 5.53916935 -4.73587069 3.91776822 -3.63662521 2.64045763 -3.12474762 
3.74420525 14.46231880 -9.85225190 7.51526899 -6.09344150 4.71537009 -4.27763380 3.46440128 -2.76236000 2.07833009 -1.95481939 1.13129072 -1.79680364 
3.74845993 14.51881477 -9.92732981 7.60090172 -6.18363171 4.80581705 -4.36517909 3.54685534 -2.83829457 2.14695193 -2.01573245 1.18443776 -1.84232625 
3.75340272 14.47043376 -9.86301733 7.52752751 -6.10633161 4.72827684 -4.29010768 3.47613263 -2.77314861 2.08806676 -1.96345135 1.13881319 -1.80323961 
3.75763961 14.52658568 -9.93768029 7.61273330 -6.19611961 4.81836621 -4.37734980 3.55834028 -2.84889098 2.15654464 -2.02426169 1.19189121 -1.84871997 
3.76255832 14.47846513 -9.87367801 7.53967348 -6.11911024 4.74107858 -4.30248628 3.48778002 -2.78386501 2.09774254 -1.97203293 1.14629472 -1.80964298 
3.76677758 14.53427605 -9.94792915 7.62445490 -6.20849779 4.83081124 -4.38942531 3.56974064 -2.85941403 2.16607496 -2.03273885 1.19930194 -1.85507933 
3.60731824 15.60999040 -11.43672330 9.39054849 -8.14132701 6.84244765 -6.40824168 5.53916935 -4.73587069 3.91776822 -3.63662521 2.64045763 -3.12474762 
3.44314939 14.16957809 -9.46806268 7.08229365 -5.64269774 4.26835840 -3.84960686 3.06544232 -2.39860436 1.75269746 -1.66834278 0.88342740 -1.58619263 
3.43731310 14.22720992 -9.54305807 7.16612129 -5.72926828 4.35354999 -3.93056770 3.14035459 -2.46642478 1.81300362 -1.72105946 0.92876504 -1.62449468 
3.43241607 14.15812682 -9.45319862 7.06571909 -5.62562107 4.25159172 -3.83370781 3.05076235 -2.38534135 1.74092679 -1.65807234 0.87460977 -1.57875562 
3.22877443 15.60758597 -11.43327447 9.38631785 -8.13654725 6.83732152 -6.40294862 5.53386448 -4.73068564 3.91281105 -3.63198376 2.63619937 -3.12092204 
3.41572104 14.20484343 -9.51391573 7.13350680 -5.69554635 4.32032707 -3.89895953 3.11107635 -2.43989079 1.78938639 -1.70039529 0.91097791 -1.60945531 
3.41077652 14.13481802 -9.42298132 7.03206544 -5.59098893 4.21762693 -3.80153615 3.02108922 -2.35856000 1.71718196 -1.63737297 0.85685379 -1.56379213 
3.40483766 14.19346003 -9.49910187 7.11694745 -5.67844433 4.30349669 -3.88296428 3.09627550 -2.42649059 1.77747047 -1.68997864 0.90201906 -1.60188650 
3.73496556 14.45411907 -9.84138035 7.50289656 -6.08043870 4.70235732 -4.26506383 3.45258536 -2.75149875 2.06853225 -1.94613689 1.12372721 -1.79033503 
3.73923817 14.51096221 -9.91687639 7.58895885 -6.17103289 4.79316274 -4.35291233 3.53528517 -2.82762433 2.13729650 -2.00715091 1.17694146 -1.83589812 
3.74420525 14.46231880 -9.85225190 7.51526899 -6.09344150 4.71537009 -4.27763380 3.46440128 -2.76236000 2.07833009 -1.95481939 1.13129072 -1.79680364 
3.74845993 14.51881477 -9.92732981 7.60090172 -6.18363171 4.80581705 -4.36517909 3.54685534 -2.83829457 2.14695193 -2.01573245 1.18443776 -1.84232625 
3.58741758 15.60999040 -11.43672330 9.39054849 -8.14132701 6.84244765 -6.40824168 5.53916935 -4.73587069 3.91776822 -3.63662521 2.64045763 -3.12474762 
3.58741758 15.60999040 -11.43672330 9.39054849 -8.14132701 6.84244765 -6.40824168 5.53916935 -4.73587069 3.91776822 -3.63662521 2.64045763 -3.12474762 
3.58741758 15.60999040 -11.43672330 9.39054849 -8.14132701 6.84244765 -6.40824168 5.53916935 -4.73587069 3.91776822 -3.63662521 2.64045763 -3.12474762 
3.58741758 15.60999040 -11.43672330 9.39054849 -8.14132701 6.84244765 -6.40824168 5.53916935 -4.73587069 3.91776822 -3.63662521 2.64045763 -3.12474762 
3.58741758 15.60999040 -11.43672330 9.39054849 -8.14132701 6.84244765 -6.40824168 5.53916935 -4.73587069 3.91776822 -3.63662521 2.64045763 -3.12474762 
3.58741758 15.60999040 -11.43672330 9.39054849 -8.14132701 6.84244765 -6.40824168 5.53916935 -4.73587069 3.91776822 -3.63662521 2.64045763 -3.12474762 
3.58741758 15.60999040 -11.43672330 9.39054849 -8.14132701 6.84244765 -6.40824168 5.53916935 -4.73587069 3.91776822 -3.63662521 2.64045763 -3.12474762 
3.58741758 15.60999040 -11.43672330 9.39054849 -8.14132701 6.84244765 -6.40824168 5.53916935 -4.73587069 3.91776822 -3.63662521 2.64045763 -3.12474762 
3.42162532 14.14654085 -9.43817228 7.04897708 -5.60838540 4.23468169 -3.81768456 3.03597818 -2.37199333 1.72908832 -1.64774905 0.86575184 -1.57128871 
3.41572104 14.20484343 -9.51391573 7.13350680 -5.69554635 4.32032707 -3.89895953 3.11107635 -2.43989079 1.78938639 -1.70039529 0.91097791 -1.60945531 
3.57739250 15.60999040 -11.43672330 9.39054849 -8.14132701 6.84244765 -6.40824168 5.53916935 -4.73587069 3.91776822 -3.63662521 2.64045763 -3.12474762 
3.41077652 14.13481802 -9.42298132 7.03206544 -5.59098893 4.21762693 -3.80153615 3.02108922 -2.35856000 1.71718196 -1.63737297 0.85685379 -1.56379213 
3.40483766 14.19346003 -9.49910187 7.11694745 -5.67844433 4.30349669 -3.88296428 3.09627550 -2.42649059 1.77747047 -1.68997864 0.90201906 -1.60188650 
3.56731691 15.60999040 -11.43672330 9.39054849 -8.14132701 6.84244765 -6.40824168 5.53916935 -4.73587069 3.91776822 -3.63662521 2.64045763 -3.12474762 
3.56731691 15.60999040 -11.43672330 9.39054849 -8.14132701 6.84244765 -6.40824168 5.53916935 -4.73587069 3.91776822 -3.63662521 2.64045763 -3.12474762 
3.56731691 15.60999040 -11.43672330 9.39054849 -8.14132701 6.84244765 -6.40824168 5.53916935 -4.73587069 3.91776822 -3.63662521 2.64045763 -3.12474762 
3.56731691 15.60999040 -11.43672330 9.39054849 -8.14132701 6.84244765 -6.40824168 5.53916935 -4.73587069 3.91776822 -3.63662521 2.64045763 -3.12474762 
3.56731691 15.60999040 -11.43672330 9.39054849 -8.14132701 6.84244765 -6.40824168 5.53916935 -4.73587069 3.91776822 -3.63662521 2.64045763 -3.12474762 
3.56731691 15.60999040 -11.43672330 9.39054849 -8.14132701 6.84244765 -6.40824168 5.53916935 -4.73587069 3.91776822 -3.63662521 2.64045763 -3.12474762 
3.56731691 15.60999040 -11.43672330 9.39054849 -8.14132701 6.84244765 -6.40824168 5.53916935 -4.73587069 3.91776822 -3.63662521 2.64045763 -3.12474762 
3.56731691 15.60999040 -11.43672330 9.39054849 -8.14132701 6.84244765 -6.40824168 5.53916935 -4.73587069 3.91776822 -3.63662521 2.64045763 -3.12474762 
3.56731691 15.60999040 -11.43672330 9.39054849 -8.14132701 6.84244765 -6.40824168 5.53916935 -4.73587069 3.91776822 -3.63662521 2.64045763 -3.12474762 
3.56731691 15.60999040 -11.43672330 9.39054849 -8.14132701 6.84244765 -6.40824168 5.53916935 -4.73587069 3.91776822 -3.63662521 2.64045763 -3.12474762 
3.56731691 15.60999040 -11.43672330 9.39054849 -8.14132701 6.84244765 -6.40824168 5.53916935 -4.73587069 3.91776822 -3.63662521 2.64045763 -3.12474762 
3.39986905 14.12295615 -9.40762334 7.01498199 -5.57342985 4.20042607 -3.78526163 3.00609489 -2.34504105 1.70520764 -1.62694422 0.84791579 -1.55626612 
3.39389519 14.18194030 -9.48412305 7.10021708 -5.66117913 4.28651844 -3.86684020 3.08136592 -2.41300111 1.76548282 -1.67950563 0.89301687 -1.59428521 
3.38890227 14.11095298 -9.39209592 6.99772450 -5.55570632 4.18307772 -3.76886002 2.99099458 -2.33143622 1.69316531 -1.61646287 0.83893805 -1.54871094 
3.38289302 14.17028204 -9.46897683 7.08331343 -5.64374885 4.26939084 -3.85058625 3.06634695 -2.39942197 1.75342332 -1.66897633 0.88397149 -1.58665166 
3.37787555 14.09880624 -9.37639657 6.98029069 -5.53781649 4.16558046 -3.75233037 2.97578772 -2.31774523 1.68105493 -1.60592906 0.82992079 -1.54112687 
3.37183048 14.15848300 -9.45366075 7.06623421 -5.62615159 4.25211242 -3.83420139 3.05121792 -2.38575282 1.74129185 -1.65839078 0.87488309 -1.57898608 
3.53678196 15.60999040 -11.43672330 9.39054849 -8.14132701 6.84244765 -6.40824168 5.53916935 -4.73587069 3.91776822 -3.63662521 2.64045763 -3.12474762 
3.53678196 15.60999040 -11.43672330 9.39054849 -8.14132701 6.84244765 -6.40824168 5.53916935 -4.73587069 3.91776822 -3.63662521 2.64045763 -3.12474762 
3.53678196 15.60999040 -11.43672330 9.39054849 -8.14132701 6.84244765 -6.40824168 5.53916935 -4.73587069 3.91776822 -3.63662521 2.64045763 -3.12474762 
3.70698914 14.42899933 -9.80811517 7.46508224 -6.04074191 4.66267254 -4.22676916 3.41662396 -2.71847471 2.03876876 -1.91978441 1.10078975 -1.77073329 
3.71131644 14.48690305 -9.88488492 7.55244898 -6.13255858 4.75455836 -4.31552717 3.50005664 -2.79516574 2.10795050 -1.98109038 1.15419431 -1.81640676 
3.54701216 15.60999040 -11.43672330 9.39054849 -8.14132701 6.84244765 -6.40824168 5.53916935 -4.73587069 3.91776822 -3.63662521 2.64045763 -3.12474762 
3.71635789 14.43746055 -9.81931339 7.47780457 -6.05409014 4.67600958 -4.23963234 3.42869732 -2.72955654 2.04875187 -1.92861957 1.10847680 -1.77729987 
3.72066681 14.49500753 -9.89565532 7.56473385 -6.14549757 4.76753446 -4.32808723 3.51188648 -2.80606040 2.11779612 -1.98983009 1.16181986 -1.82293842 
3.55719030 15.60999040 -11.43672330 9.39054849 -8.14132701 6.84244765 -6.40824168 5.53916935 -4.73587069 3.91776822 -3.63662521 2.64045763 -3.12474762 
3.72568323 14.44583339 -9.83040131 7.49040888 -6.06732199 4.68923750 -4.25239695 3.44068425 -2.74056441 2.05867294 -1.93740367 1.11612260 -1.78383378 
3.87417944 15.60872894 -11.43491384 9.38832876 -8.13881909 6.83975791 -6.40546427 5.53638566 -4.73314980 3.91516685 -3.63418946 2.63822292 -3.12273994 
3.73923817 14.51096221 -9.91687639 7.58895885 -6.17103289 4.79316274 -4.35291233 3.53528517 -2.82762433 2.13729650 -2.00715091 1.17694146 -1.83589812 
3.74420525 14.46231880 -9.85225190 7.51526899 -6.09344150 4.71537009 -4.27763380 3.46440128 -2.76236000 2.07833009 -1.95481939 1.13129072 -1.79680364 
3.89143324 15.60875051 -11.43494478 9.38836672 -8.13886197 6.83980390 -6.40551175 5.53643325 -4.73319631 3.91521132 -3.63423110 2.63826112 -3.12277425 
3.75763961 14.52658568 -9.93768029 7.61273330 -6.19611961 4.81836621 -4.37734980 3.55834028 -2.84889098 2.15654464 -2.02426169 1.19189121 -1.84871997 
3.92430441 12.91765049 -7.91560134 5.42463125 -4.00445204 2.72192239 -2.43732039 1.80736505 -1.29998682 0.80789327 -0.86770558 0.21417532 -1.03581631 
4.05349859 14.79634708 -10.30054220 8.03146534 -6.64217234 5.27060524 -4.81974883 3.97931293 -3.24043673 2.51372616 -2.34416709 1.47337580 -2.09177649 
3.92550062 15.60879202 -11.43500432 9.38843976 -8.13894449 6.83989240 -6.40560313 5.53652484 -4.73328583 3.91529691 -3.63431123 2.63833464 -3.12284030 
3.79394495 14.55687499 -9.97807889 7.65897282 -6.24498584 4.86753183 -4.42508892 3.60344080 -2.89054792 2.19429501 -2.05786010 1.22127916 -1.87395193 
3.79876966 14.50977722 -9.91529942 7.58715774 -6.16913342 4.79125546 -4.35106398 3.53354225 -2.82601739 2.13584276 -2.00585916 1.17581332 -1.83493093 
3.80291979 14.56425413 -9.98793406 7.67026737 -6.25693690 4.87957053 -4.43679190 3.61450936 -2.90078240 2.20357920 -2.06613121 1.22852037 -1.88017453 
3.80772155 14.51740737 -9.92545583 7.59876025 -6.18137215 4.80354707 -4.36297819 3.54477902 -2.83637939 2.14521860 -2.01419164 1.18309159 -1.84117173 
3.95067567 15.60882180 -11.43504704 9.38849216 -8.13900369 6.83995589 -6.40566870 5.53659055 -4.73335006 3.91535831 -3.63436872 2.63838738 -3.12288769 
3.68577488 12.53612917 -7.47132386 4.97844199 -3.58933273 2.35225833 -2.11841220 1.53859384 -1.07753526 0.62589031 -0.72049222 0.09621035 -0.94265592 
3.12144360 13.71662863 -8.88951646 6.44705173 -4.99793044 3.64428703 -3.26594672 2.53365610 -1.92423816 1.33671445 -1.30944510 0.57850825 -1.33157093 
2.25764007 4.72723321 -1.24789882 0.35866558 -0.24174713 -0.10920538 -0.30871158 0.20617892 -0.10047113 -0.11451474 -0.15745738 -0.34615629 -0.60579271 
0.98269458 10.02125771 -4.87345747 2.64454441 -1.63467055 0.77016437 -0.86922815 0.56847792 -0.33285586 0.05348194 -0.28121990 -0.24233595 -0.68497481 
2.63630533 7.15397651 -2.60192781 1.05118071 -0.58086110 0.07500600 -0.41315377 0.26844867 -0.13560737 -0.08581154 -0.17976985 -0.32266246 -0.62433556 
3.75852955 10.81102753 -5.62787276 3.27124577 -2.11953035 1.13396674 -1.13602858 0.76144696 -0.47121437 0.15425082 -0.35530133 -0.18656394 -0.72641501 
4.25958652 14.77333524 -10.26931887 7.99513471 -6.60316006 5.23074749 -4.78046888 3.94166835 -3.20518374 2.48135896 -2.31500006 1.44756388 -2.06936619 
4.38834796 15.60321314 -11.42700362 9.37862702 -8.12785989 6.82800634 -6.39333178 5.52422779 -4.72126812 3.90380876 -3.62355601 2.62846843 -3.11397749 
3.98272105 9.86005011 -4.72633067 2.52756728 -1.54796911 0.70758228 -0.82495640 0.53749731 -0.31131167 0.03808675 -0.27003252 -0.25078083 -0.67870574 
2.71699277 7.06375720 -2.54228621 1.01608099 -0.56138223 0.06380355 -0.40659732 0.26450364 -0.13325222 -0.08754181 -0.17845559 -0.32387356 -0.62338577 
2.66580717 7.28015206 -2.68654637 1.10163714 -0.60921552 0.09144662 -0.42283193 0.27429242 -0.13911496 -0.08325328 -0.18170507 -0.32090155 -0.62571394 
4.27661042 7.90817966 -3.12868709 1.37741561 -0.77107442 0.18818005 -0.48108585 0.31000475 -0.16097448 -0.06763458 -0.19335229 -0.31074555 -0.63360057 
5.32708348 11.10992490 -5.92800010 3.53264380 -2.33120239 1.29946755 -1.26212917 0.85590872 -0.54116734 0.20636423 -0.39422600 -0.15714056 -0.74839825 
5.81356504 14.75878353 -10.24960052 7.97221988 -6.57858386 5.20566811 -4.75578107 3.91803426 -3.18307440 2.46107970 -2.29674312 1.43142147 -2.05536301 
5.79925782 14.57788703 -10.00615498 7.69116448 -6.27906406 4.90187487 -4.45848830 3.63504243 -2.91977964 2.22082234 -2.08150112 1.24198335 -1.89174934 
5.25924274 10.45798743 -5.28372447 2.97987049 -1.88997775 0.95893279 -1.00576164 0.66596701 -0.40192135 0.10338149 -0.31771004 -0.21487084 -0.70535815 
4.34128938 12.28851158 -7.19010899 4.70276559 -3.33884482 2.13415840 -1.93429797 1.38662808 -0.95423991 0.52680289 -0.64163053 0.03388371 -0.89407398 
3.66922539 12.44499314 -7.36717075 4.87572370 -3.49545243 2.27006442 -2.04865831 1.48072852 -1.03036181 0.58781794 -0.69007652 0.07209612 -0.92380371 
3.83797092 11.07615382 -5.89368700 3.50242016 -2.30646007 1.27992821 -1.24710157 0.84455328 -0.53269007 0.20001026 -0.38945809 -0.16075257 -0.74569352 
4.07080092 14.76559242 -10.25882443 7.98293625 -6.59007429 5.21739097 -4.76731820 3.92907646 -3.19340197 2.47055047 -2.30526776 1.43895739 -2.06189910 
3.79577682 14.50721653 -9.91189216 7.58326670 -6.16503042 4.78713607 -4.34707232 3.52977871 -2.82254786 2.13270430 -2.00307069 1.17337824 -1.83284346 
2.96119409 -2.83325385 -0.34866856 -0.10036464 -0.14042820 -0.22167664 -0.25539124 0.16106571 -0.09981396 -0.14796364 -0.15068135 -0.37995413 -0.58414032 
2.61061724 2.93838999 -0.58180271 0.11359195 -0.15428978 -0.15740489 -0.28082236 0.18842124 -0.09305485 -0.12447346 -0.15043108 -0.35688468 -0.59754664 
3.53666507 13.52350608 -8.64868041 6.18866877 -4.74154820 3.40149148 -3.04364491 2.33524281 -1.75073585 1.18738905 -1.18287055 0.47272480 -1.24461857 
3.23103029 7.74995457 -3.01400313 1.30396934 -0.72688079 0.16129882 -0.46467881 0.29985207 -0.15469221 -0.07208213 -0.19006063 -0.31355097 -0.63143282 
2.77074906 -10.92282437 -4.95354911 -2.76322868 -1.68730596 -1.17085120 -0.81224978 -0.21071326 -0.35877001 -0.34255304 -0.28690110 -0.48110262 -0.63472827 
3.92898495 9.59171046 -4.48657798 2.34074533 -1.41216872 0.61122138 -0.75783947 0.49117692 -0.27950643 0.01550653 -0.25367327 -0.26318229 -0.66948604 
4.59304361 13.78999439 -8.98192047 6.54714000 -5.09817264 3.74006806 -3.35440481 2.61327093 -1.99441889 1.39757130 -1.36139520 0.62220864 -1.36771609 
4.70543163 15.21885339 -10.88274909 8.71903730 -7.39121375 6.04656613 -5.59480698 4.73181508 -3.95400352 3.17671925 -2.94841121 2.01386537 -2.56585382 
4.33959334 12.32725201 -7.23373630 4.74518626 -3.37708293 2.16720060 -1.96198775 1.40932267 -0.97252966 0.54141417 -0.65319748 0.04298486 -0.90113835 
3.34386757 5.34559486 -1.54362854 0.48979842 -0.29739136 -0.08034261 -0.32479837 0.21586957 -0.10546438 -0.10966040 -0.16124983 -0.34149802 -0.60946138 
1.45459870 -15.37559844 -9.97577707 -7.69912202 -6.21728109 -5.17536185 -4.26113348 -3.14049235 -2.81882737 -2.38679543 -1.96406288 -1.83995606 -1.71779459 
2.71761940 6.46601641 -2.16530551 0.80337938 -0.44794260 0.00010317 -0.36990249 0.24260748 -0.12039855 -0.09724303 -0.17099748 -0.33103221 -0.61774546 
2.96485570 11.70970635 -6.55455713 4.09953473 -2.80765469 1.68508507 -1.56573399 1.09046236 -0.71995953 0.34262760 -0.49785553 -0.07799691 -0.80812812 
2.71769563 -14.70573222 -9.10457814 -6.72664606 -5.21540799 -4.19316455 -3.33194286 -2.28397568 -2.04632855 -1.70338834 -1.37058472 -1.33368812 -1.29384670 
4.43108326 6.05687259 -1.92545554 0.67665798 -0.38446994 -0.03436213 -0.35044412 0.23108468 -0.11382402 -0.10247535 -0.16690983 -0.33522443 -0.61442763 
5.42693780 12.12346496 -7.00577587 4.52495231 -3.17980158 1.99772833 -1.82076739 1.29419922 -0.88022233 0.46800026 -0.59530788 -0.00241869 -0.86600154 
5.51322422 13.53426671 -8.66200819 6.20287338 -4.75555199 3.41467094 -3.05563919 2.34588565 -1.75999003 1.19531166 -1.18955278 0.47828386 -1.24916801 
4.78965972 8.90044938 -3.89853225 1.90315393 -1.10784148 0.40329999 -0.61781888 0.39733991 -0.21678110 -0.02856677 -0.22182272 -0.28771186 -0.65113613 
3.38462967 7.60121981 -2.90821994 1.23739797 -0.68748976 0.13763008 -0.45036988 0.29105819 -0.14929241 -0.07592691 -0.18720048 -0.31602643 -0.62951323 
2.83900725 10.71077165 -5.52900403 3.18661324 -2.05214424 1.08208984 -1.09707451 0.73266075 -0.45016521 0.13871623 -0.34377889 -0.19524894 -0.71994613 
4.56899915 6.69959226 -2.30885914 0.88247688 -0.48916926 0.02294419 -0.38294644 0.25035896 -0.12490225 -0.09378293 -0.17367571 -0.32839870 -0.61982507 
5.80005684 10.17786284 -5.01860942 2.76165956 -1.72271883 0.83452695 -0.91528986 0.60104969 -0.35572478 0.06991295 -0.29319512 -0.23331475 -0.69166863 
6.13100732 15.30178394 -10.99900954 8.85859889 -7.54565574 6.20896766 -5.75936280 4.89379145 -4.10962573 3.32311138 -3.08339955 2.13594328 -2.67404994 
5.61647806 9.34661251 -4.27320546 2.17852186 -1.29702385 0.53119194 -0.70312899 0.45403679 -0.25438751 -0.00220831 -0.24086840 -0.27296114 -0.66219524 
4.12123844 -1.56356190 -0.14907351 -0.05015383 -0.12831465 -0.20817541 -0.25592962 0.16644293 -0.09559719 -0.14211569 -0.14814231 -0.37534894 -0.58579768 
3.49758100 1.66370942 -0.27872407 0.02905122 -0.13211636 -0.17574587 -0.26965697 0.18049970 -0.09153456 -0.12973044 -0.14791436 -0.36291938 -0.59317634 
4.11210748 15.30576287 -11.00460389 8.86533306 -7.55312773 6.21684464 -5.76736366 4.90168522 -4.11722669 3.33027652 -3.09001964 2.14194139 -2.67937537 
3.34594739 -0.34418098 -0.09061522 -0.02537313 -0.12487315 -0.19653542 -0.25910440 0.17131138 -0.09293923 -0.13724132 -0.14702639 -0.37092517 -0.58804587 
3.16806482 -0.04115323 -0.09633323 -0.01996395 -0.12481436 -0.19363392 -0.26026110 0.17255723 -0.09248110 -0.13609643 -0.14694104 -0.36979336 -0.58870214 
4.15275112 13.24632913 -8.30908414 5.83048873 -4.39200018 3.07569593 -2.74991449 2.07695296 -1.52808470 0.99830064 -1.02457672 0.34193399 -1.13827577 
4.27630640 14.96952134 -10.53712540 8.30855926 -6.94161807 5.57841575 -5.12489651 4.27343077 -3.51738593 2.76933327 -2.57564608 1.67918744 -2.27126374 
3.80614696 10.99283176 -5.80946704 3.42860621 -2.24632476 1.23264976 -1.21089237 0.81729930 -0.51241813 0.18485829 -0.37811273 -0.16933811 -0.73927155 
3.04471183 13.61308123 -8.75995401 6.30760237 -4.85912802 3.51244708 -3.14488591 2.42530320 -1.82923561 1.25474627 -1.23980321 0.52018085 -1.28352863 
2.77654361 15.59493384 -11.41513552 9.36407703 -8.11143059 6.81039577 -6.37515690 5.50602110 -4.70348079 3.88681046 -3.60764675 2.61387817 -3.10087440 
3.23646038 11.64419340 -6.48453718 4.03479047 -2.75208615 1.63923160 -1.52896802 1.06156924 -0.69758216 0.32535167 -0.48457783 -0.08820800 -0.80037088 
3.55719030 15.60999040 -11.43672330 9.39054849 -8.14132701 6.84244765 -6.40824168 5.53916935 -4.73587069 3.91776822 -3.63662521 2.64045763 -3.12474762 
3.72568323 14.44583339 -9.83040131 7.49040888 -6.06732199 4.68923750 -4.25239695 3.44068425 -2.74056441 2.05867294 -1.93740367 1.11612260 -1.78383378 
4.16021359 13.25803585 -8.32328310 5.84531902 -4.40633514 3.08893443 -2.76174375 2.08726518 -1.53690010 1.00572926 -1.03075054 0.34700148 -1.14237004 
4.28336985 14.97333973 -10.54237401 8.31474268 -6.94833813 5.58536098 -5.13181762 4.28013522 -3.52372941 2.77521457 -2.58099519 1.68396273 -2.27544432 
4.17773961 15.60626854 -11.43138503 9.38400034 -8.13392923 6.83451407 -6.40005002 5.53095968 -4.72784670 3.91009710 -3.62944286 2.63386841 -3.11882807 
4.06924856 14.80676334 -10.31469192 8.04794801 -6.65989085 5.28872659 -4.83762547 3.99646193 -3.25651123 2.52849786 -2.35748948 1.48517502 -2.10202848 
3.53896965 10.18494795 -5.02522825 2.76704000 -1.72679324 0.83752455 -0.91744783 0.60258384 -0.35680722 0.07069293 -0.29376454 -0.23288611 -0.69198667 
2.85016756 15.59599781 -11.41666033 9.36594600 -8.11354053 6.81265696 -6.37749011 5.50835798 -4.70576345 3.88899152 -3.60968777 2.61574970 -3.10255495 
2.82104238 15.59558617 -11.41607037 9.36522288 -8.11272415 6.81178205 -6.37658732 5.50745375 -4.70488019 3.88814756 -3.60889799 2.61502549 -3.10190464 
2.79148681 15.59515612 -11.41545405 9.36446746 -8.11187134 6.81086810 -6.37564427 5.50650922 -4.70395758 3.88726602 -3.60807305 2.61426906 -3.10122540 
3.24812247 11.67146156 -6.51363404 4.06165306 -2.77510663 1.65820035 -1.54415676 1.07349017 -0.70680357 0.33246362 -0.49003918 -0.08401055 -0.80355781 
4.05748371 11.52364990 -6.35671608 3.91749437 -2.65215507 1.55733860 -1.46373498 1.01062225 -0.65835411 0.29521290 -0.46150762 -0.10589992 -0.78696630 
