9.83086517 1.09960116 -0.19013323 0.00730840 -0.12784294 -0.18212608 -0.26596694 0.17763587 -0.09151961 -0.13186124 -0.14731091 -0.36531209 -0.59154021 
5.11990725 14.66300107 -10.12031208 7.82252925 -6.41861624 5.04298690 -4.59617248 3.76572817 -3.04103348 2.33117653 -2.18011838 1.32857334 -1.96636657 
4.74129111 13.13614987 -8.17607004 5.69218274 -4.25889745 2.95328710 -2.64097773 1.98235653 -1.44752082 0.93064451 -0.96852827 0.29606177 -1.10131512 
4.44775682 15.60360325 -11.42756298 9.37931296 -8.12863463 6.82883697 -6.39418923 5.52508692 -4.72210763 3.90461119 -3.62430716 2.62915742 -3.11459636 
4.25312576 13.57606161 -8.71387626 6.25825921 -4.81025634 3.46624706 -3.10265857 2.38767704 -1.79638713 1.22651858 -1.21591101 0.50024014 -1.26715894 
3.86464625 14.61385861 -10.05431708 7.74649378 -6.33774633 4.96112037 -4.51620706 3.68974709 -2.97046448 2.26688927 -2.12261609 1.27804062 -1.92278533 
3.55759105 14.28722519 -9.62148810 7.25414800 -5.82053865 4.44371175 -4.01657143 3.22022018 -2.53898107 1.87773304 -1.77781906 0.97772235 -1.66597033 
3.55210267 14.34135164 -9.69251417 7.33418117 -5.90384144 4.52630830 -4.09564260 3.29390390 -2.60614604 1.93784300 -1.83068671 1.02345159 -1.70481597 
3.54745170 14.27712542 -9.60826557 7.23928183 -5.80509870 4.42843462 -4.00197595 3.20664580 -2.52663098 1.86669996 -1.76813176 0.96935642 -1.65887456 
3.54193340 14.33155820 -9.67964245 7.31965488 -5.88869914 4.51127284 -4.08122888 3.28045420 -2.59387036 1.92684332 -1.82100109 1.01506464 -1.69768409 
3.85189286 14.55442320 -9.97480556 7.65522266 -6.24101899 4.86353715 -4.42120681 3.59977021 -2.88715489 2.19121785 -2.05511942 1.21888032 -1.87189099 
3.85594338 14.60698504 -10.04510462 7.73589990 -6.32649968 4.94975531 -4.50512499 3.67923468 -2.96071647 2.25802245 -2.11469650 1.27109038 -1.91679896 
3.86061188 14.56160636 -9.98439725 7.66621333 -6.25264654 4.87524807 -4.43258936 3.61053408 -2.89710619 2.20024390 -2.06315949 1.22591839 -1.87793832 
4.00009458 15.60887813 -11.43512783 9.38859127 -8.13911567 6.84007598 -6.40579270 5.53671482 -4.73347153 3.91547444 -3.63447746 2.63848714 -3.12297731 
4.00821364 15.60888712 -11.43514073 9.38860709 -8.13913354 6.84009515 -6.40581249 5.53673466 -4.73349092 3.91549298 -3.63449482 2.63850306 -3.12299162 
4.01629987 15.60889600 -11.43515347 9.38862272 -8.13915120 6.84011409 -6.40583204 5.53675426 -4.73351007 3.91551129 -3.63451196 2.63851879 -3.12300575 
3.89053101 14.63407228 -10.08143493 7.77770666 -6.37091212 4.99466410 -4.54894274 3.72082498 -2.99930486 2.29314181 -2.14608040 1.29864645 -1.94054463 
3.74133966 15.60999040 -11.43672330 9.39054849 -8.14132701 6.84244765 -6.40824168 5.53916935 -4.73587069 3.91776822 -3.63662521 2.64045763 -3.12474762 
3.89511467 14.58963735 -10.02187390 7.70920771 -6.29818539 4.92116487 -4.47726718 3.65282784 -2.93624670 2.23577923 -2.09484186 1.25367610 -1.90180811 
3.89908571 14.64067745 -10.09030456 7.78792498 -6.38177936 5.00566451 -4.55968697 3.73103320 -3.00878534 2.30177785 -2.15380453 1.30543400 -1.94639814 
3.90364864 14.59647424 -10.03102593 7.71971967 -6.30933230 4.93241674 -4.48822718 3.66321374 -2.94586785 2.24452244 -2.10264407 1.26051758 -1.90769608 
4.04036424 15.60892202 -11.43519078 9.38866849 -8.13920291 6.84016955 -6.40588931 5.53681165 -4.73356617 3.91556492 -3.63456218 2.63856487 -3.12304714 
4.04832177 15.60893048 -11.43520292 9.38868338 -8.13921974 6.84018760 -6.40590794 5.53683033 -4.73358443 3.91558238 -3.63457852 2.63857986 -3.12306061 
4.05624778 15.60893885 -11.43521492 9.38869810 -8.13923637 6.84020543 -6.40592636 5.53684878 -4.73360247 3.91559962 -3.63459467 2.63859467 -3.12307392 
4.06414249 15.60894711 -11.43522678 9.38871265 -8.13925280 6.84022305 -6.40594456 5.53686702 -4.73362029 3.91561667 -3.63461063 2.63860932 -3.12308707 
4.07200617 15.60895528 -11.43523850 9.38872702 -8.13926904 6.84024047 -6.40596254 5.53688505 -4.73363791 3.91563351 -3.63462640 2.63862378 -3.12310007 
4.07983905 15.60896336 -11.43525008 9.38874123 -8.13928509 6.84025769 -6.40598032 5.53690286 -4.73365532 3.91565016 -3.63464199 2.63863808 -3.12311292 
3.95797009 14.68514207 -10.15012087 7.85695613 -6.45531784 5.08022441 -4.63262447 3.80043674 -3.07333496 2.36065906 -2.20653727 1.35182990 -1.98645668 
3.96239293 14.64251523 -10.09277313 7.79076972 -6.38480559 5.00872864 -4.56268052 3.73387812 -3.01142808 2.30418574 -2.15595863 1.30732729 -1.94803121 
3.96624302 14.69125070 -10.15835322 7.86647295 -6.46547286 5.09053687 -4.64272808 3.81006511 -3.08230276 2.36885045 -2.21388273 1.35830050 -1.99204989 
3.82298365 15.60999040 -11.43672330 9.39054849 -8.14132701 6.84244765 -6.40824168 5.53916935 -4.73587069 3.91776822 -3.63662521 2.64045763 -3.12474762 
3.82298365 15.60999040 -11.43672330 9.39054849 -8.14132701 6.84244765 -6.40824168 5.53916935 -4.73587069 3.91776822 -3.63662521 2.64045763 -3.12474762 
3.82298365 15.60999040 -11.43672330 9.39054849 -8.14132701 6.84244765 -6.40824168 5.53916935 -4.73587069 3.91776822 -3.63662521 2.64045763 -3.12474762 
3.82298365 15.60999040 -11.43672330 9.39054849 -8.14132701 6.84244765 -6.40824168 5.53916935 -4.73587069 3.91776822 -3.63662521 2.64045763 -3.12474762 
3.82298365 15.60999040 -11.43672330 9.39054849 -8.14132701 6.84244765 -6.40824168 5.53916935 -4.73587069 3.91776822 -3.63662521 2.64045763 -3.12474762 
3.67544117 14.40014069 -9.76997244 7.42180376 -5.99539090 4.61741385 -4.18316924 3.37574712 -2.68099553 2.00504009 -1.88996321 1.07486744 -1.74860882 
3.67028834 14.45076967 -9.83694140 7.49784679 -6.07513369 4.69705021 -4.25993916 3.44776979 -2.74707372 2.06454174 -1.94260171 1.12064852 -1.78770272 
3.66587955 14.39128172 -9.75827926 7.40855339 -5.98152352 4.60359152 -4.16986920 3.36329196 -2.66958818 1.99478494 -1.88090507 1.06700090 -1.74190076 
3.48659152 15.60813209 -11.43405775 9.38727864 -8.13763269 6.83848556 -6.40415051 5.53506899 -4.73186289 3.91393652 -3.63303751 2.63716608 -3.12179050 
3.65106638 14.43351724 -9.81409367 7.47187351 -6.04786636 4.66979011 -4.23363300 3.42306559 -2.72438664 2.04409397 -1.92449679 1.10488937 -1.77423502 
3.79613761 15.60999040 -11.43672330 9.39054849 -8.14132701 6.84244765 -6.40824168 5.53916935 -4.73587069 3.91776822 -3.63662521 2.64045763 -3.12474762 
3.79613761 15.60999040 -11.43672330 9.39054849 -8.14132701 6.84244765 -6.40824168 5.53916935 -4.73587069 3.91776822 -3.63662521 2.64045763 -3.12474762 
3.79613761 15.60999040 -11.43672330 9.39054849 -8.14132701 6.84244765 -6.40824168 5.53916935 -4.73587069 3.91776822 -3.63662521 2.64045763 -3.12474762 
3.94578331 14.62967689 -10.07553495 7.77091208 -6.36368867 4.98735468 -4.54180594 3.71404644 -2.99301152 2.28741073 -2.14095593 1.29414454 -1.93666321 
3.94966295 14.67897413 -10.14181220 7.84735507 -6.44507704 5.06982884 -4.62244325 3.79073791 -3.06430468 2.35241333 -2.19914538 1.34532033 -1.98083135 
3.80512639 15.60999040 -11.43672330 9.39054849 -8.14132701 6.84244765 -6.40824168 5.53916935 -4.73587069 3.91776822 -3.63662521 2.64045763 -3.12474762 
3.95410528 14.63612688 -10.08419346 7.78088416 -6.37429090 4.99808379 -4.55228233 3.72399754 -3.00225086 2.29582508 -2.14848005 1.30075491 -1.94236275 
3.95797009 14.68514207 -10.15012087 7.85695613 -6.45531784 5.08022441 -4.63262447 3.80043674 -3.07333496 2.36065906 -2.20653727 1.35182990 -1.98645668 
3.81407495 15.60999040 -11.43672330 9.39054849 -8.14132701 6.84244765 -6.40824168 5.53916935 -4.73587069 3.91776822 -3.63662521 2.64045763 -3.12474762 
3.81407495 15.60999040 -11.43672330 9.39054849 -8.14132701 6.84244765 -6.40824168 5.53916935 -4.73587069 3.91776822 -3.63662521 2.64045763 -3.12474762 
3.81407495 15.60999040 -11.43672330 9.39054849 -8.14132701 6.84244765 -6.40824168 5.53916935 -4.73587069 3.91776822 -3.63662521 2.64045763 -3.12474762 
3.96239293 14.64251523 -10.09277313 7.79076972 -6.38480559 5.00872864 -4.56268052 3.73387812 -3.01142808 2.30418574 -2.15595863 1.30732729 -1.94803121 
3.96624302 14.69125070 -10.15835322 7.86647295 -6.46547286 5.09053687 -4.64272808 3.81006511 -3.08230276 2.36885045 -2.21388273 1.35830050 -1.99204989 
3.82298365 15.60999040 -11.43672330 9.39054849 -8.14132701 6.84244765 -6.40824168 5.53916935 -4.73587069 3.91776822 -3.63662521 2.64045763 -3.12474762 
3.82298365 15.60999040 -11.43672330 9.39054849 -8.14132701 6.84244765 -6.40824168 5.53916935 -4.73587069 3.91776822 -3.63662521 2.64045763 -3.12474762 
3.82298365 15.60999040 -11.43672330 9.39054849 -8.14132701 6.84244765 -6.40824168 5.53916935 -4.73587069 3.91776822 -3.63662521 2.64045763 -3.12474762 
3.82298365 15.60999040 -11.43672330 9.39054849 -8.14132701 6.84244765 -6.40824168 5.53916935 -4.73587069 3.91776822 -3.63662521 2.64045763 -3.12474762 
3.82298365 15.60999040 -11.43672330 9.39054849 -8.14132701 6.84244765 -6.40824168 5.53916935 -4.73587069 3.91776822 -3.63662521 2.64045763 -3.12474762 
3.82298365 15.60999040 -11.43672330 9.39054849 -8.14132701 6.84244765 -6.40824168 5.53916935 -4.73587069 3.91776822 -3.63662521 2.64045763 -3.12474762 
3.82298365 15.60999040 -11.43672330 9.39054849 -8.14132701 6.84244765 -6.40824168 5.53916935 -4.73587069 3.91776822 -3.63662521 2.64045763 -3.12474762 
3.82298365 15.60999040 -11.43672330 9.39054849 -8.14132701 6.84244765 -6.40824168 5.53916935 -4.73587069 3.91776822 -3.63662521 2.64045763 -3.12474762 
3.82298365 15.60999040 -11.43672330 9.39054849 -8.14132701 6.84244765 -6.40824168 5.53916935 -4.73587069 3.91776822 -3.63662521 2.64045763 -3.12474762 
3.82298365 15.60999040 -11.43672330 9.39054849 -8.14132701 6.84244765 -6.40824168 5.53916935 -4.73587069 3.91776822 -3.63662521 2.64045763 -3.12474762 
3.82298365 15.60999040 -11.43672330 9.39054849 -8.14132701 6.84244765 -6.40824168 5.53916935 -4.73587069 3.91776822 -3.63662521 2.64045763 -3.12474762 
3.82298365 15.60999040 -11.43672330 9.39054849 -8.14132701 6.84244765 -6.40824168 5.53916935 -4.73587069 3.91776822 -3.63662521 2.64045763 -3.12474762 
3.82298365 15.60999040 -11.43672330 9.39054849 -8.14132701 6.84244765 -6.40824168 5.53916935 -4.73587069 3.91776822 -3.63662521 2.64045763 -3.12474762 
3.82298365 15.60999040 -11.43672330 9.39054849 -8.14132701 6.84244765 -6.40824168 5.53916935 -4.73587069 3.91776822 -3.63662521 2.64045763 -3.12474762 
3.82298365 15.60999040 -11.43672330 9.39054849 -8.14132701 6.84244765 -6.40824168 5.53916935 -4.73587069 3.91776822 -3.63662521 2.64045763 -3.12474762 
3.82298365 15.60999040 -11.43672330 9.39054849 -8.14132701 6.84244765 -6.40824168 5.53916935 -4.73587069 3.91776822 -3.63662521 2.64045763 -3.12474762 
3.82298365 15.60999040 -11.43672330 9.39054849 -8.14132701 6.84244765 -6.40824168 5.53916935 -4.73587069 3.91776822 -3.63662521 2.64045763 -3.12474762 
3.82298365 15.60999040 -11.43672330 9.39054849 -8.14132701 6.84244765 -6.40824168 5.53916935 -4.73587069 3.91776822 -3.63662521 2.64045763 -3.12474762 
3.82298365 15.60999040 -11.43672330 9.39054849 -8.14132701 6.84244765 -6.40824168 5.53916935 -4.73587069 3.91776822 -3.63662521 2.64045763 -3.12474762 
3.82298365 15.60999040 -11.43672330 9.39054849 -8.14132701 6.84244765 -6.40824168 5.53916935 -4.73587069 3.91776822 -3.63662521 2.64045763 -3.12474762 
3.82298365 15.60999040 -11.43672330 9.39054849 -8.14132701 6.84244765 -6.40824168 5.53916935 -4.73587069 3.91776822 -3.63662521 2.64045763 -3.12474762 
3.82298365 15.60999040 -11.43672330 9.39054849 -8.14132701 6.84244765 -6.40824168 5.53916935 -4.73587069 3.91776822 -3.63662521 2.64045763 -3.12474762 
3.82298365 15.60999040 -11.43672330 9.39054849 -8.14132701 6.84244765 -6.40824168 5.53916935 -4.73587069 3.91776822 -3.63662521 2.64045763 -3.12474762 
3.67544117 14.40014069 -9.76997244 7.42180376 -5.99539090 4.61741385 -4.18316924 3.37574712 -2.68099553 2.00504009 -1.88996321 1.07486744 -1.74860882 
3.67028834 14.45076967 -9.83694140 7.49784679 -6.07513369 4.69705021 -4.25993916 3.44776979 -2.74707372 2.06454174 -1.94260171 1.12064852 -1.78770272 
3.81407495 15.60999040 -11.43672330 9.39054849 -8.14132701 6.84244765 -6.40824168 5.53916935 -4.73587069 3.91776822 -3.63662521 2.64045763 -3.12474762 
3.81407495 15.60999040 -11.43672330 9.39054849 -8.14132701 6.84244765 -6.40824168 5.53916935 -4.73587069 3.91776822 -3.63662521 2.64045763 -3.12474762 
3.96239293 14.64251523 -10.09277313 7.79076972 -6.38480559 5.00872864 -4.56268052 3.73387812 -3.01142808 2.30418574 -2.15595863 1.30732729 -1.94803121 
3.96624302 14.69125070 -10.15835322 7.86647295 -6.46547286 5.09053687 -4.64272808 3.81006511 -3.08230276 2.36885045 -2.21388273 1.35830050 -1.99204989 
3.97064655 14.64884272 -10.10127487 7.80056972 -6.39523365 5.01929003 -4.57300119 3.74368872 -3.02054360 2.31249305 -2.16339189 1.31386186 -1.95366871 
4.10315529 15.60898702 -11.43528402 9.38878286 -8.13933213 6.84030813 -6.40603241 5.53695507 -4.73370635 3.91569894 -3.63468767 2.63867999 -3.12315057 
3.98268737 14.70329304 -10.17459255 7.88525757 -6.48552913 5.11091573 -4.66270526 3.82911279 -3.10005274 2.38507155 -2.22843541 1.37112550 -2.00314049 
3.98705276 14.66131816 -10.11804827 7.81991683 -6.41583338 5.04016552 -4.59341263 3.76310217 -3.03859124 2.32894885 -2.17812340 1.32681817 -1.96485121 
3.99085935 14.70922822 -10.18260132 7.89452722 -6.49543213 5.12098370 -4.67258018 3.83853322 -3.10883582 2.39310197 -2.23564315 1.37748028 -2.00863814 
3.84947410 15.60999040 -11.43672330 9.39054849 -8.14132701 6.84244765 -6.40824168 5.53916935 -4.73587069 3.91776822 -3.63662521 2.64045763 -3.12474762 
3.84947410 15.60999040 -11.43672330 9.39054849 -8.14132701 6.84244765 -6.40824168 5.53916935 -4.73587069 3.91776822 -3.63662521 2.64045763 -3.12474762 
3.84947410 15.60999040 -11.43672330 9.39054849 -8.14132701 6.84244765 -6.40824168 5.53916935 -4.73587069 3.91776822 -3.63662521 2.64045763 -3.12474762 
3.84947410 15.60999040 -11.43672330 9.39054849 -8.14132701 6.84244765 -6.40824168 5.53916935 -4.73587069 3.91776822 -3.63662521 2.64045763 -3.12474762 
3.84947410 15.60999040 -11.43672330 9.39054849 -8.14132701 6.84244765 -6.40824168 5.53916935 -4.73587069 3.91776822 -3.63662521 2.64045763 -3.12474762 
3.84947410 15.60999040 -11.43672330 9.39054849 -8.14132701 6.84244765 -6.40824168 5.53916935 -4.73587069 3.91776822 -3.63662521 2.64045763 -3.12474762 
3.84947410 15.60999040 -11.43672330 9.39054849 -8.14132701 6.84244765 -6.40824168 5.53916935 -4.73587069 3.91776822 -3.63662521 2.64045763 -3.12474762 
3.84947410 15.60999040 -11.43672330 9.39054849 -8.14132701 6.84244765 -6.40824168 5.53916935 -4.73587069 3.91776822 -3.63662521 2.64045763 -3.12474762 
3.84947410 15.60999040 -11.43672330 9.39054849 -8.14132701 6.84244765 -6.40824168 5.53916935 -4.73587069 3.91776822 -3.63662521 2.64045763 -3.12474762 
3.84947410 15.60999040 -11.43672330 9.39054849 -8.14132701 6.84244765 -6.40824168 5.53916935 -4.73587069 3.91776822 -3.63662521 2.64045763 -3.12474762 
3.84947410 15.60999040 -11.43672330 9.39054849 -8.14132701 6.84244765 -6.40824168 5.53916935 -4.73587069 3.91776822 -3.63662521 2.64045763 -3.12474762 
3.84947410 15.60999040 -11.43672330 9.39054849 -8.14132701 6.84244765 -6.40824168 5.53916935 -4.73587069 3.91776822 -3.63662521 2.64045763 -3.12474762 
3.84947410 15.60999040 -11.43672330 9.39054849 -8.14132701 6.84244765 -6.40824168 5.53916935 -4.73587069 3.91776822 -3.63662521 2.64045763 -3.12474762 
3.84947410 15.60999040 -11.43672330 9.39054849 -8.14132701 6.84244765 -6.40824168 5.53916935 -4.73587069 3.91776822 -3.63662521 2.64045763 -3.12474762 
3.84947410 15.60999040 -11.43672330 9.39054849 -8.14132701 6.84244765 -6.40824168 5.53916935 -4.73587069 3.91776822 -3.63662521 2.64045763 -3.12474762 
3.70385650 14.42615907 -9.80435767 7.46081499 -6.03626642 4.65820242 -4.22245938 3.41258019 -2.71476426 2.03542723 -1.91682799 1.09821822 -1.76853717 
3.86569831 12.86795166 -7.85697036 5.36500938 -3.94830657 2.67134851 -2.39320747 1.76979363 -1.26857722 0.78196147 -0.84655770 0.19710788 -1.02224657 
3.99085935 14.70922822 -10.18260132 7.89452722 -6.49543213 5.12098370 -4.67258018 3.83853322 -3.10883582 2.39310197 -2.23564315 1.37748028 -2.00863814 
3.84947410 15.60999040 -11.43672330 9.39054849 -8.14132701 6.84244765 -6.40824168 5.53916935 -4.73587069 3.91776822 -3.63662521 2.64045763 -3.12474762 
3.84947410 15.60999040 -11.43672330 9.39054849 -8.14132701 6.84244765 -6.40824168 5.53916935 -4.73587069 3.91776822 -3.63662521 2.64045763 -3.12474762 
3.84947410 15.60999040 -11.43672330 9.39054849 -8.14132701 6.84244765 -6.40824168 5.53916935 -4.73587069 3.91776822 -3.63662521 2.64045763 -3.12474762 
3.84947410 15.60999040 -11.43672330 9.39054849 -8.14132701 6.84244765 -6.40824168 5.53916935 -4.73587069 3.91776822 -3.63662521 2.64045763 -3.12474762 
3.84947410 15.60999040 -11.43672330 9.39054849 -8.14132701 6.84244765 -6.40824168 5.53916935 -4.73587069 3.91776822 -3.63662521 2.64045763 -3.12474762 
3.70385650 14.42615907 -9.80435767 7.46081499 -6.03626642 4.65820242 -4.22245938 3.41258019 -2.71476426 2.03542723 -1.91682799 1.09821822 -1.76853717 
3.69878129 14.47596252 -9.87035544 7.53588727 -6.11512608 4.73708651 -4.29862550 3.48414669 -2.78052157 2.09472330 -1.96935474 1.14395953 -1.80764405 
3.69442923 14.41757805 -9.79301013 7.44793309 -6.02276104 4.64471821 -4.20946348 3.40039060 -2.70358314 2.02536096 -1.90792452 1.09047605 -1.76192704 
3.68932840 14.46765460 -9.85932975 7.52332772 -6.10191465 4.72385342 -4.28583191 3.47211074 -2.76944935 2.08472771 -1.96049073 1.13623277 -1.80103162 
3.68495759 14.40890569 -9.78154888 7.43492984 -6.00913629 4.63112238 -4.19636705 3.38811312 -2.69232704 2.01523201 -1.89896964 1.08269247 -1.75528425 
3.67983089 14.45925741 -9.84819224 7.51064805 -6.08858430 4.71050837 -4.27293676 3.45998533 -2.75830023 2.07466729 -1.95157312 1.12846246 -1.79438451 
3.82298365 15.60999040 -11.43672330 9.39054849 -8.14132701 6.84244765 -6.40824168 5.53916935 -4.73587069 3.91776822 -3.63662521 2.64045763 -3.12474762 
3.82298365 15.60999040 -11.43672330 9.39054849 -8.14132701 6.84244765 -6.40824168 5.53916935 -4.73587069 3.91776822 -3.63662521 2.64045763 -3.12474762 
3.82298365 15.60999040 -11.43672330 9.39054849 -8.14132701 6.84244765 -6.40824168 5.53916935 -4.73587069 3.91776822 -3.63662521 2.64045763 -3.12474762 
3.82298365 15.60999040 -11.43672330 9.39054849 -8.14132701 6.84244765 -6.40824168 5.53916935 -4.73587069 3.91776822 -3.63662521 2.64045763 -3.12474762 
3.82298365 15.60999040 -11.43672330 9.39054849 -8.14132701 6.84244765 -6.40824168 5.53916935 -4.73587069 3.91776822 -3.63662521 2.64045763 -3.12474762 
3.67544117 14.40014069 -9.76997244 7.42180376 -5.99539090 4.61741385 -4.18316924 3.37574712 -2.68099553 2.00504009 -1.88996321 1.07486744 -1.74860882 
3.67028834 14.45076967 -9.83694140 7.49784679 -6.07513369 4.69705021 -4.25993916 3.44776979 -2.74707372 2.06454174 -1.94260171 1.12064852 -1.78770272 
3.81407495 15.60999040 -11.43672330 9.39054849 -8.14132701 6.84244765 -6.40824168 5.53916935 -4.73587069 3.91776822 -3.63662521 2.64045763 -3.12474762 
3.81407495 15.60999040 -11.43672330 9.39054849 -8.14132701 6.84244765 -6.40824168 5.53916935 -4.73587069 3.91776822 -3.63662521 2.64045763 -3.12474762 
3.81407495 15.60999040 -11.43672330 9.39054849 -8.14132701 6.84244765 -6.40824168 5.53916935 -4.73587069 3.91776822 -3.63662521 2.64045763 -3.12474762 
3.96239293 14.64251523 -10.09277313 7.79076972 -6.38480559 5.00872864 -4.56268052 3.73387812 -3.01142808 2.30418574 -2.15595863 1.30732729 -1.94803121 
3.96624302 14.69125070 -10.15835322 7.86647295 -6.46547286 5.09053687 -4.64272808 3.81006511 -3.08230276 2.36885045 -2.21388273 1.35830050 -1.99204989 
3.82298365 15.60999040 -11.43672330 9.39054849 -8.14132701 6.84244765 -6.40824168 5.53916935 -4.73587069 3.91776822 -3.63662521 2.64045763 -3.12474762 
3.97064655 14.64884272 -10.10127487 7.80056972 -6.39523365 5.01929003 -4.57300119 3.74368872 -3.02054360 2.31249305 -2.16339189 1.31386186 -1.95366871 
3.97448202 14.69730078 -10.16651014 7.87590645 -6.47554300 5.10076705 -4.65275479 3.81962361 -3.09120854 2.37698782 -2.22118202 1.36473230 -1.99761112 
3.83185284 15.60999040 -11.43672330 9.39054849 -8.14132701 6.84244765 -6.40824168 5.53916935 -4.73587069 3.91776822 -3.63662521 2.64045763 -3.12474762 
3.83185284 15.60999040 -11.43672330 9.39054849 -8.14132701 6.84244765 -6.40824168 5.53916935 -4.73587069 3.91776822 -3.63662521 2.64045763 -3.12474762 
3.68495759 14.40890569 -9.78154888 7.43492984 -6.00913629 4.63112238 -4.19636705 3.38811312 -2.69232704 2.01523201 -1.89896964 1.08269247 -1.75528425 
3.67983089 14.45925741 -9.84819224 7.51064805 -6.08858430 4.71050837 -4.27293676 3.45998533 -2.75830023 2.07466729 -1.95157312 1.12846246 -1.79438451 
3.67544117 14.40014069 -9.76997244 7.42180376 -5.99539090 4.61741385 -4.18316924 3.37574712 -2.68099553 2.00504009 -1.88996321 1.07486744 -1.74860882 
3.67028834 14.45076967 -9.83694140 7.49784679 -6.07513369 4.69705021 -4.25993916 3.44776979 -2.74707372 2.06454174 -1.94260171 1.12064852 -1.78770272 
3.66587955 14.39128172 -9.75827926 7.40855339 -5.98152352 4.60359152 -4.16986920 3.36329196 -2.66958818 1.99478494 -1.88090507 1.06700090 -1.74190076 
3.48659152 15.60813209 -11.43405775 9.38727864 -8.13763269 6.83848556 -6.40415051 5.53506899 -4.73186289 3.91393652 -3.63303751 2.63716608 -3.12179050 
3.47604675 15.60811240 -11.43402952 9.38724400 -8.13759356 6.83844360 -6.40410718 5.53502557 -4.73182045 3.91389594 -3.63299952 2.63713123 -3.12175919 
3.64138611 14.42474988 -9.80249368 7.45869844 -6.03404689 4.65598586 -4.22032262 3.41057556 -2.71292509 2.03377112 -1.91536291 1.09694401 -1.76744909 
3.78710825 15.60999040 -11.43672330 9.39054849 -8.14132701 6.84244765 -6.40824168 5.53916935 -4.73587069 3.91776822 -3.63662521 2.64045763 -3.12474762 
3.63691913 14.36412731 -9.72248375 7.36804127 -5.93917613 4.56143065 -4.12934705 3.32538526 -2.63490680 1.96363750 -1.85341915 1.04315185 -1.72158108 
3.63165905 14.41588658 -9.79077414 7.44539566 -6.02010171 4.64206394 -4.20690614 3.39799268 -2.70138425 2.02338189 -1.90617453 1.08895469 -1.76062845 
3.92903528 14.61658882 -10.05797756 7.75070452 -6.34221795 4.96564044 -4.52061587 3.69393047 -2.97434473 2.27041968 -2.12577012 1.28080925 -1.92517053 
3.93294492 14.66645727 -10.12496217 7.82789635 -6.42433446 5.04878519 -4.60184522 3.77112662 -3.04605487 2.33575740 -2.18422127 1.33218349 -1.96948385 
3.78710825 15.60999040 -11.43672330 9.39054849 -8.14132701 6.84244765 -6.40824168 5.53916935 -4.73587069 3.91776822 -3.63662521 2.64045763 -3.12474762 
3.93742674 14.62316447 -10.06679664 7.76085253 -6.35299799 4.97654050 -4.53125069 3.70402426 -2.98370962 2.27894237 -2.13338603 1.28749604 -1.93093250 
3.94132133 14.67274612 -10.13342628 7.83766880 -6.43474955 5.05934938 -4.61218373 3.78096806 -3.05521147 2.34411289 -2.19170680 1.33877158 -1.97517378 
3.79613761 15.60999040 -11.43672330 9.39054849 -8.14132701 6.84244765 -6.40824168 5.53916935 -4.73587069 3.91776822 -3.63662521 2.64045763 -3.12474762 
3.94578331 14.62967689 -10.07553495 7.77091208 -6.36368867 4.98735468 -4.54180594 3.71404644 -2.99301152 2.28741073 -2.14095593 1.29414454 -1.93666321 
3.94966295 14.67897413 -10.14181220 7.84735507 -6.44507704 5.06982884 -4.62244325 3.79073791 -3.06430468 2.35241333 -2.19914538 1.34532033 -1.98083135 
3.80512639 15.60999040 -11.43672330 9.39054849 -8.14132701 6.84244765 -6.40824168 5.53916935 -4.73587069 3.91776822 -3.63662521 2.64045763 -3.12474762 
3.80512639 15.60999040 -11.43672330 9.39054849 -8.14132701 6.84244765 -6.40824168 5.53916935 -4.73587069 3.91776822 -3.63662521 2.64045763 -3.12474762 
3.95410528 14.63612688 -10.08419346 7.78088416 -6.37429090 4.99808379 -4.55228233 3.72399754 -3.00225086 2.29582508 -2.14848005 1.30075491 -1.94236275 
3.95797009 14.68514207 -10.15012087 7.85695613 -6.45531784 5.08022441 -4.63262447 3.80043674 -3.07333496 2.36065906 -2.20653727 1.35182990 -1.98645668 
3.81407495 15.60999040 -11.43672330 9.39054849 -8.14132701 6.84244765 -6.40824168 5.53916935 -4.73587069 3.91776822 -3.63662521 2.64045763 -3.12474762 
3.81407495 15.60999040 -11.43672330 9.39054849 -8.14132701 6.84244765 -6.40824168 5.53916935 -4.73587069 3.91776822 -3.63662521 2.64045763 -3.12474762 
3.96239293 14.64251523 -10.09277313 7.79076972 -6.38480559 5.00872864 -4.56268052 3.73387812 -3.01142808 2.30418574 -2.15595863 1.30732729 -1.94803121 
3.96624302 14.69125070 -10.15835322 7.86647295 -6.46547286 5.09053687 -4.64272808 3.81006511 -3.08230276 2.36885045 -2.21388273 1.35830050 -1.99204989 
3.82298365 15.60999040 -11.43672330 9.39054849 -8.14132701 6.84244765 -6.40824168 5.53916935 -4.73587069 3.91776822 -3.63662521 2.64045763 -3.12474762 
3.82298365 15.60999040 -11.43672330 9.39054849 -8.14132701 6.84244765 -6.40824168 5.53916935 -4.73587069 3.91776822 -3.63662521 2.64045763 -3.12474762 
3.82298365 15.60999040 -11.43672330 9.39054849 -8.14132701 6.84244765 -6.40824168 5.53916935 -4.73587069 3.91776822 -3.63662521 2.64045763 -3.12474762 
3.82298365 15.60999040 -11.43672330 9.39054849 -8.14132701 6.84244765 -6.40824168 5.53916935 -4.73587069 3.91776822 -3.63662521 2.64045763 -3.12474762 
3.82298365 15.60999040 -11.43672330 9.39054849 -8.14132701 6.84244765 -6.40824168 5.53916935 -4.73587069 3.91776822 -3.63662521 2.64045763 -3.12474762 
3.82298365 15.60999040 -11.43672330 9.39054849 -8.14132701 6.84244765 -6.40824168 5.53916935 -4.73587069 3.91776822 -3.63662521 2.64045763 -3.12474762 
3.97064655 14.64884272 -10.10127487 7.80056972 -6.39523365 5.01929003 -4.57300119 3.74368872 -3.02054360 2.31249305 -2.16339189 1.31386186 -1.95366871 
3.97448202 14.69730078 -10.16651014 7.87590645 -6.47554300 5.10076705 -4.65275479 3.81962361 -3.09120854 2.37698782 -2.22118202 1.36473230 -1.99761112 
3.83185284 15.60999040 -11.43672330 9.39054849 -8.14132701 6.84244765 -6.40824168 5.53916935 -4.73587069 3.91776822 -3.63662521 2.64045763 -3.12474762 
3.97886640 14.65511011 -10.10969962 7.81028511 -6.40557595 5.02976873 -4.58324500 3.75342989 -3.02959784 2.32074731 -2.17078007 1.32035876 -1.95927534 
4.11086735 15.60899472 -11.43529507 9.38879642 -8.13934745 6.84032456 -6.40604937 5.53697207 -4.73372297 3.91571483 -3.63470254 2.63869364 -3.12316283 
3.99085935 14.70922822 -10.18260132 7.89452722 -6.49543213 5.12098370 -4.67258018 3.83853322 -3.10883582 2.39310197 -2.23564315 1.37748028 -2.00863814 
3.99520591 14.66746761 -10.12632172 7.82946577 -6.42600680 5.05048119 -4.60350472 3.77270608 -3.04752421 2.33709799 -2.18542212 1.33324024 -1.97039642 
3.99899821 14.71510703 -10.19053733 7.90371632 -6.50525285 5.13097173 -4.68238021 3.84788545 -3.11755822 2.40107943 -2.24280551 1.38379683 -2.01410418 
3.85822685 15.60999040 -11.43672330 9.39054849 -8.14132701 6.84244765 -6.40824168 5.53916935 -4.73587069 3.91776822 -3.63662521 2.64045763 -3.12474762 
3.85822685 15.60999040 -11.43672330 9.39054849 -8.14132701 6.84244765 -6.40824168 5.53916935 -4.73587069 3.91776822 -3.63662521 2.64045763 -3.12474762 
3.85822685 15.60999040 -11.43672330 9.39054849 -8.14132701 6.84244765 -6.40824168 5.53916935 -4.73587069 3.91776822 -3.63662521 2.64045763 -3.12474762 
3.85822685 15.60999040 -11.43672330 9.39054849 -8.14132701 6.84244765 -6.40824168 5.53916935 -4.73587069 3.91776822 -3.63662521 2.64045763 -3.12474762 
3.71323982 14.43465003 -9.81559298 7.47357697 -6.04965373 4.67157608 -4.23535561 3.42468250 -2.72587084 2.04543108 -1.92568020 1.10591904 -1.77511464 
3.53849720 15.60822603 -11.43419250 9.38744392 -8.13781942 6.83868582 -6.40435728 5.53527622 -4.73206543 3.91413015 -3.63321880 2.63733241 -3.12193992 
3.69878129 14.47596252 -9.87035544 7.53588727 -6.11512608 4.73708651 -4.29862550 3.48414669 -2.78052157 2.09472330 -1.96935474 1.14395953 -1.80764405 
3.55225374 12.20796495 -7.09984000 4.61540135 -3.26045148 2.06670762 -1.87800599 1.34067249 -0.91734226 0.49742301 -0.61843969 0.01568000 -0.87997576 
3.33964331 14.19097980 -9.49587583 7.11334304 -5.67472355 4.29983668 -3.87948740 3.09305962 -2.42358024 1.77488348 -1.68771797 0.90007545 -1.60024499 
3.32426370 13.97006395 -9.21085348 6.79736513 -5.35100707 3.98371254 -3.58128753 2.81911249 -2.17727450 1.55728841 -1.49867375 0.73842465 -1.46442755 
2.88517359 13.29614356 -8.36959142 5.89377509 -4.45325673 3.13234139 -2.80059453 2.12118791 -1.56594368 1.03023880 -1.05114713 0.36376320 -1.15592814 
2.57423730 15.56885872 -11.37779882 9.31835073 -8.05984920 6.75515751 -6.31819959 5.44901271 -4.64783057 3.83366935 -3.55794595 2.56832858 -3.05999356 
2.52382247 15.56676062 -11.37479730 9.31467789 -8.05570945 6.75072769 -6.31363528 5.44444753 -4.64337712 3.82941937 -3.55397347 2.56468991 -3.05672956 
2.47210410 15.56449859 -11.37156170 9.31071916 -8.05124801 6.74595422 -6.30871745 5.43952928 -4.63857975 3.82484162 -3.54969501 2.56077133 -3.05321475 
2.71135200 13.49234917 -8.61015117 6.14766704 -4.70118606 3.36355919 -3.00917127 2.30469420 -1.72420719 1.16470464 -1.16375906 0.45684193 -1.23163302 
2.67761961 12.95753880 -7.96282306 5.47281286 -4.04997354 2.76305517 -2.47330709 1.83810471 -1.32575686 0.82922326 -0.88514125 0.22827584 -1.04704910 
2.92221247 10.93634628 -5.75272835 3.37917469 -2.20628725 1.20134036 -1.18703407 0.79942596 -0.49918183 0.17499784 -0.37074818 -0.17490447 -0.73511306 
3.27606686 15.60769695 -11.43343365 9.38651309 -8.13676783 6.83755807 -6.40319286 5.53410925 -4.73092487 3.91303975 -3.63219788 2.63639581 -3.12109851 
3.64781342 12.46232548 -7.38692020 4.89514558 -3.51315379 2.28552130 -2.06174235 1.49155600 -1.03916808 0.59491042 -0.69573203 0.07657286 -0.92729835 
4.06608582 14.67628073 -10.13818513 7.84316507 -6.44060915 5.06529470 -4.61800379 3.78650990 -3.06036910 2.34882053 -2.19592534 1.34248524 -1.97838187 
4.56264157 12.52861667 -7.46270960 4.96991904 -3.58151865 2.34539661 -2.11257234 1.53373602 -1.07356471 0.62267833 -0.71792084 0.09416811 -0.94105667 
5.02343190 14.22129703 -9.53534931 7.15748913 -5.72033802 4.34474716 -3.92218837 3.13258901 -2.45938366 1.80673363 -1.71557107 0.92403887 -1.62049705 
5.42279624 13.75325045 -8.93557868 6.49687876 -5.04776992 3.69184957 -3.30982008 2.57309742 -1.95896679 1.36679746 -1.33509978 0.60006907 -1.34938843 
5.87302209 13.57168665 -8.70843924 6.25244560 -4.80450668 3.46081932 -3.09770431 2.38326841 -1.79254317 1.22321926 -1.21312153 0.49791438 -1.26525156 
6.24110272 14.49521179 -9.89592686 7.56504366 -6.14582396 4.76786188 -4.32840423 3.51218513 -2.80633550 2.11804479 -1.99005088 1.16201254 -1.82310349 
