10.58123026 0.34475700 -0.11528201 -0.01239855 -0.12520256 -0.18987316 -0.26194728 0.17419433 -0.09201742 -0.13465830 -0.14694281 -0.36832121 -0.58959578 
4.37915239 14.92155170 -10.47130611 8.23114954 -6.85762900 5.49174977 -5.03866314 4.19001942 -3.43857658 2.69636324 -2.50936286 1.62008517 -2.21958065 
4.59469045 15.00683285 -10.58847168 8.36911750 -7.00750224 5.64657707 -5.19288822 4.33935669 -3.57981926 2.82726785 -2.62838149 1.72630212 -2.31254113 
4.69902378 15.60777945 -11.43355198 9.38665824 -8.13693181 6.83773392 -6.40337442 5.53429121 -4.73110271 3.91320977 -3.63235707 2.63654184 -3.12122970 
4.71046319 15.60780458 -11.43358803 9.38670245 -8.13698175 6.83778748 -6.40342973 5.53434663 -4.73115688 3.91326156 -3.63240556 2.63658632 -3.12126966 
4.72183753 15.60782929 -11.43362346 9.38674592 -8.13703085 6.83784014 -6.40348410 5.53440112 -4.73121013 3.91331247 -3.63245322 2.63663005 -3.12130895 
4.73314756 15.60785358 -11.43365829 9.38678865 -8.13707913 6.83789191 -6.40353755 5.53445469 -4.73126249 3.91336252 -3.63250009 2.63667305 -3.12134757 
4.74439398 15.60787746 -11.43369255 9.38683066 -8.13712659 6.83794281 -6.40359010 5.53450736 -4.73131397 3.91341174 -3.63254617 2.63671532 -3.12138555 
4.75557752 15.60790094 -11.43372623 9.38687197 -8.13717327 6.83799287 -6.40364179 5.53455916 -4.73136459 3.91346013 -3.63259148 2.63675689 -3.12142289 
4.76669887 15.60792403 -11.43375935 9.38691260 -8.13721917 6.83804209 -6.40369261 5.53461009 -4.73141438 3.91350773 -3.63263604 2.63679777 -3.12145962 
4.77775873 15.60794675 -11.43379193 9.38695256 -8.13726431 6.83809050 -6.40374260 5.53466019 -4.73146334 3.91355454 -3.63267986 2.63683798 -3.12149574 
4.78875775 15.60796909 -11.43382397 9.38699187 -8.13730871 6.83813812 -6.40379177 5.53470946 -4.73151150 3.91360058 -3.63272297 2.63687753 -3.12153127 
4.79969662 15.60799107 -11.43385549 9.38703053 -8.13735239 6.83818497 -6.40384013 5.53475794 -4.73155888 3.91364587 -3.63276538 2.63691643 -3.12156622 
4.72002416 15.14828732 -10.78433336 8.60147713 -7.26173372 5.91102740 -5.45806610 4.59777788 -3.82573697 3.05651450 -2.83796530 1.91431768 -2.47790653 
4.62996155 15.60939784 -11.43587330 9.38950575 -8.14014886 6.84118407 -6.40693688 5.53786158 -4.73459241 3.91654607 -3.63548086 2.63940771 -3.12380435 
4.63589039 15.60940134 -11.43587832 9.38951191 -8.14015582 6.84119153 -6.40694460 5.53786931 -4.73459996 3.91655329 -3.63548762 2.63941391 -3.12380993 
4.64180171 15.60940481 -11.43588330 9.38951802 -8.14016272 6.84119894 -6.40695224 5.53787697 -4.73460745 3.91656045 -3.63549432 2.63942006 -3.12381545 
4.64769561 15.60940825 -11.43588824 9.38952407 -8.14016956 6.84120627 -6.40695981 5.53788457 -4.73461487 3.91656755 -3.63550096 2.63942616 -3.12382093 
4.55578249 15.04733623 -10.64435998 8.43520142 -7.07957585 5.72131830 -5.26761371 4.41197101 -3.64873153 2.89134213 -2.68681600 1.77860156 -2.35843859 
4.55901266 15.01878830 -10.60495213 8.38858619 -7.02871632 5.66855725 -5.21484539 4.36067634 -3.60003636 2.84605185 -2.64550025 1.74161354 -2.32596992 
4.56192743 15.05030492 -10.64846243 8.44005919 -7.08488120 5.72682725 -5.27312847 4.41733650 -3.65382943 2.89608736 -2.69114810 1.78248266 -2.36184779 
4.56514724 15.02188296 -10.60922029 8.39363075 -7.03421574 5.67425788 -5.22054256 4.36621044 -3.60528640 2.85093161 -2.64994903 1.74559401 -2.32946210 
4.56805358 15.05325088 -10.65253429 8.44488166 -7.09014899 5.73229817 -5.27860612 4.42266677 -3.65889466 2.90080291 -2.69545371 1.78634054 -2.36523704 
4.57126311 15.02495411 -10.61345693 8.39863907 -7.03967673 5.67991973 -5.22620199 4.37170884 -3.61050343 2.85578146 -2.65437120 1.74955122 -2.33293435 
4.57416108 15.05617434 -10.65657586 8.44966918 -7.09537956 5.73773141 -5.28404697 4.42796209 -3.66392747 2.90548897 -2.69973300 1.79017535 -2.36860645 
4.47036867 15.60999040 -11.43672330 9.39054849 -8.14132701 6.84244765 -6.40824168 5.53916935 -4.73587069 3.91776822 -3.63662521 2.64045763 -3.12474762 
4.57736039 15.02800200 -10.61766236 8.40361149 -7.04509963 5.68554313 -5.23182399 4.37717181 -3.61568770 2.86060161 -2.65876695 1.75348533 -2.33638678 
4.58025003 15.05907551 -10.66058742 8.45442207 -7.10057325 5.74312729 -5.28945132 4.43322275 -3.66892812 2.91014577 -2.70398617 1.79398726 -2.37195614 
4.47678922 15.60999040 -11.43672330 9.39054849 -8.14132701 6.84244765 -6.40824168 5.53916935 -4.73587069 3.91776822 -3.63662521 2.64045763 -3.12474762 
4.47678922 15.60999040 -11.43672330 9.39054849 -8.14132701 6.84244765 -6.40824168 5.53916935 -4.73587069 3.91776822 -3.63662521 2.64045763 -3.12474762 
4.47678922 15.60999040 -11.43672330 9.39054849 -8.14132701 6.84244765 -6.40824168 5.53916935 -4.73587069 3.91776822 -3.63662521 2.64045763 -3.12474762 
4.47678922 15.60999040 -11.43672330 9.39054849 -8.14132701 6.84244765 -6.40824168 5.53916935 -4.73587069 3.91776822 -3.63662521 2.64045763 -3.12474762 
4.47678922 15.60999040 -11.43672330 9.39054849 -8.14132701 6.84244765 -6.40824168 5.53916935 -4.73587069 3.91776822 -3.63662521 2.64045763 -3.12474762 
4.47678922 15.60999040 -11.43672330 9.39054849 -8.14132701 6.84244765 -6.40824168 5.53916935 -4.73587069 3.91776822 -3.63662521 2.64045763 -3.12474762 
4.37017184 14.91635520 -10.46418909 8.22279398 -6.84857870 5.48242625 -5.02940077 4.18107377 -3.43013680 2.68855960 -2.50228362 1.61378068 -2.21407406 
4.24722699 15.60912161 -11.43547707 9.38901969 -8.13959970 6.84059509 -6.40632872 5.53725205 -4.73399662 3.91597646 -3.63494751 2.63891839 -3.12336474 
4.35983088 14.94518743 -10.50370946 8.26922826 -6.89891200 5.53431673 -5.08098705 4.23092980 -3.47720403 2.73210598 -2.54181070 1.64900130 -2.24485326 
4.35662519 14.90845294 -10.45337123 8.21009905 -6.83483399 5.46827231 -5.01534513 4.16750383 -3.41733883 2.67673029 -2.49155589 1.60422989 -2.20573444 
4.23279522 15.60910898 -11.43545896 9.38899747 -8.13957460 6.84056817 -6.40630092 5.53722419 -4.73396939 3.91595043 -3.63492314 2.63889602 -3.12334465 
4.22554010 15.60910257 -11.43544976 9.38898618 -8.13956184 6.84055449 -6.40628679 5.53721003 -4.73395555 3.91593720 -3.63491075 2.63888466 -3.12333444 
4.21825856 15.60909608 -11.43544045 9.38897477 -8.13954895 6.84054066 -6.40627251 5.53719572 -4.73394156 3.91592382 -3.63489822 2.63887317 -3.12332412 
4.21095042 15.60908952 -11.43543105 9.38896323 -8.13953591 6.84052668 -6.40625808 5.53718125 -4.73392742 3.91591030 -3.63488556 2.63886155 -3.12331368 
4.08173180 14.68789726 -10.15383349 7.86124753 -6.45989652 5.08487358 -4.63717902 3.80477663 -3.07737672 2.36435057 -2.20984727 1.35474544 -1.98897669 
4.06924856 14.80676334 -10.31469192 8.04794801 -6.65989085 5.28872659 -4.83762547 3.99646193 -3.25651123 2.52849786 -2.35748948 1.48517502 -2.10202848 
4.05821690 14.67039244 -10.13025803 7.83401033 -6.43085000 5.05539351 -4.60831191 3.77728196 -3.05178150 2.34098268 -2.18890222 1.33630301 -1.97304156 
3.90429026 15.60509987 -11.42970907 9.38194484 -8.13160735 6.83202435 -6.39747964 5.52838395 -4.72532952 3.90769088 -3.62719018 2.63180196 -3.11697180 
3.74493876 14.35604754 -9.71184629 7.35601680 -5.92662181 4.54894585 -4.11736075 3.31418457 -2.62466968 1.95445247 -1.84532136 1.03613165 -1.71560476 
3.71998097 14.60042542 -10.03631711 7.72579932 -6.31578147 4.93892886 -4.49457247 3.66922859 -2.95144152 2.24958899 -2.10716658 1.26448425 -1.91111075 
3.69834507 14.31109696 -9.65277911 7.28937016 -5.85716229 4.47998918 -4.05126731 3.25252219 -2.56839910 1.90403877 -1.80093682 0.99770359 -1.68293157 
3.67275522 14.56223443 -9.98523615 7.66717485 -6.25366404 4.87627311 -4.43358591 3.61147667 -2.89797782 2.20103466 -2.06386401 1.22653522 -1.87846842 
3.65064795 14.26374123 -9.59075796 7.21961396 -5.78468791 4.40825448 -3.98271050 3.18874099 -2.51035227 1.85216671 -1.75537912 0.95834967 -1.64954410 
3.44771001 15.59268769 -11.41191680 9.36013223 -8.10697762 6.80562399 -6.37023357 5.50109044 -4.69866489 3.88220927 -3.60334129 2.60993047 -3.09732978 
3.41527900 15.59212056 -11.41110420 9.35913640 -8.10585359 6.80441959 -6.36899100 5.49984611 -4.69744960 3.88104823 -3.60225494 2.60893445 -3.09643550 
3.38231346 15.59152515 -11.41025109 9.35809097 -8.10467363 6.80315528 -6.36768667 5.49853996 -4.69617398 3.87982959 -3.60111472 2.60788906 -3.09549692 
3.34879548 15.59089954 -11.40935475 9.35699260 -8.10343395 6.80182704 -6.36631643 5.49716786 -4.69483397 3.87854947 -3.59991701 2.60679098 -3.09451105 
3.50334884 14.41533144 -9.79004037 7.44456303 -6.01922914 4.64119308 -4.20606715 3.39720604 -2.70066296 2.02273274 -1.90560055 1.08845573 -1.76020257 
3.47947658 14.08222701 -9.35499077 6.95654393 -5.51347249 4.14179313 -3.72987908 2.95515142 -2.29918188 1.66464794 -1.59166889 0.81772237 -1.53087426 
3.25656701 15.58906725 -11.40672975 9.35377619 -8.09980399 6.79793802 -6.36230469 5.49315091 -4.69091123 3.87480225 -3.59641119 2.60357697 -3.09162561 
3.02442352 13.42235165 -8.52392002 6.05623874 -4.61150591 3.27956685 -2.93309098 2.23749258 -1.66602893 1.11510000 -1.12207979 0.42228910 -1.20344966 
2.97255258 13.92604763 -9.15461228 6.73559677 -5.28830196 3.92301507 -3.52451990 2.76739316 -2.13114506 1.51684350 -1.46378686 0.70879253 -1.43969053 
3.13495913 15.58638179 -11.40288304 9.34906345 -8.09448601 6.79224121 -6.35642881 5.48726805 -4.68516695 3.86931554 -3.59127844 2.59887185 -3.08740185 
3.09698673 15.58547514 -11.40158447 9.34747270 -8.09269116 6.79031869 -6.35444604 5.48528311 -4.68322893 3.86746456 -3.58954700 2.59728478 -3.08597724 
2.84578310 13.14527291 -8.18704122 5.70354776 -4.26979492 2.96327395 -2.64983528 1.99002286 -1.45402934 0.93609435 -0.97303089 0.29973792 -1.10427023 
2.78851474 13.69253321 -8.85927803 6.41441295 -4.96535278 3.61326106 -3.23738388 2.50802779 -1.90171369 1.31723678 -1.29286163 0.56459208 -1.32008740 
2.74267525 12.97338134 -7.98161887 5.49203083 -4.06816752 2.77952706 -2.48774529 1.85046008 -1.33613272 0.83782500 -0.89218276 0.23397776 -1.05159693 
2.38600631 15.52298985 -11.31227178 9.23827479 -7.96970794 6.65881637 -6.21904759 5.34995018 -4.55129326 3.74163286 -3.47199827 2.48967152 -2.98949323 
2.31172000 15.51647224 -11.30297667 9.22693407 -7.95696122 6.64521271 -6.20506645 5.33600013 -4.53771591 3.72870387 -3.45993813 2.47864598 -2.97962082 
2.23456874 15.50920150 -11.29261212 9.21429389 -7.94275969 6.63006222 -6.18950126 5.32047499 -4.52261059 3.71432438 -3.44652892 2.46639050 -2.96864997 
2.48534096 13.25312445 -8.31732456 5.83909400 -4.40031656 3.08337490 -2.75677491 2.08293263 -1.53319564 1.00260695 -1.02815517 0.34487085 -1.14064833 
2.43334984 12.40154263 -7.31778145 4.82726765 -3.45139005 2.23167254 -2.01622798 1.45394499 -1.00861956 0.57033659 -0.67615806 0.06109267 -0.91522447 
2.00564887 15.48425832 -11.25709252 9.17101847 -7.89418468 6.57828795 -6.13635544 5.26750931 -4.47111728 3.66534139 -3.40088274 2.42469882 -2.93135134 
2.28664831 12.92512834 -7.92444282 5.43364148 -4.01295470 2.72959660 -2.44402713 1.81308785 -1.30477957 0.81185659 -0.87094254 0.21679114 -1.03789864 
2.50673116 15.56602564 -11.37374594 9.31339150 -8.05425963 6.74917642 -6.31203703 5.44284908 -4.64181790 3.82793148 -3.55258281 2.56341619 -3.05558705 
2.45456316 15.56370519 -11.37042695 9.30933092 -8.04968362 6.74428057 -6.30699332 5.43780514 -4.63689811 3.82323707 -3.54819546 2.55939800 -3.05198300 
2.40099814 15.56119703 -11.36684003 9.30494319 -8.04473962 6.73899171 -6.30154542 5.43235765 -4.63158530 3.81816821 -3.54345864 2.55506014 -3.04809258 
2.34595922 15.55848045 -11.36295571 9.30019242 -8.03938737 6.73326694 -6.29564932 5.42646276 -4.62583688 3.81268438 -3.53833459 2.55036816 -3.04388498 
2.28936301 15.55553185 -11.35874040 9.29503771 -8.03358099 6.72705742 -6.28925490 5.42007056 -4.61960434 3.80673947 -3.53278037 2.54528287 -3.03932514 
2.23111882 15.55232418 -11.35415564 9.28943227 -8.02726803 6.72030728 -6.28230490 5.41312405 -4.61283233 3.80028087 -3.52674702 2.53975956 -3.03437313 
2.17112782 15.54882639 -11.34915728 9.28332239 -8.02038830 6.71295249 -6.27473368 5.40555790 -4.60545742 3.79324835 -3.52017846 2.53374708 -3.02898322 
2.10928201 15.54500262 -11.34369440 9.27664619 -8.01287249 6.70491931 -6.26646570 5.39729699 -4.59740672 3.78557266 -3.51301029 2.52718672 -3.02310296 
2.04546307 15.54081138 -11.33770806 9.26933207 -8.00464045 6.69612255 -6.25741374 5.38825458 -4.58859610 3.77717397 -3.50516825 2.52001077 -3.01667190 
2.34100593 12.90304323 -7.89834520 5.40706033 -3.98788435 2.70698051 -2.42427195 1.79623891 -1.29067527 0.80019802 -0.86142425 0.20910190 -1.03177955 
2.30177265 12.24793610 -7.14456194 4.65861528 -3.29916773 2.09997061 -1.90572677 1.36327248 -0.93546437 0.51183645 -0.62980545 0.02459430 -0.88687430 
2.24654794 12.73417093 -7.70027401 5.20676232 -3.80028745 2.53887071 -2.27836734 1.67256356 -1.18775419 0.71557785 -0.79267561 0.15380178 -0.98795019 
2.48651099 15.58989991 -11.40792261 9.35523776 -8.10145343 6.79970513 -6.36412751 5.49497606 -4.69269353 3.87650476 -3.59800399 2.60503716 -3.09293650 
2.45152736 15.58918933 -11.40690464 9.35399047 -8.10004581 6.79819709 -6.36257192 5.49341847 -4.69117251 3.87505182 -3.59664468 2.60379101 -3.09181777 
2.41592093 15.58844046 -11.40583186 9.35267609 -8.09856254 6.79660806 -6.36093284 5.49177736 -4.68956998 3.87352107 -3.59521262 2.60247821 -3.09063922 
2.37966914 15.58765051 -11.40470029 9.35128974 -8.09699811 6.79493216 -6.35920424 5.49004668 -4.68788003 3.87190688 -3.59370254 2.60109393 -3.08939654 
2.64718274 13.29969364 -8.37391231 5.89830331 -4.45764809 3.13640963 -2.80424079 2.12437592 -1.56867665 1.03254786 -1.05307083 0.36534566 -1.15720937 
2.62645268 12.96827072 -7.97555303 5.48582626 -4.06229124 2.77420499 -2.48307862 1.84646523 -1.33277678 0.83504203 -0.88990394 0.23213201 -1.05012442 
2.28605651 15.58547514 -11.40158447 9.34747270 -8.09269116 6.79031869 -6.35444604 5.48528311 -4.68322893 3.86746456 -3.58954700 2.59728478 -3.08597724 
2.24734925 15.58451537 -11.40020992 9.34578898 -8.09079150 6.78828401 -6.35234770 5.48318256 -4.68117813 3.86550596 -3.58771496 2.59560555 -3.08446996 
2.53290192 13.11791707 -8.15416665 5.66951608 -4.23718478 2.93340761 -2.62336233 1.96712363 -1.43459942 0.91983336 -0.95960260 0.28877916 -1.09546452 
2.51117407 12.76494399 -7.73617267 5.24287473 -3.83393684 2.56887734 -2.30428729 1.69443430 -1.20587523 0.73041748 -0.80468807 0.16343364 -0.99556108 
2.14717142 15.58185490 -11.39640009 9.34112271 -8.08552735 6.78264626 -6.34653410 5.47736339 -4.67549724 3.86008090 -3.58264084 2.59095502 -3.08029589 
2.10565191 15.58067312 -11.39470800 9.33905048 -8.08318986 6.78014313 -6.34395317 5.47478022 -4.67297570 3.85767311 -3.58038900 2.58889130 -3.07844375 
2.06325226 15.57941555 -11.39290750 9.33684566 -8.08070298 6.77748022 -6.34120765 5.47203250 -4.67029367 3.85511222 -3.57799409 2.58669659 -3.07647413 
2.01993435 15.57807557 -11.39098918 9.33449674 -8.07805377 6.77464369 -6.33828333 5.46910601 -4.66743733 3.85238505 -3.57544381 2.58435961 -3.07437693 
2.33927033 12.78478793 -7.75936796 5.26625294 -3.85576139 2.58837397 -2.32115762 1.70869271 -1.21770774 0.74012121 -0.81255335 0.16974736 -1.00055541 
2.31578534 12.39291854 -7.30799915 4.81768955 -3.44269758 2.22411286 -2.00985365 1.44868964 -1.00436038 0.56691709 -0.67343904 0.05894544 -0.91355202 
1.90734855 15.57431487 -11.38560626 9.32790654 -8.07062217 6.76668771 -6.33008220 5.46089987 -4.65942886 3.84473960 -3.56829503 2.57780941 -3.06849936 
1.86047784 15.57262296 -11.38318494 9.32494265 -8.06728040 6.76311068 -6.32639548 5.45721139 -4.65582969 3.84130401 -3.56508300 2.57486663 -3.06585904 
1.81248245 15.57080828 -11.38058822 9.32176441 -8.06369730 6.75927570 -6.32244326 5.45325764 -4.65197199 3.83762191 -3.56164076 2.57171316 -3.06302987 
1.76330708 15.56885872 -11.37779882 9.31835073 -8.05984920 6.75515751 -6.31819959 5.44901271 -4.64783057 3.83366935 -3.55794595 2.56832858 -3.05999356 
1.31314996 9.67291702 -4.55845501 2.39625437 -1.45216793 0.63938732 -0.77732127 0.50453885 -0.28862892 0.02196541 -0.25834750 -0.25963050 -0.67212891 
1.21513996 10.30913427 -5.14197176 2.86251031 -1.79951106 0.89130366 -0.95635052 0.63036242 -0.37648611 0.08490874 -0.30415831 -0.22506486 -0.69779032 
1.58099929 15.56075934 -11.36621415 9.30417764 -8.04387709 6.73806909 -6.30059514 5.43140750 -4.63065871 3.81728423 -3.54263261 2.55430373 -3.04741423 
1.52570680 15.55800581 -11.36227712 9.29936253 -8.03845250 6.73226710 -6.29461964 5.42543337 -4.62483314 3.81172691 -3.53744000 2.54954906 -3.04315048 
1.46884243 15.55501601 -11.35800304 9.29413612 -8.03256553 6.72597156 -6.28813681 5.41895296 -4.61851474 3.80570023 -3.53180951 2.54439403 -3.03852820 
1.88661032 11.87172964 -6.72939771 4.26270294 -2.94896674 1.80268142 -1.66078900 1.16573764 -0.77868250 0.38823995 -0.53309265 -0.05079671 -0.82886468 
1.85876592 11.37622363 -6.20217559 3.77723490 -2.53393665 1.46142351 -1.38805547 0.95204460 -0.61362903 0.26108703 -0.43553350 -0.12574320 -0.77198582 
1.81640800 11.71190547 -6.55691428 4.10172029 -2.80953553 1.68664098 -1.56698452 1.09144732 -0.72072399 0.34321884 -0.49831062 -0.07764656 -0.80839454 
2.12297547 15.60273628 -11.42631989 9.37778858 -8.12691296 6.82699110 -6.39228380 5.52317777 -4.72024209 3.90282809 -3.62263801 2.62762641 -3.11322119 
2.10206993 15.60258339 -11.42610068 9.37751978 -8.12660937 6.82666562 -6.39194783 5.52284115 -4.71991318 3.90251371 -3.62234373 2.62735649 -3.11297875 
2.08094356 15.60242563 -11.42587448 9.37724240 -8.12629610 6.82632977 -6.39160115 5.52249381 -4.71957378 3.90218932 -3.62204008 2.62707798 -3.11272860 
2.05959165 15.60226277 -11.42564098 9.37695608 -8.12597274 6.82598309 -6.39124330 5.52213528 -4.71922345 3.90185448 -3.62172665 2.62679050 -3.11247039 
2.03800934 15.60209460 -11.42539986 9.37666042 -8.12563884 6.82562512 -6.39087380 5.52176507 -4.71886172 3.90150875 -3.62140303 2.62649367 -3.11220379 
2.01619159 15.60192088 -11.42515080 9.37635503 -8.12529393 6.82525536 -6.39049213 5.52138268 -4.71848809 3.90115164 -3.62106876 2.62618708 -3.11192842 
1.99413321 15.60174138 -11.42489344 9.37603945 -8.12493754 6.82487329 -6.39009776 5.52098757 -4.71810202 3.90078266 -3.62072338 2.62587030 -3.11164390 
1.97182884 15.60155582 -11.42462740 9.37571325 -8.12456915 6.82447835 -6.38969012 5.52057916 -4.71770297 3.90040127 -3.62036638 2.62554287 -3.11134981 
1.94927293 15.60136393 -11.42435230 9.37537593 -8.12418821 6.82406997 -6.38926860 5.52015685 -4.71729034 3.90000690 -3.61999725 2.62520431 -3.11104573 
1.92645974 15.60116543 -11.42406771 9.37502699 -8.12379415 6.82364753 -6.38883257 5.51972001 -4.71686352 3.89959897 -3.61961542 2.62485410 -3.11073120 
1.53265781 10.51092876 -5.33461935 3.02238871 -1.92304010 0.98384408 -1.02409557 0.67926662 -0.41148100 0.11035264 -0.32283776 -0.21101325 -0.70822357 
0.86784289 15.51109594 -11.29531221 9.21758626 -7.94645816 6.63400724 -6.19355368 5.32451644 -4.52654224 3.71806665 -3.45001827 2.46957928 -2.97150421 
0.78839362 15.50318322 -11.28403669 9.20383991 -7.93101897 6.61754163 -6.17664250 5.30765364 -4.51013995 3.70245657 -3.43546506 2.45628129 -2.95960271 
0.70565862 15.49429269 -11.27137474 9.18841127 -7.91369887 6.59907872 -6.15768847 5.28876193 -4.49177162 3.68498211 -3.41917959 2.44140549 -2.94629336 
0.61935451 15.48425832 -11.25709252 9.17101847 -7.89418468 6.57828795 -6.13635544 5.26750931 -4.47111728 3.66534139 -3.40088274 2.42469882 -2.93135134 
0.52915957 15.47287770 -11.24090546 9.15131898 -7.87209640 6.55476882 -6.11223674 5.24349466 -4.44779083 3.64317059 -3.38023850 2.40585698 -2.91450659 
1.18209199 10.01547227 -4.86813717 2.64028384 -1.63149067 0.76785496 -0.86758525 0.56732245 -0.33204862 0.05290362 -0.28079910 -0.24265324 -0.68473935 
1.57630943 15.59747997 -11.41878463 9.36854998 -8.11648044 6.81580786 -6.38074158 5.51161476 -4.70894487 3.89203150 -3.61253270 2.61835854 -3.10489767 
1.54878736 15.59713229 -11.41828631 9.36793912 -8.11579075 6.81506865 -6.37997875 5.51085066 -4.70819843 3.89131823 -3.61186518 2.61774640 -3.10434796 
1.97498212 11.92860248 -6.79133441 4.32101540 -2.99990251 1.84541022 -1.69559275 1.19350002 -0.80048896 0.40527641 -0.54631919 -0.04054919 -0.83670419 
1.96601954 11.77138109 -6.62083021 4.16113191 -2.86078899 1.72913691 -1.60121443 1.11846417 -0.74173372 0.35949441 -0.51085554 -0.06797906 -0.81575314 
1.49258035 15.59639208 -11.41722540 9.36663865 -8.11432250 6.81349503 -6.37835491 5.50922416 -4.70660957 3.88980001 -3.61044436 2.61644349 -3.10317796 
1.46387320 15.59599781 -11.41666033 9.36594600 -8.11354053 6.81265696 -6.37749011 5.50835798 -4.70576345 3.88899152 -3.60968777 2.61574970 -3.10255495 
0.97930698 8.73076648 -3.76068714 1.80497199 -1.04240750 0.36017874 -0.58969073 0.37899787 -0.20482802 -0.03691779 -0.21577668 -0.29247395 -0.64754295 
0.90848110 9.12615813 -4.08586013 2.03929724 -1.20035727 0.46526298 -0.65881080 0.42438942 -0.23460434 -0.01609488 -0.23083755 -0.28069062 -0.65641171 
0.87194406 8.33358146 -3.44802927 1.58872624 -0.90229405 0.26992727 -0.53195257 0.34194241 -0.18104021 -0.05354005 -0.20369305 -0.30217066 -0.64017874 
-0.18363648 15.34140523 -11.05478309 8.92581188 -7.62031374 6.28775365 -5.83946744 4.97289920 -4.18586827 3.39504415 -3.14991442 2.19625484 -2.72763641 
-0.31989432 15.30552473 -11.00426902 8.86492992 -7.55268036 6.21637297 -5.76688453 4.90121246 -4.11677141 3.32984732 -3.08962305 2.14158203 -2.67905629 
-0.46610499 15.26215541 -10.94337343 8.79171992 -7.47154794 6.13094217 -5.68020653 4.81578562 -4.03459703 3.25245894 -3.01818650 2.07691251 -2.62168574 
0.55421417 7.80775195 -3.05563842 1.33048152 -0.74274598 0.17090978 -0.47052606 0.30346187 -0.15692014 -0.07050210 -0.19123196 -0.31254766 -0.63220901 
1.04750901 15.58881985 -11.40637534 9.35334196 -8.09931396 6.79741305 -6.36176318 5.49260872 -4.69038179 3.87429651 -3.59593806 2.60314323 -3.09123623 
1.58889016 10.99409931 -5.81074356 3.42972109 -2.24722994 1.23335917 -1.21143408 0.81770590 -0.51271979 0.18508331 -0.37828097 -0.16921089 -0.73936664 
1.57866229 10.80356959 -5.62048690 3.26489788 -2.11445625 1.13004651 -1.13307506 0.75925762 -0.46960888 0.15306350 -0.35441934 -0.18722908 -0.72591929 
1.56222219 10.92338224 -5.73974671 3.36789862 -2.19718057 1.19423790 -1.18163545 0.79539107 -0.49620025 0.17278034 -0.36909402 -0.17615405 -0.73418007 
1.55190786 10.73036322 -5.54825353 3.20303297 -2.06517316 1.09208867 -1.10456051 0.73817766 -0.45418909 0.14168050 -0.34597467 -0.19359459 -0.72117771 
1.53521284 10.85090636 -5.66745098 3.30533181 -2.14683111 1.15509777 -1.15197611 0.77328715 -0.47990986 0.16068849 -0.36008730 -0.18295359 -0.72910661 
1.52481130 10.65534006 -5.47472708 3.14046694 -2.01564402 1.05415954 -1.07622009 0.71733032 -0.43900955 0.13051180 -0.33770858 -0.19982087 -0.71654401 
0.33997794 6.06238787 -1.92859052 0.67826922 -0.38525591 -0.03394051 -0.35068068 0.23122464 -0.11390285 -0.10241095 -0.16696039 -0.33517109 -0.61446987 
0.23604158 6.43510305 -2.14666741 0.79328571 -0.44276779 -0.00273853 -0.36828827 0.24165013 -0.11984643 -0.09767317 -0.17066311 -0.33136677 -0.61748095 
0.78131803 15.58241924 -11.39720818 9.34211240 -8.08664377 6.78384184 -6.34776691 5.47859732 -4.67670179 3.86123115 -3.58371664 2.59194096 -3.08118079 
0.15080889 5.10878694 -1.42639766 0.43632851 -0.27410019 -0.09244192 -0.31806916 0.21184005 -0.10334487 -0.11164481 -0.15969061 -0.34335742 -0.60799373 
0.03433085 5.45372807 -1.59880233 0.51561658 -0.30891337 -0.07433334 -0.32813919 0.21786125 -0.10652993 -0.10869464 -0.16201078 -0.34061438 -0.61015991 
0.00014159 4.28008420 -1.05501966 0.28011007 -0.21101390 -0.12525252 -0.29965744 0.20060194 -0.09780723 -0.11745928 -0.15522003 -0.34916899 -0.60343969 
-0.12734965 4.59248911 -1.18792453 0.33362639 -0.23172024 -0.11441426 -0.30578689 0.20439038 -0.09959550 -0.11544497 -0.15674287 -0.34709243 -0.60505945 
0.47418348 15.57262296 -11.38318494 9.32494265 -8.06728040 6.76311068 -6.32639548 5.45721139 -4.65582969 3.84130401 -3.56508300 2.57486663 -3.06585904 
0.42618809 15.57080828 -11.38058822 9.32176441 -8.06369730 6.75927570 -6.32244326 5.45325764 -4.65197199 3.83762191 -3.56164076 2.57171316 -3.06302987 
0.37701272 15.56885872 -11.37779882 9.31835073 -8.05984920 6.75515751 -6.31819959 5.44901271 -4.64783057 3.83366935 -3.55794595 2.56832858 -3.05999356 
0.32659789 15.56676062 -11.37479730 9.31467789 -8.05570945 6.75072769 -6.31363528 5.44444753 -4.64337712 3.82941937 -3.55397347 2.56468991 -3.05672956 
-0.37992729 1.83032819 -0.31023492 0.03701712 -0.13388926 -0.17371495 -0.27087374 0.18140721 -0.09160885 -0.12908584 -0.14814917 -0.36218422 -0.59369202 
-0.53927801 2.00061996 -0.34495895 0.04599930 -0.13598987 -0.17155153 -0.27218321 0.18236840 -0.09172012 -0.12841712 -0.14841690 -0.36141794 -0.59423522 
0.11118231 15.55654209 -11.36018454 9.29680358 -8.03557000 6.72918441 -6.29144512 5.42225991 -4.62173891 3.80877544 -3.53468246 2.54702430 -3.04088658 
0.05349800 15.55342402 -11.35572754 9.29135399 -8.02943218 6.72262116 -6.28468716 5.41550499 -4.61515334 3.80249436 -3.52881468 2.54165234 -3.03607007 
-0.00589920 15.55002666 -11.35087235 9.28541870 -8.02274859 6.71547560 -6.27733088 5.40815322 -4.60798700 3.79566036 -3.52243124 2.53580905 -3.03083160 
-0.06711413 15.54631586 -11.34557043 9.27893872 -8.01545314 6.70767742 -6.26930423 5.40013292 -4.60017032 3.78820738 -3.51547067 2.52943836 -3.02512108 
-0.13026152 15.54225212 -11.33976568 9.27184586 -8.00746950 6.69914544 -6.26052410 5.39136144 -4.59162312 3.78005930 -3.50786218 2.52247575 -3.01888089 
-0.19546735 15.53778954 -11.33339299 9.26406105 -7.99870917 6.68978564 -6.25089423 5.38174314 -4.58225267 3.77112811 -3.49952396 2.51484664 -3.01204445 
0.75807036 8.35688020 -3.46598294 1.60089690 -0.91002797 0.27483165 -0.53504889 0.34390844 -0.18228933 -0.05266599 -0.20433082 -0.30165143 -0.64057492 
0.74564549 8.07550088 -3.25237773 1.45808944 -0.82047457 0.21862387 -0.49986196 0.32171343 -0.16827950 -0.06248826 -0.19714202 -0.30756524 -0.63604842 
0.71892961 8.20783281 -3.35196082 1.52412237 -0.86155576 0.24424876 -0.51582144 0.33173999 -0.17458306 -0.05806295 -0.20038714 -0.30487824 -0.63810899 
1.74065619 11.22882292 -6.04962447 3.64046891 -2.42003097 1.37002680 -1.31669578 0.89735488 -0.57225811 0.22975520 -0.41182963 -0.14378358 -0.75841577 
2.09505257 15.60253136 -11.42602607 9.37742829 -8.12650605 6.82655485 -6.39183348 5.52272659 -4.71980123 3.90240671 -3.62224357 2.62726463 -3.11289624 
2.45970684 12.67035433 -7.62610497 5.13241921 -3.73125721 2.47751830 -2.22554084 1.62812712 -1.15104480 0.68559595 -0.76846446 0.13442949 -0.97267304 
2.73614052 15.59431613 -11.41425030 9.36299208 -8.11020581 6.80908324 -6.37380263 5.50466476 -4.70215596 3.88554466 -3.60646226 2.61279207 -3.09989917 
2.51603939 13.09018149 -8.12090628 5.63515534 -4.20432496 2.90336996 -2.59678664 1.94417643 -1.41516202 0.90359166 -0.94620973 0.27786354 -1.08670435 
2.21774541 15.60339081 -11.42725837 9.37893942 -8.12821273 6.82838463 -6.39372228 5.52461906 -4.72165045 3.90417420 -3.62389810 2.62878221 -3.11425933 
1.65125835 6.13109866 -1.96787189 0.69856081 -0.39520217 -0.02859390 -0.35368345 0.23300127 -0.11490592 -0.10159558 -0.16760004 -0.33449979 -0.61500154 
0.91748572 -10.07583859 -4.20017858 -2.17878072 -1.26520996 -0.87586115 -0.61194926 -0.07335087 -0.26334729 -0.27499206 -0.23934394 -0.44770950 -0.61268663 
2.33059081 8.38993067 -3.49153379 1.61827009 -0.92110003 0.28186901 -0.53950037 0.34673923 -0.18409055 -0.05140602 -0.20524962 -0.30090508 -0.64114401 
3.75191926 8.62568093 -3.67660219 1.74592754 -1.00359326 0.33488649 -0.57335167 0.36842874 -0.19799223 -0.04169190 -0.21231435 -0.29522498 -0.64546066 
4.38355497 14.56013872 -9.98243710 7.66396686 -6.25026944 4.87285349 -4.43026151 3.60833238 -2.89507036 2.19839708 -2.06151416 1.22447791 -1.87670045 
4.65779089 14.73474521 -10.21707137 7.93446651 -6.53814416 5.16445017 -4.71525398 3.87928057 -3.14686010 2.42789707 -2.26689864 1.40505778 -2.03251313 
4.72085436 15.38071742 -11.11026708 8.99284265 -7.69494744 6.36669352 -5.91990402 5.05250100 -4.26274015 3.46770746 -3.21722458 2.25738979 -2.78204056 
4.49634180 14.19863454 -9.50583423 7.12447144 -5.68621325 4.31114067 -3.89022752 3.10299510 -2.43257318 1.78287838 -1.69470534 0.90608364 -1.60531992 
3.88689337 9.85513648 -4.72188270 2.52405820 -1.54538782 0.70573149 -0.82365510 0.53659168 -0.31068506 0.03764020 -0.26970847 -0.25102579 -0.67852381 
2.46870887 -0.19938371 -0.09234208 -0.02281951 -0.12480716 -0.19515313 -0.25963891 0.17190308 -0.09271014 -0.13669208 -0.14697612 -0.37038671 -0.58835454 
2.08334018 -0.19938371 -0.09234208 -0.02281951 -0.12480716 -0.19515313 -0.25963891 0.17190308 -0.09271014 -0.13669208 -0.14697612 -0.37038671 -0.58835454 
3.71667039 8.60247299 -3.65816447 1.73306714 -0.99519369 0.32944189 -0.56985019 0.36617213 -0.19653781 -0.04270770 -0.21157694 -0.29581345 -0.64501457 
4.46556790 13.42316252 -8.52491634 6.05729244 -4.61253692 3.28053019 -2.93396157 2.23825987 -1.66669178 1.11566404 -1.12255283 0.42268059 -1.20376846 
4.99407677 13.03427224 -8.05407600 5.56632840 -4.13870387 2.84355831 -2.54401666 1.89873431 -1.37676989 0.87158782 -0.91987734 0.25644394 -1.06954646 
5.26138906 15.55759908 -11.36169563 9.29865142 -8.03765145 6.73141040 -6.29373739 5.42455139 -4.62397316 3.81090659 -3.53667356 2.54884731 -3.04252122 
5.38792593 15.09960521 -10.71671285 8.52101364 -7.17344048 5.81893045 -5.36546947 4.50730969 -3.73943536 2.97587735 -2.76408321 1.84790240 -2.41937828 
5.44026605 15.51440369 -11.30002743 9.22333672 -7.95291891 6.64089966 -6.20063473 5.33157923 -4.53341402 3.72460821 -3.45611840 2.47515453 -2.97649504 
5.22663568 14.01991992 -9.27477588 6.86780290 -5.42274477 4.05336968 -3.64663168 2.87881985 -2.23067879 1.60423607 -1.53927146 0.77298812 -1.49334594 
4.71866287 12.07269845 -6.94957592 4.47120017 -3.13212203 1.95714843 -1.78725300 1.26711047 -0.85867780 0.45098664 -0.58197554 -0.01282300 -0.85798788 
3.69969661 5.55041171 -1.64900649 0.53946492 -0.31970903 -0.06868504 -0.33128045 0.21972994 -0.10753900 -0.10779659 -0.16271895 -0.33980469 -0.61080042 
2.87253023 -9.57939761 -3.78825693 -1.87958346 -1.06252512 -0.74222731 -0.52634393 -0.01706216 -0.22527330 -0.24826776 -0.22069226 -0.43466899 -0.60447047 
4.65925326 6.80560089 -2.37560080 0.92005526 -0.50916209 0.03414913 -0.38939134 0.25420088 -0.12715457 -0.09208024 -0.17498613 -0.32713756 -0.62081918 
