10.81063805 0.40249152 -0.11924084 -0.01115973 -0.12530962 -0.18930173 -0.26222042 0.17444525 -0.09195986 -0.13444434 -0.14695379 -0.36809755 -0.58973517 
4.69423179 15.60943472 -11.43592620 9.38957064 -8.14022218 6.84126270 -6.40701809 5.53794297 -4.73467195 3.91662213 -3.63555207 2.63947304 -3.12386305 
4.79551893 15.10274468 -10.72106687 8.52618695 -7.17910909 5.82483520 -5.37139845 4.51309505 -3.74494759 2.98102188 -2.76879165 1.85213065 -2.42310078 
4.71703494 14.11397748 -9.39600717 7.00207018 -5.56016799 4.18744365 -3.77298651 2.99479262 -2.33485720 1.69619263 -1.61909715 0.84119392 -1.55060895 
4.61952992 15.04870467 -10.64625092 8.43744040 -7.08202100 5.72385716 -5.27015513 4.41444353 -3.65108064 2.89352864 -2.68881207 1.78038976 -2.36000931 
4.71710002 15.60944728 -11.43594422 9.38959274 -8.14024715 6.84128949 -6.40704574 5.53797069 -4.73469905 3.91664803 -3.63557632 2.63949530 -3.12388304 
4.72277646 15.60945035 -11.43594863 9.38959815 -8.14025326 6.84129604 -6.40705251 5.53797747 -4.73470568 3.91665437 -3.63558226 2.63950074 -3.12388793 
4.63423401 15.08421912 -10.69538789 8.49569132 -7.14570986 5.79006073 -5.33649682 4.47905334 -3.71252630 2.95077504 -2.74111891 1.82728870 -2.40123736 
4.63733456 15.05725036 -10.65806362 8.45143177 -7.09730551 5.73973222 -5.28605082 4.42991256 -3.66578145 2.90721538 -2.70130971 1.79158842 -2.36984812 
4.73408122 15.60945642 -11.43595733 9.38960883 -8.14026533 6.84130898 -6.40706587 5.53799087 -4.73471877 3.91666689 -3.63559398 2.63951150 -3.12389759 
4.64603556 15.08957935 -10.70281457 8.50450725 -7.15536120 5.80010549 -5.34657446 4.48887909 -3.72188104 2.95949947 -2.74909835 1.83444975 -2.40753803 
4.64911708 15.06284271 -10.66579766 8.46059649 -7.10732172 5.75013989 -5.29647629 4.44006222 -3.67543071 2.91620226 -2.70951860 1.79894645 -2.37631465 
4.65191038 15.09222968 -10.70648764 8.50886855 -7.16013699 5.80507715 -5.35156356 4.49374456 -3.72651428 2.96382139 -2.75305197 1.83799852 -2.41066096 
4.65498248 15.06560806 -10.66962315 8.46513086 -7.11227870 5.75529188 -5.30163835 4.44508889 -3.68021063 2.92065500 -2.71358668 1.80259357 -2.37952045 
4.65776803 15.09486041 -10.71013421 8.51319913 -7.16487991 5.81001538 -5.35651986 4.49857877 -3.73111838 2.96811672 -2.75698176 1.84152632 -2.41376579 
4.66083076 15.06835311 -10.67342128 8.46963362 -7.11720197 5.76040970 -5.30676700 4.45008378 -3.68496103 2.92508086 -2.71763075 1.80621960 -2.38270810 
4.66360862 15.09747172 -10.71375451 8.51749925 -7.16959025 5.81492047 -5.36144365 4.50338195 -3.73569358 2.97238564 -2.76088789 1.84503329 -2.41685262 
4.56457761 15.60999040 -11.43672330 9.39054849 -8.14132701 6.84244765 -6.40824168 5.53916935 -4.73587069 3.91776822 -3.63662521 2.64045763 -3.12474762 
4.56457761 15.60999040 -11.43672330 9.39054849 -8.14132701 6.84244765 -6.40824168 5.53916935 -4.73587069 3.91776822 -3.63662521 2.64045763 -3.12474762 
4.56457761 15.60999040 -11.43672330 9.39054849 -8.14132701 6.84244765 -6.40824168 5.53916935 -4.73587069 3.91776822 -3.63662521 2.64045763 -3.12474762 
4.56457761 15.60999040 -11.43672330 9.39054849 -8.14132701 6.84244765 -6.40824168 5.53916935 -4.73587069 3.91776822 -3.63662521 2.64045763 -3.12474762 
4.56457761 15.60999040 -11.43672330 9.39054849 -8.14132701 6.84244765 -6.40824168 5.53916935 -4.73587069 3.91776822 -3.63662521 2.64045763 -3.12474762 
4.56457761 15.60999040 -11.43672330 9.39054849 -8.14132701 6.84244765 -6.40824168 5.53916935 -4.73587069 3.91776822 -3.63662521 2.64045763 -3.12474762 
4.56457761 15.60999040 -11.43672330 9.39054849 -8.14132701 6.84244765 -6.40824168 5.53916935 -4.73587069 3.91776822 -3.63662521 2.64045763 -3.12474762 
4.56457761 15.60999040 -11.43672330 9.39054849 -8.14132701 6.84244765 -6.40824168 5.53916935 -4.73587069 3.91776822 -3.63662521 2.64045763 -3.12474762 
4.66666203 15.07107807 -10.67719231 8.47410506 -7.12209183 5.76549362 -5.31186249 4.45504715 -3.68968213 2.92948004 -2.72165096 1.80982469 -2.38587771 
4.66943224 15.10006381 -10.71734879 8.52176919 -7.17426830 5.81979268 -5.36633517 4.50815435 -3.74024009 2.97662835 -2.76477051 1.84851957 -2.41992159 
4.57070319 15.60999040 -11.43672330 9.39054849 -8.14132701 6.84244765 -6.40824168 5.53916935 -4.73587069 3.91776822 -3.63662521 2.64045763 -3.12474762 
4.57070319 15.60999040 -11.43672330 9.39054849 -8.14132701 6.84244765 -6.40824168 5.53916935 -4.73587069 3.91776822 -3.63662521 2.64045763 -3.12474762 
4.57070319 15.60999040 -11.43672330 9.39054849 -8.14132701 6.84244765 -6.40824168 5.53916935 -4.73587069 3.91776822 -3.63662521 2.64045763 -3.12474762 
4.67247640 15.07378313 -10.68093650 8.47854545 -7.12694856 5.77054394 -5.31692508 4.45997922 -3.69437416 2.93385272 -2.72564747 1.81340898 -2.38902939 
4.67523898 15.10263685 -10.72091730 8.52600922 -7.17891433 5.82463230 -5.37119470 4.51289622 -3.74475813 2.98084504 -2.76862979 1.85198529 -2.42297280 
4.57681006 15.60999040 -11.43672330 9.39054849 -8.14132701 6.84244765 -6.40824168 5.53916935 -4.73587069 3.91776822 -3.63662521 2.64045763 -3.12474762 
4.57681006 15.60999040 -11.43672330 9.39054849 -8.14132701 6.84244765 -6.40824168 5.53916935 -4.73587069 3.91776822 -3.63662521 2.64045763 -3.12474762 
4.57681006 15.60999040 -11.43672330 9.39054849 -8.14132701 6.84244765 -6.40824168 5.53916935 -4.73587069 3.91776822 -3.63662521 2.64045763 -3.12474762 
4.67827394 15.07646847 -10.68465408 8.48295506 -7.13177246 5.77556092 -5.32195506 4.46488024 -3.69903732 2.93819909 -2.72962046 1.81697259 -2.39216326 
4.68102896 15.10519103 -10.72446027 8.53021961 -7.18352862 5.82943960 -5.37602249 4.51760779 -3.74924792 2.98503590 -2.77246591 1.85543060 -2.42600637 
4.58289835 15.60999040 -11.43672330 9.39054849 -8.14132701 6.84244765 -6.40824168 5.53916935 -4.73587069 3.91776822 -3.63662521 2.64045763 -3.12474762 
4.58289835 15.60999040 -11.43672330 9.39054849 -8.14132701 6.84244765 -6.40824168 5.53916935 -4.73587069 3.91776822 -3.63662521 2.64045763 -3.12474762 
4.58289835 15.60999040 -11.43672330 9.39054849 -8.14132701 6.84244765 -6.40824168 5.53916935 -4.73587069 3.91776822 -3.63662521 2.64045763 -3.12474762 
4.58289835 15.60999040 -11.43672330 9.39054849 -8.14132701 6.84244765 -6.40824168 5.53916935 -4.73587069 3.91776822 -3.63662521 2.64045763 -3.12474762 
4.58289835 15.60999040 -11.43672330 9.39054849 -8.14132701 6.84244765 -6.40824168 5.53916935 -4.73587069 3.91776822 -3.63662521 2.64045763 -3.12474762 
4.58289835 15.60999040 -11.43672330 9.39054849 -8.14132701 6.84244765 -6.40824168 5.53916935 -4.73587069 3.91776822 -3.63662521 2.64045763 -3.12474762 
4.58289835 15.60999040 -11.43672330 9.39054849 -8.14132701 6.84244765 -6.40824168 5.53916935 -4.73587069 3.91776822 -3.63662521 2.64045763 -3.12474762 
4.48176827 14.97859256 -10.54959660 8.32325421 -6.95759103 5.59492654 -5.14135251 4.28937401 -3.53247293 2.78332295 -2.58837149 1.69054912 -2.28121159 
4.47840475 15.00875971 -10.59112692 8.37225315 -7.01091793 5.65011503 -5.19642143 4.34278635 -3.58307067 2.83028801 -2.63113324 1.72876278 -2.31469876 
4.57681006 15.60999040 -11.43672330 9.39054849 -8.14132701 6.84244765 -6.40824168 5.53916935 -4.73587069 3.91776822 -3.63662521 2.64045763 -3.12474762 
4.47537285 14.97516081 -10.54487769 8.31769283 -6.95154489 5.58867575 -5.13512142 4.28333611 -3.52675843 2.77802332 -2.58355013 1.68624389 -2.27744163 
4.47199803 15.00546479 -10.58658668 8.36689168 -7.00507791 5.64406620 -5.19038095 4.33692314 -3.57751239 2.82512524 -2.62642946 1.72455671 -2.31101077 
4.46895697 14.97170189 -10.54012253 8.31209001 -6.94545504 5.58238108 -5.12884788 4.27725826 -3.52100719 2.77269055 -2.57869944 1.68191315 -2.27364991 
4.35226831 15.60920822 -11.43560130 9.38917208 -8.13977188 6.84077975 -6.40651939 5.53744315 -4.73418341 3.91615505 -3.63511473 2.63907180 -3.12350257 
4.45912288 14.99879569 -10.57740016 8.35604708 -6.99326909 5.63183887 -5.17817407 4.32507782 -3.56628615 2.81470048 -2.61693381 1.71606773 -2.30356902 
4.45606332 14.96470137 -10.53050203 8.30075844 -6.93314258 5.56965860 -5.11617198 4.26498142 -3.50939338 2.76192470 -2.56890932 1.67317455 -2.26600070 
4.33857748 15.60919744 -11.43558584 9.38915311 -8.13975045 6.84075677 -6.40649566 5.53741937 -4.73416017 3.91613282 -3.63509391 2.63905271 -3.12348541 
4.33169676 15.60919196 -11.43557799 9.38914348 -8.13973956 6.84074510 -6.40648361 5.53740729 -4.73414836 3.91612153 -3.63508335 2.63904301 -3.12347670 
4.32479228 15.60918643 -11.43557006 9.38913375 -8.13972857 6.84073331 -6.40647143 5.53739508 -4.73413643 3.91611013 -3.63507267 2.63903321 -3.12346790 
4.43312191 14.98513271 -10.55859292 8.33386013 -6.96912506 5.60685462 -5.15324647 4.30090245 -3.54338687 2.79344716 -2.59758427 1.69877756 -2.28841856 
4.43002469 14.95036149 -10.51080990 8.27758028 -6.90797517 5.54367003 -5.09029487 4.23993413 -3.48571259 2.73998499 -2.54896845 1.65538423 -2.25043546 
4.31091141 15.60917520 -11.43555394 9.38911398 -8.13970624 6.84070935 -6.40644670 5.53737029 -4.73411220 3.91608696 -3.63505098 2.63901331 -3.12345002 
4.41999392 14.97813420 -10.54896626 8.32251126 -6.95678324 5.59409134 -5.14051987 4.28856711 -3.53170919 2.78261461 -2.58772703 1.68997361 -2.28070760 
4.41687752 14.94301734 -10.50073216 8.26572701 -6.89511351 5.53039753 -5.07708775 4.22715842 -3.47364102 2.72880723 -2.53881446 1.64632985 -2.24251732 
4.29693353 15.60916373 -11.43553749 9.38909380 -8.13968343 6.84068489 -6.40642144 5.53734498 -4.73408746 3.91606331 -3.63502883 2.63899299 -3.12343177 
4.28990778 15.60915790 -11.43552913 9.38908354 -8.13967184 6.84067247 -6.40640861 5.53733212 -4.73407489 3.91605129 -3.63501758 2.63898267 -3.12342249 
4.16567207 14.74817817 -10.23524237 7.95554826 -6.56071816 5.18745095 -4.73786198 3.90089256 -3.16704991 2.44639146 -2.28352804 1.41974394 -2.04523881 
3.88718055 14.48551827 -9.88304525 7.55035131 -6.13034992 4.75234403 -4.31338447 3.49803909 -2.79330819 2.10627225 -1.97960101 1.15289511 -1.81529417 
3.86405240 14.70987699 -10.18347695 7.89554094 -6.49651534 5.12208518 -4.67366076 3.83956426 -3.10979728 2.39398119 -2.23643244 1.37817627 -2.00924034 
3.84380031 14.44724650 -9.83227331 7.49253761 -6.06955744 4.69147298 -4.25455480 3.44271123 -2.74242635 2.06035151 -1.93889026 1.11741685 -1.78494007 
3.82012965 14.67761051 -10.13997580 7.84523356 -6.44281472 5.06753289 -4.62019515 3.78859680 -3.06231159 2.35059376 -2.19751454 1.34388441 -1.97959070 
3.79946423 14.40703925 -9.77908315 7.43213338 -6.00620721 4.62820051 -4.19355342 3.38547628 -2.68991030 2.01305791 -1.89704808 1.08102268 -1.75385955 
3.77522522 14.64363214 -10.09427356 7.79249896 -6.38664535 5.01059162 -4.56450074 3.73560811 -3.01303527 2.30565023 -2.15726885 1.30847896 -1.94902466 
3.75412951 14.36476346 -9.72332153 7.36898857 -5.94016547 4.56241479 -4.13029215 3.32626864 -2.63571440 1.96436227 -1.85405828 1.04370605 -1.72205297 
3.72929443 14.60781958 -10.04622289 7.73718559 -6.32786432 4.95113405 -4.50646915 3.68050952 -2.96189841 2.25909737 -2.11565644 1.27193270 -1.91752436 
3.85241513 15.60483990 -11.42933627 9.38148764 -8.13109092 6.83147061 -6.39690798 5.52781113 -4.72476974 3.90715579 -3.62668924 2.63134245 -3.11655904 
3.83482004 15.60474863 -11.42920539 9.38132712 -8.13090962 6.83127621 -6.39670729 5.52761003 -4.72457321 3.90696794 -3.62651338 2.63118114 -3.11641413 
3.66986253 14.28298306 -9.61593317 7.24790129 -5.81404955 4.43728987 -4.01043495 3.21451199 -2.53378682 1.87309195 -1.77374344 0.97420215 -1.66298417 
3.64387799 14.53830045 -9.95329465 7.63059387 -6.21498314 4.83733406 -4.39575673 3.57572017 -2.86493527 2.17107693 -2.03718941 1.20319374 -1.85841990 
3.77198892 15.60440932 -11.42871883 9.38073041 -8.13023562 6.83055353 -6.39596124 5.52686247 -4.72384269 3.90626965 -3.62585968 2.63058150 -3.11587551 
3.75366856 15.60430631 -11.42857112 9.38054928 -8.13003102 6.83033417 -6.39573478 5.52663556 -4.72362095 3.90605769 -3.62566126 2.63039950 -3.11571203 
3.58191636 14.19306383 -9.49858650 7.11637159 -5.67784984 4.30291187 -3.88240868 3.09576158 -2.42602547 1.77705700 -1.68961730 0.90170839 -1.60162410 
3.55467197 14.46151163 -9.85118144 7.51405044 -6.09216055 4.71408786 -4.27639492 3.46323646 -2.76128906 2.07736381 -1.95396294 1.13054451 -1.79616534 
3.53134681 14.13918411 -9.42863757 7.03836076 -5.59746310 4.22397240 -3.80754300 3.02662632 -2.36355467 1.72160797 -1.64122937 0.86016025 -1.56657732 
3.31470622 15.59024165 -11.40841221 9.35583766 -8.10213047 6.80043049 -6.36487577 5.49572528 -4.69342519 3.87720369 -3.59865789 2.60563664 -3.09347470 
3.28002587 15.58954924 -11.40742024 9.35462221 -8.10075875 6.79896088 -6.36335979 5.49420735 -4.69194286 3.87578768 -3.59733312 2.60442214 -3.09238436 
3.24473359 15.58881985 -11.40637534 9.35334196 -8.09931396 6.79741305 -6.36176318 5.49260872 -4.69038179 3.87429651 -3.59593806 2.60314323 -3.09123623 
3.20880738 15.58805080 -11.40527369 9.35199223 -8.09779083 6.79578135 -6.36008013 5.49092362 -4.68873632 3.87272478 -3.59446768 2.60179532 -3.09002618 
3.37455606 14.29276330 -9.62874263 7.26230873 -5.82901885 4.45210678 -4.02459583 3.22768675 -2.54577735 1.88380720 -1.78315451 0.98233182 -1.66988141 
3.34926261 13.93146773 -9.16152793 6.74318168 -5.29599163 3.93044900 -3.53146386 2.77371197 -2.13677438 1.52177371 -1.46803514 0.71239744 -1.44269715 
3.31836279 14.23619450 -9.55477780 7.17925169 -5.74285896 4.36695324 -3.94333217 3.15218949 -2.47716032 1.82256741 -1.72943434 0.93597950 -1.63059918 
3.46723792 15.60242563 -11.42587448 9.37724240 -8.12629610 6.82632977 -6.39160115 5.52249381 -4.71957378 3.90218932 -3.62204008 2.62707798 -3.11272860 
3.26923812 13.83311559 -9.03646639 6.60646820 -5.15783359 3.79729631 -3.40745775 2.66119496 -2.03681302 1.43445475 -1.39297862 0.64885330 -1.38981507 
3.01880835 15.58349829 -11.39875337 9.34400491 -8.08877875 6.78612831 -6.35012467 5.48095731 -4.67900567 3.86343126 -3.58577440 2.59382693 -3.08287352 
3.20104610 14.11179299 -9.39318212 6.99893125 -5.55694519 4.18428992 -3.77000566 2.99204896 -2.33238586 1.69400562 -1.61719404 0.83956415 -1.54923770 
3.17372707 13.70983149 -8.88098093 6.43783293 -4.98872333 3.63551337 -3.25786504 2.52640077 -1.91785818 1.33119476 -1.30474341 0.57456110 -1.32831244 
3.13972541 14.04327363 -9.30479896 6.90097160 -5.45661065 4.08633294 -3.67762653 2.90720533 -2.25612329 1.62665043 -1.55869194 0.78955213 -1.50722876 
3.30124918 15.60106360 -11.42392172 9.37484800 -8.12359201 6.82343083 -6.38860890 5.51949593 -4.71664458 3.89938973 -3.61941956 2.62467447 -3.11056986 
3.08629015 13.59116009 -8.73265369 6.27835142 -4.83014118 3.48503090 -3.11981484 2.40295327 -1.80971466 1.23796414 -1.22559294 0.50831640 -1.27378545 
3.05062104 13.93928396 -9.17150569 6.75413017 -5.30709642 3.94118918 -3.54150044 2.78284875 -2.14491740 1.52890812 -1.47418494 0.71761762 -1.44705231 
3.21880660 15.60029883 -11.42282533 9.37350371 -8.12207396 6.82180348 -6.38692927 5.51781322 -4.71500051 3.89781847 -3.61794887 2.62332563 -3.10935844 
3.19461365 15.60006225 -11.42248617 9.37308789 -8.12160440 6.82130013 -6.38640976 5.51729277 -4.71449202 3.89733252 -3.61749403 2.62290848 -3.10898379 
3.17012446 15.59981691 -11.42213447 9.37265669 -8.12111747 6.82077817 -6.38587105 5.51675310 -4.71396476 3.89682862 -3.61702240 2.62247594 -3.10859533 
2.94078284 13.38087604 -8.47304021 6.00251119 -4.55901437 3.23059119 -2.88889218 2.19859084 -1.63246597 1.08657434 -1.09818310 0.40253228 -1.18737671 
2.63953943 15.57142754 -11.38147431 9.32284889 -8.06491989 6.76058419 -6.32379171 5.45460657 -4.65328811 3.83887809 -3.56281507 2.57278894 -3.06399499 
2.59076378 15.56952437 -11.37875118 9.31951618 -8.06116292 6.75656339 -6.31964826 5.45046177 -4.64924425 3.83501852 -3.55920710 2.56948381 -3.06102989 
2.54076898 15.56747740 -11.37582268 9.31593255 -8.05712355 6.75224082 -6.31519429 5.44600678 -4.64489817 3.83087087 -3.55533016 2.56593256 -3.05784423 
2.48949255 15.56527185 -11.37266772 9.31207229 -8.05277291 6.74758571 -6.31039821 5.44121012 -4.64021922 3.82640598 -3.55115705 2.56211035 -3.05441577 
2.43686705 15.56289096 -11.36926246 9.30790637 -8.04807839 6.74256329 -6.30522432 5.43603620 -4.63517283 3.82159095 -3.54665712 2.55798918 -3.05071945 
2.38281958 15.56031576 -11.36557987 9.30340184 -8.04300304 6.73713417 -6.29963220 5.43044473 -4.62971983 3.81638853 -3.54179565 2.55353733 -3.04672693 
2.32727117 15.55752462 -11.36158917 9.29852124 -8.03750481 6.73125357 -6.29357589 5.42438994 -4.62381574 3.81075642 -3.53653326 2.54871885 -3.04240604 
2.27013609 15.55449286 -11.35725525 9.29322181 -8.03153576 6.72487042 -6.28700302 5.41781969 -4.61740990 3.80464648 -3.53082511 2.54349281 -3.03772018 
2.21132104 15.55119215 -11.35253784 9.28745457 -8.02504098 6.71792629 -6.27985369 5.41067434 -4.61044440 3.79800369 -3.52461997 2.53781248 -3.03262759 
2.15072426 15.54758994 -11.34739066 9.28116324 -8.01795743 6.71035409 -6.27205915 5.40288549 -4.60285285 3.79076496 -3.51785915 2.53162432 -3.02708043 
1.75296805 10.80887269 -5.62573823 3.26941079 -2.11806326 1.13283304 -1.13517428 0.76081359 -0.47074983 0.15390723 -0.35504608 -0.18675644 -0.72627153 
1.10134358 15.31512592 -11.01777413 8.88119338 -7.57073290 6.23541122 -5.78622927 4.92030496 -4.13516183 3.34718875 -3.10565011 2.15610735 -2.69195605 
1.53984070 11.36600387 -6.19153545 3.76764112 -2.52590203 1.45494343 -1.38297141 0.94813040 -0.61065543 0.25882734 -0.43381928 -0.12705001 -0.77100127 
1.46647094 9.97946177 -4.83508913 2.61386962 -1.61181330 0.75358787 -0.85745116 0.56020476 -0.32708230 0.04934824 -0.27821303 -0.24460369 -0.68329178 
1.33984663 10.84923825 -5.66579258 3.30390117 -2.14568342 1.15420815 -1.15130378 0.77278734 -0.47954236 0.16041618 -0.35988472 -0.18310644 -0.72899263 
1.66574872 15.50983892 -11.29352059 9.21540159 -7.94400398 6.63138941 -6.19086454 5.32183453 -4.52393316 3.71558321 -3.44770263 2.46746308 -2.96961001 
1.58577006 15.50177346 -11.28202842 9.20139225 -7.92827064 6.61461135 -6.17363367 5.30465414 -4.50722302 3.69968111 -3.43287803 2.45391783 -2.95748783 
1.95625227 12.16382150 -7.05061904 4.56799697 -3.21811754 2.03044699 -1.84787518 1.31617611 -0.89775146 0.48187751 -0.60620625 0.00610098 -0.87257431 
1.91084519 11.36303850 -6.18844987 3.76486050 -2.52357456 1.45306721 -1.38150008 0.94699813 -0.60979561 0.25817417 -0.43332392 -0.12742758 -0.77071685 
1.35540744 15.47487786 -11.24374949 9.15477913 -7.87597505 6.55889764 -6.11646975 5.24770839 -4.45188287 3.64705906 -3.38385849 2.40916029 -2.91745924 
1.76993851 11.75429732 -6.60243818 4.14400666 -2.84599062 1.71684792 -1.59130106 1.11062873 -0.73563237 0.35476260 -0.50720491 -0.07079428 -0.81360890 
1.72145526 10.87457765 -5.69101148 3.32567874 -2.16317131 1.16777621 -1.16156647 0.78042267 -0.48516060 0.16458152 -0.36298460 -0.18076706 -0.73073747 
1.64437969 11.45784776 -6.28749585 3.85445919 -2.59885185 1.51396049 -1.42941018 0.98398228 -0.63796258 0.27962197 -0.44962109 -0.11499067 -0.78009623 
1.95314607 15.57589481 -11.38786757 9.33067483 -8.07374371 6.77002930 -6.33352656 5.46434615 -4.66279195 3.84795009 -3.57129682 2.58055973 -3.07096716 
1.90734855 15.57431487 -11.38560626 9.32790654 -8.07062217 6.76668771 -6.33008220 5.46089987 -4.65942886 3.84473960 -3.56829503 2.57780941 -3.06849936 
1.48591219 10.20741991 -5.04625107 2.78415247 -1.73976886 0.84708203 -0.92433570 0.60748539 -0.36026868 0.07318858 -0.29558705 -0.23151430 -0.69300452 
1.94106352 7.68199755 -2.96542765 1.27325872 -0.70862894 0.15029723 -0.45801159 0.29574755 -0.15216689 -0.07387730 -0.18872701 -0.31470053 -0.63054220 
2.16102434 12.07250419 -6.94936132 4.47099533 -3.13194069 1.95699437 -1.78712600 1.26700799 -0.85859643 0.45092247 -0.58192532 -0.01286216 -0.85795775 
1.71289225 15.56676062 -11.37479730 9.31467789 -8.05570945 6.75072769 -6.31363528 5.44444753 -4.64337712 3.82941937 -3.55397347 2.56468991 -3.05672956 
1.66117388 15.56449859 -11.37156170 9.31071916 -8.05124801 6.74595422 -6.30871745 5.43952928 -4.63857975 3.82484162 -3.54969501 2.56077133 -3.05321475 
2.04171057 12.20692743 -7.09868111 4.61428334 -3.25945140 2.06584968 -1.87729201 1.34009120 -0.91687675 0.49705319 -0.61814835 0.01545168 -0.87979921 
2.01538918 11.74904504 -6.59678901 4.13875135 -2.84145337 1.71308316 -1.58826647 1.10823202 -0.73376740 0.35331711 -0.50609025 -0.07165354 -0.81295467 
1.97665935 12.06929028 -6.94581138 4.46760731 -3.12894174 1.95444703 -1.78502618 1.26531384 -0.85725133 0.44986184 -0.58109526 -0.01350925 -0.85745982 
2.26349794 15.60368536 -11.42768073 9.37945735 -8.12879771 6.82901183 -6.39436972 5.52526778 -4.72228436 3.90478011 -3.62446529 2.62930247 -3.11472664 
2.24401773 15.60356159 -11.42750325 9.37923971 -8.12855190 6.82874827 -6.39409765 5.52499517 -4.72201797 3.90452549 -3.62422694 2.62908384 -3.11453026 
2.54797395 13.03873956 -8.05940533 5.57180644 -4.14391697 2.84830140 -2.54819409 1.90232563 -1.37979918 0.87410933 -0.92194919 0.25812719 -1.07089325 
2.78646245 15.60999040 -11.43672330 9.39054849 -8.14132701 6.84244765 -6.40824168 5.53916935 -4.73587069 3.91776822 -3.63662521 2.64045763 -3.12474762 
2.78646245 15.60999040 -11.43672330 9.39054849 -8.14132701 6.84244765 -6.40824168 5.53916935 -4.73587069 3.91776822 -3.63662521 2.64045763 -3.12474762 
2.78646245 15.60999040 -11.43672330 9.39054849 -8.14132701 6.84244765 -6.40824168 5.53916935 -4.73587069 3.91776822 -3.63662521 2.64045763 -3.12474762 
2.78646245 15.60999040 -11.43672330 9.39054849 -8.14132701 6.84244765 -6.40824168 5.53916935 -4.73587069 3.91776822 -3.63662521 2.64045763 -3.12474762 
2.78646245 15.60999040 -11.43672330 9.39054849 -8.14132701 6.84244765 -6.40824168 5.53916935 -4.73587069 3.91776822 -3.63662521 2.64045763 -3.12474762 
2.54079667 12.92249273 -7.92132602 5.43046461 -4.00995626 2.72688985 -2.44166123 1.81106873 -1.30308833 0.81045784 -0.86980000 0.21586774 -1.03716349 
2.53124597 13.01055137 -8.02580871 5.53730290 -4.11111047 2.81847735 -2.52194776 1.87977906 -1.36079506 0.85830141 -0.90896837 0.24758684 -1.06246423 
2.52401959 12.89323743 -7.88677223 5.39528706 -3.97679323 2.69698631 -2.41555143 1.78880901 -1.28446186 0.79506669 -0.85723842 0.20572291 -1.02909242 
2.18441214 15.60316760 -11.42693833 9.37854695 -8.12776946 6.82790938 -6.39323169 5.52412751 -4.72117013 3.90371510 -3.62346833 2.62838801 -3.11390526 
2.16414222 15.60302820 -11.42673845 9.37830184 -8.12749264 6.82761259 -6.39292532 5.52382054 -4.72087017 3.90342841 -3.62319996 2.62814185 -3.11368416 
1.81176929 11.25911178 -6.08081161 3.66829167 -2.44309217 1.38844849 -1.33101808 0.90828776 -0.58049761 0.23597677 -0.41652533 -0.14021489 -0.76109647 
1.76825265 11.59926478 -6.43674234 3.99079551 -2.71449176 1.60833697 -1.50429303 1.04224974 -0.68267155 0.31387366 -0.47577763 -0.09496412 -0.79524663 
1.73923766 11.07347101 -5.89096554 3.50002676 -2.30450368 1.27838537 -1.24591654 0.84365892 -0.53202317 0.19951084 -0.38908358 -0.16103618 -0.74548122 
1.69386530 11.42034859 -6.24822388 3.81884875 -2.56886434 1.48965107 -1.41024501 0.96915953 -0.62665347 0.27099820 -0.44306061 -0.12000093 -0.77631501 
2.01619159 15.60192088 -11.42515080 9.37635503 -8.12529393 6.82525536 -6.39049213 5.52138268 -4.71848809 3.90115164 -3.62106876 2.62618708 -3.11192842 
1.99413321 15.60174138 -11.42489344 9.37603945 -8.12493754 6.82487329 -6.39009776 5.52098757 -4.71810202 3.90078266 -3.62072338 2.62587030 -3.11164390 
1.97182884 15.60155582 -11.42462740 9.37571325 -8.12456915 6.82447835 -6.38969012 5.52057916 -4.71770297 3.90040127 -3.62036638 2.62554287 -3.11134981 
1.94927293 15.60136393 -11.42435230 9.37537593 -8.12418821 6.82406997 -6.38926860 5.52015685 -4.71729034 3.90000690 -3.61999725 2.62520431 -3.11104573 
2.30030971 12.59638934 -7.54060845 5.04717105 -3.65250599 2.40786642 -2.16584949 1.57814230 -1.10992944 0.65214573 -0.74154752 0.11295744 -0.95578857 
2.56576633 15.60999040 -11.43672330 9.39054849 -8.14132701 6.84244765 -6.40824168 5.53916935 -4.73587069 3.91776822 -3.63662521 2.64045763 -3.12474762 
2.29238481 12.46357798 -7.38834844 4.89655113 -3.51443574 2.28664144 -2.06269114 1.49234164 -1.03980743 0.59542561 -0.69614304 0.07689832 -0.92755251 
2.28141718 12.56038142 -7.49916810 5.00602476 -3.61465154 2.37451652 -2.13737634 1.55438542 -1.09045547 0.63635144 -0.72887371 0.10287165 -0.94787567 
2.54902983 15.60999040 -11.43672330 9.39054849 -8.14132701 6.84244765 -6.40824168 5.53916935 -4.73587069 3.91776822 -3.63662521 2.64045763 -3.12474762 
2.54902983 15.60999040 -11.43672330 9.39054849 -8.14132701 6.84244765 -6.40824168 5.53916935 -4.73587069 3.91776822 -3.63662521 2.64045763 -3.12474762 
2.27343354 12.42623723 -7.34583013 4.85476632 -3.47637757 2.25342969 -2.03459473 1.46910427 -1.02091823 0.58021984 -0.68402329 0.06730819 -0.92006883 
2.26234897 12.52370291 -7.45707801 4.96434980 -3.57641500 2.34091697 -2.10876144 1.53056727 -1.07097572 0.62058470 -0.71624529 0.09283771 -0.94001511 
2.53215209 15.60999040 -11.43672330 9.39054849 -8.14132701 6.84244765 -6.40824168 5.53916935 -4.73587069 3.91776822 -3.63662521 2.64045763 -3.12474762 
2.25430584 12.38820322 -7.30265343 4.81245813 -3.43795228 2.21998794 -2.00637712 1.44582465 -1.00203943 0.56505439 -0.67195840 0.05777649 -0.91264178 
2.24310188 12.48633608 -7.41432462 4.92213853 -3.53779392 2.30706895 -2.08000811 1.50669217 -1.05149471 0.60484966 -0.70366578 0.08285845 -0.93220906 
2.23499847 12.34945766 -7.25880481 4.76961940 -3.39915809 2.18631798 -1.97804212 1.42250740 -0.98317570 0.54993344 -0.65995185 0.04830593 -0.90527341 
1.83251224 15.60029883 -11.42282533 9.37350371 -8.12207396 6.82180348 -6.38692927 5.51781322 -4.71500051 3.89781847 -3.61794887 2.62332563 -3.10935844 
2.20405780 12.40946341 -7.32677198 4.83607615 -3.45938908 2.23863327 -2.02210062 1.45878938 -1.01254772 0.57349179 -0.67866796 0.06307543 -0.91676931 
2.19583146 12.26975538 -7.16903600 4.68232140 -3.32045672 2.11830184 -1.92103644 1.37577960 -0.94551286 0.51984217 -0.63612790 0.02955914 -0.89072089 
1.78383010 15.59981691 -11.42213447 9.37265669 -8.12111747 6.82077817 -6.38587105 5.51675310 -4.71396476 3.89682862 -3.61702240 2.62247594 -3.10859533 
1.36339975 10.01069051 -4.86374211 2.63676593 -1.62886632 0.76594982 -0.86623046 0.56636994 -0.33138339 0.05242713 -0.28045242 -0.24291466 -0.68454534 
1.30694725 10.38775894 -5.21659848 2.92409997 -1.84684101 0.92658702 -0.98206244 0.64884583 -0.38966129 0.09446367 -0.31116136 -0.21979688 -0.70170048 
1.27350468 9.72976236 -4.60911983 2.43563974 -1.48072960 0.65961122 -0.79138001 0.51422421 -0.29526829 0.02667504 -0.26175827 -0.25704343 -0.67405261 
0.48249029 15.46660699 -11.23199155 9.14047674 -7.85994576 6.54183747 -6.09898202 5.23030310 -4.43498283 3.63100208 -3.36891219 2.39552326 -2.90527131 
0.38575388 15.45272286 -11.21226808 9.11650150 -7.83309327 6.51327587 -6.06972206 5.20119765 -4.40673759 3.60417956 -3.34395705 2.37276447 -2.88493961 
0.28410282 15.43675431 -11.18960570 9.08897929 -7.80229544 6.48054539 -6.03621829 5.16789645 -4.37444428 3.57353407 -3.31546370 2.34679480 -2.86175287 
0.17701126 15.41826936 -11.16340177 9.05719013 -7.76675927 6.44281602 -5.99763358 5.12957922 -4.33731833 3.53833078 -3.28275738 2.31700649 -2.83517455 
0.06386422 15.39671996 -11.13289400 9.02022595 -7.72548747 6.39904685 -5.95292088 5.08522270 -4.29438347 3.49765751 -3.24500248 2.28264857 -2.80454309 
0.87175514 8.99864349 -3.97947176 1.96159721 -1.14730716 0.42959275 -0.63513230 0.40871945 -0.22425169 -0.02334284 -0.22560010 -0.28475961 -0.65335732 
1.31381129 15.59374397 -11.41343039 9.36198719 -8.10907146 6.80786766 -6.37254843 5.50340867 -4.70092911 3.88437248 -3.60536542 2.61178636 -3.09899614 
0.79745661 8.04697541 -3.23111505 1.44411478 -0.81185435 0.21328203 -0.49655273 0.31964290 -0.16698321 -0.06339989 -0.19647204 -0.30812397 -0.63561908 
0.71851373 8.44432397 -3.53379558 1.64714054 -0.93958236 0.29365831 -0.54697997 0.35150701 -0.18713129 -0.04927991 -0.20679859 -0.29965110 -0.64209913 
1.18508888 15.59152515 -11.41025109 9.35809097 -8.10467363 6.80315528 -6.36768667 5.49853996 -4.69617398 3.87982959 -3.60111472 2.60788906 -3.09549692 
1.15157090 15.59089954 -11.40935475 9.35699260 -8.10343395 6.80182704 -6.36631643 5.49716786 -4.69483397 3.87854947 -3.59991701 2.60679098 -3.09451105 
1.11748164 15.59024165 -11.40841221 9.35583766 -8.10213047 6.80043049 -6.36487577 5.49572528 -4.69342519 3.87720369 -3.59865789 2.60563664 -3.09347470 
1.08280130 15.58954924 -11.40742024 9.35462221 -8.10075875 6.79896088 -6.36335979 5.49420735 -4.69194286 3.87578768 -3.59733312 2.60442214 -3.09238436 
1.04750901 15.58881985 -11.40637534 9.35334196 -8.09931396 6.79741305 -6.36176318 5.49260872 -4.69038179 3.87429651 -3.59593806 2.60314323 -3.09123623 
1.01158280 15.58805080 -11.40527369 9.35199223 -8.09779083 6.79578135 -6.36008013 5.49092362 -4.68873632 3.87272478 -3.59446768 2.60179532 -3.09002618 
1.56222219 10.92338224 -5.73974671 3.36789862 -2.19718057 1.19423790 -1.18163545 0.79539107 -0.49620025 0.17278034 -0.36909402 -0.17615405 -0.73418007 
1.55190786 10.73036322 -5.54825353 3.20303297 -2.06517316 1.09208867 -1.10456051 0.73817766 -0.45418909 0.14168050 -0.34597467 -0.19359459 -0.72117771 
0.93773455 15.58638179 -11.40288304 9.34906345 -8.09448601 6.79224121 -6.35642881 5.48726805 -4.68516695 3.86931554 -3.59127844 2.59887185 -3.08740185 
1.50785381 10.77660820 -5.59382784 3.24201958 -2.09619528 1.11595688 -1.12247308 0.75140781 -0.46385862 0.14881423 -0.35126459 -0.18960770 -0.72414696 
1.87608536 15.60999040 -11.43672330 9.39054849 -8.14132701 6.84244765 -6.40824168 5.53916935 -4.73587069 3.91776822 -3.63662521 2.64045763 -3.12474762 
1.49736438 10.57843461 -5.39988050 3.07720121 -1.96588458 1.01627816 -1.04807085 0.69672875 -0.42407945 0.11956303 -0.32962414 -0.20590670 -0.71201845 
1.48013653 10.70042127 -5.51884829 3.17796178 -2.04528811 1.07683432 -1.09314403 0.72976705 -0.44805658 0.13716391 -0.34262955 -0.19611475 -0.71930169 
1.85241644 15.60999040 -11.43672330 9.39054849 -8.14132701 6.84244765 -6.40824168 5.53916935 -4.73587069 3.91776822 -3.63662521 2.64045763 -3.12474762 
1.85241644 15.60999040 -11.43672330 9.39054849 -8.14132701 6.84244765 -6.40824168 5.53916935 -4.73587069 3.91776822 -3.63662521 2.64045763 -3.12474762 
1.85241644 15.60999040 -11.43672330 9.39054849 -8.14132701 6.84244765 -6.40824168 5.53916935 -4.73587069 3.91776822 -3.63662521 2.64045763 -3.12474762 
