10.65163147 0.40726928 -0.11958156 -0.01105567 -0.12531909 -0.18925432 -0.26224327 0.17446610 -0.09195523 -0.13442664 -0.14695483 -0.36807900 -0.58974677 
4.55124319 15.60934932 -11.43580370 9.38942037 -8.14005239 6.84108061 -6.40683005 5.53775451 -4.73448775 3.91644601 -3.63538717 2.63932175 -3.12372713 
4.55740968 15.60935326 -11.43580935 9.38942730 -8.14006023 6.84108901 -6.40683873 5.53776321 -4.73449625 3.91645414 -3.63539478 2.63932873 -3.12373340 
4.56355721 15.60935716 -11.43581495 9.38943417 -8.14006799 6.84109733 -6.40684732 5.53777182 -4.73450467 3.91646219 -3.63540231 2.63933565 -3.12373961 
4.56968590 15.60936103 -11.43582050 9.38944098 -8.14007568 6.84110558 -6.40685584 5.53778036 -4.73451301 3.91647017 -3.63540978 2.63934250 -3.12374577 
4.47413588 15.00656601 -10.58810399 8.36868331 -7.00702932 5.64608725 -5.19239908 4.33888192 -3.57936919 2.82684982 -2.62800063 1.72596156 -2.31224253 
4.47750692 14.97630773 -10.54645467 8.31955121 -6.95356511 5.59076420 -5.13720315 4.28535317 -3.52866733 2.77979353 -2.58516050 1.68768179 -2.27870069 
4.48053578 15.00985222 -10.59263257 8.37403140 -7.01285516 5.65212179 -5.19842568 4.34473202 -3.58491537 2.83200164 -2.63269468 1.73015915 -2.31592325 
4.37150175 15.60999040 -11.43672330 9.39054849 -8.14132701 6.84244765 -6.40824168 5.53916935 -4.73587069 3.91776822 -3.63662521 2.64045763 -3.12474762 
4.48389555 14.97973048 -10.55116158 8.32509887 -6.95959676 5.59700045 -5.14342016 4.29137781 -3.53436965 2.78508218 -2.58997213 1.69197857 -2.28246344 
4.48691532 15.01311248 -10.59712638 8.37933957 -7.01863873 5.65811374 -5.20441089 4.35054301 -3.59042545 2.83712079 -2.63735970 1.73433140 -2.31958229 
4.49026389 14.98312641 -10.55583273 8.33060560 -6.96558522 5.60319334 -5.14959518 4.29736291 -3.54003559 2.79033801 -2.59475471 1.69625006 -2.28620460 
4.49327462 15.01634705 -10.60158579 8.38460822 -7.02438041 5.66406347 -5.21035506 4.35631522 -3.59589971 2.84220750 -2.64199590 1.73847849 -2.32321977 
4.38496982 15.60999040 -11.43672330 9.39054849 -8.14132701 6.84244765 -6.40824168 5.53916935 -4.73587069 3.91776822 -3.63662521 2.64045763 -3.12474762 
4.49661208 14.98649581 -10.56046845 8.33607181 -6.97153088 5.60934323 -5.15572854 4.30330879 -3.54566542 2.79556126 -2.59950843 1.70049644 -2.28992432 
4.49961383 15.01955619 -10.60601112 8.38983772 -7.03008059 5.66997135 -5.21625853 4.36204894 -3.60133842 2.84726201 -2.64660347 1.74260057 -2.32683582 
4.50294024 14.98983895 -10.56506911 8.34149785 -6.97743413 5.61545050 -5.16182060 4.30921574 -3.55125942 2.80075216 -2.60423347 1.70471787 -2.29362272 
4.50593306 15.02274016 -10.61040271 8.39502844 -7.03573966 5.67583774 -5.22212164 4.36774450 -3.60674186 2.85228457 -2.65118261 1.74669783 -2.33043060 
4.39834780 15.60999040 -11.43672330 9.39054849 -8.14132701 6.84244765 -6.40824168 5.53916935 -4.73587069 3.91776822 -3.63662521 2.64045763 -3.12474762 
4.50924849 14.99315609 -10.56963504 8.34688413 -6.98329535 5.62151551 -5.16787170 4.31508407 -3.55681786 2.80591095 -2.60893005 1.70891449 -2.29729992 
4.51223243 15.02589923 -10.61476090 8.40018075 -7.04135797 5.68166302 -5.22794474 4.37340219 -3.61211030 2.85727539 -2.65573353 1.75077041 -2.33400422 
4.51553696 14.99644749 -10.57416658 8.35223100 -6.98911490 5.62753864 -5.17388216 4.32091410 -3.56234099 2.81103783 -2.61359833 1.71308647 -2.30095606 
4.51851208 15.02903364 -10.61908601 8.40529501 -7.04693590 5.68744754 -5.23372816 4.37902232 -3.61744400 2.86223472 -2.66025641 1.75481850 -2.33755683 
4.41163688 15.60999040 -11.43672330 9.39054849 -8.14132701 6.84244765 -6.40824168 5.53916935 -4.73587069 3.91776822 -3.63662521 2.64045763 -3.12474762 
4.52180578 14.99971343 -10.57866407 8.35753883 -6.99489318 5.63352022 -5.17985233 4.32670610 -3.56782909 2.81613305 -2.61823852 1.71723397 -2.30459127 
4.52477212 15.03214366 -10.62337837 8.41037159 -7.05247383 5.69319165 -5.23947222 4.38460519 -3.62274323 2.86716279 -2.66475147 1.75884225 -2.34108855 
4.41824846 15.60999040 -11.43672330 9.39054849 -8.14132701 6.84244765 -6.40824168 5.53916935 -4.73587069 3.91776822 -3.63662521 2.64045763 -3.12474762 
4.52805506 15.00295415 -10.58312784 8.36280799 -7.00063054 5.63946064 -5.18578253 4.33246039 -3.57328241 2.82119683 -2.62285081 1.72135714 -2.30820566 
4.53101269 15.03522951 -10.62763830 8.41541083 -7.05797211 5.69889570 -5.24517727 4.39015110 -3.62800826 2.87205982 -2.66921888 1.76284182 -2.34459953 
4.53428493 15.00616990 -10.58755821 8.36803884 -7.00632736 5.64536022 -5.19167309 4.33817726 -3.57870121 2.82622939 -2.62743539 1.72545614 -2.31179937 
4.53723388 15.03829146 -10.63186611 8.42041309 -7.06343110 5.70456005 -5.25084362 4.39566035 -3.63323934 2.87692605 -2.67365885 1.76681737 -2.34808989 
4.43140640 15.60999040 -11.43672330 9.39054849 -8.14132701 6.84244765 -6.40824168 5.53916935 -4.73587069 3.91776822 -3.63662521 2.64045763 -3.12474762 
4.43140640 15.60999040 -11.43672330 9.39054849 -8.14132701 6.84244765 -6.40824168 5.53916935 -4.73587069 3.91776822 -3.63662521 2.64045763 -3.12474762 
4.54049551 15.00936095 -10.59195550 8.37323174 -7.01198399 5.65121933 -5.19752434 4.34385700 -3.58408575 2.83123095 -2.63199243 1.72953113 -2.31537253 
4.54343584 15.04132973 -10.63606213 8.42537871 -7.06885115 5.71018504 -5.25647160 4.40113322 -3.63843675 2.88176169 -2.67807157 1.77076908 -2.35155977 
4.43795305 15.60999040 -11.43672330 9.39054849 -8.14132701 6.84244765 -6.40824168 5.53916935 -4.73587069 3.91776822 -3.63662521 2.64045763 -3.12474762 
4.43795305 15.60999040 -11.43672330 9.39054849 -8.14132701 6.84244765 -6.40824168 5.53916935 -4.73587069 3.91776822 -3.63662521 2.64045763 -3.12474762 
4.43795305 15.60999040 -11.43672330 9.39054849 -8.14132701 6.84244765 -6.40824168 5.53916935 -4.73587069 3.91776822 -3.63662521 2.64045763 -3.12474762 
4.43795305 15.60999040 -11.43672330 9.39054849 -8.14132701 6.84244765 -6.40824168 5.53916935 -4.73587069 3.91776822 -3.63662521 2.64045763 -3.12474762 
4.43795305 15.60999040 -11.43672330 9.39054849 -8.14132701 6.84244765 -6.40824168 5.53916935 -4.73587069 3.91776822 -3.63662521 2.64045763 -3.12474762 
4.43795305 15.60999040 -11.43672330 9.39054849 -8.14132701 6.84244765 -6.40824168 5.53916935 -4.73587069 3.91776822 -3.63662521 2.64045763 -3.12474762 
4.43795305 15.60999040 -11.43672330 9.39054849 -8.14132701 6.84244765 -6.40824168 5.53916935 -4.73587069 3.91776822 -3.63662521 2.64045763 -3.12474762 
4.43795305 15.60999040 -11.43672330 9.39054849 -8.14132701 6.84244765 -6.40824168 5.53916935 -4.73587069 3.91776822 -3.63662521 2.64045763 -3.12474762 
4.54668691 15.01252754 -10.59632005 8.37838703 -7.01760079 5.65703832 -5.20333659 4.34949991 -3.58943629 2.83620174 -2.63652213 1.73358226 -2.31892526 
4.54961867 15.04434458 -10.64022665 8.43030804 -7.07423262 5.71577101 -5.26206152 4.40657001 -3.64360072 2.88656698 -2.68245722 1.77469709 -2.35500929 
4.44447834 15.60999040 -11.43672330 9.39054849 -8.14132701 6.84244765 -6.40824168 5.53916935 -4.73587069 3.91776822 -3.63662521 2.64045763 -3.12474762 
4.44447834 15.60999040 -11.43672330 9.39054849 -8.14132701 6.84244765 -6.40824168 5.53916935 -4.73587069 3.91776822 -3.63662521 2.64045763 -3.12474762 
4.44447834 15.60999040 -11.43672330 9.39054849 -8.14132701 6.84244765 -6.40824168 5.53916935 -4.73587069 3.91776822 -3.63662521 2.64045763 -3.12474762 
4.44447834 15.60999040 -11.43672330 9.39054849 -8.14132701 6.84244765 -6.40824168 5.53916935 -4.73587069 3.91776822 -3.63662521 2.64045763 -3.12474762 
4.44447834 15.60999040 -11.43672330 9.39054849 -8.14132701 6.84244765 -6.40824168 5.53916935 -4.73587069 3.91776822 -3.63662521 2.64045763 -3.12474762 
4.44447834 15.60999040 -11.43672330 9.39054849 -8.14132701 6.84244765 -6.40824168 5.53916935 -4.73587069 3.91776822 -3.63662521 2.64045763 -3.12474762 
4.44447834 15.60999040 -11.43672330 9.39054849 -8.14132701 6.84244765 -6.40824168 5.53916935 -4.73587069 3.91776822 -3.63662521 2.64045763 -3.12474762 
4.44447834 15.60999040 -11.43672330 9.39054849 -8.14132701 6.84244765 -6.40824168 5.53916935 -4.73587069 3.91776822 -3.63662521 2.64045763 -3.12474762 
4.44447834 15.60999040 -11.43672330 9.39054849 -8.14132701 6.84244765 -6.40824168 5.53916935 -4.73587069 3.91776822 -3.63662521 2.64045763 -3.12474762 
4.44447834 15.60999040 -11.43672330 9.39054849 -8.14132701 6.84244765 -6.40824168 5.53916935 -4.73587069 3.91776822 -3.63662521 2.64045763 -3.12474762 
4.55285926 15.01566991 -10.60065215 8.38350507 -7.02317811 5.66281751 -5.20911017 4.35510626 -3.59475307 2.84114197 -2.64102468 1.73760968 -2.32245768 
4.55578249 15.04733623 -10.64435998 8.43520142 -7.07957585 5.72131830 -5.26761371 4.41197101 -3.64873153 2.89134213 -2.68681600 1.77860156 -2.35843859 
4.45098241 15.60999040 -11.43672330 9.39054849 -8.14132701 6.84244765 -6.40824168 5.53916935 -4.73587069 3.91776822 -3.63662521 2.64045763 -3.12474762 
4.45098241 15.60999040 -11.43672330 9.39054849 -8.14132701 6.84244765 -6.40824168 5.53916935 -4.73587069 3.91776822 -3.63662521 2.64045763 -3.12474762 
4.45098241 15.60999040 -11.43672330 9.39054849 -8.14132701 6.84244765 -6.40824168 5.53916935 -4.73587069 3.91776822 -3.63662521 2.64045763 -3.12474762 
4.45098241 15.60999040 -11.43672330 9.39054849 -8.14132701 6.84244765 -6.40824168 5.53916935 -4.73587069 3.91776822 -3.63662521 2.64045763 -3.12474762 
4.45098241 15.60999040 -11.43672330 9.39054849 -8.14132701 6.84244765 -6.40824168 5.53916935 -4.73587069 3.91776822 -3.63662521 2.64045763 -3.12474762 
4.45098241 15.60999040 -11.43672330 9.39054849 -8.14132701 6.84244765 -6.40824168 5.53916935 -4.73587069 3.91776822 -3.63662521 2.64045763 -3.12474762 
4.45098241 15.60999040 -11.43672330 9.39054849 -8.14132701 6.84244765 -6.40824168 5.53916935 -4.73587069 3.91776822 -3.63662521 2.64045763 -3.12474762 
4.45098241 15.60999040 -11.43672330 9.39054849 -8.14132701 6.84244765 -6.40824168 5.53916935 -4.73587069 3.91776822 -3.63662521 2.64045763 -3.12474762 
4.45098241 15.60999040 -11.43672330 9.39054849 -8.14132701 6.84244765 -6.40824168 5.53916935 -4.73587069 3.91776822 -3.63662521 2.64045763 -3.12474762 
4.45098241 15.60999040 -11.43672330 9.39054849 -8.14132701 6.84244765 -6.40824168 5.53916935 -4.73587069 3.91776822 -3.63662521 2.64045763 -3.12474762 
4.55901266 15.01878830 -10.60495213 8.38858619 -7.02871632 5.66855725 -5.21484539 4.36067634 -3.60003636 2.84605185 -2.64550025 1.74161354 -2.32596992 
4.56192743 15.05030492 -10.64846243 8.44005919 -7.08488120 5.72682725 -5.27312847 4.41733650 -3.65382943 2.89608736 -2.69114810 1.78248266 -2.36184779 
4.45746540 15.60999040 -11.43672330 9.39054849 -8.14132701 6.84244765 -6.40824168 5.53916935 -4.73587069 3.91776822 -3.63662521 2.64045763 -3.12474762 
4.45746540 15.60999040 -11.43672330 9.39054849 -8.14132701 6.84244765 -6.40824168 5.53916935 -4.73587069 3.91776822 -3.63662521 2.64045763 -3.12474762 
4.45746540 15.60999040 -11.43672330 9.39054849 -8.14132701 6.84244765 -6.40824168 5.53916935 -4.73587069 3.91776822 -3.63662521 2.64045763 -3.12474762 
4.45746540 15.60999040 -11.43672330 9.39054849 -8.14132701 6.84244765 -6.40824168 5.53916935 -4.73587069 3.91776822 -3.63662521 2.64045763 -3.12474762 
4.56514724 15.02188296 -10.60922029 8.39363075 -7.03421574 5.67425788 -5.22054256 4.36621044 -3.60528640 2.85093161 -2.64994903 1.74559401 -2.32946210 
4.56805358 15.05325088 -10.65253429 8.44488166 -7.09014899 5.73229817 -5.27860612 4.42266677 -3.65889466 2.90080291 -2.69545371 1.78634054 -2.36523704 
4.46392744 15.60999040 -11.43672330 9.39054849 -8.14132701 6.84244765 -6.40824168 5.53916935 -4.73587069 3.91776822 -3.63662521 2.64045763 -3.12474762 
4.46392744 15.60999040 -11.43672330 9.39054849 -8.14132701 6.84244765 -6.40824168 5.53916935 -4.73587069 3.91776822 -3.63662521 2.64045763 -3.12474762 
4.46392744 15.60999040 -11.43672330 9.39054849 -8.14132701 6.84244765 -6.40824168 5.53916935 -4.73587069 3.91776822 -3.63662521 2.64045763 -3.12474762 
4.46392744 15.60999040 -11.43672330 9.39054849 -8.14132701 6.84244765 -6.40824168 5.53916935 -4.73587069 3.91776822 -3.63662521 2.64045763 -3.12474762 
4.46392744 15.60999040 -11.43672330 9.39054849 -8.14132701 6.84244765 -6.40824168 5.53916935 -4.73587069 3.91776822 -3.63662521 2.64045763 -3.12474762 
4.46392744 15.60999040 -11.43672330 9.39054849 -8.14132701 6.84244765 -6.40824168 5.53916935 -4.73587069 3.91776822 -3.63662521 2.64045763 -3.12474762 
4.46392744 15.60999040 -11.43672330 9.39054849 -8.14132701 6.84244765 -6.40824168 5.53916935 -4.73587069 3.91776822 -3.63662521 2.64045763 -3.12474762 
4.46392744 15.60999040 -11.43672330 9.39054849 -8.14132701 6.84244765 -6.40824168 5.53916935 -4.73587069 3.91776822 -3.63662521 2.64045763 -3.12474762 
4.46392744 15.60999040 -11.43672330 9.39054849 -8.14132701 6.84244765 -6.40824168 5.53916935 -4.73587069 3.91776822 -3.63662521 2.64045763 -3.12474762 
4.46392744 15.60999040 -11.43672330 9.39054849 -8.14132701 6.84244765 -6.40824168 5.53916935 -4.73587069 3.91776822 -3.63662521 2.64045763 -3.12474762 
4.46392744 15.60999040 -11.43672330 9.39054849 -8.14132701 6.84244765 -6.40824168 5.53916935 -4.73587069 3.91776822 -3.63662521 2.64045763 -3.12474762 
4.35662519 14.90845294 -10.45337123 8.21009905 -6.83483399 5.46827231 -5.01534513 4.16750383 -3.41733883 2.67673029 -2.49155589 1.60422989 -2.20573444 
4.35303334 14.94137343 -10.49847707 8.26307539 -6.89223714 5.52743009 -5.07413572 4.22430355 -3.47094416 2.72631063 -2.53654703 1.64430839 -2.24074988 
4.45746540 15.60999040 -11.43672330 9.39054849 -8.14132701 6.84244765 -6.40824168 5.53916935 -4.73587069 3.91776822 -3.63662521 2.64045763 -3.12474762 
4.45746540 15.60999040 -11.43672330 9.39054849 -8.14132701 6.84244765 -6.40824168 5.53916935 -4.73587069 3.91776822 -3.63662521 2.64045763 -3.12474762 
4.45746540 15.60999040 -11.43672330 9.39054849 -8.14132701 6.84244765 -6.40824168 5.53916935 -4.73587069 3.91776822 -3.63662521 2.64045763 -3.12474762 
4.45746540 15.60999040 -11.43672330 9.39054849 -8.14132701 6.84244765 -6.40824168 5.53916935 -4.73587069 3.91776822 -3.63662521 2.64045763 -3.12474762 
4.45746540 15.60999040 -11.43672330 9.39054849 -8.14132701 6.84244765 -6.40824168 5.53916935 -4.73587069 3.91776822 -3.63662521 2.64045763 -3.12474762 
4.45746540 15.60999040 -11.43672330 9.39054849 -8.14132701 6.84244765 -6.40824168 5.53916935 -4.73587069 3.91776822 -3.63662521 2.64045763 -3.12474762 
4.45746540 15.60999040 -11.43672330 9.39054849 -8.14132701 6.84244765 -6.40824168 5.53916935 -4.73587069 3.91776822 -3.63662521 2.64045763 -3.12474762 
4.45746540 15.60999040 -11.43672330 9.39054849 -8.14132701 6.84244765 -6.40824168 5.53916935 -4.73587069 3.91776822 -3.63662521 2.64045763 -3.12474762 
4.34981741 14.90445266 -10.44789730 8.20367783 -6.82788444 5.46111846 -5.00824348 4.16064991 -3.41087694 2.67075934 -2.48614256 1.59941180 -2.20152846 
4.34621269 14.93752753 -10.49320232 8.25687430 -6.88551162 5.52049282 -5.06723558 4.21763155 -3.46464239 2.72047764 -2.53125017 1.63958673 -2.23662206 
4.45098241 15.60999040 -11.43672330 9.39054849 -8.14132701 6.84244765 -6.40824168 5.53916935 -4.73587069 3.91776822 -3.63662521 2.64045763 -3.12474762 
4.45098241 15.60999040 -11.43672330 9.39054849 -8.14132701 6.84244765 -6.40824168 5.53916935 -4.73587069 3.91776822 -3.63662521 2.64045763 -3.12474762 
4.45098241 15.60999040 -11.43672330 9.39054849 -8.14132701 6.84244765 -6.40824168 5.53916935 -4.73587069 3.91776822 -3.63662521 2.64045763 -3.12474762 
4.45098241 15.60999040 -11.43672330 9.39054849 -8.14132701 6.84244765 -6.40824168 5.53916935 -4.73587069 3.91776822 -3.63662521 2.64045763 -3.12474762 
4.45098241 15.60999040 -11.43672330 9.39054849 -8.14132701 6.84244765 -6.40824168 5.53916935 -4.73587069 3.91776822 -3.63662521 2.64045763 -3.12474762 
4.45098241 15.60999040 -11.43672330 9.39054849 -8.14132701 6.84244765 -6.40824168 5.53916935 -4.73587069 3.91776822 -3.63662521 2.64045763 -3.12474762 
4.45098241 15.60999040 -11.43672330 9.39054849 -8.14132701 6.84244765 -6.40824168 5.53916935 -4.73587069 3.91776822 -3.63662521 2.64045763 -3.12474762 
4.45098241 15.60999040 -11.43672330 9.39054849 -8.14132701 6.84244765 -6.40824168 5.53916935 -4.73587069 3.91776822 -3.63662521 2.64045763 -3.12474762 
4.45098241 15.60999040 -11.43672330 9.39054849 -8.14132701 6.84244765 -6.40824168 5.53916935 -4.73587069 3.91776822 -3.63662521 2.64045763 -3.12474762 
4.45098241 15.60999040 -11.43672330 9.39054849 -8.14132701 6.84244765 -6.40824168 5.53916935 -4.73587069 3.91776822 -3.63662521 2.64045763 -3.12474762 
4.45098241 15.60999040 -11.43672330 9.39054849 -8.14132701 6.84244765 -6.40824168 5.53916935 -4.73587069 3.91776822 -3.63662521 2.64045763 -3.12474762 
4.45098241 15.60999040 -11.43672330 9.39054849 -8.14132701 6.84244765 -6.40824168 5.53916935 -4.73587069 3.91776822 -3.63662521 2.64045763 -3.12474762 
4.45098241 15.60999040 -11.43672330 9.39054849 -8.14132701 6.84244765 -6.40824168 5.53916935 -4.73587069 3.91776822 -3.63662521 2.64045763 -3.12474762 
4.45098241 15.60999040 -11.43672330 9.39054849 -8.14132701 6.84244765 -6.40824168 5.53916935 -4.73587069 3.91776822 -3.63662521 2.64045763 -3.12474762 
4.45098241 15.60999040 -11.43672330 9.39054849 -8.14132701 6.84244765 -6.40824168 5.53916935 -4.73587069 3.91776822 -3.63662521 2.64045763 -3.12474762 
4.45098241 15.60999040 -11.43672330 9.39054849 -8.14132701 6.84244765 -6.40824168 5.53916935 -4.73587069 3.91776822 -3.63662521 2.64045763 -3.12474762 
4.45098241 15.60999040 -11.43672330 9.39054849 -8.14132701 6.84244765 -6.40824168 5.53916935 -4.73587069 3.91776822 -3.63662521 2.64045763 -3.12474762 
4.45098241 15.60999040 -11.43672330 9.39054849 -8.14132701 6.84244765 -6.40824168 5.53916935 -4.73587069 3.91776822 -3.63662521 2.64045763 -3.12474762 
4.45098241 15.60999040 -11.43672330 9.39054849 -8.14132701 6.84244765 -6.40824168 5.53916935 -4.73587069 3.91776822 -3.63662521 2.64045763 -3.12474762 
4.45098241 15.60999040 -11.43672330 9.39054849 -8.14132701 6.84244765 -6.40824168 5.53916935 -4.73587069 3.91776822 -3.63662521 2.64045763 -3.12474762 
4.45098241 15.60999040 -11.43672330 9.39054849 -8.14132701 6.84244765 -6.40824168 5.53916935 -4.73587069 3.91776822 -3.63662521 2.64045763 -3.12474762 
4.45098241 15.60999040 -11.43672330 9.39054849 -8.14132701 6.84244765 -6.40824168 5.53916935 -4.73587069 3.91776822 -3.63662521 2.64045763 -3.12474762 
4.45098241 15.60999040 -11.43672330 9.39054849 -8.14132701 6.84244765 -6.40824168 5.53916935 -4.73587069 3.91776822 -3.63662521 2.64045763 -3.12474762 
4.45098241 15.60999040 -11.43672330 9.39054849 -8.14132701 6.84244765 -6.40824168 5.53916935 -4.73587069 3.91776822 -3.63662521 2.64045763 -3.12474762 
4.45098241 15.60999040 -11.43672330 9.39054849 -8.14132701 6.84244765 -6.40824168 5.53916935 -4.73587069 3.91776822 -3.63662521 2.64045763 -3.12474762 
4.45098241 15.60999040 -11.43672330 9.39054849 -8.14132701 6.84244765 -6.40824168 5.53916935 -4.73587069 3.91776822 -3.63662521 2.64045763 -3.12474762 
4.45098241 15.60999040 -11.43672330 9.39054849 -8.14132701 6.84244765 -6.40824168 5.53916935 -4.73587069 3.91776822 -3.63662521 2.64045763 -3.12474762 
4.34298646 14.90041916 -10.44237942 8.19720680 -6.82088278 5.45391275 -5.00109205 4.15374955 -3.40437269 2.66475050 -2.48069596 1.59456501 -2.19729818 
4.33936877 14.93364940 -10.48788480 8.25062450 -6.87873495 5.51350444 -5.06028619 4.21091341 -3.45829838 2.71460674 -2.52591989 1.63483612 -2.23246964 
4.44447834 15.60999040 -11.43672330 9.39054849 -8.14132701 6.84244765 -6.40824168 5.53916935 -4.73587069 3.91776822 -3.63662521 2.64045763 -3.12474762 
4.44447834 15.60999040 -11.43672330 9.39054849 -8.14132701 6.84244765 -6.40824168 5.53916935 -4.73587069 3.91776822 -3.63662521 2.64045763 -3.12474762 
4.44447834 15.60999040 -11.43672330 9.39054849 -8.14132701 6.84244765 -6.40824168 5.53916935 -4.73587069 3.91776822 -3.63662521 2.64045763 -3.12474762 
4.44447834 15.60999040 -11.43672330 9.39054849 -8.14132701 6.84244765 -6.40824168 5.53916935 -4.73587069 3.91776822 -3.63662521 2.64045763 -3.12474762 
4.44447834 15.60999040 -11.43672330 9.39054849 -8.14132701 6.84244765 -6.40824168 5.53916935 -4.73587069 3.91776822 -3.63662521 2.64045763 -3.12474762 
4.44447834 15.60999040 -11.43672330 9.39054849 -8.14132701 6.84244765 -6.40824168 5.53916935 -4.73587069 3.91776822 -3.63662521 2.64045763 -3.12474762 
4.44447834 15.60999040 -11.43672330 9.39054849 -8.14132701 6.84244765 -6.40824168 5.53916935 -4.73587069 3.91776822 -3.63662521 2.64045763 -3.12474762 
4.44447834 15.60999040 -11.43672330 9.39054849 -8.14132701 6.84244765 -6.40824168 5.53916935 -4.73587069 3.91776822 -3.63662521 2.64045763 -3.12474762 
4.44447834 15.60999040 -11.43672330 9.39054849 -8.14132701 6.84244765 -6.40824168 5.53916935 -4.73587069 3.91776822 -3.63662521 2.64045763 -3.12474762 
4.44447834 15.60999040 -11.43672330 9.39054849 -8.14132701 6.84244765 -6.40824168 5.53916935 -4.73587069 3.91776822 -3.63662521 2.64045763 -3.12474762 
4.44447834 15.60999040 -11.43672330 9.39054849 -8.14132701 6.84244765 -6.40824168 5.53916935 -4.73587069 3.91776822 -3.63662521 2.64045763 -3.12474762 
4.55285926 15.01566991 -10.60065215 8.38350507 -7.02317811 5.66281751 -5.20911017 4.35510626 -3.59475307 2.84114197 -2.64102468 1.73760968 -2.32245768 
4.55578249 15.04733623 -10.64435998 8.43520142 -7.07957585 5.72131830 -5.26761371 4.41197101 -3.64873153 2.89134213 -2.68681600 1.77860156 -2.35843859 
4.45098241 15.60999040 -11.43672330 9.39054849 -8.14132701 6.84244765 -6.40824168 5.53916935 -4.73587069 3.91776822 -3.63662521 2.64045763 -3.12474762 
4.45098241 15.60999040 -11.43672330 9.39054849 -8.14132701 6.84244765 -6.40824168 5.53916935 -4.73587069 3.91776822 -3.63662521 2.64045763 -3.12474762 
4.45098241 15.60999040 -11.43672330 9.39054849 -8.14132701 6.84244765 -6.40824168 5.53916935 -4.73587069 3.91776822 -3.63662521 2.64045763 -3.12474762 
4.45098241 15.60999040 -11.43672330 9.39054849 -8.14132701 6.84244765 -6.40824168 5.53916935 -4.73587069 3.91776822 -3.63662521 2.64045763 -3.12474762 
4.45098241 15.60999040 -11.43672330 9.39054849 -8.14132701 6.84244765 -6.40824168 5.53916935 -4.73587069 3.91776822 -3.63662521 2.64045763 -3.12474762 
4.45098241 15.60999040 -11.43672330 9.39054849 -8.14132701 6.84244765 -6.40824168 5.53916935 -4.73587069 3.91776822 -3.63662521 2.64045763 -3.12474762 
4.45098241 15.60999040 -11.43672330 9.39054849 -8.14132701 6.84244765 -6.40824168 5.53916935 -4.73587069 3.91776822 -3.63662521 2.64045763 -3.12474762 
4.45098241 15.60999040 -11.43672330 9.39054849 -8.14132701 6.84244765 -6.40824168 5.53916935 -4.73587069 3.91776822 -3.63662521 2.64045763 -3.12474762 
4.45098241 15.60999040 -11.43672330 9.39054849 -8.14132701 6.84244765 -6.40824168 5.53916935 -4.73587069 3.91776822 -3.63662521 2.64045763 -3.12474762 
4.45098241 15.60999040 -11.43672330 9.39054849 -8.14132701 6.84244765 -6.40824168 5.53916935 -4.73587069 3.91776822 -3.63662521 2.64045763 -3.12474762 
4.45098241 15.60999040 -11.43672330 9.39054849 -8.14132701 6.84244765 -6.40824168 5.53916935 -4.73587069 3.91776822 -3.63662521 2.64045763 -3.12474762 
4.45098241 15.60999040 -11.43672330 9.39054849 -8.14132701 6.84244765 -6.40824168 5.53916935 -4.73587069 3.91776822 -3.63662521 2.64045763 -3.12474762 
4.45098241 15.60999040 -11.43672330 9.39054849 -8.14132701 6.84244765 -6.40824168 5.53916935 -4.73587069 3.91776822 -3.63662521 2.64045763 -3.12474762 
4.45098241 15.60999040 -11.43672330 9.39054849 -8.14132701 6.84244765 -6.40824168 5.53916935 -4.73587069 3.91776822 -3.63662521 2.64045763 -3.12474762 
4.45098241 15.60999040 -11.43672330 9.39054849 -8.14132701 6.84244765 -6.40824168 5.53916935 -4.73587069 3.91776822 -3.63662521 2.64045763 -3.12474762 
4.45098241 15.60999040 -11.43672330 9.39054849 -8.14132701 6.84244765 -6.40824168 5.53916935 -4.73587069 3.91776822 -3.63662521 2.64045763 -3.12474762 
4.45098241 15.60999040 -11.43672330 9.39054849 -8.14132701 6.84244765 -6.40824168 5.53916935 -4.73587069 3.91776822 -3.63662521 2.64045763 -3.12474762 
4.45098241 15.60999040 -11.43672330 9.39054849 -8.14132701 6.84244765 -6.40824168 5.53916935 -4.73587069 3.91776822 -3.63662521 2.64045763 -3.12474762 
4.45098241 15.60999040 -11.43672330 9.39054849 -8.14132701 6.84244765 -6.40824168 5.53916935 -4.73587069 3.91776822 -3.63662521 2.64045763 -3.12474762 
4.34298646 14.90041916 -10.44237942 8.19720680 -6.82088278 5.45391275 -5.00109205 4.15374955 -3.40437269 2.66475050 -2.48069596 1.59456501 -2.19729818 
4.33936877 14.93364940 -10.48788480 8.25062450 -6.87873495 5.51350444 -5.06028619 4.21091341 -3.45829838 2.71460674 -2.52591989 1.63483612 -2.23246964 
4.44447834 15.60999040 -11.43672330 9.39054849 -8.14132701 6.84244765 -6.40824168 5.53916935 -4.73587069 3.91776822 -3.63662521 2.64045763 -3.12474762 
4.44447834 15.60999040 -11.43672330 9.39054849 -8.14132701 6.84244765 -6.40824168 5.53916935 -4.73587069 3.91776822 -3.63662521 2.64045763 -3.12474762 
4.33613217 14.89635205 -10.43681714 8.19068545 -6.81382851 5.44665471 -4.99389043 4.14680236 -3.39782576 2.65870352 -2.47521588 1.58968934 -2.19304346 
4.33250142 14.92973868 -10.48252403 8.24432550 -6.87190664 5.50646448 -5.05328712 4.20414876 -3.45191180 2.70869763 -2.52055595 1.63005639 -2.22829248 
4.43795305 15.60999040 -11.43672330 9.39054849 -8.14132701 6.84244765 -6.40824168 5.53916935 -4.73587069 3.91776822 -3.63662521 2.64045763 -3.12474762 
4.43795305 15.60999040 -11.43672330 9.39054849 -8.14132701 6.84244765 -6.40824168 5.53916935 -4.73587069 3.91776822 -3.63662521 2.64045763 -3.12474762 
4.32925439 14.89225097 -10.43121000 8.18411328 -6.80672114 5.43934388 -4.98663818 4.13980797 -3.39123583 2.65261811 -2.46970211 1.58478463 -2.18876417 
4.32561049 14.92579501 -10.47711956 8.23797681 -6.86502619 5.49937248 -5.04623796 4.19733720 -3.44548233 2.70275005 -2.51515814 1.62524734 -2.22409043 
4.32235295 14.88811556 -10.42555752 8.17748979 -6.79956016 5.43197977 -4.97933487 4.13276600 -3.38460258 2.64649402 -2.46415441 1.57985069 -2.18446017 
4.19625352 15.60907619 -11.43541192 9.38893976 -8.13950940 6.84049825 -6.40622872 5.53715182 -4.73389866 3.91588280 -3.63485982 2.63883794 -3.12329246 
4.18886438 15.60906941 -11.43540220 9.38892784 -8.13949593 6.84048380 -6.40621380 5.53713687 -4.73388404 3.91586883 -3.63484673 2.63882593 -3.12328168 
4.05821690 14.67039244 -10.13025803 7.83401033 -6.43085000 5.05539351 -4.60831191 3.77728196 -3.05178150 2.34098268 -2.18890222 1.33630301 -1.97304156 
4.04557704 14.79106517 -10.29337106 8.02311624 -6.63320181 5.26143524 -4.81070694 3.97064303 -3.23231362 2.50626450 -2.33744019 1.46742020 -2.08660368 
4.03442353 14.65239955 -10.10605556 7.80608230 -6.40110142 5.02523467 -4.57881210 3.74921405 -3.02567891 2.31717429 -2.16758166 1.31754595 -1.95684777 
4.02162310 14.77491693 -10.27146336 7.99762819 -6.60583572 5.23347932 -4.78315936 3.94424521 -3.20759544 2.48357197 -2.31699320 1.44932685 -2.07089608 
4.01034507 14.63390041 -10.08120418 7.77744088 -6.37062953 4.99437811 -4.54866347 3.72055970 -2.99905853 2.29291746 -2.14587978 1.29847019 -1.94039264 
4.14007908 13.36651169 -8.45545609 5.98398075 -4.54094626 3.21376544 -2.87373563 2.18527460 -1.62099697 1.07684224 -1.09004242 0.39581105 -1.18191583 
4.24482819 14.84024746 -10.36024744 8.10109261 -6.71710148 5.34731789 -4.89550190 4.05205337 -3.30868330 2.57649717 -2.40082711 1.52359773 -2.13544589 
4.36697497 13.64772084 -8.80318507 6.35401690 -4.90521515 3.55612033 -3.18489758 2.46103616 -1.86049953 1.28166725 -1.26263313 0.53926868 -1.29922466 
4.67165153 15.04531528 -10.64156769 8.43189558 -7.07596599 5.71757047 -5.26386246 4.40832181 -3.64526480 2.88811562 -2.68387076 1.77596324 -2.35612130 
4.86451227 15.10783773 -10.72813223 8.53458402 -7.18831250 5.83442435 -5.38102923 4.52249472 -3.75390545 2.98938391 -2.77644636 1.85900597 -2.42915480 
5.12874110 14.38058831 -9.74417466 7.39258122 -5.96481857 4.58695133 -4.15386755 3.34831568 -2.65587960 1.98246765 -1.87003106 1.05756190 -1.73385551 
5.28846008 15.60233942 -11.42575087 9.37709084 -8.12612493 6.82614625 -6.39141172 5.52230401 -4.71938833 3.90201207 -3.62187416 2.62692580 -3.11259191 
5.45082414 14.60937995 -10.04831395 7.73958991 -6.33041649 4.95371278 -4.50898339 3.68289426 -2.96410952 2.26110840 -2.11745247 1.27350875 -1.91888174 
5.53400865 15.45165141 -11.21074674 9.11465307 -7.83102393 6.51107575 -6.06746905 5.19895740 -4.40456435 3.60211650 -3.34203824 2.37101509 -2.88337724 
5.43005058 15.42241169 -11.16927109 9.06430729 -7.77471193 6.45125605 -6.00626159 5.13814422 -4.34561410 3.54619429 -3.29006082 2.32365636 -2.84110616 
5.38437578 15.60303763 -11.42675196 9.37831842 -8.12751135 6.82763265 -6.39294604 5.52384130 -4.72089046 3.90344779 -3.62321810 2.62815849 -3.11369911 
5.33714314 15.39094192 -11.12472133 9.01033215 -7.71444973 6.38735033 -5.94098115 5.07338654 -4.28293446 3.48681854 -3.23494733 2.27350335 -2.79639416 
5.14207073 14.57705126 -10.00503743 7.68988224 -6.27770576 4.90050515 -4.45715538 3.63378050 -2.91861167 2.21976185 -2.08055552 1.24115481 -1.89103679 
4.99196789 15.60834060 -11.43435683 9.38764550 -8.13804715 6.83893005 -6.40460945 5.53552895 -4.73231245 3.91436631 -3.63343991 2.63753526 -3.12212216 
4.91956223 15.22333063 -10.88900917 8.72653320 -7.39948886 6.05524765 -5.60358415 4.74043628 -3.96226966 3.18448016 -2.95555449 2.02031437 -2.57156019 
4.66086827 14.01630970 -9.27013923 6.86268531 -5.41752445 4.04829303 -3.64186231 2.87445566 -2.22676992 1.60079531 -1.53629243 0.77044898 -1.49121917 
4.55372999 15.04634158 -10.64298565 8.43357427 -7.07779900 5.71947349 -5.26576715 4.41017464 -3.64702493 2.88975375 -2.68536605 1.77730267 -2.35729773 
4.55080392 15.01462513 -10.59921170 8.38180317 -7.02132337 5.66089551 -5.20718992 4.35324152 -3.59298455 2.83949861 -2.63952684 1.73626983 -2.32128245 
4.33060348 14.85700328 -10.38308392 8.12777812 -6.74587534 5.37683208 -4.92469989 4.08013931 -3.33507845 2.60081331 -2.42280920 1.54310986 -2.15243529 
4.44041938 13.78528619 -8.97597539 6.54068473 -5.09169197 3.73386159 -3.34866010 2.60808940 -1.98984189 1.39359468 -1.35799438 0.61934304 -1.36534207 
4.53221046 15.00510074 -10.58608511 8.36629946 -7.00443290 5.64339821 -5.18971395 4.33627578 -3.57689876 2.82455533 -2.62591026 1.72409248 -2.31060376 
4.63745461 13.98913192 -9.23527375 6.82424519 -5.37835415 4.01023939 -3.60614723 2.84180590 -2.19755345 1.57510004 -1.51406353 0.75151686 -1.47537338 
