11.06630795 -0.36663202 -0.09051224 -0.02576665 -0.12488950 -0.19674921 -0.25902450 0.17122016 -0.09297641 -0.13732689 -0.14703574 -0.37100830 -0.58799881 
1.93165937 9.07285580 -4.04121273 2.00656812 -1.17793139 0.45013892 -0.64874486 0.41771312 -0.23018445 -0.01919067 -0.22860087 -0.28242511 -0.65511064 
0.38541253 0.54298001 -0.13009612 -0.00799337 -0.12562872 -0.18789933 -0.26290820 0.17506336 -0.09183291 -0.13392435 -0.14699227 -0.36754919 -0.59008066 
0.28975405 -0.97907529 -0.10476674 -0.03691286 -0.12597552 -0.20256018 -0.25715276 0.16876806 -0.09416063 -0.13971345 -0.14745193 -0.37324625 -0.58679725 
1.96039541 8.39748486 -3.49738743 1.62225890 -0.92364745 0.28349082 -0.54052765 0.34739322 -0.18450712 -0.05111468 -0.20546198 -0.30073286 -0.64127527 
2.96494112 11.29579952 -6.11869825 3.70218635 -2.47126309 1.41100900 -1.34860032 0.92173935 -0.59065671 0.24366061 -0.42233236 -0.13579815 -0.76441670 
3.65989585 12.66432513 -7.61911702 5.12543349 -3.72478756 2.47178245 -2.22061387 1.62399217 -1.14763638 0.68281768 -0.76622497 0.13264037 -0.97126420 
4.19210536 13.44396331 -8.55049523 6.08436597 -4.63904782 3.30531934 -2.95638017 2.25803197 -1.68378387 1.13021736 -1.13476529 0.43279306 -1.21200756 
4.62495103 13.93858271 -9.17061028 6.75314740 -5.30609938 3.94022465 -3.54059889 2.78202784 -2.14418563 1.52826686 -1.47363207 0.71714824 -1.44666065 
4.99095479 14.27521705 -9.60576823 7.23647523 -5.80218495 4.42555273 -3.99922368 3.20408702 -2.52430381 1.86462165 -1.76630753 0.96778149 -1.65753912 
5.15676298 15.60440084 -11.42870667 9.38071551 -8.13021878 6.83053548 -6.39594261 5.52684380 -4.72382444 3.90625220 -3.62584335 2.63056653 -3.11586206 
5.17493078 15.60450130 -11.42885072 9.38089217 -8.13041832 6.83074943 -6.39616348 5.52706511 -4.72404071 3.90645893 -3.62603688 2.63074404 -3.11602151 
5.11796679 15.32361007 -11.02971521 8.89558161 -7.58671271 6.25227239 -5.80337050 4.93723084 -4.15147280 3.36257604 -3.11987698 2.16900614 -2.70341549 
4.97431627 15.26285448 -10.94435360 8.79289671 -7.47285037 6.13231190 -5.68159458 4.81715206 -4.03591001 3.25369417 -3.01932560 2.07794276 -2.62259891 
4.81417712 15.18518657 -10.83573661 8.66281296 -7.32921790 5.98159860 -5.52919458 4.66743540 -3.89233643 3.11887564 -2.89521803 1.96588231 -2.52342986 
4.72843683 15.60945340 -11.43595300 9.38960352 -8.14025932 6.84130254 -6.40705922 5.53798420 -4.73471225 3.91666065 -3.63558814 2.63950614 -3.12389278 
4.64014347 15.08690923 -10.69911474 8.50011493 -7.15055225 5.79510011 -5.34155231 4.48398210 -3.71721846 2.95515075 -2.74512072 1.83087985 -2.40439687 
4.53988594 15.60999040 -11.43672330 9.39054849 -8.14132701 6.84244765 -6.40824168 5.53916935 -4.73587069 3.91776822 -3.63662521 2.64045763 -3.12474762 
4.53988594 15.60999040 -11.43672330 9.39054849 -8.14132701 6.84244765 -6.40824168 5.53916935 -4.73587069 3.91776822 -3.63662521 2.64045763 -3.12474762 
4.53988594 15.60999040 -11.43672330 9.39054849 -8.14132701 6.84244765 -6.40824168 5.53916935 -4.73587069 3.91776822 -3.63662521 2.64045763 -3.12474762 
4.53988594 15.60999040 -11.43672330 9.39054849 -8.14132701 6.84244765 -6.40824168 5.53916935 -4.73587069 3.91776822 -3.63662521 2.64045763 -3.12474762 
4.53988594 15.60999040 -11.43672330 9.39054849 -8.14132701 6.84244765 -6.40824168 5.53916935 -4.73587069 3.91776822 -3.63662521 2.64045763 -3.12474762 
4.53988594 15.60999040 -11.43672330 9.39054849 -8.14132701 6.84244765 -6.40824168 5.53916935 -4.73587069 3.91776822 -3.63662521 2.64045763 -3.12474762 
4.53988594 15.60999040 -11.43672330 9.39054849 -8.14132701 6.84244765 -6.40824168 5.53916935 -4.73587069 3.91776822 -3.63662521 2.64045763 -3.12474762 
4.53988594 15.60999040 -11.43672330 9.39054849 -8.14132701 6.84244765 -6.40824168 5.53916935 -4.73587069 3.91776822 -3.63662521 2.64045763 -3.12474762 
4.53988594 15.60999040 -11.43672330 9.39054849 -8.14132701 6.84244765 -6.40824168 5.53916935 -4.73587069 3.91776822 -3.63662521 2.64045763 -3.12474762 
4.64323448 15.06005688 -10.66194457 8.45603022 -7.10233076 5.74495343 -5.29128054 4.43500353 -3.67062106 2.91172245 -2.70542633 1.79527811 -2.37309058 
4.64603556 15.08957935 -10.70281457 8.50450725 -7.15536120 5.80010549 -5.34657446 4.48887909 -3.72188104 2.95949947 -2.74909835 1.83444975 -2.40753803 
4.54608749 15.60999040 -11.43672330 9.39054849 -8.14132701 6.84244765 -6.40824168 5.53916935 -4.73587069 3.91776822 -3.63662521 2.64045763 -3.12474762 
4.54608749 15.60999040 -11.43672330 9.39054849 -8.14132701 6.84244765 -6.40824168 5.53916935 -4.73587069 3.91776822 -3.63662521 2.64045763 -3.12474762 
4.54608749 15.60999040 -11.43672330 9.39054849 -8.14132701 6.84244765 -6.40824168 5.53916935 -4.73587069 3.91776822 -3.63662521 2.64045763 -3.12474762 
4.64911708 15.06284271 -10.66579766 8.46059649 -7.10732172 5.75013989 -5.29647629 4.44006222 -3.67543071 2.91620226 -2.70951860 1.79894645 -2.37631465 
4.65191038 15.09222968 -10.70648764 8.50886855 -7.16013699 5.80507715 -5.35156356 4.49374456 -3.72651428 2.96382139 -2.75305197 1.83799852 -2.41066096 
4.55226988 15.60999040 -11.43672330 9.39054849 -8.14132701 6.84244765 -6.40824168 5.53916935 -4.73587069 3.91776822 -3.63662521 2.64045763 -3.12474762 
4.55226988 15.60999040 -11.43672330 9.39054849 -8.14132701 6.84244765 -6.40824168 5.53916935 -4.73587069 3.91776822 -3.63662521 2.64045763 -3.12474762 
4.55226988 15.60999040 -11.43672330 9.39054849 -8.14132701 6.84244765 -6.40824168 5.53916935 -4.73587069 3.91776822 -3.63662521 2.64045763 -3.12474762 
4.65498248 15.06560806 -10.66962315 8.46513086 -7.11227870 5.75529188 -5.30163835 4.44508889 -3.68021063 2.92065500 -2.71358668 1.80259357 -2.37952045 
4.75091946 15.60946534 -11.43597012 9.38962452 -8.14028306 6.84132799 -6.40708550 5.53801054 -4.73473800 3.91668527 -3.63561119 2.63952729 -3.12391178 
4.75650084 15.60946826 -11.43597431 9.38962966 -8.14028886 6.84133422 -6.40709194 5.53801699 -4.73474430 3.91669130 -3.63561684 2.63953246 -3.12391643 
4.85469572 15.12831417 -10.75656308 8.56840175 -7.22540731 5.87310357 -5.41990509 4.56046454 -3.79011517 3.02320693 -2.80742725 1.88684840 -2.45368466 
4.86228755 15.20300145 -10.86060005 8.69253310 -7.36197276 6.01590741 -5.56382830 4.70140369 -3.92486000 3.14937072 -2.92325098 1.99116067 -2.54577217 
4.77867193 15.60947971 -11.43599073 9.38964981 -8.14031162 6.84135863 -6.40711714 5.53804225 -4.73476899 3.91671490 -3.63563894 2.63955274 -3.12393465 
4.78417651 15.60948251 -11.43599475 9.38965474 -8.14031720 6.84136461 -6.40712331 5.53804843 -4.73477504 3.91672069 -3.63564435 2.63955771 -3.12393912 
4.60780052 13.95418312 -9.19054102 6.77503424 -5.32831554 3.96172708 -3.56070694 2.80034574 -2.16052200 1.54258869 -1.48598461 0.72763928 -1.45541788 
4.27475975 14.82154043 -10.33478319 8.07137161 -6.68509128 5.31452017 -4.86309001 4.02090783 -3.27944152 2.54958373 -2.37651855 1.50203853 -2.11668900 
4.26348783 14.92620210 -10.47767737 8.23863200 -6.86573617 5.50010421 -5.04696520 4.19803986 -3.44614551 2.70336346 -2.51571480 1.62574325 -2.22452371 
4.25341122 14.80761426 -10.31584828 8.04929555 -6.66133995 5.29020916 -4.83908851 3.99786588 -3.25782762 2.52970792 -2.35858112 1.48614212 -2.10286897 
4.24201160 14.91379144 -10.46067876 8.21867382 -6.84411707 5.47783102 -5.02483674 4.17666677 -3.42597990 2.68471680 -2.49879822 1.61067728 -2.21136389 
4.45912288 14.99879569 -10.57740016 8.35604708 -6.99326909 5.63183887 -5.17817407 4.32507782 -3.56628615 2.81470048 -2.61693381 1.71606773 -2.30356902 
4.66083076 15.06835311 -10.67342128 8.46963362 -7.11720197 5.76040970 -5.30676700 4.45008378 -3.68496103 2.92508086 -2.71763075 1.80621960 -2.38270810 
4.75650084 15.60946826 -11.43597431 9.38962966 -8.14028886 6.84133422 -6.40709194 5.53801699 -4.73474430 3.91669130 -3.63561684 2.63953246 -3.12391643 
4.76206670 15.60947116 -11.43597847 9.38963476 -8.14029463 6.84134040 -6.40709832 5.53802338 -4.73475055 3.91669727 -3.63562243 2.63953760 -3.12392105 
4.85998979 15.13054499 -10.75966289 8.57209161 -7.22945760 5.87732973 -5.42415551 4.56461851 -3.79407897 3.02691156 -2.81082241 1.88990118 -2.45637552 
4.95193345 15.60827325 -11.43426022 9.38752700 -8.13791328 6.83878647 -6.40446121 5.53538038 -4.73216724 3.91422748 -3.63330993 2.63741601 -3.12201502 
4.79476634 14.19726953 -9.50405803 7.12248612 -5.68416304 4.30912318 -3.88831029 3.10122116 -2.43096723 1.78145041 -1.69345712 0.90501017 -1.60441305 
4.60105278 15.60999040 -11.43672330 9.39054849 -8.14132701 6.84244765 -6.40824168 5.53916935 -4.73587069 3.91776822 -3.63662521 2.64045763 -3.12474762 
4.40181831 13.65398634 -8.81101652 6.36243744 -4.91358831 3.56406588 -3.19218671 2.46755423 -1.86620949 1.28658975 -1.26681215 0.54276623 -1.30210348 
4.14521902 15.60614566 -11.43120881 9.38378421 -8.13368508 6.83425226 -6.39977973 5.53068881 -4.72758199 3.90984405 -3.62920595 2.63365108 -3.11863284 
4.25635460 14.92210119 -10.47205882 8.23203342 -6.85858655 5.49273640 -5.03964346 4.19096637 -3.43947012 2.69718956 -2.51011258 1.62075293 -2.22016397 
4.35907874 15.60921353 -11.43560892 9.38918142 -8.13978243 6.84079107 -6.40653108 5.53745486 -4.73419486 3.91616599 -3.63512497 2.63908120 -3.12351102 
4.46557079 15.00214354 -10.58201121 8.36148979 -6.99919510 5.63797428 -5.18429862 4.33102041 -3.57191765 2.81992948 -2.62169639 1.72032508 -2.30730091 
4.56457761 15.60999040 -11.43672330 9.39054849 -8.14132701 6.84244765 -6.40824168 5.53916935 -4.73587069 3.91776822 -3.63662521 2.64045763 -3.12474762 
4.56457761 15.60999040 -11.43672330 9.39054849 -8.14132701 6.84244765 -6.40824168 5.53916935 -4.73587069 3.91776822 -3.63662521 2.64045763 -3.12474762 
4.56457761 15.60999040 -11.43672330 9.39054849 -8.14132701 6.84244765 -6.40824168 5.53916935 -4.73587069 3.91776822 -3.63662521 2.64045763 -3.12474762 
4.56457761 15.60999040 -11.43672330 9.39054849 -8.14132701 6.84244765 -6.40824168 5.53916935 -4.73587069 3.91776822 -3.63662521 2.64045763 -3.12474762 
4.56457761 15.60999040 -11.43672330 9.39054849 -8.14132701 6.84244765 -6.40824168 5.53916935 -4.73587069 3.91776822 -3.63662521 2.64045763 -3.12474762 
4.56457761 15.60999040 -11.43672330 9.39054849 -8.14132701 6.84244765 -6.40824168 5.53916935 -4.73587069 3.91776822 -3.63662521 2.64045763 -3.12474762 
4.46252051 14.96821551 -10.53533077 8.30644534 -6.93932107 5.57604216 -5.12253152 4.27114014 -3.51521894 2.76732443 -2.57381924 1.67755676 -2.26983631 
4.45912288 14.99879569 -10.57740016 8.35604708 -6.99326909 5.63183887 -5.17817407 4.32507782 -3.56628615 2.81470048 -2.61693381 1.71606773 -2.30356902 
4.66083076 15.06835311 -10.67342128 8.46963362 -7.11720197 5.76040970 -5.30676700 4.45008378 -3.68496103 2.92508086 -2.71763075 1.80621960 -2.38270810 
4.66360862 15.09747172 -10.71375451 8.51749925 -7.16959025 5.81492047 -5.36144365 4.50338195 -3.73569358 2.97238564 -2.76088789 1.84503329 -2.41685262 
4.56457761 15.60999040 -11.43672330 9.39054849 -8.14132701 6.84244765 -6.40824168 5.53916935 -4.73587069 3.91776822 -3.63662521 2.64045763 -3.12474762 
4.56457761 15.60999040 -11.43672330 9.39054849 -8.14132701 6.84244765 -6.40824168 5.53916935 -4.73587069 3.91776822 -3.63662521 2.64045763 -3.12474762 
4.56457761 15.60999040 -11.43672330 9.39054849 -8.14132701 6.84244765 -6.40824168 5.53916935 -4.73587069 3.91776822 -3.63662521 2.64045763 -3.12474762 
4.56457761 15.60999040 -11.43672330 9.39054849 -8.14132701 6.84244765 -6.40824168 5.53916935 -4.73587069 3.91776822 -3.63662521 2.64045763 -3.12474762 
4.56457761 15.60999040 -11.43672330 9.39054849 -8.14132701 6.84244765 -6.40824168 5.53916935 -4.73587069 3.91776822 -3.63662521 2.64045763 -3.12474762 
4.56457761 15.60999040 -11.43672330 9.39054849 -8.14132701 6.84244765 -6.40824168 5.53916935 -4.73587069 3.91776822 -3.63662521 2.64045763 -3.12474762 
4.56457761 15.60999040 -11.43672330 9.39054849 -8.14132701 6.84244765 -6.40824168 5.53916935 -4.73587069 3.91776822 -3.63662521 2.64045763 -3.12474762 
4.56457761 15.60999040 -11.43672330 9.39054849 -8.14132701 6.84244765 -6.40824168 5.53916935 -4.73587069 3.91776822 -3.63662521 2.64045763 -3.12474762 
4.56457761 15.60999040 -11.43672330 9.39054849 -8.14132701 6.84244765 -6.40824168 5.53916935 -4.73587069 3.91776822 -3.63662521 2.64045763 -3.12474762 
4.56457761 15.60999040 -11.43672330 9.39054849 -8.14132701 6.84244765 -6.40824168 5.53916935 -4.73587069 3.91776822 -3.63662521 2.64045763 -3.12474762 
4.56457761 15.60999040 -11.43672330 9.39054849 -8.14132701 6.84244765 -6.40824168 5.53916935 -4.73587069 3.91776822 -3.63662521 2.64045763 -3.12474762 
4.56457761 15.60999040 -11.43672330 9.39054849 -8.14132701 6.84244765 -6.40824168 5.53916935 -4.73587069 3.91776822 -3.63662521 2.64045763 -3.12474762 
4.56457761 15.60999040 -11.43672330 9.39054849 -8.14132701 6.84244765 -6.40824168 5.53916935 -4.73587069 3.91776822 -3.63662521 2.64045763 -3.12474762 
4.56457761 15.60999040 -11.43672330 9.39054849 -8.14132701 6.84244765 -6.40824168 5.53916935 -4.73587069 3.91776822 -3.63662521 2.64045763 -3.12474762 
4.56457761 15.60999040 -11.43672330 9.39054849 -8.14132701 6.84244765 -6.40824168 5.53916935 -4.73587069 3.91776822 -3.63662521 2.64045763 -3.12474762 
4.56457761 15.60999040 -11.43672330 9.39054849 -8.14132701 6.84244765 -6.40824168 5.53916935 -4.73587069 3.91776822 -3.63662521 2.64045763 -3.12474762 
4.56457761 15.60999040 -11.43672330 9.39054849 -8.14132701 6.84244765 -6.40824168 5.53916935 -4.73587069 3.91776822 -3.63662521 2.64045763 -3.12474762 
4.56457761 15.60999040 -11.43672330 9.39054849 -8.14132701 6.84244765 -6.40824168 5.53916935 -4.73587069 3.91776822 -3.63662521 2.64045763 -3.12474762 
4.66666203 15.07107807 -10.67719231 8.47410506 -7.12209183 5.76549362 -5.31186249 4.45504715 -3.68968213 2.92948004 -2.72165096 1.80982469 -2.38587771 
4.66943224 15.10006381 -10.71734879 8.52176919 -7.17426830 5.81979268 -5.36633517 4.50815435 -3.74024009 2.97662835 -2.76477051 1.84851957 -2.41992159 
4.57070319 15.60999040 -11.43672330 9.39054849 -8.14132701 6.84244765 -6.40824168 5.53916935 -4.73587069 3.91776822 -3.63662521 2.64045763 -3.12474762 
4.57070319 15.60999040 -11.43672330 9.39054849 -8.14132701 6.84244765 -6.40824168 5.53916935 -4.73587069 3.91776822 -3.63662521 2.64045763 -3.12474762 
4.46895697 14.97170189 -10.54012253 8.31209001 -6.94545504 5.58238108 -5.12884788 4.27725826 -3.52100719 2.77269055 -2.57869944 1.68191315 -2.27364991 
4.46557079 15.00214354 -10.58201121 8.36148979 -6.99919510 5.63797428 -5.18429862 4.33102041 -3.57191765 2.81992948 -2.62169639 1.72032508 -2.30730091 
4.56457761 15.60999040 -11.43672330 9.39054849 -8.14132701 6.84244765 -6.40824168 5.53916935 -4.73587069 3.91776822 -3.63662521 2.64045763 -3.12474762 
4.46252051 14.96821551 -10.53533077 8.30644534 -6.93932107 5.57604216 -5.12253152 4.27114014 -3.51521894 2.76732443 -2.57381924 1.67755676 -2.26983631 
4.45912288 14.99879569 -10.57740016 8.35604708 -6.99326909 5.63183887 -5.17817407 4.32507782 -3.56628615 2.81470048 -2.61693381 1.71606773 -2.30356902 
4.45606332 14.96470137 -10.53050203 8.30075844 -6.93314258 5.56965860 -5.11617198 4.26498142 -3.50939338 2.76192470 -2.56890932 1.67317455 -2.26600070 
4.45265417 14.99542097 -10.57275318 8.35056316 -6.98729950 5.62565960 -5.17200695 4.31909506 -3.56061760 2.80943799 -2.61214152 1.71178447 -2.29981499 
4.55226988 15.60999040 -11.43672330 9.39054849 -8.14132701 6.84244765 -6.40824168 5.53916935 -4.73587069 3.91776822 -3.63662521 2.64045763 -3.12474762 
4.55226988 15.60999040 -11.43672330 9.39054849 -8.14132701 6.84244765 -6.40824168 5.53916935 -4.73587069 3.91776822 -3.63662521 2.64045763 -3.12474762 
4.55226988 15.60999040 -11.43672330 9.39054849 -8.14132701 6.84244765 -6.40824168 5.53916935 -4.73587069 3.91776822 -3.63662521 2.64045763 -3.12474762 
4.55226988 15.60999040 -11.43672330 9.39054849 -8.14132701 6.84244765 -6.40824168 5.53916935 -4.73587069 3.91776822 -3.63662521 2.64045763 -3.12474762 
4.55226988 15.60999040 -11.43672330 9.39054849 -8.14132701 6.84244765 -6.40824168 5.53916935 -4.73587069 3.91776822 -3.63662521 2.64045763 -3.12474762 
4.55226988 15.60999040 -11.43672330 9.39054849 -8.14132701 6.84244765 -6.40824168 5.53916935 -4.73587069 3.91776822 -3.63662521 2.64045763 -3.12474762 
4.55226988 15.60999040 -11.43672330 9.39054849 -8.14132701 6.84244765 -6.40824168 5.53916935 -4.73587069 3.91776822 -3.63662521 2.64045763 -3.12474762 
4.55226988 15.60999040 -11.43672330 9.39054849 -8.14132701 6.84244765 -6.40824168 5.53916935 -4.73587069 3.91776822 -3.63662521 2.64045763 -3.12474762 
4.55226988 15.60999040 -11.43672330 9.39054849 -8.14132701 6.84244765 -6.40824168 5.53916935 -4.73587069 3.91776822 -3.63662521 2.64045763 -3.12474762 
4.65498248 15.06560806 -10.66962315 8.46513086 -7.11227870 5.75529188 -5.30163835 4.44508889 -3.68021063 2.92065500 -2.71358668 1.80259357 -2.37952045 
4.65776803 15.09486041 -10.71013421 8.51319913 -7.16487991 5.81001538 -5.35651986 4.49857877 -3.73111838 2.96811672 -2.75698176 1.84152632 -2.41376579 
4.55843321 15.60999040 -11.43672330 9.39054849 -8.14132701 6.84244765 -6.40824168 5.53916935 -4.73587069 3.91776822 -3.63662521 2.64045763 -3.12474762 
4.55843321 15.60999040 -11.43672330 9.39054849 -8.14132701 6.84244765 -6.40824168 5.53916935 -4.73587069 3.91776822 -3.63662521 2.64045763 -3.12474762 
4.55843321 15.60999040 -11.43672330 9.39054849 -8.14132701 6.84244765 -6.40824168 5.53916935 -4.73587069 3.91776822 -3.63662521 2.64045763 -3.12474762 
4.66083076 15.06835311 -10.67342128 8.46963362 -7.11720197 5.76040970 -5.30676700 4.45008378 -3.68496103 2.92508086 -2.71763075 1.80621960 -2.38270810 
4.66360862 15.09747172 -10.71375451 8.51749925 -7.16959025 5.81492047 -5.36144365 4.50338195 -3.73569358 2.97238564 -2.76088789 1.84503329 -2.41685262 
4.56457761 15.60999040 -11.43672330 9.39054849 -8.14132701 6.84244765 -6.40824168 5.53916935 -4.73587069 3.91776822 -3.63662521 2.64045763 -3.12474762 
4.46252051 14.96821551 -10.53533077 8.30644534 -6.93932107 5.57604216 -5.12253152 4.27114014 -3.51521894 2.76732443 -2.57381924 1.67755676 -2.26983631 
4.45912288 14.99879569 -10.57740016 8.35604708 -6.99326909 5.63183887 -5.17817407 4.32507782 -3.56628615 2.81470048 -2.61693381 1.71606773 -2.30356902 
4.55843321 15.60999040 -11.43672330 9.39054849 -8.14132701 6.84244765 -6.40824168 5.53916935 -4.73587069 3.91776822 -3.63662521 2.64045763 -3.12474762 
4.55843321 15.60999040 -11.43672330 9.39054849 -8.14132701 6.84244765 -6.40824168 5.53916935 -4.73587069 3.91776822 -3.63662521 2.64045763 -3.12474762 
4.45606332 14.96470137 -10.53050203 8.30075844 -6.93314258 5.56965860 -5.11617198 4.26498142 -3.50939338 2.76192470 -2.56890932 1.67317455 -2.26600070 
4.45265417 14.99542097 -10.57275318 8.35056316 -6.98729950 5.62565960 -5.17200695 4.31909506 -3.56061760 2.80943799 -2.61214152 1.71178447 -2.29981499 
4.55226988 15.60999040 -11.43672330 9.39054849 -8.14132701 6.84244765 -6.40824168 5.53916935 -4.73587069 3.91776822 -3.63662521 2.64045763 -3.12474762 
4.55226988 15.60999040 -11.43672330 9.39054849 -8.14132701 6.84244765 -6.40824168 5.53916935 -4.73587069 3.91776822 -3.63662521 2.64045763 -3.12474762 
4.55226988 15.60999040 -11.43672330 9.39054849 -8.14132701 6.84244765 -6.40824168 5.53916935 -4.73587069 3.91776822 -3.63662521 2.64045763 -3.12474762 
4.44958529 14.96115920 -10.52563596 8.29502890 -6.92691916 5.56323000 -5.10976891 4.25878179 -3.50353026 2.75649114 -2.56396948 1.66876636 -2.26214294 
4.44616453 14.99201909 -10.56806989 8.34503764 -6.98128590 5.61943606 -5.16579688 4.31307180 -3.55491174 2.80414178 -2.60731930 1.70747514 -2.29603866 
4.54608749 15.60999040 -11.43672330 9.39054849 -8.14132701 6.84244765 -6.40824168 5.53916935 -4.73587069 3.91776822 -3.63662521 2.64045763 -3.12474762 
4.54608749 15.60999040 -11.43672330 9.39054849 -8.14132701 6.84244765 -6.40824168 5.53916935 -4.73587069 3.91776822 -3.63662521 2.64045763 -3.12474762 
4.54608749 15.60999040 -11.43672330 9.39054849 -8.14132701 6.84244765 -6.40824168 5.53916935 -4.73587069 3.91776822 -3.63662521 2.64045763 -3.12474762 
4.64911708 15.06284271 -10.66579766 8.46059649 -7.10732172 5.75013989 -5.29647629 4.44006222 -3.67543071 2.91620226 -2.70951860 1.79894645 -2.37631465 
4.65191038 15.09222968 -10.70648764 8.50886855 -7.16013699 5.80507715 -5.35156356 4.49374456 -3.72651428 2.96382139 -2.75305197 1.83799852 -2.41066096 
4.55226988 15.60999040 -11.43672330 9.39054849 -8.14132701 6.84244765 -6.40824168 5.53916935 -4.73587069 3.91776822 -3.63662521 2.64045763 -3.12474762 
4.55226988 15.60999040 -11.43672330 9.39054849 -8.14132701 6.84244765 -6.40824168 5.53916935 -4.73587069 3.91776822 -3.63662521 2.64045763 -3.12474762 
4.55226988 15.60999040 -11.43672330 9.39054849 -8.14132701 6.84244765 -6.40824168 5.53916935 -4.73587069 3.91776822 -3.63662521 2.64045763 -3.12474762 
4.55226988 15.60999040 -11.43672330 9.39054849 -8.14132701 6.84244765 -6.40824168 5.53916935 -4.73587069 3.91776822 -3.63662521 2.64045763 -3.12474762 
4.55226988 15.60999040 -11.43672330 9.39054849 -8.14132701 6.84244765 -6.40824168 5.53916935 -4.73587069 3.91776822 -3.63662521 2.64045763 -3.12474762 
4.44958529 14.96115920 -10.52563596 8.29502890 -6.92691916 5.56323000 -5.10976891 4.25878179 -3.50353026 2.75649114 -2.56396948 1.66876636 -2.26214294 
4.44616453 14.99201909 -10.56806989 8.34503764 -6.98128590 5.61943606 -5.16579688 4.31307180 -3.55491174 2.80414178 -2.60731930 1.70747514 -2.29603866 
4.44308626 14.95758870 -10.52073216 8.28925630 -6.92065040 5.55675597 -5.10332195 4.25254091 -3.49762927 2.75102349 -2.55899952 1.66433202 -2.25826290 
4.43965382 14.98858977 -10.56334993 8.33947010 -6.97522789 5.61316787 -5.15954352 4.30700771 -3.54916826 2.79881158 -2.60246696 1.70313956 -2.29223990 
4.43656611 14.95398956 -10.51579027 8.28344024 -6.91433588 5.55023611 -5.09683073 4.24625847 -3.49169014 2.74552152 -2.55399925 1.65987137 -2.25436045 
4.43312191 14.98513271 -10.55859292 8.33386013 -6.96912506 5.60685462 -5.15324647 4.30090245 -3.54338687 2.79344716 -2.59758427 1.69877756 -2.28841856 
4.43002469 14.95036149 -10.51080990 8.27758028 -6.90797517 5.54367003 -5.09029487 4.23993413 -3.48571259 2.73998499 -2.54896845 1.65538423 -2.25043546 
4.42656865 14.98164762 -10.55379849 8.32820733 -6.96297699 5.60049591 -5.14690538 4.29475570 -3.53756728 2.78804825 -2.59267103 1.69438897 -2.28457451 
4.42346188 14.94670419 -10.50579066 8.27167602 -6.90156786 5.53705730 -5.08371400 4.23356756 -3.47969631 2.73441364 -2.54390692 1.65087045 -2.24648780 
4.18796888 14.76362277 -10.25615572 7.97983523 -6.58674875 5.21399765 -4.76397815 3.92587925 -3.19041127 2.46780753 -2.30279854 1.43677431 -2.06000546 
3.91276667 14.50760361 -9.91240716 7.58385478 -6.16565049 4.78775858 -4.34767549 3.53034737 -2.82307206 2.13317845 -2.00349194 1.17374609 -1.83315878 
3.73675311 15.59701318 -11.41811559 9.36772984 -8.11555447 6.81481541 -6.37971742 5.51058890 -4.70794273 3.89107389 -3.61163651 2.61753671 -3.10415965 
3.70871665 15.59664576 -11.41758897 9.36708431 -8.11482566 6.81403429 -6.37891137 5.50978153 -4.70715403 3.89032026 -3.61093123 2.61688995 -3.10357887 
3.83781415 14.69071603 -10.15763253 7.86563966 -6.46458353 5.08963359 -4.64184295 3.80922147 -3.08151688 2.36813249 -2.21323883 1.35773322 -1.99155947 
4.09264422 14.82202779 -10.33544617 8.07214496 -6.68592370 5.31537259 -4.86393194 4.02171644 -3.28020032 2.55028178 -2.37714875 1.50259721 -2.11717486 
4.32561049 14.92579501 -10.47711956 8.23797681 -6.86502619 5.49937248 -5.04623796 4.19733720 -3.44548233 2.70275005 -2.51515814 1.62524734 -2.22409043 
4.43140640 15.60999040 -11.43672330 9.39054849 -8.14132701 6.84244765 -6.40824168 5.53916935 -4.73587069 3.91776822 -3.63662521 2.64045763 -3.12474762 
4.11103602 11.65058266 -6.49134888 4.04107376 -2.75746629 1.64366136 -1.53251242 1.06434912 -0.69973111 0.32700813 -0.48584925 -0.08723113 -0.80111234 
3.04999365 5.82898351 -1.79826491 0.61232352 -0.35355718 -0.05084588 -0.34121999 0.22562540 -0.11077297 -0.10500789 -0.16491781 -0.33736010 -0.61273594 
1.96160325 -11.97356556 -5.97710731 -3.62905194 -2.36760717 -1.68513047 -1.18958207 -0.48623562 -0.55963039 -0.48929962 -0.39314420 -0.55743441 -0.68783133 
1.81240050 8.37204286 -3.47769294 1.60885142 -0.91509277 0.27804847 -0.53708244 0.34520099 -0.18311138 -0.05209090 -0.20475027 -0.30131047 -0.64083496 
1.83296995 -8.78038339 -3.17117969 -1.46024798 -0.79598522 -0.57596236 -0.42563487 0.04698072 -0.18255748 -0.21805512 -0.19955598 -0.41979339 -0.59562451 
4.64490738 3.90413773 -0.90646417 0.22364341 -0.19034168 -0.13631147 -0.29331387 0.19660791 -0.09604657 -0.11965750 -0.15361231 -0.35151131 -0.60162652 
6.15455471 9.00440756 -3.98424962 1.96506530 -1.14966098 0.43116754 -0.63617309 0.40940565 -0.22470347 -0.02302677 -0.22582857 -0.28458155 -0.65349114 
6.88698846 13.40235423 -8.49936844 6.03029270 -4.58613739 3.25588020 -2.91169947 2.21865188 -1.64976319 1.10126706 -1.11048498 0.41269799 -1.19564305 
7.18238653 15.25476643 -10.93301609 8.77928823 -7.45779236 6.11647931 -5.66555343 4.80136375 -4.02074236 3.23942730 -3.00617115 2.06604731 -2.61205688 
7.09318058 14.18427653 -9.48715977 7.10360782 -5.66467717 4.28995731 -3.87010511 3.08438406 -2.41573103 1.76790819 -1.68162404 0.89483735 -1.59582206 
6.60536630 12.13313926 -7.01651220 4.53524556 -3.18895323 2.00553436 -1.82722785 1.29943150 -0.88439164 0.47129818 -0.59789595 -0.00039669 -0.86756060 
5.80981418 10.55785909 -5.37994583 3.06042341 -1.95274372 1.00631214 -1.04069147 0.69134567 -0.42019011 0.11671683 -0.32752560 -0.20748596 -0.71084461 
4.90055042 12.19174846 -7.08173762 4.59794793 -3.24484823 2.05332936 -1.86687855 1.33161751 -0.91009427 0.49166725 -0.61390718 0.01212904 -0.87723063 
4.37954119 14.85170553 -10.37586075 8.11933428 -6.73676733 5.36748642 -4.91545118 4.07123992 -3.32671216 2.59310368 -2.41583761 1.53691994 -2.14704429 
4.81776978 10.95552223 -5.77195806 3.39590103 -2.21981378 1.21190295 -1.19507207 0.80544001 -0.50363037 0.17830888 -0.37321947 -0.17303716 -0.73650764 
5.40512001 13.85262459 -9.06120138 6.63343192 -5.18500758 3.82341679 -3.43172165 2.68315618 -2.05627689 1.45141865 -1.40752918 0.66114763 -1.40002711 
5.60031062 15.60438553 -11.42868472 9.38068859 -8.13018838 6.83050288 -6.39590896 5.52681008 -4.72379149 3.90622071 -3.62581387 2.63053948 -3.11583776 
5.43755448 14.05977569 -9.32604461 6.92447618 -5.48064211 4.10975465 -3.69967773 2.92742504 -2.27426965 1.64265372 -1.57257239 0.80140271 -1.51717053 
4.69771869 7.29571299 -2.69707972 1.10797147 -0.61280406 0.09353850 -0.42406812 0.27504063 -0.13956563 -0.08292604 -0.18195196 -0.32067870 -0.62588815 
2.85692615 -4.91811327 -0.98363121 -0.30676153 -0.20786631 -0.25907938 -0.26474480 0.14845946 -0.11108803 -0.16068046 -0.15852350 -0.38850508 -0.58328273 
3.21044477 3.69268756 -0.82837030 0.19544550 -0.18052340 -0.14172659 -0.29016252 0.19458862 -0.09521906 -0.12080271 -0.15280572 -0.35276153 -0.60066614 
4.08080029 13.91277581 -9.13769007 6.71704921 -5.26951036 3.90485972 -3.50757137 2.75197946 -2.11742099 1.50483018 -1.45344032 0.70001699 -1.43237469 
3.97878846 12.28446612 -7.18556112 4.69835089 -3.33487188 2.13073061 -1.93142970 1.38428057 -0.95235059 0.52529535 -0.64043835 0.03294649 -0.89334709 
2.94549147 4.20790794 -1.02553503 0.26861567 -0.20670320 -0.12753206 -0.29835849 0.19979087 -0.09743811 -0.11789904 -0.15489315 -0.34963131 -0.60308053 
2.68750928 -5.29179433 -1.13783291 -0.36753906 -0.23118017 -0.27036512 -0.26889459 0.14506676 -0.11398380 -0.16359882 -0.16054535 -0.39031468 -0.58345558 
4.60150126 6.94559911 -2.46526335 0.97132672 -0.53684585 0.04980080 -0.39844560 0.25961373 -0.13034818 -0.08969164 -0.17681626 -0.32540305 -0.62218428 
5.74242419 10.73546953 -5.55327635 3.20732204 -2.06858007 1.09470574 -1.10652163 0.73962413 -0.45524492 0.14245872 -0.34655136 -0.19316005 -0.72150126 
6.54376563 12.00540174 -6.87543796 4.40062232 -3.06980256 1.90433595 -1.74381513 1.23213834 -0.83096656 0.42917350 -0.56493002 -0.02609571 -0.84778611 
6.99487537 14.61715943 -10.05874268 7.75158475 -6.34315282 4.96658554 -4.52153780 3.69480534 -2.97515629 2.27115813 -2.12642990 1.28138846 -1.92566956 
7.14729604 15.58038670 -11.39429791 9.33854828 -8.08262340 6.77953657 -6.34332777 5.47415431 -4.67236473 3.85708973 -3.57984341 2.58839132 -3.07799504 
6.96807797 13.64114419 -8.79496865 6.34518652 -4.89643842 3.54779543 -3.17726365 2.45421253 -1.85452422 1.27651788 -1.25826302 0.53561236 -1.29621606 
6.39473821 11.60460077 -6.44240918 3.99600337 -2.71893493 1.61198293 -1.50720090 1.04452345 -0.68442418 0.31522141 -0.47681006 -0.09417198 -0.79584709 
5.39734549 7.65447796 -2.94587307 1.26096337 -0.70135987 0.14593230 -0.45537412 0.29412724 -0.15117237 -0.07458564 -0.18819993 -0.31515708 -0.63018809 
3.64393443 4.72723321 -1.24789882 0.35866558 -0.24174713 -0.10920538 -0.30871158 0.20617892 -0.10047113 -0.11451474 -0.15745738 -0.34615629 -0.60579271 
1.14971253 7.59253802 -2.90210578 1.23358508 -0.68525326 0.13629466 -0.44956645 0.29056610 -0.14899145 -0.07614193 -0.18704008 -0.31616640 -0.62940450 
2.43790227 3.66939922 -0.82000963 0.19248928 -0.17951517 -0.14229155 -0.28983172 0.19437509 -0.09513445 -0.12092528 -0.15272092 -0.35289648 -0.60056282 
4.02298521 8.62065683 -3.67260670 1.74313801 -1.00176965 0.33370356 -0.57259043 0.36793789 -0.19767571 -0.04191296 -0.21215390 -0.29535295 -0.64536368 
5.00398381 11.39985540 -6.22681555 3.79948307 -2.55259466 1.47649074 -1.39989106 0.96116715 -0.62056677 0.26636366 -0.43953917 -0.12268819 -0.77428845 
5.55153419 14.00519991 -9.25587846 6.84695352 -5.40148498 4.03270255 -3.62722240 2.86106558 -2.21478213 1.59024754 -1.52716369 0.76267102 -1.48470670 
5.90810042 14.32331205 -9.66881141 7.30743920 -5.87597317 4.49864405 -4.06912917 3.26916992 -2.58357652 1.91762408 -1.81288707 1.00804169 -1.69171464 
6.07432743 15.59870642 -11.42054260 9.37070507 -8.11891376 6.81841599 -6.38343315 5.51431091 -4.71157880 3.89454848 -3.61488833 2.62051878 -3.10683765 
6.05236679 15.52754870 -11.31877573 9.24621278 -7.97863295 6.66834433 -6.22884282 5.35972637 -4.56081079 3.75069817 -3.48045639 2.49740577 -2.99642003 
5.68976593 11.54152004 -6.37558208 3.93473392 -2.66678198 1.56927918 -1.47321154 1.01799775 -0.66401453 0.29955004 -0.46482011 -0.10336355 -0.78888522 
4.66229153 7.11168212 -2.57387849 1.03462534 -0.57164810 0.06969812 -0.41004337 0.26657577 -0.13448794 -0.08663259 -0.17914676 -0.32323504 -0.62388671 
