11.04495881 0.44746459 -0.12252732 -0.01017051 -0.12540256 -0.18885470 -0.26243701 0.17464193 -0.09191718 -0.13427780 -0.14696429 -0.36792265 -0.58984479 
4.99511527 15.24874186 -10.92457509 8.76916103 -7.44659129 6.10470692 -5.65363070 4.78963342 -4.00947726 3.22883486 -2.99640780 2.05722110 -2.60423716 
4.91708610 15.60954571 -11.43608541 9.38976595 -8.14044285 6.84149937 -6.40726247 5.53818791 -4.73491137 3.91685103 -3.63576640 2.63966968 -3.12403971 
4.92222309 15.60954799 -11.43608868 9.38976996 -8.14044738 6.84150423 -6.40726749 5.53819294 -4.73491628 3.91685572 -3.63577080 2.63967372 -3.12404334 
4.84205062 15.17180583 -10.81708142 8.64053615 -7.30469015 5.95593095 -5.50330688 4.64206674 -3.86806656 3.09613705 -2.87433060 1.94706030 -2.50680486 
4.84483320 15.14871746 -10.78493183 8.60219040 -7.26251761 5.91184626 -5.45889056 4.59858448 -3.82650741 3.05723526 -2.83862644 1.91491266 -2.47843140 
4.76299305 14.13063922 -9.41756937 7.02604384 -5.58479805 4.21156083 -3.79579533 3.01579873 -2.35378899 1.71295515 -1.63369099 0.85369752 -1.56113399 
4.66166365 15.09660343 -10.71255064 8.51606924 -7.16802374 5.81328910 -5.35980598 4.50178432 -3.73417171 2.97096559 -2.75958847 1.84386661 -2.41582567 
4.75184882 15.60999040 -11.43672330 9.39054849 -8.14132701 6.84244765 -6.40824168 5.53916935 -4.73587069 3.91776822 -3.63662521 2.64045763 -3.12474762 
4.65888323 15.06744034 -10.67215826 8.46813620 -7.11556460 5.75870754 -5.30506115 4.44842233 -3.68338083 2.92360855 -2.71628538 1.80501326 -2.38164756 
4.55330080 15.60935064 -11.43580559 9.38942268 -8.14005501 6.84108342 -6.40683295 5.53775742 -4.73449059 3.91644873 -3.63538971 2.63932409 -3.12372922 
4.54712161 15.60934667 -11.43579990 9.38941571 -8.14004713 6.84107496 -6.40682423 5.53774867 -4.73448204 3.91644055 -3.63538206 2.63931706 -3.12372291 
4.54092327 15.60934267 -11.43579416 9.38940867 -8.14003918 6.84106643 -6.40681541 5.53773984 -4.73447341 3.91643230 -3.63537433 2.63930997 -3.12371655 
4.43129830 14.91752052 -10.46578486 8.22466720 -6.85060741 5.48451595 -5.03147651 4.18307830 -3.43202777 2.69030785 -2.50386943 1.61519281 -2.21530736 
4.42091831 15.01149714 -10.59489973 8.37670927 -7.01577271 5.65514431 -5.20144466 4.34766299 -3.58769445 2.83458343 -2.63504735 1.73226323 -2.31776845 
4.51593602 15.60932628 -11.43577066 9.38937983 -8.14000660 6.84103149 -6.40677934 5.53770368 -4.73443807 3.91639851 -3.63534269 2.63928095 -3.12369047 
4.50964013 15.60932209 -11.43576464 9.38937245 -8.13999826 6.84102255 -6.40677011 5.53769443 -4.73442902 3.91638986 -3.63533459 2.63927352 -3.12368379 
4.50332435 15.60931786 -11.43575857 9.38936501 -8.13998985 6.84101353 -6.40676078 5.53768509 -4.73441989 3.91638113 -3.63532642 2.63926602 -3.12367706 
4.49698856 15.60931358 -11.43575244 9.38935749 -8.13998135 6.84100441 -6.40675138 5.53767566 -4.73441067 3.91637232 -3.63531817 2.63925845 -3.12367025 
4.49063264 15.60930927 -11.43574625 9.38934989 -8.13997277 6.84099521 -6.40674188 5.53766614 -4.73440137 3.91636342 -3.63530984 2.63925080 -3.12366339 
4.59035735 15.06386189 -10.66720748 8.46226746 -7.10914833 5.75203825 -5.29837827 4.44191422 -3.67719172 2.91784266 -2.71101722 1.80028995 -2.37749553 
4.58748149 15.03303073 -10.62460285 8.41181997 -7.05405404 5.69483089 -5.24111164 4.38619878 -3.62425602 2.86856977 -2.66603494 1.75999125 -2.34209715 
4.58429907 15.06099736 -10.66324528 8.45757158 -7.10401538 5.74670394 -5.29303409 4.43671073 -3.67224414 2.91323415 -2.70680719 1.79651588 -2.37417839 
4.58141496 15.03002111 -10.62044879 8.40690666 -7.04869389 5.68927086 -5.23555135 4.38079424 -3.61912581 2.86379865 -2.66168285 1.75609531 -2.33867746 
4.57822243 15.05811092 -10.65925355 8.45284160 -7.09884610 5.74133279 -5.28765391 4.43147303 -3.66726479 2.90859674 -2.70257134 1.79271916 -2.37084176 
4.67206616 15.60999040 -11.43672330 9.39054849 -8.14132701 6.84244765 -6.40824168 5.53916935 -4.73587069 3.91776822 -3.63662521 2.64045763 -3.12474762 
4.57533002 15.02698861 -10.61626400 8.40195799 -7.04329621 5.68367292 -5.22995413 4.37535474 -3.61396323 2.85899818 -2.65730462 1.75217652 -2.33523816 
4.57212731 15.05520234 -10.65523201 8.44807721 -7.09364015 5.73592450 -5.28223743 4.42620085 -3.66225345 2.90393021 -2.69830948 1.78889963 -2.36748551 
4.66624374 15.60999040 -11.43672330 9.39054849 -8.14132701 6.84244765 -6.40824168 5.53916935 -4.73587069 3.91776822 -3.63662521 2.64045763 -3.12474762 
4.56922656 15.02393299 -10.61204820 8.39697363 -7.03786065 5.67803674 -5.22431969 4.36987999 -3.60876807 2.85416816 -2.65290009 1.74823472 -2.33177914 
4.56601361 15.05227141 -10.65118038 8.44327807 -7.08839721 5.73047874 -5.27678434 4.42089391 -3.65720986 2.89923434 -2.69402144 1.78505715 -2.36410950 
4.56310447 15.02085403 -10.60780108 8.39195327 -7.03238689 5.67236200 -5.21864771 4.36436972 -3.60354006 2.84930836 -2.64846907 1.74426978 -2.32830026 
4.55988121 15.04931790 -10.64709836 8.43844387 -7.08311694 5.72499517 -5.27129436 4.41555193 -3.65213377 2.89450893 -2.68970702 1.78119155 -2.36071362 
4.65454780 15.60999040 -11.43672330 9.39054849 -8.14132701 6.84244765 -6.40824168 5.53916935 -4.73587069 3.91776822 -3.63662521 2.64045763 -3.12474762 
4.65454780 15.60999040 -11.43672330 9.39054849 -8.14132701 6.84244765 -6.40824168 5.53916935 -4.73587069 3.91776822 -3.63662521 2.64045763 -3.12474762 
4.65454780 15.60999040 -11.43672330 9.39054849 -8.14132701 6.84244765 -6.40824168 5.53916935 -4.73587069 3.91776822 -3.63662521 2.64045763 -3.12474762 
4.75215480 15.10966625 -10.73066945 8.53760015 -7.19161897 5.83787012 -5.38449066 4.52587373 -3.75712623 2.99239098 -2.77919953 1.86147919 -2.43133291 
4.75481500 15.13675826 -10.76829897 8.58237439 -7.24074781 5.88911315 -5.43600945 4.57620615 -3.80513858 3.03725026 -2.82029935 1.89842401 -2.46388930 
4.66040432 15.60999040 -11.43672330 9.39054849 -8.14132701 6.84244765 -6.40824168 5.53916935 -4.73587069 3.91776822 -3.63662521 2.64045763 -3.12474762 
4.75772673 15.11209430 -10.73403907 8.54160634 -7.19601140 5.84244819 -5.38909009 4.53036416 -3.76140687 2.99638803 -2.78285945 1.86476729 -2.43422891 
4.76037991 15.13906639 -10.77150806 8.58619643 -7.24494543 5.89349525 -5.44041885 4.58051752 -3.80925441 3.04109862 -2.82382766 1.90159769 -2.46668775 
4.66624374 15.60999040 -11.43672330 9.39054849 -8.14132701 6.84244765 -6.40824168 5.53916935 -4.73587069 3.91776822 -3.63662521 2.64045763 -3.12474762 
4.76328322 15.11450523 -10.73738547 8.54558557 -7.20037492 5.84699678 -5.39366054 4.53482692 -3.76566168 3.00036143 -2.78649813 1.86803667 -2.43710872 
4.76592940 15.14135815 -10.77469490 8.58999253 -7.24911515 5.89784882 -5.44480014 4.58480193 -3.81334500 3.04492383 -2.82733511 1.90475295 -2.46947022 
4.67206616 15.60999040 -11.43672330 9.39054849 -8.14132701 6.84244765 -6.40824168 5.53916935 -4.73587069 3.91776822 -3.63662521 2.64045763 -3.12474762 
4.67206616 15.60999040 -11.43672330 9.39054849 -8.14132701 6.84244765 -6.40824168 5.53916935 -4.73587069 3.91776822 -3.63662521 2.64045763 -3.12474762 
4.67206616 15.60999040 -11.43672330 9.39054849 -8.14132701 6.84244765 -6.40824168 5.53916935 -4.73587069 3.91776822 -3.63662521 2.64045763 -3.12474762 
4.67206616 15.60999040 -11.43672330 9.39054849 -8.14132701 6.84244765 -6.40824168 5.53916935 -4.73587069 3.91776822 -3.63662521 2.64045763 -3.12474762 
4.57533002 15.02698861 -10.61626400 8.40195799 -7.04329621 5.68367292 -5.22995413 4.37535474 -3.61396323 2.85899818 -2.65730462 1.75217652 -2.33523816 
4.57212731 15.05520234 -10.65523201 8.44807721 -7.09364015 5.73592450 -5.28223743 4.42620085 -3.66225345 2.90393021 -2.69830948 1.78889963 -2.36748551 
4.56922656 15.02393299 -10.61204820 8.39697363 -7.03786065 5.67803674 -5.22431969 4.36987999 -3.60876807 2.85416816 -2.65290009 1.74823472 -2.33177914 
4.45854647 15.60928706 -11.43571440 9.38931082 -8.13992863 6.84094787 -6.40669299 5.53761714 -4.73435347 3.91631764 -3.63526696 2.63921147 -3.12362805 
4.45206700 15.60928249 -11.43570784 9.38930278 -8.13991954 6.84093812 -6.40668292 5.53760705 -4.73434361 3.91630821 -3.63525814 2.63920337 -3.12362077 
4.44556647 15.60927788 -11.43570122 9.38929466 -8.13991036 6.84092828 -6.40667276 5.53759687 -4.73433366 3.91629869 -3.63524923 2.63919520 -3.12361343 
4.43904474 15.60927322 -11.43569454 9.38928645 -8.13990110 6.84091834 -6.40666250 5.53758658 -4.73432361 3.91628908 -3.63524023 2.63918694 -3.12360601 
4.43250168 15.60926851 -11.43568779 9.38927817 -8.13989174 6.84090831 -6.40665214 5.53757619 -4.73431345 3.91627937 -3.63523114 2.63917860 -3.12359852 
4.31678753 14.84835832 -10.37129840 8.11400245 -6.73101773 5.36158837 -4.90961583 4.06562636 -3.32143613 2.58824286 -2.41144306 1.53301892 -2.14364742 
4.30576266 14.95007723 -10.51041973 8.27712127 -6.90747699 5.54315582 -5.08978309 4.23943897 -3.48524463 2.73955160 -2.54857469 1.65503305 -2.25012830 
4.40611324 15.60924921 -11.43566010 9.38924421 -8.13985337 6.84086716 -6.40660965 5.53753361 -4.73427183 3.91623958 -3.63519388 2.63914442 -3.12356781 
4.39946137 15.60924427 -11.43565301 9.38923551 -8.13984354 6.84085661 -6.40659876 5.53752270 -4.73426116 3.91622938 -3.63518433 2.63913566 -3.12355994 
4.39278730 15.60923927 -11.43564584 9.38922672 -8.13983361 6.84084596 -6.40658776 5.53751167 -4.73425039 3.91621908 -3.63517468 2.63912681 -3.12355199 
4.38609089 15.60923422 -11.43563861 9.38921784 -8.13982358 6.84083521 -6.40657665 5.53750054 -4.73423951 3.91620867 -3.63516494 2.63911787 -3.12354396 
4.26766877 14.81693768 -10.32852296 8.06407059 -6.67723384 5.30647524 -4.85514528 4.01327867 -3.27228333 2.54299955 -2.37057510 1.49677020 -2.11210786 
4.25635460 14.92210119 -10.47205882 8.23203342 -6.85858655 5.49273640 -5.03964346 4.19096637 -3.43947012 2.69718956 -2.51011258 1.62075293 -2.22016397 
4.35907874 15.60921353 -11.43560892 9.38918142 -8.13978243 6.84079107 -6.40653108 5.53745486 -4.73419486 3.91616599 -3.63512497 2.63908120 -3.12351102 
4.23905170 14.79813063 -10.30296429 8.03428596 -6.64520359 5.27370458 -4.82280552 3.98224447 -3.24318393 2.51625012 -2.34644293 1.47539102 -2.09352712 
4.09929931 15.60596523 -11.43095005 9.38346684 -8.13332658 6.83386783 -6.39938283 5.53029109 -4.72719330 3.90947249 -3.62885809 2.63333198 -3.11834619 
4.08375543 15.60590225 -11.43085974 9.38335608 -8.13320146 6.83373367 -6.39924432 5.53015229 -4.72705764 3.90934282 -3.62873669 2.63322061 -3.11824615 
4.06808979 15.60583779 -11.43076729 9.38324269 -8.13307338 6.83359633 -6.39910253 5.53001020 -4.72691879 3.90921008 -3.62861242 2.63310662 -3.11814375 
4.05230048 15.60577179 -11.43067264 9.38312661 -8.13294225 6.83345573 -6.39895737 5.52986474 -4.72677663 3.90907419 -3.62848520 2.63298991 -3.11803891 
4.03638553 15.60570421 -11.43057572 9.38300774 -8.13280798 6.83331174 -6.39880872 5.52971578 -4.72663106 3.90893503 -3.62835492 2.63287041 -3.11793156 
4.02034292 15.60563499 -11.43047646 9.38288599 -8.13267045 6.83316428 -6.39865648 5.52956322 -4.72648197 3.90879251 -3.62822150 2.63274801 -3.11782162 
4.00417059 15.60556408 -11.43037477 9.38276128 -8.13252957 6.83301322 -6.39850052 5.52940694 -4.72632924 3.90864652 -3.62808482 2.63262263 -3.11770899 
3.98786642 15.60549142 -11.43027057 9.38263349 -8.13238523 6.83285844 -6.39834073 5.52924682 -4.72617276 3.90849694 -3.62794479 2.63249418 -3.11759360 
3.97142825 15.60541697 -11.43016380 9.38250254 -8.13223731 6.83269982 -6.39817698 5.52908273 -4.72601240 3.90834365 -3.62780128 2.63236253 -3.11747535 
3.95485386 15.60534065 -11.43005435 9.38236830 -8.13208568 6.83253724 -6.39800914 5.52891454 -4.72584804 3.90818653 -3.62765419 2.63222761 -3.11735414 
3.93814096 15.60526240 -11.42994214 9.38223069 -8.13193024 6.83237056 -6.39783706 5.52874211 -4.72567953 3.90802545 -3.62750339 2.63208928 -3.11722989 
4.06138902 14.80157960 -10.30764890 8.03974233 -6.65106843 5.27970212 -4.82872147 3.98791905 -3.24850245 2.52113715 -2.35085009 1.47929400 -2.09691804 
4.05031704 14.66444992 -10.12226127 7.82477884 -6.42101284 5.04541691 -4.59854972 3.76799034 -3.04313752 2.33309588 -2.18183738 1.33008582 -1.96767250 
3.89573731 15.60505792 -11.42964892 9.38187107 -8.13152403 6.83193501 -6.39738741 5.52829153 -4.72523920 3.90760455 -3.62710935 2.63172782 -3.11690520 
3.87852088 15.60497241 -11.42952629 9.38172067 -8.13135415 6.83175285 -6.39719935 5.52810309 -4.72505505 3.90742852 -3.62694456 2.63157666 -3.11676942 
3.86115496 15.60488465 -11.42940044 9.38156633 -8.13117981 6.83156592 -6.39700637 5.52790972 -4.72486608 3.90724789 -3.62677546 2.63142154 -3.11663008 
3.84363693 15.60479456 -11.42927126 9.38140791 -8.13100087 6.83137405 -6.39680830 5.52771124 -4.72467212 3.90706248 -3.62660189 2.63126232 -3.11648706 
3.82596412 15.60470208 -11.42913864 9.38124526 -8.13081715 6.83117706 -6.39660494 5.52750747 -4.72447299 3.90687213 -3.62642370 2.63109887 -3.11634024 
3.80813374 15.60460710 -11.42900244 9.38107824 -8.13062849 6.83097478 -6.39639611 5.52729822 -4.72426851 3.90667667 -3.62624072 2.63093102 -3.11618947 
3.64097151 14.25396624 -9.57798216 7.20527331 -5.76981722 4.39356291 -3.96869510 3.17572465 -2.49852613 1.84161540 -1.74612622 0.95036811 -1.64278181 
3.43695800 15.59250168 -11.41165028 9.35980561 -8.10660894 6.80522895 -6.36982600 5.50068228 -4.69826626 3.88182843 -3.60298495 2.60960376 -3.09703644 
3.58484901 14.48797669 -9.88631137 7.55407562 -6.13427143 4.75627573 -4.31718912 3.50162164 -2.79660672 2.10925248 -1.98224591 1.15520235 -1.81727006 
3.56184048 14.17186666 -9.47103478 7.08560936 -5.64611550 4.27171562 -3.85279175 3.06838424 -2.40126339 1.75505821 -1.67040339 0.88519713 -1.58768575 
3.16419787 13.62167569 -8.77066967 6.31909631 -4.87053043 3.52324276 -3.15476803 2.43412126 -1.83694467 1.26137951 -1.24542449 0.52487770 -1.28738849 
3.11616873 14.09211939 -9.36775993 6.97070621 -5.52798763 4.15597324 -3.74325989 2.96744796 -2.31024100 1.67442057 -1.60016128 0.82498571 -1.53697803 
3.26833083 15.58931035 -11.40707800 9.35420288 -8.10028553 6.79845390 -6.36283682 5.49368371 -4.69143152 3.87529924 -3.59687615 2.60400321 -3.09200826 
3.23282974 15.58856805 -11.40601463 9.35290001 -8.09881523 6.79687876 -6.36121207 5.49205693 -4.68984297 3.87378183 -3.59545656 2.60270184 -3.09083998 
3.19668713 15.58778515 -11.40489315 9.35152602 -8.09726473 6.79521777 -6.35949883 5.49034162 -4.68816803 3.87218196 -3.59395988 2.60132982 -3.08960830 
3.15987939 15.58695864 -11.40370927 9.35007563 -8.09562811 6.79346460 -6.35769058 5.48853126 -4.68640034 3.87049357 -3.59238042 2.59988198 -3.08830860 
3.12238159 15.58608523 -11.40245827 9.34854310 -8.09389889 6.79161232 -6.35578020 5.48661872 -4.68453296 3.86871001 -3.59071201 2.59835265 -3.08693579 
3.29543925 14.21256331 -9.52396899 7.14475211 -5.70716771 4.33177098 -3.90984217 3.12115227 -2.44901833 1.79750726 -1.70749798 0.91708948 -1.61462095 
3.26923812 13.83311559 -9.03646639 6.60646820 -5.15783359 3.79729631 -3.40745775 2.66119496 -2.03681302 1.43445475 -1.39297862 0.64885330 -1.38981507 
3.01880835 15.58349829 -11.39875337 9.34400491 -8.08877875 6.78612831 -6.35012467 5.48095731 -4.67900567 3.86343126 -3.58577440 2.59382693 -3.08287352 
2.97854261 15.58241924 -11.39720818 9.34211240 -8.08664377 6.78384184 -6.34776691 5.47859732 -4.67670179 3.86123115 -3.58371664 2.59194096 -3.08118079 
3.16447776 14.07122630 -9.34080179 6.94081847 -5.49736674 4.12606995 -3.71505206 2.94153465 -2.28694301 1.65383916 -1.58228131 0.80969756 -1.52413394 
3.13671536 13.66028689 -8.81889546 6.37091287 -4.92201977 3.57207014 -3.19953271 2.47412577 -1.87196850 1.29155632 -1.27102999 0.54629737 -1.30501081 
2.86702766 15.57919813 -11.39259623 9.33646450 -8.08027309 6.77701992 -6.34073309 5.47155757 -4.66983011 3.85466962 -3.57758018 2.58631729 -3.07613374 
3.06359349 13.95475522 -9.19127236 6.77583782 -5.32913167 3.96251741 -3.56144640 2.80101970 -2.16112335 1.54311612 -1.48643972 0.72802596 -1.45574078 
3.03457809 13.51828830 -8.64222170 6.18178913 -4.73476966 3.39511541 -3.03784527 2.33009926 -1.74626561 1.18356376 -1.17964554 0.47004291 -1.24242458 
2.99788189 13.87520135 -9.08987039 6.66473095 -5.21659681 3.85382398 -3.46000607 2.70879014 -2.07902473 1.47126839 -1.42457423 0.67556474 -1.41201439 
2.96802672 13.42149439 -8.52286678 6.05512489 -4.61041611 3.27854865 -2.93217085 2.23668168 -1.66532844 1.11450395 -1.12157993 0.42187543 -1.20311280 
2.92996192 13.78982506 -8.98170662 6.54690776 -5.09793945 3.73984470 -3.35419804 2.61308441 -1.99425410 1.39742811 -1.36127273 0.62210544 -1.36763058 
2.89921924 13.31777801 -8.39594136 5.92140769 -4.48007162 3.15719863 -2.82288686 2.14068990 -1.58267143 1.04437924 -1.06293333 0.37346292 -1.16378474 
2.85968183 13.69802777 -8.86616863 6.42184557 -4.97276665 3.62031738 -3.24387606 2.51384954 -1.90682747 1.32165649 -1.29662274 0.56774679 -1.32268949 
2.82800001 13.20643377 -8.26079075 5.78014386 -4.34342697 3.03091753 -2.70997142 2.04219007 -1.49841486 0.97333503 -1.00385644 0.32494767 -1.12456784 
2.50673116 15.56602564 -11.37374594 9.31339150 -8.05425963 6.74917642 -6.31203703 5.44284908 -4.64181790 3.82793148 -3.55258281 2.56341619 -3.05558705 
2.45456316 15.56370519 -11.37042695 9.30933092 -8.04968362 6.74428057 -6.30699332 5.43780514 -4.63689811 3.82323707 -3.54819546 2.55939800 -3.05198300 
2.40099814 15.56119703 -11.36684003 9.30494319 -8.04473962 6.73899171 -6.30154542 5.43235765 -4.63158530 3.81816821 -3.54345864 2.55506014 -3.04809258 
2.34595922 15.55848045 -11.36295571 9.30019242 -8.03938737 6.73326694 -6.29564932 5.42646276 -4.62583688 3.81268438 -3.53833459 2.55036816 -3.04388498 
2.28936301 15.55553185 -11.35874040 9.29503771 -8.03358099 6.72705742 -6.28925490 5.42007056 -4.61960434 3.80673947 -3.53278037 2.54528287 -3.03932514 
1.91699778 11.23890616 -6.05999756 3.64971511 -2.42768846 1.37613905 -1.32144442 0.90097727 -0.57498636 0.23181424 -0.41338306 -0.14260326 -0.75930220 
1.81989533 12.01559927 -6.88664568 4.41126762 -3.07918142 1.91226743 -1.75032565 1.23737000 -0.83510452 0.43242564 -0.56746789 -0.02412166 -0.84930190 
2.08823444 15.54364861 -11.34176028 9.27428288 -8.01021237 6.70207648 -6.26354018 5.39437434 -4.59455880 3.78285772 -3.51047514 2.52486676 -3.02102371 
2.02372950 15.53932451 -11.33558477 9.26673826 -8.00172161 6.69300396 -6.25420516 5.38504984 -4.58547394 3.77419817 -3.50239001 2.51746880 -3.01439404 
1.60147650 10.38318132 -5.21223844 2.92048963 -1.84405762 0.92450605 -0.98054191 0.64775009 -0.38887847 0.09389512 -0.31074427 -0.22011062 -0.70146757 
2.00349850 8.05719881 -3.23872721 1.44911272 -0.81493432 0.21518923 -0.49773352 0.32038137 -0.16744532 -0.06307483 -0.19671099 -0.30792453 -0.63577237 
2.20583433 12.04535317 -6.91940110 4.44242882 -3.10667804 1.93555467 -1.76946763 1.25277241 -0.84730239 0.44202272 -0.57496426 -0.01828643 -0.85378564 
1.74265282 15.51704264 -11.30379000 9.22792621 -7.95807617 6.64640241 -6.20628897 5.33721976 -4.53890278 3.72983391 -3.46099210 2.47960941 -2.98048339 
2.08571860 12.42803093 -7.34786964 4.85676789 -3.47819817 2.25501643 -2.03593543 1.47021181 -1.02181751 0.58094304 -0.68459920 0.06776356 -0.92042392 
2.34274816 15.58681642 -11.40350556 9.34982608 -8.09534653 6.79316297 -6.35737948 5.48821980 -4.68609623 3.87020310 -3.59210871 2.59963291 -3.08808502 
2.30513282 15.58593485 -11.40224289 9.34827926 -8.09360120 6.79129345 -6.35545133 5.48628949 -4.68421151 3.86840300 -3.59042483 2.59808941 -3.08669949 
2.26679651 15.58500215 -11.40090705 9.34664291 -8.09175493 6.78931590 -6.35341186 5.48424784 -4.68221816 3.86649922 -3.58864403 2.59645712 -3.08523432 
2.22771105 15.58401428 -11.39949230 9.34490997 -8.08979981 6.78722187 -6.35125237 5.48208613 -4.68010769 3.86448368 -3.58675877 2.59472915 -3.08368331 
2.18784658 15.58296682 -11.39799230 9.34307275 -8.08772714 6.78500207 -6.34896330 5.47979482 -4.67787081 3.86234750 -3.58476075 2.59289789 -3.08203966 
2.48188977 13.03327863 -8.05289091 5.56511049 -4.13754509 2.84250421 -2.54308845 1.89793647 -1.37609702 0.87102783 -0.91941728 0.25607021 -1.06924747 
2.45970684 12.67035433 -7.62610497 5.13241921 -3.73125721 2.47751830 -2.22554084 1.62812712 -1.15104480 0.68559595 -0.76846446 0.13442949 -0.97267304 
2.08456443 15.58005421 -11.39382187 9.33796533 -8.08196587 6.77883248 -6.34260184 5.47342778 -4.67165557 3.85641260 -3.57921016 2.58781100 -3.07747423 
2.04171057 15.57875630 -11.39196370 9.33568997 -8.07939953 6.77608458 -6.33976879 5.47059255 -4.66888821 3.85377030 -3.57673919 2.58554663 -3.07544215 
1.99791845 15.57737241 -11.38998261 9.33326430 -8.07666386 6.77315558 -6.33674925 5.46757088 -4.66593906 3.85095460 -3.57410620 2.58313393 -3.07327705 
1.95314607 15.57589481 -11.38786757 9.33067483 -8.07374371 6.77002930 -6.33352656 5.46434615 -4.66279195 3.84795009 -3.57129682 2.58055973 -3.07096716 
1.90734855 15.57431487 -11.38560626 9.32790654 -8.07062217 6.76668771 -6.33008220 5.46089987 -4.65942886 3.84473960 -3.56829503 2.57780941 -3.06849936 
1.86047784 15.57262296 -11.38318494 9.32494265 -8.06728040 6.76311068 -6.32639548 5.45721139 -4.65582969 3.84130401 -3.56508300 2.57486663 -3.06585904 
2.20575691 12.53574373 -7.47088176 4.97800446 -3.58893148 2.35190589 -2.11811218 1.53834421 -1.07733118 0.62572518 -0.72036000 0.09610533 -0.94257366 
2.18101688 12.11522316 -6.99663602 4.51619585 -3.17202165 1.99109664 -1.81528227 1.28975950 -0.87668657 0.46520485 -0.59311511 -0.00413126 -0.86468148 
2.14576319 12.41847185 -7.33700404 4.84610762 -3.46850454 2.24657033 -2.02880088 1.46431957 -1.01703435 0.57709727 -0.68153726 0.06534291 -0.91853658 
2.41286423 15.60455865 -11.42893297 9.38099303 -8.13053225 6.83087159 -6.39628958 5.52719148 -4.72416419 3.90657696 -3.62614737 2.63084540 -3.11611256 
2.39479219 15.60445977 -11.42879118 9.38081914 -8.13033584 6.83066099 -6.39607218 5.52697363 -4.72395131 3.90637348 -3.62595688 2.63067066 -3.11595560 
2.37655536 15.60435817 -11.42864548 9.38064046 -8.13013402 6.83044460 -6.39584879 5.52674979 -4.72373258 3.90616439 -3.62576115 2.63049112 -3.11579433 
2.35815071 15.60425374 -11.42849574 9.38045682 -8.12992660 6.83022220 -6.39561920 5.52651974 -4.72350777 3.90594951 -3.62555999 2.63030660 -3.11562858 
2.33957512 15.60414638 -11.42834179 9.38026803 -8.12971336 6.82999357 -6.39538318 5.52628325 -4.72327667 3.90572861 -3.62535320 2.63011691 -3.11545820 
2.01538918 11.74904504 -6.59678901 4.13875135 -2.84145337 1.71308316 -1.58826647 1.10823202 -0.73376740 0.35331711 -0.50609025 -0.07165354 -0.81295467 
1.97665935 12.06929028 -6.94581138 4.46760731 -3.12894174 1.95444703 -1.78502618 1.26531384 -0.85725133 0.44986184 -0.58109526 -0.01350925 -0.85745982 
1.94970164 11.59590694 -6.43317763 3.98752069 -2.71169876 1.60604585 -1.50246629 1.04082179 -0.68157116 0.31302766 -0.47512969 -0.09546119 -0.79486988 
1.43979236 15.55342402 -11.35572754 9.29135399 -8.02943218 6.72262116 -6.28468716 5.41550499 -4.61515334 3.80249436 -3.52881468 2.54165234 -3.03607007 
1.38039516 15.55002666 -11.35087235 9.28541870 -8.02274859 6.71547560 -6.27733088 5.40815322 -4.60798700 3.79566036 -3.52243124 2.53580905 -3.03083160 
1.31918023 15.54631586 -11.34557043 9.27893872 -8.01545314 6.70767742 -6.26930423 5.40013292 -4.60017032 3.78820738 -3.51547067 2.52943836 -3.02512108 
1.25603284 15.54225212 -11.33976568 9.27184586 -8.00746950 6.69914544 -6.26052410 5.39136144 -4.59162312 3.78005930 -3.50786218 2.52247575 -3.01888089 
1.71895703 11.48137340 -6.31219857 3.87691534 -2.61780868 1.52936305 -1.44157970 0.99341375 -0.64517220 0.28512826 -0.45381530 -0.11178487 -0.78251755 
2.03800934 15.60209460 -11.42539986 9.37666042 -8.12563884 6.82562512 -6.39087380 5.52176507 -4.71886172 3.90150875 -3.62140303 2.62649367 -3.11220379 
2.01619159 15.60192088 -11.42515080 9.37635503 -8.12529393 6.82525536 -6.39049213 5.52138268 -4.71848809 3.90115164 -3.62106876 2.62618708 -3.11192842 
1.99413321 15.60174138 -11.42489344 9.37603945 -8.12493754 6.82487329 -6.39009776 5.52098757 -4.71810202 3.90078266 -3.62072338 2.62587030 -3.11164390 
2.33758019 12.66646136 -7.62159257 5.12790788 -3.72707882 2.47381355 -2.22235831 1.62545600 -1.14884286 0.68380100 -0.76701752 0.13327348 -0.97176270 
2.59882494 15.60999040 -11.43672330 9.39054849 -8.14132701 6.84244765 -6.40824168 5.53916935 -4.73587069 3.91776822 -3.63662521 2.64045763 -3.12474762 
2.86927163 13.44769366 -8.55508671 6.08923009 -4.64381501 3.30978065 -2.96041812 2.26159603 -1.68686716 1.13284451 -1.13697132 0.43462084 -1.21349758 
2.87553204 13.54446384 -8.67464797 6.21635497 -4.76885282 3.42719772 -3.06704735 2.35601515 -1.76880349 1.20286150 -1.19592417 0.48358705 -1.25351020 
2.88343974 13.46839162 -8.58058621 6.11626774 -4.67033689 3.33462144 -2.98291979 2.28147243 -1.70407525 1.14751710 -1.14929998 0.44484174 -1.22183452 
3.10116035 15.60725897 -11.43280549 9.38574259 -8.13589739 6.83662462 -6.40222907 5.53314337 -4.72998086 3.91213729 -3.63135295 2.63562066 -3.12040216 
3.11387213 15.60729345 -11.43285493 9.38580323 -8.13596589 6.83669808 -6.40230492 5.53321939 -4.73005516 3.91220831 -3.63141944 2.63568167 -3.12045696 
2.91763150 13.60335688 -8.74783789 6.29461484 -4.84625223 3.50026395 -3.13374045 2.41536360 -1.82055091 1.24727746 -1.23347693 0.51489733 -1.27918852 
2.66334666 15.60999040 -11.43672330 9.39054849 -8.14132701 6.84244765 -6.40824168 5.53916935 -4.73587069 3.91776822 -3.63662521 2.64045763 -3.12474762 
2.66334666 15.60999040 -11.43672330 9.39054849 -8.14132701 6.84244765 -6.40824168 5.53916935 -4.73587069 3.91776822 -3.63662521 2.64045763 -3.12474762 
2.66334666 15.60999040 -11.43672330 9.39054849 -8.14132701 6.84244765 -6.40824168 5.53916935 -4.73587069 3.91776822 -3.63662521 2.64045763 -3.12474762 
2.40255726 12.67401535 -7.63034979 5.13666425 -3.73519006 2.48100627 -2.22853792 1.63064321 -1.15311944 0.68728749 -0.76982831 0.13551929 -0.97353137 
2.03800934 15.60209460 -11.42539986 9.37666042 -8.12563884 6.82562512 -6.39087380 5.52176507 -4.71886172 3.90150875 -3.62140303 2.62649367 -3.11220379 
2.01619159 15.60192088 -11.42515080 9.37635503 -8.12529393 6.82525536 -6.39049213 5.52138268 -4.71848809 3.90115164 -3.62106876 2.62618708 -3.11192842 
1.99413321 15.60174138 -11.42489344 9.37603945 -8.12493754 6.82487329 -6.39009776 5.52098757 -4.71810202 3.90078266 -3.62072338 2.62587030 -3.11164390 
2.33758019 12.66646136 -7.62159257 5.12790788 -3.72707882 2.47381355 -2.22235831 1.62545600 -1.14884286 0.68380100 -0.76701752 0.13327348 -0.97176270 
2.32977048 12.53624993 -7.47146237 4.97857908 -3.58945845 2.35236876 -2.11850621 1.53867205 -1.07759921 0.62594205 -0.72053364 0.09624326 -0.94268170 
2.31902970 12.63174379 -7.58141231 5.08779626 -3.68998087 2.44096569 -2.19417777 1.60183381 -1.12939330 0.66796355 -0.75426324 0.12309229 -0.96375163 
2.85500391 13.42669259 -8.52925447 6.06188117 -4.61702752 3.28472668 -2.93775459 2.24160328 -1.66958047 1.11812244 -1.12461486 0.42438732 -1.20515845 
2.86130232 13.52425472 -8.64960730 6.18965628 -4.74252141 3.40240709 -3.04447791 2.33598172 -1.75137815 1.18793877 -1.18333408 0.47311032 -1.24493400 
2.59882494 15.60999040 -11.43672330 9.39054849 -8.14132701 6.84244765 -6.40824168 5.53916935 -4.73587069 3.91776822 -3.63662521 2.64045763 -3.12474762 
2.59882494 15.60999040 -11.43672330 9.39054849 -8.14132701 6.84244765 -6.40824168 5.53916935 -4.73587069 3.91776822 -3.63662521 2.64045763 -3.12474762 
2.59882494 15.60999040 -11.43672330 9.39054849 -8.14132701 6.84244765 -6.40824168 5.53916935 -4.73587069 3.91776822 -3.63662521 2.64045763 -3.12474762 
2.59882494 15.60999040 -11.43672330 9.39054849 -8.14132701 6.84244765 -6.40824168 5.53916935 -4.73587069 3.91776822 -3.63662521 2.64045763 -3.12474762 
2.32977048 12.53624993 -7.47146237 4.97857908 -3.58945845 2.35236876 -2.11850621 1.53867205 -1.07759921 0.62594205 -0.72053364 0.09624326 -0.94268170 
2.31902970 12.63174379 -7.58141231 5.08779626 -3.68998087 2.44096569 -2.19417777 1.60183381 -1.12939330 0.66796355 -0.75426324 0.12309229 -0.96375163 
2.31116277 12.50024318 -7.43022156 4.93781969 -3.55212869 2.31962159 -2.09066276 1.51553231 -1.05870254 0.61066767 -0.70831427 0.08654422 -0.93509081 
1.92645974 15.60116543 -11.42406771 9.37502699 -8.12379415 6.82364753 -6.38883257 5.51972001 -4.71686352 3.89959897 -3.61961542 2.62485410 -3.11073120 
2.28141718 12.56038142 -7.49916810 5.00602476 -3.61465154 2.37451652 -2.13737634 1.55438542 -1.09045547 0.63635144 -0.72887371 0.10287165 -0.94787567 
2.27343354 12.42623723 -7.34583013 4.85476632 -3.47637757 2.25342969 -2.03459473 1.46910427 -1.02091823 0.58021984 -0.68402329 0.06730819 -0.92006883 
2.26234897 12.52370291 -7.45707801 4.96434980 -3.57641500 2.34091697 -2.10876144 1.53056727 -1.07097572 0.62058470 -0.71624529 0.09283771 -0.94001511 
2.25430584 12.38820322 -7.30265343 4.81245813 -3.43795228 2.21998794 -2.00637712 1.44582465 -1.00203943 0.56505439 -0.67195840 0.05777649 -0.91264178 
1.85641606 15.60052706 -11.42315252 9.37390487 -8.12252697 6.82228910 -6.38743048 5.51831534 -4.71549110 3.89828732 -3.61838771 2.62372811 -3.10971991 
1.83251224 15.60029883 -11.42282533 9.37350371 -8.12207396 6.82180348 -6.38692927 5.51781322 -4.71500051 3.89781847 -3.61794887 2.62332563 -3.10935844 
1.80831928 15.60006225 -11.42248617 9.37308789 -8.12160440 6.82130013 -6.38640976 5.51729277 -4.71449202 3.89733252 -3.61749403 2.62290848 -3.10898379 
1.78383010 15.59981691 -11.42213447 9.37265669 -8.12111747 6.82077817 -6.38587105 5.51675310 -4.71396476 3.89682862 -3.61702240 2.62247594 -3.10859533 
1.75903735 15.59956237 -11.42176958 9.37220933 -8.12061232 6.82023668 -6.38531218 5.51619324 -4.71341778 3.89630589 -3.61653315 2.62202723 -3.10819235 
1.73393340 15.59929817 -11.42139085 9.37174501 -8.12008801 6.81967466 -6.38473215 5.51561218 -4.71285009 3.89576338 -3.61602539 2.62156156 -3.10777414 
1.30388592 9.82592384 -4.69548306 2.50326441 -1.53011545 0.69479612 -0.81597592 0.53125335 -0.30699520 0.03501203 -0.26780170 -0.25246763 -0.67745287 
0.52915957 15.47287770 -11.24090546 9.15131898 -7.87209640 6.55476882 -6.11223674 5.24349466 -4.44779083 3.64317059 -3.38023850 2.40585698 -2.91450659 
0.43470656 15.45990219 -11.22246463 9.12889354 -7.84696971 6.52803273 -6.08483701 5.21623018 -4.42132344 3.61802856 -3.35684000 2.38451195 -2.89543293 
-0.29275691 2.04525772 -0.35448216 0.04850235 -0.13659255 -0.17096824 -0.27253800 0.18262634 -0.09175539 -0.12823996 -0.14849181 -0.36121447 -0.59438038 
