10.90902501 -0.36986740 -0.09050105 -0.02582334 -0.12489199 -0.19678001 -0.25901305 0.17120703 -0.09298180 -0.13733923 -0.14703712 -0.37102028 -0.58799205 
2.07770559 -14.56410735 -8.92571635 -6.53260109 -5.02103104 -4.00776243 -3.16121746 -2.13063953 -1.91145741 -1.58692248 -1.27180235 -1.25133289 -1.22642195 
3.39824091 5.98666540 -1.88578299 0.65637346 -0.37462354 -0.03963343 -0.34748932 0.22933639 -0.11284178 -0.10328187 -0.16627622 -0.33589636 -0.61389540 
4.37428023 12.31395360 -7.21874494 4.73059507 -3.36391767 2.15581388 -1.95243715 1.40148841 -0.96621093 0.53636273 -0.64919604 0.03983482 -0.89869209 
4.94892996 13.23865734 -8.29978599 5.82078409 -4.38262620 3.06704472 -2.74218919 2.07022260 -1.52233468 0.99345787 -1.02055403 0.33863368 -1.13561048 
5.25921717 15.21958525 -10.88377224 8.72026228 -7.39256592 6.04798455 -5.59624087 4.73322335 -3.95535366 3.17798675 -2.94957774 2.01491843 -2.56678555 
5.27793279 15.37846664 -11.10708649 8.98899566 -7.69065933 6.36215318 -5.91527288 5.04791346 -4.25830582 3.46351223 -3.21333520 2.25385448 -2.77889216 
5.22405769 15.60476401 -11.42922744 9.38135417 -8.13094017 6.83130896 -6.39674111 5.52764391 -4.72460633 3.90699959 -3.62654302 2.63120832 -3.11643855 
5.09569602 14.53884670 -9.95402304 7.63142739 -6.21586383 4.83821997 -4.39661677 3.57653252 -2.86568545 2.17175664 -2.03779427 1.20372271 -1.85887400 
4.77286144 14.17418366 -9.47404432 7.08896737 -5.64957740 4.27511672 -3.85601873 3.07136547 -2.40395833 1.75745114 -1.67249235 0.88699141 -1.58919975 
4.57681006 15.60999040 -11.43672330 9.39054849 -8.14132701 6.84244765 -6.40824168 5.53916935 -4.73587069 3.91776822 -3.63662521 2.64045763 -3.12474762 
4.37518783 13.61762296 -8.76561583 6.31367453 -4.86515096 3.51814875 -3.15010440 2.42995919 -1.83330554 1.25824782 -1.24277025 0.52265971 -1.28556556 
4.24201160 14.91379144 -10.46067876 8.21867382 -6.84411707 5.47783102 -5.02483674 4.17666677 -3.42597990 2.68471680 -2.49879822 1.61067728 -2.21136389 
4.45912288 14.99879569 -10.57740016 8.35604708 -6.99326909 5.63183887 -5.17817407 4.32507782 -3.56628615 2.81470048 -2.61693381 1.71606773 -2.30356902 
4.55843321 15.60999040 -11.43672330 9.39054849 -8.14132701 6.84244765 -6.40824168 5.53916935 -4.73587069 3.91776822 -3.63662521 2.64045763 -3.12474762 
4.66083076 15.06835311 -10.67342128 8.46963362 -7.11720197 5.76040970 -5.30676700 4.45008378 -3.68496103 2.92508086 -2.71763075 1.80621960 -2.38270810 
4.66360862 15.09747172 -10.71375451 8.51749925 -7.16959025 5.81492047 -5.36144365 4.50338195 -3.73569358 2.97238564 -2.76088789 1.84503329 -2.41685262 
4.56457761 15.60999040 -11.43672330 9.39054849 -8.14132701 6.84244765 -6.40824168 5.53916935 -4.73587069 3.91776822 -3.63662521 2.64045763 -3.12474762 
4.56457761 15.60999040 -11.43672330 9.39054849 -8.14132701 6.84244765 -6.40824168 5.53916935 -4.73587069 3.91776822 -3.63662521 2.64045763 -3.12474762 
4.56457761 15.60999040 -11.43672330 9.39054849 -8.14132701 6.84244765 -6.40824168 5.53916935 -4.73587069 3.91776822 -3.63662521 2.64045763 -3.12474762 
4.56457761 15.60999040 -11.43672330 9.39054849 -8.14132701 6.84244765 -6.40824168 5.53916935 -4.73587069 3.91776822 -3.63662521 2.64045763 -3.12474762 
4.56457761 15.60999040 -11.43672330 9.39054849 -8.14132701 6.84244765 -6.40824168 5.53916935 -4.73587069 3.91776822 -3.63662521 2.64045763 -3.12474762 
4.56457761 15.60999040 -11.43672330 9.39054849 -8.14132701 6.84244765 -6.40824168 5.53916935 -4.73587069 3.91776822 -3.63662521 2.64045763 -3.12474762 
4.56457761 15.60999040 -11.43672330 9.39054849 -8.14132701 6.84244765 -6.40824168 5.53916935 -4.73587069 3.91776822 -3.63662521 2.64045763 -3.12474762 
4.56457761 15.60999040 -11.43672330 9.39054849 -8.14132701 6.84244765 -6.40824168 5.53916935 -4.73587069 3.91776822 -3.63662521 2.64045763 -3.12474762 
4.56457761 15.60999040 -11.43672330 9.39054849 -8.14132701 6.84244765 -6.40824168 5.53916935 -4.73587069 3.91776822 -3.63662521 2.64045763 -3.12474762 
4.56457761 15.60999040 -11.43672330 9.39054849 -8.14132701 6.84244765 -6.40824168 5.53916935 -4.73587069 3.91776822 -3.63662521 2.64045763 -3.12474762 
4.56457761 15.60999040 -11.43672330 9.39054849 -8.14132701 6.84244765 -6.40824168 5.53916935 -4.73587069 3.91776822 -3.63662521 2.64045763 -3.12474762 
4.56457761 15.60999040 -11.43672330 9.39054849 -8.14132701 6.84244765 -6.40824168 5.53916935 -4.73587069 3.91776822 -3.63662521 2.64045763 -3.12474762 
4.56457761 15.60999040 -11.43672330 9.39054849 -8.14132701 6.84244765 -6.40824168 5.53916935 -4.73587069 3.91776822 -3.63662521 2.64045763 -3.12474762 
4.56457761 15.60999040 -11.43672330 9.39054849 -8.14132701 6.84244765 -6.40824168 5.53916935 -4.73587069 3.91776822 -3.63662521 2.64045763 -3.12474762 
4.56457761 15.60999040 -11.43672330 9.39054849 -8.14132701 6.84244765 -6.40824168 5.53916935 -4.73587069 3.91776822 -3.63662521 2.64045763 -3.12474762 
4.56457761 15.60999040 -11.43672330 9.39054849 -8.14132701 6.84244765 -6.40824168 5.53916935 -4.73587069 3.91776822 -3.63662521 2.64045763 -3.12474762 
4.56457761 15.60999040 -11.43672330 9.39054849 -8.14132701 6.84244765 -6.40824168 5.53916935 -4.73587069 3.91776822 -3.63662521 2.64045763 -3.12474762 
4.56457761 15.60999040 -11.43672330 9.39054849 -8.14132701 6.84244765 -6.40824168 5.53916935 -4.73587069 3.91776822 -3.63662521 2.64045763 -3.12474762 
4.46252051 14.96821551 -10.53533077 8.30644534 -6.93932107 5.57604216 -5.12253152 4.27114014 -3.51521894 2.76732443 -2.57381924 1.67755676 -2.26983631 
4.45912288 14.99879569 -10.57740016 8.35604708 -6.99326909 5.63183887 -5.17817407 4.32507782 -3.56628615 2.81470048 -2.61693381 1.71606773 -2.30356902 
4.55843321 15.60999040 -11.43672330 9.39054849 -8.14132701 6.84244765 -6.40824168 5.53916935 -4.73587069 3.91776822 -3.63662521 2.64045763 -3.12474762 
4.55843321 15.60999040 -11.43672330 9.39054849 -8.14132701 6.84244765 -6.40824168 5.53916935 -4.73587069 3.91776822 -3.63662521 2.64045763 -3.12474762 
4.55843321 15.60999040 -11.43672330 9.39054849 -8.14132701 6.84244765 -6.40824168 5.53916935 -4.73587069 3.91776822 -3.63662521 2.64045763 -3.12474762 
4.55843321 15.60999040 -11.43672330 9.39054849 -8.14132701 6.84244765 -6.40824168 5.53916935 -4.73587069 3.91776822 -3.63662521 2.64045763 -3.12474762 
4.55843321 15.60999040 -11.43672330 9.39054849 -8.14132701 6.84244765 -6.40824168 5.53916935 -4.73587069 3.91776822 -3.63662521 2.64045763 -3.12474762 
4.55843321 15.60999040 -11.43672330 9.39054849 -8.14132701 6.84244765 -6.40824168 5.53916935 -4.73587069 3.91776822 -3.63662521 2.64045763 -3.12474762 
4.55843321 15.60999040 -11.43672330 9.39054849 -8.14132701 6.84244765 -6.40824168 5.53916935 -4.73587069 3.91776822 -3.63662521 2.64045763 -3.12474762 
4.55843321 15.60999040 -11.43672330 9.39054849 -8.14132701 6.84244765 -6.40824168 5.53916935 -4.73587069 3.91776822 -3.63662521 2.64045763 -3.12474762 
4.55843321 15.60999040 -11.43672330 9.39054849 -8.14132701 6.84244765 -6.40824168 5.53916935 -4.73587069 3.91776822 -3.63662521 2.64045763 -3.12474762 
4.55843321 15.60999040 -11.43672330 9.39054849 -8.14132701 6.84244765 -6.40824168 5.53916935 -4.73587069 3.91776822 -3.63662521 2.64045763 -3.12474762 
4.55843321 15.60999040 -11.43672330 9.39054849 -8.14132701 6.84244765 -6.40824168 5.53916935 -4.73587069 3.91776822 -3.63662521 2.64045763 -3.12474762 
4.66083076 15.06835311 -10.67342128 8.46963362 -7.11720197 5.76040970 -5.30676700 4.45008378 -3.68496103 2.92508086 -2.71763075 1.80621960 -2.38270810 
4.66360862 15.09747172 -10.71375451 8.51749925 -7.16959025 5.81492047 -5.36144365 4.50338195 -3.73569358 2.97238564 -2.76088789 1.84503329 -2.41685262 
4.56457761 15.60999040 -11.43672330 9.39054849 -8.14132701 6.84244765 -6.40824168 5.53916935 -4.73587069 3.91776822 -3.63662521 2.64045763 -3.12474762 
4.56457761 15.60999040 -11.43672330 9.39054849 -8.14132701 6.84244765 -6.40824168 5.53916935 -4.73587069 3.91776822 -3.63662521 2.64045763 -3.12474762 
4.56457761 15.60999040 -11.43672330 9.39054849 -8.14132701 6.84244765 -6.40824168 5.53916935 -4.73587069 3.91776822 -3.63662521 2.64045763 -3.12474762 
4.56457761 15.60999040 -11.43672330 9.39054849 -8.14132701 6.84244765 -6.40824168 5.53916935 -4.73587069 3.91776822 -3.63662521 2.64045763 -3.12474762 
4.56457761 15.60999040 -11.43672330 9.39054849 -8.14132701 6.84244765 -6.40824168 5.53916935 -4.73587069 3.91776822 -3.63662521 2.64045763 -3.12474762 
4.56457761 15.60999040 -11.43672330 9.39054849 -8.14132701 6.84244765 -6.40824168 5.53916935 -4.73587069 3.91776822 -3.63662521 2.64045763 -3.12474762 
4.56457761 15.60999040 -11.43672330 9.39054849 -8.14132701 6.84244765 -6.40824168 5.53916935 -4.73587069 3.91776822 -3.63662521 2.64045763 -3.12474762 
4.56457761 15.60999040 -11.43672330 9.39054849 -8.14132701 6.84244765 -6.40824168 5.53916935 -4.73587069 3.91776822 -3.63662521 2.64045763 -3.12474762 
4.66666203 15.07107807 -10.67719231 8.47410506 -7.12209183 5.76549362 -5.31186249 4.45504715 -3.68968213 2.92948004 -2.72165096 1.80982469 -2.38587771 
4.66943224 15.10006381 -10.71734879 8.52176919 -7.17426830 5.81979268 -5.36633517 4.50815435 -3.74024009 2.97662835 -2.76477051 1.84851957 -2.41992159 
4.57070319 15.60999040 -11.43672330 9.39054849 -8.14132701 6.84244765 -6.40824168 5.53916935 -4.73587069 3.91776822 -3.63662521 2.64045763 -3.12474762 
4.57070319 15.60999040 -11.43672330 9.39054849 -8.14132701 6.84244765 -6.40824168 5.53916935 -4.73587069 3.91776822 -3.63662521 2.64045763 -3.12474762 
4.57070319 15.60999040 -11.43672330 9.39054849 -8.14132701 6.84244765 -6.40824168 5.53916935 -4.73587069 3.91776822 -3.63662521 2.64045763 -3.12474762 
4.57070319 15.60999040 -11.43672330 9.39054849 -8.14132701 6.84244765 -6.40824168 5.53916935 -4.73587069 3.91776822 -3.63662521 2.64045763 -3.12474762 
4.57070319 15.60999040 -11.43672330 9.39054849 -8.14132701 6.84244765 -6.40824168 5.53916935 -4.73587069 3.91776822 -3.63662521 2.64045763 -3.12474762 
4.57070319 15.60999040 -11.43672330 9.39054849 -8.14132701 6.84244765 -6.40824168 5.53916935 -4.73587069 3.91776822 -3.63662521 2.64045763 -3.12474762 
4.57070319 15.60999040 -11.43672330 9.39054849 -8.14132701 6.84244765 -6.40824168 5.53916935 -4.73587069 3.91776822 -3.63662521 2.64045763 -3.12474762 
4.57070319 15.60999040 -11.43672330 9.39054849 -8.14132701 6.84244765 -6.40824168 5.53916935 -4.73587069 3.91776822 -3.63662521 2.64045763 -3.12474762 
4.57070319 15.60999040 -11.43672330 9.39054849 -8.14132701 6.84244765 -6.40824168 5.53916935 -4.73587069 3.91776822 -3.63662521 2.64045763 -3.12474762 
4.57070319 15.60999040 -11.43672330 9.39054849 -8.14132701 6.84244765 -6.40824168 5.53916935 -4.73587069 3.91776822 -3.63662521 2.64045763 -3.12474762 
4.57070319 15.60999040 -11.43672330 9.39054849 -8.14132701 6.84244765 -6.40824168 5.53916935 -4.73587069 3.91776822 -3.63662521 2.64045763 -3.12474762 
4.46895697 14.97170189 -10.54012253 8.31209001 -6.94545504 5.58238108 -5.12884788 4.27725826 -3.52100719 2.77269055 -2.57869944 1.68191315 -2.27364991 
4.46557079 15.00214354 -10.58201121 8.36148979 -6.99919510 5.63797428 -5.18429862 4.33102041 -3.57191765 2.81992948 -2.62169639 1.72032508 -2.30730091 
4.56457761 15.60999040 -11.43672330 9.39054849 -8.14132701 6.84244765 -6.40824168 5.53916935 -4.73587069 3.91776822 -3.63662521 2.64045763 -3.12474762 
4.56457761 15.60999040 -11.43672330 9.39054849 -8.14132701 6.84244765 -6.40824168 5.53916935 -4.73587069 3.91776822 -3.63662521 2.64045763 -3.12474762 
4.56457761 15.60999040 -11.43672330 9.39054849 -8.14132701 6.84244765 -6.40824168 5.53916935 -4.73587069 3.91776822 -3.63662521 2.64045763 -3.12474762 
4.56457761 15.60999040 -11.43672330 9.39054849 -8.14132701 6.84244765 -6.40824168 5.53916935 -4.73587069 3.91776822 -3.63662521 2.64045763 -3.12474762 
4.56457761 15.60999040 -11.43672330 9.39054849 -8.14132701 6.84244765 -6.40824168 5.53916935 -4.73587069 3.91776822 -3.63662521 2.64045763 -3.12474762 
4.56457761 15.60999040 -11.43672330 9.39054849 -8.14132701 6.84244765 -6.40824168 5.53916935 -4.73587069 3.91776822 -3.63662521 2.64045763 -3.12474762 
4.56457761 15.60999040 -11.43672330 9.39054849 -8.14132701 6.84244765 -6.40824168 5.53916935 -4.73587069 3.91776822 -3.63662521 2.64045763 -3.12474762 
4.56457761 15.60999040 -11.43672330 9.39054849 -8.14132701 6.84244765 -6.40824168 5.53916935 -4.73587069 3.91776822 -3.63662521 2.64045763 -3.12474762 
4.56457761 15.60999040 -11.43672330 9.39054849 -8.14132701 6.84244765 -6.40824168 5.53916935 -4.73587069 3.91776822 -3.63662521 2.64045763 -3.12474762 
4.56457761 15.60999040 -11.43672330 9.39054849 -8.14132701 6.84244765 -6.40824168 5.53916935 -4.73587069 3.91776822 -3.63662521 2.64045763 -3.12474762 
4.56457761 15.60999040 -11.43672330 9.39054849 -8.14132701 6.84244765 -6.40824168 5.53916935 -4.73587069 3.91776822 -3.63662521 2.64045763 -3.12474762 
4.56457761 15.60999040 -11.43672330 9.39054849 -8.14132701 6.84244765 -6.40824168 5.53916935 -4.73587069 3.91776822 -3.63662521 2.64045763 -3.12474762 
4.56457761 15.60999040 -11.43672330 9.39054849 -8.14132701 6.84244765 -6.40824168 5.53916935 -4.73587069 3.91776822 -3.63662521 2.64045763 -3.12474762 
4.56457761 15.60999040 -11.43672330 9.39054849 -8.14132701 6.84244765 -6.40824168 5.53916935 -4.73587069 3.91776822 -3.63662521 2.64045763 -3.12474762 
4.56457761 15.60999040 -11.43672330 9.39054849 -8.14132701 6.84244765 -6.40824168 5.53916935 -4.73587069 3.91776822 -3.63662521 2.64045763 -3.12474762 
4.56457761 15.60999040 -11.43672330 9.39054849 -8.14132701 6.84244765 -6.40824168 5.53916935 -4.73587069 3.91776822 -3.63662521 2.64045763 -3.12474762 
4.56457761 15.60999040 -11.43672330 9.39054849 -8.14132701 6.84244765 -6.40824168 5.53916935 -4.73587069 3.91776822 -3.63662521 2.64045763 -3.12474762 
4.56457761 15.60999040 -11.43672330 9.39054849 -8.14132701 6.84244765 -6.40824168 5.53916935 -4.73587069 3.91776822 -3.63662521 2.64045763 -3.12474762 
4.56457761 15.60999040 -11.43672330 9.39054849 -8.14132701 6.84244765 -6.40824168 5.53916935 -4.73587069 3.91776822 -3.63662521 2.64045763 -3.12474762 
4.56457761 15.60999040 -11.43672330 9.39054849 -8.14132701 6.84244765 -6.40824168 5.53916935 -4.73587069 3.91776822 -3.63662521 2.64045763 -3.12474762 
4.56457761 15.60999040 -11.43672330 9.39054849 -8.14132701 6.84244765 -6.40824168 5.53916935 -4.73587069 3.91776822 -3.63662521 2.64045763 -3.12474762 
4.56457761 15.60999040 -11.43672330 9.39054849 -8.14132701 6.84244765 -6.40824168 5.53916935 -4.73587069 3.91776822 -3.63662521 2.64045763 -3.12474762 
4.46252051 14.96821551 -10.53533077 8.30644534 -6.93932107 5.57604216 -5.12253152 4.27114014 -3.51521894 2.76732443 -2.57381924 1.67755676 -2.26983631 
4.45912288 14.99879569 -10.57740016 8.35604708 -6.99326909 5.63183887 -5.17817407 4.32507782 -3.56628615 2.81470048 -2.61693381 1.71606773 -2.30356902 
4.55843321 15.60999040 -11.43672330 9.39054849 -8.14132701 6.84244765 -6.40824168 5.53916935 -4.73587069 3.91776822 -3.63662521 2.64045763 -3.12474762 
4.45606332 14.96470137 -10.53050203 8.30075844 -6.93314258 5.56965860 -5.11617198 4.26498142 -3.50939338 2.76192470 -2.56890932 1.67317455 -2.26600070 
4.45265417 14.99542097 -10.57275318 8.35056316 -6.98729950 5.62565960 -5.17200695 4.31909506 -3.56061760 2.80943799 -2.61214152 1.71178447 -2.29981499 
4.55226988 15.60999040 -11.43672330 9.39054849 -8.14132701 6.84244765 -6.40824168 5.53916935 -4.73587069 3.91776822 -3.63662521 2.64045763 -3.12474762 
4.55226988 15.60999040 -11.43672330 9.39054849 -8.14132701 6.84244765 -6.40824168 5.53916935 -4.73587069 3.91776822 -3.63662521 2.64045763 -3.12474762 
4.55226988 15.60999040 -11.43672330 9.39054849 -8.14132701 6.84244765 -6.40824168 5.53916935 -4.73587069 3.91776822 -3.63662521 2.64045763 -3.12474762 
4.55226988 15.60999040 -11.43672330 9.39054849 -8.14132701 6.84244765 -6.40824168 5.53916935 -4.73587069 3.91776822 -3.63662521 2.64045763 -3.12474762 
4.55226988 15.60999040 -11.43672330 9.39054849 -8.14132701 6.84244765 -6.40824168 5.53916935 -4.73587069 3.91776822 -3.63662521 2.64045763 -3.12474762 
4.55226988 15.60999040 -11.43672330 9.39054849 -8.14132701 6.84244765 -6.40824168 5.53916935 -4.73587069 3.91776822 -3.63662521 2.64045763 -3.12474762 
4.55226988 15.60999040 -11.43672330 9.39054849 -8.14132701 6.84244765 -6.40824168 5.53916935 -4.73587069 3.91776822 -3.63662521 2.64045763 -3.12474762 
4.65498248 15.06560806 -10.66962315 8.46513086 -7.11227870 5.75529188 -5.30163835 4.44508889 -3.68021063 2.92065500 -2.71358668 1.80259357 -2.37952045 
4.65776803 15.09486041 -10.71013421 8.51319913 -7.16487991 5.81001538 -5.35651986 4.49857877 -3.73111838 2.96811672 -2.75698176 1.84152632 -2.41376579 
4.55843321 15.60999040 -11.43672330 9.39054849 -8.14132701 6.84244765 -6.40824168 5.53916935 -4.73587069 3.91776822 -3.63662521 2.64045763 -3.12474762 
4.55843321 15.60999040 -11.43672330 9.39054849 -8.14132701 6.84244765 -6.40824168 5.53916935 -4.73587069 3.91776822 -3.63662521 2.64045763 -3.12474762 
4.55843321 15.60999040 -11.43672330 9.39054849 -8.14132701 6.84244765 -6.40824168 5.53916935 -4.73587069 3.91776822 -3.63662521 2.64045763 -3.12474762 
4.55843321 15.60999040 -11.43672330 9.39054849 -8.14132701 6.84244765 -6.40824168 5.53916935 -4.73587069 3.91776822 -3.63662521 2.64045763 -3.12474762 
4.55843321 15.60999040 -11.43672330 9.39054849 -8.14132701 6.84244765 -6.40824168 5.53916935 -4.73587069 3.91776822 -3.63662521 2.64045763 -3.12474762 
4.66083076 15.06835311 -10.67342128 8.46963362 -7.11720197 5.76040970 -5.30676700 4.45008378 -3.68496103 2.92508086 -2.71763075 1.80621960 -2.38270810 
4.66360862 15.09747172 -10.71375451 8.51749925 -7.16959025 5.81492047 -5.36144365 4.50338195 -3.73569358 2.97238564 -2.76088789 1.84503329 -2.41685262 
4.46252051 14.96821551 -10.53533077 8.30644534 -6.93932107 5.57604216 -5.12253152 4.27114014 -3.51521894 2.76732443 -2.57381924 1.67755676 -2.26983631 
4.45912288 14.99879569 -10.57740016 8.35604708 -6.99326909 5.63183887 -5.17817407 4.32507782 -3.56628615 2.81470048 -2.61693381 1.71606773 -2.30356902 
4.66083076 15.06835311 -10.67342128 8.46963362 -7.11720197 5.76040970 -5.30676700 4.45008378 -3.68496103 2.92508086 -2.71763075 1.80621960 -2.38270810 
4.66360862 15.09747172 -10.71375451 8.51749925 -7.16959025 5.81492047 -5.36144365 4.50338195 -3.73569358 2.97238564 -2.76088789 1.84503329 -2.41685262 
4.56457761 15.60999040 -11.43672330 9.39054849 -8.14132701 6.84244765 -6.40824168 5.53916935 -4.73587069 3.91776822 -3.63662521 2.64045763 -3.12474762 
4.46252051 14.96821551 -10.53533077 8.30644534 -6.93932107 5.57604216 -5.12253152 4.27114014 -3.51521894 2.76732443 -2.57381924 1.67755676 -2.26983631 
4.45912288 14.99879569 -10.57740016 8.35604708 -6.99326909 5.63183887 -5.17817407 4.32507782 -3.56628615 2.81470048 -2.61693381 1.71606773 -2.30356902 
4.55843321 15.60999040 -11.43672330 9.39054849 -8.14132701 6.84244765 -6.40824168 5.53916935 -4.73587069 3.91776822 -3.63662521 2.64045763 -3.12474762 
4.45606332 14.96470137 -10.53050203 8.30075844 -6.93314258 5.56965860 -5.11617198 4.26498142 -3.50939338 2.76192470 -2.56890932 1.67317455 -2.26600070 
4.45265417 14.99542097 -10.57275318 8.35056316 -6.98729950 5.62565960 -5.17200695 4.31909506 -3.56061760 2.80943799 -2.61214152 1.71178447 -2.29981499 
4.55226988 15.60999040 -11.43672330 9.39054849 -8.14132701 6.84244765 -6.40824168 5.53916935 -4.73587069 3.91776822 -3.63662521 2.64045763 -3.12474762 
4.44958529 14.96115920 -10.52563596 8.29502890 -6.92691916 5.56323000 -5.10976891 4.25878179 -3.50353026 2.75649114 -2.56396948 1.66876636 -2.26214294 
4.44616453 14.99201909 -10.56806989 8.34503764 -6.98128590 5.61943606 -5.16579688 4.31307180 -3.55491174 2.80414178 -2.60731930 1.70747514 -2.29603866 
4.54608749 15.60999040 -11.43672330 9.39054849 -8.14132701 6.84244765 -6.40824168 5.53916935 -4.73587069 3.91776822 -3.63662521 2.64045763 -3.12474762 
4.44308626 14.95758870 -10.52073216 8.28925630 -6.92065040 5.55675597 -5.10332195 4.25254091 -3.49762927 2.75102349 -2.55899952 1.66433202 -2.25826290 
4.43965382 14.98858977 -10.56334993 8.33947010 -6.97522789 5.61316787 -5.15954352 4.30700771 -3.54916826 2.79881158 -2.60246696 1.70313956 -2.29223990 
4.43656611 14.95398956 -10.51579027 8.28344024 -6.91433588 5.55023611 -5.09683073 4.24625847 -3.49169014 2.74552152 -2.55399925 1.65987137 -2.25436045 
4.43312191 14.98513271 -10.55859292 8.33386013 -6.96912506 5.60685462 -5.15324647 4.30090245 -3.54338687 2.79344716 -2.59758427 1.69877756 -2.28841856 
4.43002469 14.95036149 -10.51080990 8.27758028 -6.90797517 5.54367003 -5.09029487 4.23993413 -3.48571259 2.73998499 -2.54896845 1.65538423 -2.25043546 
4.42656865 14.98164762 -10.55379849 8.32820733 -6.96297699 5.60049591 -5.14690538 4.29475570 -3.53756728 2.78804825 -2.59267103 1.69438897 -2.28457451 
4.42346188 14.94670419 -10.50579066 8.27167602 -6.90156786 5.53705730 -5.08371400 4.23356756 -3.47969631 2.73441364 -2.54390692 1.65087045 -2.24648780 
4.41999392 14.97813420 -10.54896626 8.32251126 -6.95678324 5.59409134 -5.14051987 4.28856711 -3.53170919 2.78261461 -2.58772703 1.68997361 -2.28070760 
4.41687752 14.94301734 -10.50073216 8.26572701 -6.89511351 5.53039753 -5.07708775 4.22715842 -3.47364102 2.72880723 -2.53881446 1.64632985 -2.24251732 
4.18056408 14.75851961 -10.24924309 7.97180471 -6.57813881 5.20521416 -4.75533441 3.91760684 -3.18267472 2.46071325 -2.29641334 1.43112998 -2.05511024 
4.03638553 15.60570421 -11.43057572 9.38300774 -8.13280798 6.83331174 -6.39880872 5.52971578 -4.72663106 3.90893503 -3.62835492 2.63287041 -3.11793156 
4.02034292 15.60563499 -11.43047646 9.38288599 -8.13267045 6.83316428 -6.39865648 5.52956322 -4.72648197 3.90879251 -3.62822150 2.63274801 -3.11782162 
4.00417059 15.60556408 -11.43037477 9.38276128 -8.13252957 6.83301322 -6.39850052 5.52940694 -4.72632924 3.90864652 -3.62808482 2.63262263 -3.11770899 
3.85255151 14.45505163 -9.84261646 7.50430297 -6.08191641 4.70383582 -4.26649170 3.45392728 -2.75273198 2.06964452 -1.94712236 1.12458552 -1.79106896 
3.82899136 14.68419703 -10.14884761 7.85548455 -6.45374794 5.07863052 -4.63106319 3.79894921 -3.07194977 2.35939404 -2.20540308 1.35083097 -1.98559334 
3.80840993 14.41524176 -9.78992183 7.44442852 -6.01908819 4.64105241 -4.20593163 3.39707898 -2.70054645 2.02262788 -1.90550784 1.08837514 -1.76013379 
3.78428674 14.65057049 -10.10359699 7.80324717 -6.39808345 5.02217699 -4.57582305 3.74637176 -3.02303712 2.31476597 -2.16542609 1.31565047 -1.95521206 
3.90429026 15.60509987 -11.42970907 9.38194484 -8.13160735 6.83202435 -6.39747964 5.52838395 -4.72532952 3.90769088 -3.62719018 2.63180196 -3.11697180 
3.74493876 14.35604754 -9.71184629 7.35601680 -5.92662181 4.54894585 -4.11736075 3.31418457 -2.62466968 1.95445247 -1.84532136 1.03613165 -1.71560476 
3.71998097 14.60042542 -10.03631711 7.72579932 -6.31578147 4.93892886 -4.49457247 3.66922859 -2.95144152 2.24958899 -2.10716658 1.26448425 -1.91111075 
3.69834507 14.31109696 -9.65277911 7.28937016 -5.85716229 4.47998918 -4.05126731 3.25252219 -2.56839910 1.90403877 -1.80093682 0.99770359 -1.68293157 
3.50061982 15.59357474 -11.41318789 9.36168999 -8.10873598 6.80750817 -6.37217752 5.50303722 -4.70056630 3.88402585 -3.60504107 2.61148896 -3.09872911 
3.29494814 13.79495533 -8.98818693 6.55394659 -5.10500830 3.74661662 -3.36046806 2.61874144 -1.99925256 1.40177208 -1.36498866 0.62523730 -1.37022575 
3.03432698 15.56390547 -11.37071339 9.30968134 -8.05007849 6.74470301 -6.30742850 5.43824031 -4.63732255 3.82364205 -3.54857394 2.55974461 -3.05229388 
2.76127854 12.91175262 -7.90863158 5.41753203 -3.99775602 2.71588162 -2.43204356 1.80286433 -1.29621911 0.80477879 -0.86516278 0.21212110 -1.03418152 
2.38922894 15.47644702 -11.24598094 9.15749430 -7.87901895 6.56213818 -6.11979238 5.25101620 -4.45509543 3.65011205 -3.38670091 2.41175424 -2.91977799 
1.75425435 5.78167929 -1.77243718 0.59950964 -0.34751248 -0.05404710 -0.33943357 0.22456723 -0.11018742 -0.10550393 -0.16452694 -0.33778752 -0.61239741 
-0.53695673 -2.57668075 -0.29692203 -0.08694280 -0.13691149 -0.21869456 -0.25523605 0.16221922 -0.09883178 -0.14669650 -0.15004767 -0.37900789 -0.58441553 
-2.49713739 6.42259502 -2.13915011 0.78922621 -0.44069220 -0.00387672 -0.36764224 0.24126709 -0.11962580 -0.09784547 -0.17052908 -0.33150126 -0.61737461 
-1.32639353 10.66376770 -5.48296138 3.14745331 -2.02115893 1.05837189 -1.07935990 0.71963480 -0.44068401 0.13174201 -0.33861812 -0.19913598 -0.71705353 
-0.57235479 12.44291764 -7.36480765 4.87340154 -3.49333752 2.26821896 -2.04709720 1.47943747 -1.02931242 0.58697323 -0.68940327 0.07156342 -0.92338804 
-0.25125171 -16.38288060 -11.36453884 -9.33907861 -8.00243838 -7.02170928 -6.10165217 -4.92459972 -4.50787026 -3.95252039 -3.38680345 -3.10799104 -2.82580137 
0.63740197 9.13329235 -4.09185512 2.04370521 -1.20338640 0.46731085 -0.66017672 0.42529706 -0.23520624 -0.01567312 -0.23114223 -0.28045469 -0.65658858 
2.48225472 6.56322827 -2.22446576 0.83568755 -0.46463896 0.00931041 -0.37514559 0.24571970 -0.12219988 -0.09584926 -0.17207878 -0.32995936 -0.61859321 
3.65825135 10.58989078 -5.41099631 3.08656997 -1.97323256 1.02185782 -1.05220714 0.69974930 -0.42626400 0.12116276 -0.33080420 -0.20501856 -0.71267868 
4.43168526 12.30805188 -7.21209707 4.72412950 -3.35808821 2.15077542 -1.94821396 1.39802637 -0.96342031 0.53413299 -0.64743061 0.03844557 -0.89761361 
4.82033087 15.03608852 -10.62882430 8.41681398 -7.05950327 5.70048436 -5.24676638 4.39169606 -3.62947513 2.87342430 -2.67046377 1.76395644 -2.34557807 
4.59370998 11.61239735 -6.45069381 4.00362107 -2.72543751 1.61732140 -1.51146063 1.04785567 -0.68699380 0.31719810 -0.47832470 -0.09300962 -0.79672835 
3.42198100 -0.57123205 -0.09161236 -0.02936062 -0.12511368 -0.19869281 -0.25833308 0.17039429 -0.09333559 -0.13811223 -0.14714015 -0.37176189 -0.58757982 
4.17290608 0.05591781 -0.09986921 -0.01815684 -0.12486105 -0.19269627 -0.26066259 0.17296304 -0.09235169 -0.13573301 -0.14692980 -0.36942657 -0.58892076 
5.72310325 9.05875964 -4.02944772 1.99797281 -1.17206112 0.44619087 -0.64612355 0.41597811 -0.22903801 -0.01999330 -0.22802089 -0.28287562 -0.65477249 
6.30707662 14.82401471 -10.33814930 8.07529829 -6.68931818 5.31884888 -4.86736571 4.02501455 -3.28329548 2.55312930 -2.37971965 1.50487649 -2.11915717 
6.33680964 15.15199879 -10.78949788 8.60763297 -7.26849963 5.91809583 -5.46518357 4.60474179 -3.83238932 3.06273835 -2.84367483 1.91945617 -2.48243982 
5.85350306 10.34868263 -5.17943990 2.89337839 -1.82319170 0.90892976 -0.96917672 0.63957064 -0.38304189 0.08965942 -0.30763847 -0.22244686 -0.69973338 
4.55773606 3.78649846 -0.86253190 0.20765119 -0.18472927 -0.13938908 -0.29152704 0.19546618 -0.09557279 -0.12030199 -0.15315533 -0.35221248 -0.60108719 
3.07296037 -9.39495410 -3.64078793 -1.77614669 -0.99478508 -0.69888834 -0.49941344 0.00030318 -0.21364005 -0.24008890 -0.21498463 -0.43066989 -0.60202304 
4.20129681 10.25147932 -5.08760046 2.81791278 -1.76544311 0.86604280 -0.93803352 0.61725460 -0.36718169 0.07817897 -0.29923416 -0.22876966 -0.69504105 
4.51764464 15.20410819 -10.86214566 8.69438175 -7.36401137 6.01804394 -5.56598621 4.70352124 -3.92688849 3.15127358 -2.92500098 1.99273936 -2.54716805 
4.03042286 10.14920716 -4.99188540 2.73997105 -1.70632084 0.82247979 -0.90662837 0.59489930 -0.35139002 0.06679144 -0.29091717 -0.23502977 -0.69039614 
2.99715285 11.05173044 -5.86893565 3.48067259 -2.28869942 1.26593349 -1.23636082 0.83645302 -0.52665395 0.19549236 -0.38607159 -0.16331664 -0.74377458 
2.15590500 12.18697060 -7.07640868 4.59281428 -3.24026246 2.04940051 -1.86361309 1.32896209 -0.90797016 0.48998144 -0.61258032 0.01108994 -0.87642765 
1.33384749 9.91953435 -4.78034877 2.57031177 -1.57950429 0.73025146 -0.84093279 0.54863948 -0.31903593 0.04359704 -0.27403329 -0.24775831 -0.68095006 
1.85546671 7.19421497 -2.62876048 1.06709743 -0.58976111 0.08014949 -0.41617447 0.27026995 -0.13669819 -0.08501370 -0.18037438 -0.32210962 -0.62476865 
2.39174358 15.60999040 -11.43672330 9.39054849 -8.14132701 6.84244765 -6.40824168 5.53916935 -4.73587069 3.91776822 -3.63662521 2.64045763 -3.12474762 
2.69106563 13.17378385 -8.22137751 5.73916624 -4.30399462 2.99465667 -2.67770439 2.01417331 -1.47455641 0.95330096 -0.98726106 0.31136651 -1.11362598 
2.69781273 13.28079216 -8.35092028 5.87422167 -4.43430707 3.11479746 -2.78488023 2.10745690 -1.55417939 1.02030463 -1.04287504 0.35696157 -1.15042363 
2.40984325 15.60999040 -11.43672330 9.39054849 -8.14132701 6.84244765 -6.40824168 5.53916935 -4.73587069 3.91776822 -3.63662521 2.64045763 -3.12474762 
2.11519005 12.10093182 -6.98080210 4.50103963 -3.15856735 1.97963744 -1.80581172 1.28209967 -0.87059066 0.46038834 -0.58933897 -0.00707919 -0.86241011 
1.27350468 9.72976236 -4.60911983 2.43563974 -1.48072960 0.65961122 -0.79138001 0.51422421 -0.29526829 0.02667504 -0.26175827 -0.25704343 -0.67405261 
0.48249029 15.46660699 -11.23199155 9.14047674 -7.85994576 6.54183747 -6.09898202 5.23030310 -4.43498283 3.63100208 -3.36891219 2.39552326 -2.90527131 
0.38575388 15.45272286 -11.21226808 9.11650150 -7.83309327 6.51327587 -6.06972206 5.20119765 -4.40673759 3.60417956 -3.34395705 2.37276447 -2.88493961 
-0.34793092 1.64282668 -0.27494662 0.02810714 -0.13191248 -0.17599498 -0.26950877 0.18038812 -0.09152759 -0.12981063 -0.14788679 -0.36301054 -0.59311279 
-0.61664885 1.91047448 -0.32626030 0.04113473 -0.13483973 -0.17270853 -0.27148148 0.18185517 -0.09165668 -0.12877246 -0.14827164 -0.36182551 -0.59394561 
0.90848110 9.12615813 -4.08586013 2.03929724 -1.20035727 0.46526298 -0.65881080 0.42438942 -0.23460434 -0.01609488 -0.23083755 -0.28069062 -0.65641171 
1.83843819 11.61662493 -6.45518832 4.00775581 -2.72896866 1.62022169 -1.51377585 1.04966750 -0.68839152 0.31827363 -0.47914905 -0.09237689 -0.79720815 
2.49574780 12.84338103 -7.82806767 5.33570032 -3.92078174 2.64661961 -2.37169199 1.75151305 -1.25333012 0.76940003 -0.83633343 0.18887040 -1.01570783 
3.24579739 11.44988650 -6.27914759 3.84688002 -2.59246185 1.50877470 -1.42531749 0.98081378 -0.63554291 0.27777546 -0.44821550 -0.11606455 -0.77928547 
3.92194845 12.75688488 -7.72676282 5.23340070 -3.82510156 2.56099224 -2.29747082 1.68867844 -1.20110282 0.72650677 -0.80152056 0.16089258 -0.99355222 
4.31997042 14.70098978 -10.17148549 7.88166234 -6.48168930 5.10701294 -4.65887827 3.82546282 -3.09665050 2.38196155 -2.22564460 1.36866544 -2.00101265 
