9.92751631 0.07544185 -0.10068030 -0.01778693 -0.12487443 -0.19250708 -0.26074517 0.17304511 -0.09232669 -0.13566007 -0.14692849 -0.36935253 -0.58896523 
2.53459493 13.22509408 -8.28336075 5.80365419 -4.36609260 3.05179707 -2.72858309 2.05837690 -1.51222108 0.98494516 -1.01348685 0.33283856 -1.13093267 
2.74631806 15.59447407 -11.41447663 9.36326947 -8.11051895 6.80941881 -6.37414887 5.50501152 -4.70249467 3.88586827 -3.60676508 2.61306973 -3.10014849 
2.71562873 15.59399295 -11.41378717 9.36242446 -8.10956506 6.80839661 -6.37309417 5.50395524 -4.70146295 3.88488253 -3.60584268 2.61222396 -3.09938906 
2.68446116 15.59348914 -11.41306522 9.36153966 -8.10856628 6.80732633 -6.37198990 5.50284932 -4.70038278 3.88385052 -3.60487700 2.61133853 -3.09859404 
2.91453588 13.68465340 -8.84940107 6.40376418 -4.95473586 3.60316070 -3.22809508 2.49970173 -1.89440312 1.31092084 -1.28748879 0.56008699 -1.31637264 
3.10540659 15.60727054 -11.43282207 9.38576293 -8.13592037 6.83664926 -6.40225451 5.53316887 -4.73000579 3.91216112 -3.63137525 2.63564113 -3.12042054 
3.09264072 15.60723562 -11.43277200 9.38570151 -8.13585098 6.83657485 -6.40217769 5.53309188 -4.72993054 3.91208918 -3.63130790 2.63557934 -3.12036504 
3.07979285 15.60720003 -11.43272095 9.38563891 -8.13578025 6.83649901 -6.40209938 5.53301340 -4.72985384 3.91201586 -3.63123925 2.63551637 -3.12030846 
3.28107545 14.05873482 -9.32470378 6.92299198 -5.47912384 4.10827415 -3.69828316 2.92614570 -2.27312096 1.64164025 -1.57169300 0.80065163 -1.51654020 
3.45300008 15.60999040 -11.43672330 9.39054849 -8.14132701 6.84244765 -6.40824168 5.53916935 -4.73587069 3.91776822 -3.63662521 2.64045763 -3.12474762 
3.27582601 13.98262247 -9.22693328 6.81506053 -5.36900588 4.00116774 -3.59764229 2.83403905 -2.19061035 1.56899954 -1.50879075 0.74702986 -1.47162088 
3.47816834 12.11565270 -6.99711221 4.51665193 -3.17242674 1.99144184 -1.81556772 1.28999048 -0.87687048 0.46535022 -0.59322911 -0.00404223 -0.86475009 
3.62514813 14.40992371 -9.78289391 7.43645542 -6.01073439 4.63271669 -4.19790243 3.38955216 -2.69364606 2.01641870 -1.90001857 1.08360403 -1.75606207 
3.45300008 15.60999040 -11.43672330 9.39054849 -8.14132701 6.84244765 -6.40824168 5.53916935 -4.73587069 3.91776822 -3.63662521 2.64045763 -3.12474762 
3.63042651 14.35797269 -9.71438031 7.35888061 -5.92961120 4.55191809 -4.12021376 3.31685009 -2.62710546 1.95663754 -1.84724747 1.03780120 -1.71702585 
3.63490663 14.41885176 -9.79469404 7.44984421 -6.02476416 4.64671773 -4.21139015 3.40219733 -2.70524004 2.02685236 -1.90924339 1.09162268 -1.76290585 
3.64015760 14.36718800 -9.72651493 7.37259982 -5.94393734 4.56616720 -4.13389606 3.32963755 -2.63879454 1.96712676 -1.85649629 1.04582024 -1.72385329 
3.79464062 15.60862455 -11.43476411 9.38814509 -8.13861158 6.83953537 -6.40523448 5.53615536 -4.73292470 3.91495165 -3.63398796 2.63803806 -3.12257386 
3.65428282 14.43641862 -9.81793405 7.47623710 -6.05244515 4.67436558 -4.23804638 3.42720841 -2.72818961 2.04752022 -1.92752933 1.10752807 -1.77648928 
3.65947981 14.38532286 -9.75041820 7.39965001 -5.97221018 4.59431287 -4.16094528 3.35493868 -2.66194093 1.98791292 -1.87483753 1.06173346 -1.73741060 
3.66390140 14.44506021 -9.82937714 7.48924434 -6.06609916 4.68801473 -4.25121674 3.43957568 -2.73954616 2.05775503 -1.93659080 1.11541493 -1.78322891 
3.66907181 14.39424524 -9.76219005 7.41298408 -5.98615961 4.60821168 -4.17431396 3.36745363 -2.67339908 1.99821037 -1.88393020 1.06962769 -1.74414040 
3.67347422 14.45360906 -9.84070436 7.50212748 -6.07963067 4.70154890 -4.26428314 3.45185169 -2.75082452 2.06792418 -1.94559817 1.12325802 -1.78993384 
3.50577359 15.60999040 -11.43672330 9.39054849 -8.14132701 6.84244765 -6.40824168 5.53916935 -4.73587069 3.91776822 -3.63662521 2.64045763 -3.12474762 
3.67861832 14.40307274 -9.77384415 7.42619286 -5.99998618 4.62199595 -4.18757982 3.37987900 -2.68478110 2.00844441 -1.89297109 1.07748039 -1.75083759 
3.68300171 14.46206647 -9.85191726 7.51488805 -6.09304105 4.71496923 -4.27724649 3.46403711 -2.76202518 2.07802799 -1.95455162 1.13105741 -1.79660407 
3.51616322 15.60999040 -11.43672330 9.39054849 -8.14132701 6.84244765 -6.40824168 5.53916935 -4.73587069 3.91776822 -3.63662521 2.64045763 -3.12474762 
3.51616322 15.60999040 -11.43672330 9.39054849 -8.14132701 6.84244765 -6.40824168 5.53916935 -4.73587069 3.91776822 -3.63662521 2.64045763 -3.12474762 
3.51616322 15.60999040 -11.43672330 9.39054849 -8.14132701 6.84244765 -6.40824168 5.53916935 -4.73587069 3.91776822 -3.63662521 2.64045763 -3.12474762 
3.68811976 14.41180671 -9.78538203 7.43927783 -6.01369122 4.63566680 -4.20074375 3.39221542 -2.69608743 2.01861531 -1.90196032 1.08529160 -1.75750215 
3.69248430 14.47043376 -9.86301733 7.52752751 -6.10633161 4.72827684 -4.29010768 3.47613263 -2.77314861 2.08806676 -1.96345135 1.13881319 -1.80323961 
3.52649916 15.60999040 -11.43672330 9.39054849 -8.14132701 6.84244765 -6.40824168 5.53916935 -4.73587069 3.91776822 -3.63662521 2.64045763 -3.12474762 
3.52649916 15.60999040 -11.43672330 9.39054849 -8.14132701 6.84244765 -6.40824168 5.53916935 -4.73587069 3.91776822 -3.63662521 2.64045763 -3.12474762 
3.52649916 15.60999040 -11.43672330 9.39054849 -8.14132701 6.84244765 -6.40824168 5.53916935 -4.73587069 3.91776822 -3.63662521 2.64045763 -3.12474762 
3.52649916 15.60999040 -11.43672330 9.39054849 -8.14132701 6.84244765 -6.40824168 5.53916935 -4.73587069 3.91776822 -3.63662521 2.64045763 -3.12474762 
3.52649916 15.60999040 -11.43672330 9.39054849 -8.14132701 6.84244765 -6.40824168 5.53916935 -4.73587069 3.91776822 -3.63662521 2.64045763 -3.12474762 
3.52649916 15.60999040 -11.43672330 9.39054849 -8.14132701 6.84244765 -6.40824168 5.53916935 -4.73587069 3.91776822 -3.63662521 2.64045763 -3.12474762 
3.52649916 15.60999040 -11.43672330 9.39054849 -8.14132701 6.84244765 -6.40824168 5.53916935 -4.73587069 3.91776822 -3.63662521 2.64045763 -3.12474762 
3.52649916 15.60999040 -11.43672330 9.39054849 -8.14132701 6.84244765 -6.40824168 5.53916935 -4.73587069 3.91776822 -3.63662521 2.64045763 -3.12474762 
3.52649916 15.60999040 -11.43672330 9.39054849 -8.14132701 6.84244765 -6.40824168 5.53916935 -4.73587069 3.91776822 -3.63662521 2.64045763 -3.12474762 
3.52649916 15.60999040 -11.43672330 9.39054849 -8.14132701 6.84244765 -6.40824168 5.53916935 -4.73587069 3.91776822 -3.63662521 2.64045763 -3.12474762 
3.52649916 15.60999040 -11.43672330 9.39054849 -8.14132701 6.84244765 -6.40824168 5.53916935 -4.73587069 3.91776822 -3.63662521 2.64045763 -3.12474762 
3.35563964 14.07407263 -9.34447196 6.94488491 -5.50153035 4.13013357 -3.71888308 2.94505207 -2.29010373 1.65662992 -1.58470459 0.81176864 -1.52587318 
3.34952165 14.13445326 -9.42250884 7.03153968 -5.59044831 4.21709714 -3.80103471 3.02062706 -2.35814317 1.71681263 -1.63705122 0.85657795 -1.56355980 
3.51616322 15.60999040 -11.43672330 9.39054849 -8.14132701 6.84244765 -6.40824168 5.53916935 -4.73587069 3.91776822 -3.63662521 2.64045763 -3.12474762 
3.51616322 15.60999040 -11.43672330 9.39054849 -8.14132701 6.84244765 -6.40824168 5.53916935 -4.73587069 3.91776822 -3.63662521 2.64045763 -3.12474762 
3.34442911 14.06148095 -9.32824151 6.92690822 -5.48313021 4.11218108 -3.70196350 2.92952215 -2.27615275 1.64431527 -1.57401424 0.80263426 -1.51820416 
3.33827401 14.12221781 -9.40666782 7.01391959 -5.57233834 4.19935727 -3.78425079 3.00516393 -2.34420201 1.70446472 -1.62629741 0.84736161 -1.55579963 
3.50577359 15.60999040 -11.43672330 9.39054849 -8.14132701 6.84244765 -6.40824168 5.53916935 -4.73587069 3.91776822 -3.63662521 2.64045763 -3.12474762 
3.33315595 14.04873605 -9.31182874 6.90874579 -5.46455610 4.09407397 -3.68491202 2.91388343 -2.26211463 1.63193256 -1.56327204 0.79346136 -1.51050745 
3.32696329 14.10983204 -9.39064655 6.99611439 -5.55405347 4.18146055 -3.76733175 2.98958813 -2.33016955 1.69204453 -1.61548771 0.83810305 -1.54800848 
3.49532970 15.60999040 -11.43672330 9.39054849 -8.14132701 6.84244765 -6.40824168 5.53916935 -4.73587069 3.91776822 -3.63662521 2.64045763 -3.12474762 
3.49532970 15.60999040 -11.43672330 9.39054849 -8.14132701 6.84244765 -6.40824168 5.53916935 -4.73587069 3.91776822 -3.63662521 2.64045763 -3.12474762 
3.32181948 14.03583539 -9.29523095 6.89039518 -5.44580603 4.07581078 -3.66772766 2.89813536 -2.24798919 1.61948179 -1.55247819 0.78425024 -1.50278339 
3.31558881 14.09729345 -9.37444231 6.97812157 -5.53559167 4.16340543 -3.75027652 2.97389903 -2.31604549 1.67955201 -1.60462227 0.82880252 -1.54018664 
3.48483099 15.60999040 -11.43672330 9.39054849 -8.14132701 6.84244765 -6.40824168 5.53916935 -4.73587069 3.91776822 -3.63662521 2.64045763 -3.12474762 
3.48483099 15.60999040 -11.43672330 9.39054849 -8.14132701 6.84244765 -6.40824168 5.53916935 -4.73587069 3.91776822 -3.63662521 2.64045763 -3.12474762 
3.48483099 15.60999040 -11.43672330 9.39054849 -8.14132701 6.84244765 -6.40824168 5.53916935 -4.73587069 3.91776822 -3.63662521 2.64045763 -3.12474762 
3.31041898 14.02277639 -9.27844535 6.87185390 -5.42687801 4.05739004 -3.65040948 2.88227740 -2.23377621 1.60696304 -1.54163290 0.77500120 -1.49503233 
3.30414982 14.08459948 -9.35805233 6.95993861 -5.51695086 4.14519037 -3.73308405 2.95809600 -2.30182955 1.66698712 -1.59370123 0.81946025 -1.53233443 
3.47427688 15.60999040 -11.43672330 9.39054849 -8.14132701 6.84244765 -6.40824168 5.53916935 -4.73587069 3.91776822 -3.63662521 2.64045763 -3.12474762 
3.47427688 15.60999040 -11.43672330 9.39054849 -8.14132701 6.84244765 -6.40824168 5.53916935 -4.73587069 3.91776822 -3.63662521 2.64045763 -3.12474762 
3.47427688 15.60999040 -11.43672330 9.39054849 -8.14132701 6.84244765 -6.40824168 5.53916935 -4.73587069 3.91776822 -3.63662521 2.64045763 -3.12474762 
3.47427688 15.60999040 -11.43672330 9.39054849 -8.14132701 6.84244765 -6.40824168 5.53916935 -4.73587069 3.91776822 -3.63662521 2.64045763 -3.12474762 
3.47427688 15.60999040 -11.43672330 9.39054849 -8.14132701 6.84244765 -6.40824168 5.53916935 -4.73587069 3.91776822 -3.63662521 2.64045763 -3.12474762 
3.47427688 15.60999040 -11.43672330 9.39054849 -8.14132701 6.84244765 -6.40824168 5.53916935 -4.73587069 3.91776822 -3.63662521 2.64045763 -3.12474762 
3.47427688 15.60999040 -11.43672330 9.39054849 -8.14132701 6.84244765 -6.40824168 5.53916935 -4.73587069 3.91776822 -3.63662521 2.64045763 -3.12474762 
3.47427688 15.60999040 -11.43672330 9.39054849 -8.14132701 6.84244765 -6.40824168 5.53916935 -4.73587069 3.91776822 -3.63662521 2.64045763 -3.12474762 
3.47427688 15.60999040 -11.43672330 9.39054849 -8.14132701 6.84244765 -6.40824168 5.53916935 -4.73587069 3.91776822 -3.63662521 2.64045763 -3.12474762 
3.47427688 15.60999040 -11.43672330 9.39054849 -8.14132701 6.84244765 -6.40824168 5.53916935 -4.73587069 3.91776822 -3.63662521 2.64045763 -3.12474762 
3.47427688 15.60999040 -11.43672330 9.39054849 -8.14132701 6.84244765 -6.40824168 5.53916935 -4.73587069 3.91776822 -3.63662521 2.64045763 -3.12474762 
3.47427688 15.60999040 -11.43672330 9.39054849 -8.14132701 6.84244765 -6.40824168 5.53916935 -4.73587069 3.91776822 -3.63662521 2.64045763 -3.12474762 
3.64984189 14.37630425 -9.73852702 7.38618910 -5.95813655 4.58029842 -4.14747294 3.34233353 -2.65040623 1.97755180 -1.86569293 1.05379765 -1.73064822 
3.50913917 12.18103725 -7.06979389 4.58644457 -3.23457490 2.04452957 -1.85956613 1.32567233 -0.90533953 0.48789423 -0.61093797 0.00980405 -0.87543415 
3.30414982 14.08459948 -9.35805233 6.95993861 -5.51695086 4.14519037 -3.73308405 2.95809600 -2.30182955 1.66698712 -1.59370123 0.81946025 -1.53233443 
3.47427688 15.60999040 -11.43672330 9.39054849 -8.14132701 6.84244765 -6.40824168 5.53916935 -4.73587069 3.91776822 -3.63662521 2.64045763 -3.12474762 
3.47427688 15.60999040 -11.43672330 9.39054849 -8.14132701 6.84244765 -6.40824168 5.53916935 -4.73587069 3.91776822 -3.63662521 2.64045763 -3.12474762 
3.47427688 15.60999040 -11.43672330 9.39054849 -8.14132701 6.84244765 -6.40824168 5.53916935 -4.73587069 3.91776822 -3.63662521 2.64045763 -3.12474762 
3.47427688 15.60999040 -11.43672330 9.39054849 -8.14132701 6.84244765 -6.40824168 5.53916935 -4.73587069 3.91776822 -3.63662521 2.64045763 -3.12474762 
3.29895372 14.00955638 -9.26146914 6.85311942 -5.40777001 4.03881028 -3.63295649 2.86630904 -2.21947552 1.59437635 -1.53073639 0.76571456 -1.48725464 
3.29264562 14.07174749 -9.34147378 6.94156295 -5.49812895 4.12681380 -3.71575329 2.94217843 -2.28752146 1.65434987 -1.58272474 0.81007652 -1.52445217 
3.46366677 15.60999040 -11.43672330 9.39054849 -8.14132701 6.84244765 -6.40824168 5.53916935 -4.73587069 3.91776822 -3.63662521 2.64045763 -3.12474762 
3.46366677 15.60999040 -11.43672330 9.39054849 -8.14132701 6.84244765 -6.40824168 5.53916935 -4.73587069 3.91776822 -3.63662521 2.64045763 -3.12474762 
3.46366677 15.60999040 -11.43672330 9.39054849 -8.14132701 6.84244765 -6.40824168 5.53916935 -4.73587069 3.91776822 -3.63662521 2.64045763 -3.12474762 
3.46366677 15.60999040 -11.43672330 9.39054849 -8.14132701 6.84244765 -6.40824168 5.53916935 -4.73587069 3.91776822 -3.63662521 2.64045763 -3.12474762 
3.28742298 13.99617266 -9.24429942 6.83418916 -5.38847999 4.02007001 -3.61536774 2.85022976 -2.20508694 1.58172182 -1.51978892 0.75639066 -1.47945069 
3.28107545 14.05873482 -9.32470378 6.92299198 -5.47912384 4.10827415 -3.69828316 2.92614570 -2.27312096 1.64164025 -1.57169300 0.80065163 -1.51654020 
3.45300008 15.60999040 -11.43672330 9.39054849 -8.14132701 6.84244765 -6.40824168 5.53916935 -4.73587069 3.91776822 -3.63662521 2.64045763 -3.12474762 
3.45300008 15.60999040 -11.43672330 9.39054849 -8.14132701 6.84244765 -6.40824168 5.53916935 -4.73587069 3.91776822 -3.63662521 2.64045763 -3.12474762 
3.45300008 15.60999040 -11.43672330 9.39054849 -8.14132701 6.84244765 -6.40824168 5.53916935 -4.73587069 3.91776822 -3.63662521 2.64045763 -3.12474762 
3.27582601 13.98262247 -9.22693328 6.81506053 -5.36900588 4.00116774 -3.59764229 2.83403905 -2.19061035 1.56899954 -1.50879075 0.74702986 -1.47162088 
3.26943856 14.04555873 -9.30773940 6.90422305 -5.45993336 4.08956983 -3.68067263 2.90999720 -2.25862782 1.62885829 -1.56060620 0.79118587 -1.50859888 
3.44227619 15.60999040 -11.43672330 9.39054849 -8.14132701 6.84244765 -6.40824168 5.53916935 -4.73587069 3.91776822 -3.63662521 2.64045763 -3.12474762 
3.44227619 15.60999040 -11.43672330 9.39054849 -8.14132701 6.84244765 -6.40824168 5.53916935 -4.73587069 3.91776822 -3.63662521 2.64045763 -3.12474762 
3.44227619 15.60999040 -11.43672330 9.39054849 -8.14132701 6.84244765 -6.40824168 5.53916935 -4.73587069 3.91776822 -3.63662521 2.64045763 -3.12474762 
3.44227619 15.60999040 -11.43672330 9.39054849 -8.14132701 6.84244765 -6.40824168 5.53916935 -4.73587069 3.91776822 -3.63662521 2.64045763 -3.12474762 
3.44227619 15.60999040 -11.43672330 9.39054849 -8.14132701 6.84244765 -6.40824168 5.53916935 -4.73587069 3.91776822 -3.63662521 2.64045763 -3.12474762 
3.44227619 15.60999040 -11.43672330 9.39054849 -8.14132701 6.84244765 -6.40824168 5.53916935 -4.73587069 3.91776822 -3.63662521 2.64045763 -3.12474762 
3.44227619 15.60999040 -11.43672330 9.39054849 -8.14132701 6.84244765 -6.40824168 5.53916935 -4.73587069 3.91776822 -3.63662521 2.64045763 -3.12474762 
3.62064816 14.34865688 -9.70212150 7.34502987 -5.91515671 4.53754993 -4.10642517 3.30397053 -2.61533855 1.94608390 -1.83794638 1.02974051 -1.71016595 
3.62514813 14.40992371 -9.78289391 7.43645542 -6.01073439 4.63271669 -4.19790243 3.38955216 -2.69364606 2.01641870 -1.90001857 1.08360403 -1.75606207 
3.45300008 15.60999040 -11.43672330 9.39054849 -8.14132701 6.84244765 -6.40824168 5.53916935 -4.73587069 3.91776822 -3.63662521 2.64045763 -3.12474762 
3.63042651 14.35797269 -9.71438031 7.35888061 -5.92961120 4.55191809 -4.12021376 3.31685009 -2.62710546 1.95663754 -1.84724747 1.03780120 -1.71702585 
3.63490663 14.41885176 -9.79469404 7.44984421 -6.02476416 4.64671773 -4.21139015 3.40219733 -2.70524004 2.02685236 -1.90924339 1.09162268 -1.76290585 
3.46366677 15.60999040 -11.43672330 9.39054849 -8.14132701 6.84244765 -6.40824168 5.53916935 -4.73587069 3.91776822 -3.63662521 2.64045763 -3.12474762 
3.64015760 14.36718800 -9.72651493 7.37259982 -5.94393734 4.56616720 -4.13389606 3.32963755 -2.63879454 1.96712676 -1.85649629 1.04582024 -1.72385329 
3.64461804 14.42768292 -9.80637355 7.46310424 -6.03866728 4.66060030 -4.22477115 3.41474919 -2.71675440 2.03721943 -1.91841358 1.09959734 -1.76971492 
3.64984189 14.37630425 -9.73852702 7.38618910 -5.95813655 4.58029842 -4.14747294 3.34233353 -2.65040623 1.97755180 -1.86569293 1.05379765 -1.73064822 
3.65428282 14.43641862 -9.81793405 7.47623710 -6.05244515 4.67436558 -4.23804638 3.42720841 -2.72818961 2.04752022 -1.92752933 1.10752807 -1.77648928 
3.48483099 15.60999040 -11.43672330 9.39054849 -8.14132701 6.84244765 -6.40824168 5.53916935 -4.73587069 3.91776822 -3.63662521 2.64045763 -3.12474762 
3.48483099 15.60999040 -11.43672330 9.39054849 -8.14132701 6.84244765 -6.40824168 5.53916935 -4.73587069 3.91776822 -3.63662521 2.64045763 -3.12474762 
3.48483099 15.60999040 -11.43672330 9.39054849 -8.14132701 6.84244765 -6.40824168 5.53916935 -4.73587069 3.91776822 -3.63662521 2.64045763 -3.12474762 
3.48483099 15.60999040 -11.43672330 9.39054849 -8.14132701 6.84244765 -6.40824168 5.53916935 -4.73587069 3.91776822 -3.63662521 2.64045763 -3.12474762 
3.48483099 15.60999040 -11.43672330 9.39054849 -8.14132701 6.84244765 -6.40824168 5.53916935 -4.73587069 3.91776822 -3.63662521 2.64045763 -3.12474762 
3.48483099 15.60999040 -11.43672330 9.39054849 -8.14132701 6.84244765 -6.40824168 5.53916935 -4.73587069 3.91776822 -3.63662521 2.64045763 -3.12474762 
3.48483099 15.60999040 -11.43672330 9.39054849 -8.14132701 6.84244765 -6.40824168 5.53916935 -4.73587069 3.91776822 -3.63662521 2.64045763 -3.12474762 
3.48483099 15.60999040 -11.43672330 9.39054849 -8.14132701 6.84244765 -6.40824168 5.53916935 -4.73587069 3.91776822 -3.63662521 2.64045763 -3.12474762 
3.48483099 15.60999040 -11.43672330 9.39054849 -8.14132701 6.84244765 -6.40824168 5.53916935 -4.73587069 3.91776822 -3.63662521 2.64045763 -3.12474762 
3.48483099 15.60999040 -11.43672330 9.39054849 -8.14132701 6.84244765 -6.40824168 5.53916935 -4.73587069 3.91776822 -3.63662521 2.64045763 -3.12474762 
3.48483099 15.60999040 -11.43672330 9.39054849 -8.14132701 6.84244765 -6.40824168 5.53916935 -4.73587069 3.91776822 -3.63662521 2.64045763 -3.12474762 
3.48483099 15.60999040 -11.43672330 9.39054849 -8.14132701 6.84244765 -6.40824168 5.53916935 -4.73587069 3.91776822 -3.63662521 2.64045763 -3.12474762 
3.48483099 15.60999040 -11.43672330 9.39054849 -8.14132701 6.84244765 -6.40824168 5.53916935 -4.73587069 3.91776822 -3.63662521 2.64045763 -3.12474762 
3.65947981 14.38532286 -9.75041820 7.39965001 -5.97221018 4.59431287 -4.16094528 3.35493868 -2.66194093 1.98791292 -1.87483753 1.06173346 -1.73741060 
3.66390140 14.44506021 -9.82937714 7.48924434 -6.06609916 4.68801473 -4.25121674 3.43957568 -2.73954616 2.05775503 -1.93659080 1.11541493 -1.78322891 
3.49532970 15.60999040 -11.43672330 9.39054849 -8.14132701 6.84244765 -6.40824168 5.53916935 -4.73587069 3.91776822 -3.63662521 2.64045763 -3.12474762 
3.49532970 15.60999040 -11.43672330 9.39054849 -8.14132701 6.84244765 -6.40824168 5.53916935 -4.73587069 3.91776822 -3.63662521 2.64045763 -3.12474762 
3.66907181 14.39424524 -9.76219005 7.41298408 -5.98615961 4.60821168 -4.17431396 3.36745363 -2.67339908 1.99821037 -1.88393020 1.06962769 -1.74414040 
3.67347422 14.45360906 -9.84070436 7.50212748 -6.07963067 4.70154890 -4.26428314 3.45185169 -2.75082452 2.06792418 -1.94559817 1.12325802 -1.78993384 
3.50577359 15.60999040 -11.43672330 9.39054849 -8.14132701 6.84244765 -6.40824168 5.53916935 -4.73587069 3.91776822 -3.63662521 2.64045763 -3.12474762 
3.67861832 14.40307274 -9.77384415 7.42619286 -5.99998618 4.62199595 -4.18757982 3.37987900 -2.68478110 2.00844441 -1.89297109 1.07748039 -1.75083759 
3.68300171 14.46206647 -9.85191726 7.51488805 -6.09304105 4.71496923 -4.27724649 3.46403711 -2.76202518 2.07802799 -1.95455162 1.13105741 -1.79660407 
3.68811976 14.41180671 -9.78538203 7.43927783 -6.01369122 4.63566680 -4.20074375 3.39221542 -2.69608743 2.01861531 -1.90196032 1.08529160 -1.75750215 
3.69248430 14.47043376 -9.86301733 7.52752751 -6.10633161 4.72827684 -4.29010768 3.47613263 -2.77314861 2.08806676 -1.96345135 1.13881319 -1.80323961 
3.69757656 14.42044847 -9.79680520 7.45224047 -6.02727603 4.64922530 -4.21380658 3.40446353 -2.70731849 2.02872334 -1.91089805 1.09306137 -1.76413405 
3.70192241 14.47871220 -9.87400607 7.54004734 -6.11950369 4.74147285 -4.30286762 3.48813891 -2.78419530 2.09804082 -1.97229753 1.14652546 -1.80984050 
3.70698914 14.42899933 -9.80811517 7.46508224 -6.04074191 4.66267254 -4.22676916 3.41662396 -2.71847471 2.03876876 -1.91978441 1.10078975 -1.77073329 
3.71131644 14.48690305 -9.88488492 7.55244898 -6.13255858 4.75455836 -4.31552717 3.50005664 -2.79516574 2.10795050 -1.98109038 1.15419431 -1.81640676 
3.54701216 15.60999040 -11.43672330 9.39054849 -8.14132701 6.84244765 -6.40824168 5.53916935 -4.73587069 3.91776822 -3.63662521 2.64045763 -3.12474762 
3.54701216 15.60999040 -11.43672330 9.39054849 -8.14132701 6.84244765 -6.40824168 5.53916935 -4.73587069 3.91776822 -3.63662521 2.64045763 -3.12474762 
3.54701216 15.60999040 -11.43672330 9.39054849 -8.14132701 6.84244765 -6.40824168 5.53916935 -4.73587069 3.91776822 -3.63662521 2.64045763 -3.12474762 
3.54701216 15.60999040 -11.43672330 9.39054849 -8.14132701 6.84244765 -6.40824168 5.53916935 -4.73587069 3.91776822 -3.63662521 2.64045763 -3.12474762 
3.54701216 15.60999040 -11.43672330 9.39054849 -8.14132701 6.84244765 -6.40824168 5.53916935 -4.73587069 3.91776822 -3.63662521 2.64045763 -3.12474762 
3.54701216 15.60999040 -11.43672330 9.39054849 -8.14132701 6.84244765 -6.40824168 5.53916935 -4.73587069 3.91776822 -3.63662521 2.64045763 -3.12474762 
3.54701216 15.60999040 -11.43672330 9.39054849 -8.14132701 6.84244765 -6.40824168 5.53916935 -4.73587069 3.91776822 -3.63662521 2.64045763 -3.12474762 
3.71635789 14.43746055 -9.81931339 7.47780457 -6.05409014 4.67600958 -4.23963234 3.42869732 -2.72955654 2.04875187 -1.92861957 1.10847680 -1.77729987 
3.72066681 14.49500753 -9.89565532 7.56473385 -6.14549757 4.76753446 -4.32808723 3.51188648 -2.80606040 2.11779612 -1.98983009 1.16181986 -1.82293842 
3.55719030 15.60999040 -11.43672330 9.39054849 -8.14132701 6.84244765 -6.40824168 5.53916935 -4.73587069 3.91776822 -3.63662521 2.64045763 -3.12474762 
3.55719030 15.60999040 -11.43672330 9.39054849 -8.14132701 6.84244765 -6.40824168 5.53916935 -4.73587069 3.91776822 -3.63662521 2.64045763 -3.12474762 
3.55719030 15.60999040 -11.43672330 9.39054849 -8.14132701 6.84244765 -6.40824168 5.53916935 -4.73587069 3.91776822 -3.63662521 2.64045763 -3.12474762 
3.55719030 15.60999040 -11.43672330 9.39054849 -8.14132701 6.84244765 -6.40824168 5.53916935 -4.73587069 3.91776822 -3.63662521 2.64045763 -3.12474762 
3.55719030 15.60999040 -11.43672330 9.39054849 -8.14132701 6.84244765 -6.40824168 5.53916935 -4.73587069 3.91776822 -3.63662521 2.64045763 -3.12474762 
3.55719030 15.60999040 -11.43672330 9.39054849 -8.14132701 6.84244765 -6.40824168 5.53916935 -4.73587069 3.91776822 -3.63662521 2.64045763 -3.12474762 
3.55719030 15.60999040 -11.43672330 9.39054849 -8.14132701 6.84244765 -6.40824168 5.53916935 -4.73587069 3.91776822 -3.63662521 2.64045763 -3.12474762 
3.55719030 15.60999040 -11.43672330 9.39054849 -8.14132701 6.84244765 -6.40824168 5.53916935 -4.73587069 3.91776822 -3.63662521 2.64045763 -3.12474762 
3.55719030 15.60999040 -11.43672330 9.39054849 -8.14132701 6.84244765 -6.40824168 5.53916935 -4.73587069 3.91776822 -3.63662521 2.64045763 -3.12474762 
3.72568323 14.44583339 -9.83040131 7.49040888 -6.06732199 4.68923750 -4.25239695 3.44068425 -2.74056441 2.05867294 -1.93740367 1.11612260 -1.78383378 
3.72997392 14.50302685 -9.90631868 7.57690335 -6.15832192 4.78040223 -4.34054866 3.52362910 -2.81687977 2.12757801 -1.99851686 1.16940220 -1.82943553 
3.56731691 15.60999040 -11.43672330 9.39054849 -8.14132701 6.84244765 -6.40824168 5.53916935 -4.73587069 3.91776822 -3.63662521 2.64045763 -3.12474762 
3.73496556 14.45411907 -9.84138035 7.50289656 -6.08043870 4.70235732 -4.26506383 3.45258536 -2.75149875 2.06853225 -1.94613689 1.12372721 -1.79033503 
3.73923817 14.51096221 -9.91687639 7.58895885 -6.17103289 4.79316274 -4.35291233 3.53528517 -2.82762433 2.13729650 -2.00715091 1.17694146 -1.83589812 
3.57739250 15.60999040 -11.43672330 9.39054849 -8.14132701 6.84244765 -6.40824168 5.53916935 -4.73587069 3.91776822 -3.63662521 2.64045763 -3.12474762 
3.74420525 14.46231880 -9.85225190 7.51526899 -6.09344150 4.71537009 -4.27763380 3.46440128 -2.76236000 2.07833009 -1.95481939 1.13129072 -1.79680364 
3.74845993 14.51881477 -9.92732981 7.60090172 -6.18363171 4.80581705 -4.36517909 3.54685534 -2.83829457 2.14695193 -2.01573245 1.18443776 -1.84232625 
3.58741758 15.60999040 -11.43672330 9.39054849 -8.14132701 6.84244765 -6.40824168 5.53916935 -4.73587069 3.91776822 -3.63662521 2.64045763 -3.12474762 
3.58741758 15.60999040 -11.43672330 9.39054849 -8.14132701 6.84244765 -6.40824168 5.53916935 -4.73587069 3.91776822 -3.63662521 2.64045763 -3.12474762 
3.58741758 15.60999040 -11.43672330 9.39054849 -8.14132701 6.84244765 -6.40824168 5.53916935 -4.73587069 3.91776822 -3.63662521 2.64045763 -3.12474762 
3.58741758 15.60999040 -11.43672330 9.39054849 -8.14132701 6.84244765 -6.40824168 5.53916935 -4.73587069 3.91776822 -3.63662521 2.64045763 -3.12474762 
3.58741758 15.60999040 -11.43672330 9.39054849 -8.14132701 6.84244765 -6.40824168 5.53916935 -4.73587069 3.91776822 -3.63662521 2.64045763 -3.12474762 
3.58741758 15.60999040 -11.43672330 9.39054849 -8.14132701 6.84244765 -6.40824168 5.53916935 -4.73587069 3.91776822 -3.63662521 2.64045763 -3.12474762 
3.42162532 14.14654085 -9.43817228 7.04897708 -5.60838540 4.23468169 -3.81768456 3.03597818 -2.37199333 1.72908832 -1.64774905 0.86575184 -1.57128871 
3.41572104 14.20484343 -9.51391573 7.13350680 -5.69554635 4.32032707 -3.89895953 3.11107635 -2.43989079 1.78938639 -1.70039529 0.91097791 -1.60945531 
3.41077652 14.13481802 -9.42298132 7.03206544 -5.59098893 4.21762693 -3.80153615 3.02108922 -2.35856000 1.71718196 -1.63737297 0.85685379 -1.56379213 
3.20470214 15.60752743 -11.43319052 9.38621486 -8.13643091 6.83719676 -6.40281981 5.53373538 -4.73055947 3.91269043 -3.63187083 2.63609577 -3.12082897 
2.99189356 13.53926004 -8.66819643 6.20947251 -4.76206144 3.42080049 -3.06122043 2.35084050 -1.76430046 1.19900353 -1.19266796 0.48087643 -1.25129052 
2.96944487 13.75707461 -8.94039585 6.50209721 -5.05299705 3.69684465 -3.31443378 2.57725033 -1.96262796 1.36997252 -1.33781038 0.60234941 -1.35127467 
2.75994186 10.13099679 -4.97494077 2.72624868 -1.69596735 0.81488747 -0.90117908 0.59103584 -0.34867095 0.06483509 -0.28949022 -0.23610429 -0.68959888 
2.04546307 15.54081138 -11.33770806 9.26933207 -8.00464045 6.69612255 -6.25741374 5.38825458 -4.58859610 3.77717397 -3.50516825 2.52001077 -3.01667190 
1.62748598 10.45828286 -5.28400778 2.98010662 -1.89016095 0.95907054 -1.00586282 0.66604028 -0.40197393 0.10341979 -0.31773819 -0.21484966 -0.70537387 
0.39594073 5.51079690 -1.62833641 0.52960535 -0.31522830 -0.07103159 -0.32997523 0.21895390 -0.10711891 -0.10816863 -0.16242553 -0.34013875 -0.61053612 
-1.58745380 12.29219707 -7.19425350 4.70678995 -3.34246754 2.13728490 -1.93691483 1.38877037 -0.95596449 0.52817928 -0.64271919 0.03473969 -0.89473795 
-2.37502769 10.35434590 -5.18481676 2.89781713 -1.82660363 0.91147386 -0.97103106 0.64090391 -0.38399243 0.09034884 -0.30814380 -0.22206674 -0.70001553 
-0.77993941 -4.49866384 -0.82517719 -0.24836780 -0.18675206 -0.24865036 -0.26126591 0.15170282 -0.10823223 -0.15768742 -0.15650854 -0.38660416 -0.58322590 
-0.82049683 1.94253463 -0.33282871 0.04283606 -0.13523872 -0.17230017 -0.27172882 0.18203654 -0.09167806 -0.12864644 -0.14832239 -0.36168106 -0.59404807 
-1.26960289 -2.90048947 -0.36318501 -0.10421984 -0.14146606 -0.22248993 -0.25545737 0.16075524 -0.10008320 -0.14830407 -0.15085806 -0.38020428 -0.58407351 
-0.75967100 14.20923397 -9.51963264 7.13990084 -5.70215346 4.32683259 -3.90514533 3.11680302 -2.44507794 1.79400102 -1.70443099 0.91445017 -1.61238992 
0.27940691 7.21555362 -2.64304807 1.07560417 -0.59453466 0.08291464 -0.41780109 0.27125168 -0.13728708 -0.08458385 -0.18069969 -0.32181317 -0.62500075 
1.39742926 10.82363461 -5.64036935 3.28199551 -2.12813031 1.14061617 -1.14104192 0.76516568 -0.47394308 0.15626975 -0.35680158 -0.18543241 -0.72725843 
2.14576319 12.41847185 -7.33700404 4.84610762 -3.46850454 2.24657033 -2.02880088 1.46431957 -1.01703435 0.57709727 -0.68153726 0.06534291 -0.91853658 
2.70810480 13.29674245 -8.37032026 5.89453882 -4.45399730 3.13302740 -2.80120932 2.12172539 -1.56640440 1.03062802 -1.05147137 0.36402990 -1.15614406 
3.16014984 13.84245910 -9.04830836 6.61937251 -5.17083393 3.80978840 -3.41905811 2.67169108 -2.04611270 1.44255762 -1.39992686 0.65472264 -1.39468914 
3.53940690 14.20864446 -9.51886494 7.13904210 -5.70126599 4.32595866 -3.90431425 3.11603353 -2.44438086 1.79338082 -1.70388854 0.91398341 -1.61199540 
4.02073741 12.98193486 -7.99177650 5.50242608 -4.07801765 2.78845245 -2.49557515 1.85716573 -1.34176830 0.84250023 -0.89601241 0.23708060 -1.05407308 
4.27700984 15.59655147 -11.41745383 9.36691866 -8.11463863 6.81383384 -6.37870453 5.50957435 -4.70695165 3.89012687 -3.61075025 2.61672399 -3.10342984 
4.53748367 13.67978142 -8.84329716 6.39718632 -4.94818059 3.59692705 -3.22236469 2.49456735 -1.88989669 1.30702894 -1.28417917 0.55731276 -1.31408579 
4.84560786 14.99594707 -10.57347754 8.35141790 -6.98822985 5.62662255 -5.17296792 4.32002723 -3.56150075 2.81025782 -2.61288804 1.71245165 -2.30039970 
4.96292656 15.58931035 -11.40707800 9.35420288 -8.10028553 6.79845390 -6.36283682 5.49368371 -4.69143152 3.87529924 -3.59687615 2.60400321 -3.09200826 
5.16302319 14.30642345 -9.64664885 7.28246515 -5.84997789 4.47286827 -4.04445273 3.24617408 -2.56261451 1.89886341 -1.79638637 0.99376866 -1.67958986 
5.40642488 15.18157311 -10.83069712 8.65679323 -7.32258790 5.97465847 -5.52219301 4.66057237 -3.88576898 3.11272107 -2.88956321 1.96078556 -2.51892711 
