10.91571580 0.28998213 -0.11179655 -0.01354366 -0.12511339 -0.19041290 -0.26169321 0.17395784 -0.09207490 -0.13486150 -0.14693498 -0.36853254 -0.58946492 
4.49115709 15.01527170 -10.60010312 8.38285637 -7.02247115 5.66208489 -5.20837821 4.35439544 -3.59407892 2.84051552 -2.64045369 1.73709891 -2.32200966 
4.68981898 15.08178076 -10.69201042 8.49168307 -7.14132287 5.78549598 -5.33191815 4.47459010 -3.70827789 2.94681366 -2.73749648 1.82403836 -2.39837802 
4.69255897 15.11024353 -10.73147054 8.53855252 -7.19266310 5.83895832 -5.38558388 4.52694098 -3.75814357 2.99334089 -2.78006927 1.86226055 -2.43202106 
4.69556665 15.08440808 -10.69564965 8.49600199 -7.14604993 5.79041460 -5.33685179 4.47939940 -3.71285572 2.95108222 -2.74139983 1.82754077 -2.40145913 
4.78966598 15.60948529 -11.43599874 9.38965963 -8.14032272 6.84137054 -6.40712943 5.53805457 -4.73478104 3.91672642 -3.63564972 2.63956264 -3.12394354 
4.88625236 15.14147637 -10.77485931 8.59018839 -7.24933031 5.89807348 -5.44502624 4.58502305 -3.81355613 3.04512127 -2.82751616 1.90491583 -2.46961386 
4.89373109 15.21427837 -10.87635423 8.71138225 -7.38276531 6.03770513 -5.58585063 4.72302005 -3.94557269 3.16880550 -2.94112877 2.00729204 -2.56003854 
4.81147443 15.60949619 -11.43601437 9.38967880 -8.14034438 6.84139377 -6.40715342 5.53807861 -4.73480454 3.91674889 -3.63567076 2.63958194 -3.12396088 
4.81688958 15.60949885 -11.43601820 9.38968350 -8.14034969 6.84139946 -6.40715930 5.53808450 -4.73481029 3.91675439 -3.63567591 2.63958667 -3.12396513 
4.82229011 15.60950150 -11.43602199 9.38968815 -8.14035495 6.84140510 -6.40716513 5.53809034 -4.73481600 3.91675985 -3.63568102 2.63959135 -3.12396934 
4.82767610 15.60950413 -11.43602576 9.38969278 -8.14036017 6.84141070 -6.40717091 5.53809614 -4.73482167 3.91676526 -3.63568609 2.63959601 -3.12397352 
4.83304763 15.60950673 -11.43602949 9.38969736 -8.14036535 6.84141626 -6.40717664 5.53810189 -4.73482729 3.91677064 -3.63569112 2.63960062 -3.12397767 
4.74923460 15.13443361 -10.76506742 8.57852617 -7.23652207 5.88470229 -5.43157169 4.57186762 -3.80099733 3.03337858 -2.81675006 1.89523177 -2.46107477 
4.65454780 15.60999040 -11.43672330 9.39054849 -8.14132701 6.84244765 -6.40824168 5.53916935 -4.73587069 3.91776822 -3.63662521 2.64045763 -3.12474762 
4.65454780 15.60999040 -11.43672330 9.39054849 -8.14132701 6.84244765 -6.40824168 5.53916935 -4.73587069 3.91776822 -3.63662521 2.64045763 -3.12474762 
4.65454780 15.60999040 -11.43672330 9.39054849 -8.14132701 6.84244765 -6.40824168 5.53916935 -4.73587069 3.91776822 -3.63662521 2.64045763 -3.12474762 
4.65454780 15.60999040 -11.43672330 9.39054849 -8.14132701 6.84244765 -6.40824168 5.53916935 -4.73587069 3.91776822 -3.63662521 2.64045763 -3.12474762 
4.65454780 15.60999040 -11.43672330 9.39054849 -8.14132701 6.84244765 -6.40824168 5.53916935 -4.73587069 3.91776822 -3.63662521 2.64045763 -3.12474762 
4.65454780 15.60999040 -11.43672330 9.39054849 -8.14132701 6.84244765 -6.40824168 5.53916935 -4.73587069 3.91776822 -3.63662521 2.64045763 -3.12474762 
4.65454780 15.60999040 -11.43672330 9.39054849 -8.14132701 6.84244765 -6.40824168 5.53916935 -4.73587069 3.91776822 -3.63662521 2.64045763 -3.12474762 
4.65454780 15.60999040 -11.43672330 9.39054849 -8.14132701 6.84244765 -6.40824168 5.53916935 -4.73587069 3.91776822 -3.63662521 2.64045763 -3.12474762 
4.65454780 15.60999040 -11.43672330 9.39054849 -8.14132701 6.84244765 -6.40824168 5.53916935 -4.73587069 3.91776822 -3.63662521 2.64045763 -3.12474762 
4.55696362 15.01775148 -10.60352235 8.38689656 -7.02687457 5.66664837 -5.21293789 4.35882366 -3.59827897 2.84441858 -2.64401138 1.74028153 -2.32480141 
4.55372999 15.04634158 -10.64298565 8.43357427 -7.07779900 5.71947349 -5.26576715 4.41017464 -3.64702493 2.88975375 -2.68536605 1.77730267 -2.35729773 
4.64867408 15.60999040 -11.43672330 9.39054849 -8.14132701 6.84244765 -6.40824168 5.53916935 -4.73587069 3.91776822 -3.63662521 2.64045763 -3.12474762 
4.64867408 15.60999040 -11.43672330 9.39054849 -8.14132701 6.84244765 -6.40824168 5.53916935 -4.73587069 3.91776822 -3.63662521 2.64045763 -3.12474762 
4.55080392 15.01462513 -10.59921170 8.38180317 -7.02132337 5.66089551 -5.20718992 4.35324152 -3.59298455 2.83949861 -2.63952684 1.73626983 -2.32128245 
4.54755984 15.04334222 -10.63884195 8.42866894 -7.07244306 5.71391334 -5.26020242 4.40476174 -3.64188310 2.88496858 -2.68099833 1.77339037 -2.35386170 
4.64278306 15.60999040 -11.43672330 9.39054849 -8.14132701 6.84244765 -6.40824168 5.53916935 -4.73587069 3.91776822 -3.63662521 2.64045763 -3.12474762 
4.54462523 15.01147471 -10.59486882 8.37667275 -7.01573292 5.65510309 -5.20140348 4.34762301 -3.58765654 2.83454822 -2.63501526 1.73223452 -2.31774328 
4.54137065 15.04031959 -10.63466697 8.42372755 -7.06704877 5.70831440 -5.25459985 4.39931295 -3.63670800 2.88015320 -2.67660368 1.76945448 -2.35040541 
4.63687464 15.60999040 -11.43672330 9.39054849 -8.14132701 6.84244765 -6.40824168 5.53916935 -4.73587069 3.91776822 -3.63662521 2.64045763 -3.12474762 
4.53842745 15.00830000 -10.59049339 8.37150497 -7.01010289 5.64927077 -5.19557827 4.34196786 -3.58229470 2.82956720 -2.63047646 1.72817546 -2.31418376 
4.53516230 15.03727345 -10.63046039 8.41874975 -7.06161578 5.70267633 -5.24895911 4.39382799 -3.63149940 2.87530738 -2.67218190 1.76549485 -2.34692872 
4.53221046 15.00510074 -10.58608511 8.36629946 -7.00443290 5.64339821 -5.18971395 4.33627578 -3.57689876 2.82455533 -2.62591026 1.72409248 -2.31060376 
4.52893466 15.03420356 -10.62622191 8.41373521 -7.05614373 5.69699878 -5.24327990 4.38830655 -3.62625703 2.87043091 -2.66773280 1.76151130 -2.34343150 
4.52597413 15.00187669 -10.58164364 8.36105588 -6.99872261 5.63748505 -5.18381021 4.33054647 -3.57146848 2.81951239 -2.62131647 1.71998544 -2.30700317 
4.52268761 15.03110968 -10.62195120 8.40868356 -7.05063228 5.69128141 -5.23756189 4.38274835 -3.62098063 2.86552356 -2.66325619 1.75750369 -2.33991362 
4.51971835 14.99862760 -10.57716867 8.35577387 -6.99297165 5.63153095 -5.17786673 4.32477964 -3.56600360 2.81443815 -2.61669490 1.71585418 -2.30338185 
4.51642105 15.02799156 -10.61764796 8.40359446 -7.04508106 5.68552387 -5.23180474 4.37715309 -3.61566994 2.86058510 -2.65875189 1.75347185 -2.33637495 
4.61306483 15.60999040 -11.43672330 9.39054849 -8.14132701 6.84244765 -6.40824168 5.53916935 -4.73587069 3.91776822 -3.63662521 2.64045763 -3.12474762 
4.51344300 14.99535320 -10.57265987 8.35045306 -6.98717966 5.62553556 -5.17188317 4.31897499 -3.56050385 2.80933240 -2.61204537 1.71169854 -2.29973968 
4.51013484 15.02484896 -10.61331186 8.39846756 -7.03948970 5.67972581 -5.22600813 4.37152048 -3.61032469 2.85561529 -2.65421968 1.74941562 -2.33281535 
4.60706783 15.60999040 -11.43672330 9.39054849 -8.14132701 6.84244765 -6.40824168 5.53916935 -4.73587069 3.91776822 -3.63662521 2.64045763 -3.12474762 
4.50714794 14.99205325 -10.56811690 8.34509310 -6.98134625 5.61949852 -5.16585920 4.31313223 -3.55496898 2.80419491 -2.60736767 1.70751836 -2.29607653 
4.50382886 15.02168162 -10.60894257 8.39330249 -7.03385785 5.67388687 -5.22017173 4.36585020 -3.60494462 2.85061392 -2.64965937 1.74533482 -2.32923470 
4.50083307 14.98872747 -10.56353943 8.33969361 -6.97547107 5.61341946 -5.15979449 4.30725106 -3.54939872 2.79902544 -2.60266163 1.70331349 -2.29239228 
4.38609089 15.60923422 -11.43563861 9.38921784 -8.13982358 6.84083521 -6.40657665 5.53750054 -4.73423951 3.91620867 -3.63516494 2.63911787 -3.12354396 
4.49115709 15.01527170 -10.60010312 8.38285637 -7.02247115 5.66208489 -5.20837821 4.35439544 -3.59407892 2.84051552 -2.64045369 1.73709891 -2.32200966 
4.48814336 14.98199740 -10.55427963 8.32877455 -6.96359384 5.60113384 -5.14754149 4.29537225 -3.53815096 2.78858970 -2.59316374 1.69482903 -2.28495994 
4.37263041 15.60922398 -11.43562391 9.38919982 -8.13980321 6.84081336 -6.40655410 5.53747793 -4.73421741 3.91618755 -3.63514516 2.63909972 -3.12352765 
4.36586605 15.60921878 -11.43561645 9.38919067 -8.13979287 6.84080227 -6.40654265 5.53746646 -4.73420619 3.91617682 -3.63513512 2.63909051 -3.12351938 
4.35907874 15.60921353 -11.43560892 9.38918142 -8.13978243 6.84079107 -6.40653108 5.53745486 -4.73419486 3.91616599 -3.63512497 2.63908120 -3.12351102 
4.23905170 14.79813063 -10.30296429 8.03428596 -6.64520359 5.27370458 -4.82280552 3.98224447 -3.24318393 2.51625012 -2.34644293 1.47539102 -2.09352712 
4.22756533 14.90533499 -10.44910454 8.20509384 -6.82941681 5.46269572 -5.00980909 4.16216077 -3.41230126 2.67207534 -2.48733557 1.60047355 -2.20245526 
4.33169676 15.60919196 -11.43557799 9.38914348 -8.13973956 6.84074510 -6.40648361 5.53740729 -4.73414836 3.91612153 -3.63508335 2.63904301 -3.12347670 
4.21002083 14.77866808 -10.27655019 8.00354389 -6.61218475 5.23996268 -4.78954564 3.95036272 -3.21332172 2.48882726 -2.32172697 1.45351448 -2.07453052 
4.06808979 15.60583779 -11.43076729 9.38324269 -8.13307338 6.83359633 -6.39910253 5.53001020 -4.72691879 3.90921008 -3.62861242 2.63310662 -3.11814375 
4.18359181 14.87905087 -10.41317318 8.16298436 -6.78388428 5.41586578 -4.96336022 4.11736882 -3.37010433 2.63311324 -2.45203697 1.56907716 -2.17506490 
4.17313188 14.75337159 -10.24227219 7.96370928 -6.56946216 5.19636546 -4.74662919 3.90927809 -3.17488772 2.45357466 -2.28998991 1.42545325 -2.05018807 
4.02838031 15.60566981 -11.43052639 9.38294723 -8.13273963 6.83323845 -6.39873306 5.52963996 -4.72655696 3.90886420 -3.62828861 2.63280958 -3.11787692 
3.87857901 14.47801274 -9.87307735 7.53898895 -6.11838988 4.74035674 -4.30178814 3.48712296 -2.78326035 2.09719647 -1.97154852 1.14587233 -1.80928139 
3.85534434 14.70355512 -10.17494613 7.88566673 -6.48596617 5.11135997 -4.66314091 3.82952832 -3.10044009 2.38542565 -2.22875319 1.37140564 -2.00338281 
3.97142825 15.60541697 -11.43016380 9.38250254 -8.13223731 6.83269982 -6.39817698 5.52908273 -4.72601240 3.90834365 -3.62780128 2.63236253 -3.11747535 
3.81731604 14.42336267 -9.80065894 7.45661531 -6.03186262 4.65380471 -4.21822016 3.40860329 -2.71111576 2.03214200 -1.91392181 1.09569074 -1.76637896 
3.79330758 14.65743651 -10.11282775 7.81389352 -6.40941828 5.03366279 -4.58705278 3.75705174 -3.03296511 2.32381777 -2.17352897 1.32277654 -1.96136222 
3.77238609 14.38193100 -9.74594507 7.39458540 -5.96691404 4.58903804 -4.15587361 3.35019265 -2.65759723 1.98401056 -1.87139284 1.05874370 -1.73486259 
3.74779289 14.62237299 -10.06573490 7.75963057 -6.35169968 4.97522749 -4.52996940 3.70280795 -2.98258095 2.27791504 -2.13246787 1.28668979 -1.93023766 
3.86985676 15.60492881 -11.42946377 9.38164400 -8.13126754 6.83165999 -6.39710349 5.52800704 -4.72496118 3.90733879 -3.62686056 2.63149960 -3.11670020 
3.85241513 15.60483990 -11.42933627 9.38148764 -8.13109092 6.83147061 -6.39690798 5.52781113 -4.72476974 3.90715579 -3.62668924 2.63134245 -3.11655904 
3.83482004 15.60474863 -11.42920539 9.38132712 -8.13090962 6.83127621 -6.39670729 5.52761003 -4.72457321 3.90696794 -3.62651338 2.63118114 -3.11641413 
3.66986253 14.28298306 -9.61593317 7.24790129 -5.81404955 4.43728987 -4.01043495 3.21451199 -2.53378682 1.87309195 -1.77374344 0.97420215 -1.66298417 
3.64387799 14.53830045 -9.95329465 7.63059387 -6.21498314 4.83733406 -4.39575673 3.57572017 -2.86493527 2.17107693 -2.03718941 1.20319374 -1.85841990 
3.77198892 15.60440932 -11.42871883 9.38073041 -8.13023562 6.83055353 -6.39596124 5.52686247 -4.72384269 3.90626965 -3.62585968 2.63058150 -3.11587551 
3.75366856 15.60430631 -11.42857112 9.38054928 -8.13003102 6.83033417 -6.39573478 5.52663556 -4.72362095 3.90605769 -3.62566126 2.63039950 -3.11571203 
3.58191636 14.19306383 -9.49858650 7.11637159 -5.67784984 4.30291187 -3.88240868 3.09576158 -2.42602547 1.77705700 -1.68961730 0.90170839 -1.60162410 
3.55467197 14.46151163 -9.85118144 7.51405044 -6.09216055 4.71408786 -4.27639492 3.46323646 -2.76128906 2.07736381 -1.95396294 1.13054451 -1.79616534 
3.53134681 14.13918411 -9.42863757 7.03836076 -5.59746310 4.22397240 -3.80754300 3.02662632 -2.36355467 1.72160797 -1.64122937 0.86016025 -1.56657732 
3.31470622 15.59024165 -11.40841221 9.35583766 -8.10213047 6.80043049 -6.36487577 5.49572528 -4.69342519 3.87720369 -3.59865789 2.60563664 -3.09347470 
3.47191475 14.38630803 -9.75171762 7.40112146 -5.97374914 4.59584585 -4.16241942 3.35631835 -2.66320380 1.98904762 -1.87583926 1.06260299 -1.73815174 
3.44770202 14.04647561 -9.30891936 6.90552796 -5.46126702 4.09086917 -3.68189551 2.91111813 -2.25963348 1.62974490 -1.56137498 0.79184204 -1.50914922 
3.22085462 15.58831173 -11.40564747 9.35245017 -8.09830759 6.79633494 -6.36065113 5.49149531 -4.68929456 3.87325800 -3.59496650 2.60225259 -3.09043668 
3.18449299 15.58751465 -11.40450568 9.35105131 -8.09672907 6.79464395 -6.35890698 5.48974907 -4.68758943 3.87162932 -3.59344288 2.60085590 -3.08918287 
3.35226646 14.27055405 -9.59966756 7.22962064 -5.79507026 4.41851731 -3.99250612 3.19784296 -2.51862601 1.85955196 -1.76185840 0.96394100 -1.65428315 
3.32671998 13.90420971 -9.12677665 6.70509683 -5.25740986 3.89317740 -3.49667327 2.74207503 -2.10860807 1.49712059 -1.44680427 0.69439160 -1.42768746 
3.08416736 15.58516132 -11.40113501 9.34692214 -8.09206998 6.78965334 -6.35375986 5.48459620 -4.68255828 3.86682405 -3.58894787 2.59673562 -3.08548430 
3.26055761 14.17597915 -9.47637682 7.09157033 -5.65226126 4.27775380 -3.85852113 3.07367759 -2.40604867 1.75930744 -1.67411302 0.88838360 -1.59037459 
3.23394781 13.78832163 -8.97980804 6.54484603 -5.09586940 3.73786205 -3.35236272 2.61142886 -1.99279159 1.39615733 -1.36018588 0.62118956 -1.36687177 
2.97854261 15.58241924 -11.39720818 9.34211240 -8.08664377 6.78384184 -6.34776691 5.47859732 -4.67670179 3.86123115 -3.58371664 2.59194096 -3.08118079 
3.16447776 14.07122630 -9.34080179 6.94081847 -5.49736674 4.12606995 -3.71505206 2.94153465 -2.28694301 1.65383916 -1.58228131 0.80969756 -1.52413394 
3.13671536 13.66028689 -8.81889546 6.37091287 -4.92201977 3.57207014 -3.19953271 2.47412577 -1.87196850 1.29155632 -1.27102999 0.54629737 -1.30501081 
2.86702766 15.57919813 -11.39259623 9.33646450 -8.08027309 6.77701992 -6.34073309 5.47155757 -4.66983011 3.85466962 -3.57758018 2.58631729 -3.07613374 
2.82355283 15.57784372 -11.39065729 9.33409036 -8.07759547 6.77415300 -6.33777747 5.46859980 -4.66694328 3.85191336 -3.57500272 2.58395543 -3.07401423 
2.77911204 15.57639827 -11.38858820 9.33155708 -8.07473859 6.77109439 -6.33462446 5.46544472 -4.66386405 3.84897359 -3.57225383 2.58143661 -3.07175399 
2.73366141 15.57485346 -11.38637710 9.32885016 -8.07168618 6.76782670 -6.33125618 5.46207447 -4.66057508 3.84583379 -3.56931807 2.57874672 -3.06934037 
2.94372965 13.80739374 -9.00390874 6.57103413 -5.12217924 3.76307595 -3.37571622 2.63250646 -2.01142156 1.41235300 -1.37404406 0.63287271 -1.37655539 
2.91316848 13.33910764 -8.42196252 5.94873853 -4.50663453 3.18185858 -2.84503384 2.16009146 -1.59933510 1.05848280 -1.07470224 0.38315846 -1.17164574 
2.60715483 15.57017406 -11.37968074 9.32065379 -8.06244530 6.75793577 -6.32106246 5.45187638 -4.65062437 3.83633571 -3.56043840 2.57061173 -3.06204175 
2.55757314 15.56817658 -11.37682292 9.31715650 -8.05850309 6.75371703 -6.31671532 5.44752811 -4.64638226 3.83228716 -3.55665397 2.56714513 -3.05893194 
2.50673116 15.56602564 -11.37374594 9.31339150 -8.05425963 6.74917642 -6.31203703 5.44284908 -4.64181790 3.82793148 -3.55258281 2.56341619 -3.05558705 
2.74189915 13.53606083 -8.66423136 6.20524390 -4.75789003 3.41687229 -3.05764341 2.34766475 -1.76153759 1.19663703 -1.19067102 0.47921442 -1.24992980 
2.70859656 13.01037259 -8.02559586 5.53708454 -4.11090307 2.81828899 -2.52178215 1.87963693 -1.36067537 0.85820192 -0.90888674 0.24752060 -1.06241129 
2.66465106 13.42413318 -8.52610907 6.05855395 -4.61377134 3.28168367 -2.93500406 2.23917871 -1.66748559 1.11633956 -1.12311940 0.42314951 -1.20415033 
2.86457264 15.59619706 -11.41694588 9.36629603 -8.11393569 6.81308047 -6.37792712 5.50879569 -4.70619102 3.88940007 -3.61007009 2.61610029 -3.10286977 
2.83565799 15.59579422 -11.41636855 9.36558836 -8.11313676 6.81222424 -6.37704360 5.50791075 -4.70532660 3.88857410 -3.60929714 2.61539151 -3.10223331 
2.80631919 15.59537351 -11.41576560 9.36484932 -8.11230244 6.81133010 -6.37612097 5.50698667 -4.70442395 3.88771163 -3.60849004 2.61465142 -3.10156874 
2.53209623 12.69811242 -7.65832012 5.16466561 -3.76115895 2.50406027 -2.24836615 1.64730445 -1.16686940 0.69850721 -0.77888090 0.14275736 -0.97923544 
2.48359591 13.14330682 -8.18467619 5.70109718 -4.26744455 2.96111945 -2.64792395 1.98836820 -1.45262426 0.93491758 -0.97205846 0.29894385 -1.10363181 
2.44654128 12.53669873 -7.47197715 4.97908856 -3.58992570 2.35277918 -2.11885561 1.53896278 -1.07783689 0.62613437 -0.72068764 0.09636559 -0.94277750 
2.39565237 12.99717201 -8.00988790 5.52097768 -4.09561171 2.80440797 -2.50958348 1.86917202 -1.35186612 0.85088297 -0.90288330 0.24265060 -1.05852041 
2.35726240 12.36098594 -7.27183712 4.78233808 -3.41066406 2.19629438 -1.98642986 1.42940356 -0.98874992 0.55439827 -0.66349468 0.05109888 -0.90744525 
2.30374499 12.83737087 -7.82100631 5.32854794 -3.91407233 2.64059819 -2.36645847 1.74707084 -1.24962859 0.76635315 -0.83385541 0.18687532 -1.01412521 
2.26393108 12.16911948 -7.05651705 4.57366861 -3.22317498 2.03477278 -1.85146483 1.31909072 -0.90007954 0.48372289 -0.60765708 0.00723615 -0.87345080 
2.20750834 12.66204542 -7.61647566 5.12279380 -3.72234364 2.46961636 -2.21875377 1.62243152 -1.14635027 0.68176959 -0.76538032 0.13196570 -0.97073303 
2.16617514 11.95891542 -6.82446636 4.35231767 -3.02733808 1.86849888 -1.71445662 1.20859116 -0.81237515 0.41458438 -0.55356019 -0.03493046 -0.84100881 
2.10652556 12.46899200 -7.39452372 4.90262992 -3.51998130 2.29148821 -2.06679743 1.49574256 -1.04257568 0.59765671 -0.69792323 0.07830822 -0.92865366 
2.36129384 15.58723918 -11.40411111 9.35056792 -8.09618361 6.79405965 -6.35830431 5.48914570 -4.68700029 3.87106660 -3.59291647 2.60037336 -3.08874970 
2.02106576 11.62879929 -6.46814043 4.01967912 -2.73915810 1.62859584 -1.52046457 1.05490482 -0.69243386 0.32138552 -0.48153503 -0.09054507 -0.79859755 
1.95625227 12.16382150 -7.05061904 4.56799697 -3.21811754 2.03044699 -1.84787518 1.31617611 -0.89775146 0.48187751 -0.60620625 0.00610098 -0.87257431 
2.22771105 15.58401428 -11.39949230 9.34490997 -8.08979981 6.78722187 -6.35125237 5.48208613 -4.68010769 3.86448368 -3.58675877 2.59472915 -3.08368331 
1.86507534 11.24874173 -6.07012469 3.65874965 -2.43517673 1.38212074 -1.32609495 0.90452719 -0.57766171 0.23383435 -0.41490772 -0.14144454 -0.76017259 
1.79416533 11.80956748 -6.66203655 4.19958598 -2.89409062 1.75684811 -1.62361236 1.13620007 -0.75556858 0.37023962 -0.51915596 -0.06157225 -0.82063716 
2.08456443 15.58005421 -11.39382187 9.33796533 -8.08196587 6.77883248 -6.34260184 5.47342778 -4.67165557 3.85641260 -3.57921016 2.58781100 -3.07747423 
2.39392668 12.88211432 -7.87365526 5.38195357 -3.96424194 2.68568464 -2.40569704 1.78041876 -1.27744991 0.78927935 -0.85252002 0.20191583 -1.02606624 
2.37094569 12.50153618 -7.43170045 4.93927937 -3.55346380 2.32079136 -2.09165617 1.51635696 -1.05937524 0.61121088 -0.70874846 0.08688860 -0.93536014 
2.33927033 12.78478793 -7.75936796 5.26625294 -3.85576139 2.58837397 -2.32115762 1.70869271 -1.21770774 0.74012121 -0.81255335 0.16974736 -1.00055541 
2.58513389 15.60541697 -11.43016380 9.38250254 -8.13223731 6.83269982 -6.39817698 5.52908273 -4.72601240 3.90834365 -3.62780128 2.63236253 -3.11747535 
2.56855949 15.60534065 -11.43005435 9.38236830 -8.13208568 6.83253724 -6.39800914 5.52891454 -4.72584804 3.90818653 -3.62765419 2.63222761 -3.11735414 
2.55184660 15.60526240 -11.42994214 9.38223069 -8.13193024 6.83237056 -6.39783706 5.52874211 -4.72567953 3.90802545 -3.62750339 2.63208928 -3.11722989 
2.25910382 12.27828050 -7.17861018 4.69160618 -3.32880446 2.12549767 -1.92705248 1.38069930 -0.94946924 0.52299689 -0.63862116 0.03151822 -0.89223957 
2.22537129 12.57335405 -7.51408419 5.02082192 -3.62825313 2.38648974 -2.14759063 1.56290135 -1.09743108 0.64200530 -0.73340788 0.10647812 -0.95070382 
2.20081762 12.15713943 -7.04318386 4.56085051 -3.21174793 2.02500124 -1.84335803 1.31250987 -0.89482411 0.47955789 -0.60438308 0.00467482 -0.87147339 
1.76330708 15.56885872 -11.37779882 9.31835073 -8.05984920 6.75515751 -6.31819959 5.44901271 -4.64783057 3.83366935 -3.55794595 2.56832858 -3.05999356 
1.71289225 15.56676062 -11.37479730 9.31467789 -8.05570945 6.75072769 -6.31363528 5.44444753 -4.64337712 3.82941937 -3.55397347 2.56468991 -3.05672956 
1.66117388 15.56449859 -11.37156170 9.31071916 -8.05124801 6.74595422 -6.30871745 5.43952928 -4.63857975 3.82484162 -3.54969501 2.56077133 -3.05321475 
1.18985003 9.26643191 -4.20456588 2.12716066 -1.26112618 0.50657134 -0.68649670 0.44286288 -0.24690219 -0.00746873 -0.23706854 -0.27588064 -0.66001329 
1.08436393 9.91411665 -4.77541582 2.56639847 -1.57661017 0.72816652 -0.83946052 0.54761089 -0.31832172 0.04308709 -0.27366288 -0.24803802 -0.68074240 
1.46884243 15.55501601 -11.35800304 9.29413612 -8.03256553 6.72597156 -6.28813681 5.41895296 -4.61851474 3.80570023 -3.53180951 2.54439403 -3.03852820 
1.41031421 15.55176227 -11.35335259 9.28845055 -8.02616252 6.71912533 -6.28108808 5.41190795 -4.61164689 3.79915039 -3.52569106 2.53879293 -3.03350655 
1.84007364 11.76636007 -6.61542193 4.15609368 -2.85643325 1.72551817 -1.59829400 1.11615496 -0.73993489 0.35809890 -0.50977860 -0.06880971 -0.81512035 
2.48022273 12.92309085 -7.92203328 5.43118544 -4.01063656 2.72750393 -2.44219794 1.81152674 -1.30347194 0.81077509 -0.87005913 0.21607716 -1.03733020 
2.72585175 15.60999040 -11.43672330 9.39054849 -8.14132701 6.84244765 -6.40824168 5.53916935 -4.73587069 3.91776822 -3.63662521 2.64045763 -3.12474762 
2.97993828 13.60527638 -8.75022882 6.29717700 -4.84879165 3.50266613 -3.13593747 2.41732243 -1.82226202 1.24874868 -1.23472283 0.51593767 -1.28004294 
3.18849146 15.60748721 -11.43313283 9.38614411 -8.13635098 6.83711104 -6.40273130 5.53364669 -4.73047278 3.91260756 -3.63179324 2.63602458 -3.12076502 
3.40220017 14.05996298 -9.32628588 6.92474327 -5.48091534 4.11002109 -3.69992871 2.92765530 -2.27447640 1.64283614 -1.57273068 0.80153791 -1.51728400 
3.41705753 14.27047432 -9.59956327 7.22950347 -5.79494866 4.41839709 -3.99239135 3.19773630 -2.51852903 1.85946537 -1.76178243 0.96387543 -1.65422756 
3.03892134 13.76569009 -8.95125354 6.51386458 -5.06478910 3.70811793 -3.32485055 2.58663039 -1.97090046 1.37714918 -1.34393927 0.60750702 -1.35554217 
2.80133240 15.60999040 -11.43672330 9.39054849 -8.14132701 6.84244765 -6.40824168 5.53916935 -4.73587069 3.91776822 -3.63662521 2.64045763 -3.12474762 
2.80133240 15.60999040 -11.43672330 9.39054849 -8.14132701 6.84244765 -6.40824168 5.53916935 -4.73587069 3.91776822 -3.63662521 2.64045763 -3.12474762 
2.55743699 12.95126800 -7.95538967 5.46521881 -4.04278994 2.75655653 -2.46761505 1.83323729 -1.32167209 0.82583906 -0.88237250 0.22603497 -1.04526266 
2.22434592 15.60343414 -11.42732050 9.37901560 -8.12829878 6.82847688 -6.39381751 5.52471447 -4.72174369 3.90426332 -3.62398152 2.62885873 -3.11432806 
2.20447869 15.60330286 -11.42713226 9.37878477 -8.12803807 6.82819736 -6.39352897 5.52442537 -4.72146118 3.90399330 -3.62372875 2.62862688 -3.11411981 
2.18441214 15.60316760 -11.42693833 9.37854695 -8.12776946 6.82790938 -6.39323169 5.52412751 -4.72117013 3.90371510 -3.62346833 2.62838801 -3.11390526 
2.49737265 12.95273845 -7.95713242 5.46699890 -4.04447352 2.75807933 -2.46894863 1.83437749 -1.32262881 0.82663158 -0.88302081 0.22655962 -1.04568087 
2.74117749 15.60999040 -11.43672330 9.39054849 -8.14132701 6.84244765 -6.40824168 5.53916935 -4.73587069 3.91776822 -3.63662521 2.64045763 -3.12474762 
2.74117749 15.60999040 -11.43672330 9.39054849 -8.14132701 6.84244765 -6.40824168 5.53916935 -4.73587069 3.91776822 -3.63662521 2.64045763 -3.12474762 
2.74117749 15.60999040 -11.43672330 9.39054849 -8.14132701 6.84244765 -6.40824168 5.53916935 -4.73587069 3.91776822 -3.63662521 2.64045763 -3.12474762 
2.74117749 15.60999040 -11.43672330 9.39054849 -8.14132701 6.84244765 -6.40824168 5.53916935 -4.73587069 3.91776822 -3.63662521 2.64045763 -3.12474762 
2.49004619 12.83324121 -7.81615628 5.32363727 -3.90946752 2.63646704 -2.36286911 1.74402519 -1.24709157 0.76426542 -0.83215792 0.18550896 -1.01304158 
2.48022273 12.92309085 -7.92203328 5.43118544 -4.01063656 2.72750393 -2.44219794 1.81152674 -1.30347194 0.81077509 -0.87005913 0.21607716 -1.03733020 
2.47284527 12.80247666 -7.78007455 5.28715249 -3.87529909 2.60585073 -2.33629947 1.72150596 -1.22835344 0.74886093 -0.81964413 0.17544418 -1.00506537 
2.46292750 12.89293329 -7.88641342 5.39492218 -3.97644962 2.69667679 -2.41528145 1.78857906 -1.28426962 0.79490798 -0.85710899 0.20561845 -1.02900936 
2.45549839 12.77118478 -7.74346354 5.25021930 -3.84078986 2.57499645 -2.30957967 1.69890530 -1.20958396 0.73345780 -0.80715151 0.16541052 -0.99712439 
2.44548452 12.86225342 -7.85026251 5.35820238 -3.94190952 2.66559747 -2.38820056 1.76553690 -1.26502477 0.77903319 -0.84417309 0.19518582 -1.02072026 
2.43800310 12.73935279 -7.70631287 5.21283124 -3.80593708 2.54390418 -2.28271149 1.67622600 -1.19078628 0.71805907 -0.79468279 0.15541026 -0.98922048 
2.42789130 12.83103848 -7.81356994 5.32101922 -3.90701310 2.63426558 -2.36095677 1.74240287 -1.24574045 0.76315377 -0.83125421 0.18478164 -1.01246484 
2.67915702 15.60999040 -11.43672330 9.39054849 -8.14132701 6.84244765 -6.40824168 5.53916935 -4.73587069 3.91776822 -3.63662521 2.64045763 -3.12474762 
2.67915702 15.60999040 -11.43672330 9.39054849 -8.14132701 6.84244765 -6.40824168 5.53916935 -4.73587069 3.91776822 -3.63662521 2.64045763 -3.12474762 
2.67915702 15.60999040 -11.43672330 9.39054849 -8.14132701 6.84244765 -6.40824168 5.53916935 -4.73587069 3.91776822 -3.63662521 2.64045763 -3.12474762 
2.42035691 12.70696751 -7.66861192 5.17498176 -3.77073803 2.51257404 -2.25569688 1.65347095 -1.17196365 0.70266789 -0.78224077 0.14544573 -0.98135551 
2.41014531 12.79927529 -7.77632486 5.28336579 -3.87175724 2.60268088 -2.33355176 1.71917971 -1.22641984 0.74727287 -0.81835521 0.17440831 -1.00424505 
2.40255726 12.67401535 -7.63034979 5.13666425 -3.73519006 2.48100627 -2.22853792 1.63064321 -1.15311944 0.68728749 -0.76982831 0.13551929 -0.97353137 
2.03800934 15.60209460 -11.42539986 9.37666042 -8.12563884 6.82562512 -6.39087380 5.52176507 -4.71886172 3.90150875 -3.62140303 2.62649367 -3.11220379 
2.37418444 12.73404935 -7.70013234 5.20661998 -3.80015497 2.53875270 -2.27826551 1.67247772 -1.18768314 0.71551971 -0.79262859 0.15376411 -0.98792044 
2.36648699 12.60635373 -7.55209713 5.05859831 -3.66303710 2.41715952 -2.17379614 1.58478269 -1.11538052 0.65657251 -0.74510384 0.11579037 -0.95801326 
1.99413321 15.60174138 -11.42489344 9.37603945 -8.12493754 6.82487329 -6.39009776 5.52098757 -4.71810202 3.90078266 -3.62072338 2.62587030 -3.11164390 
1.97182884 15.60155582 -11.42462740 9.37571325 -8.12456915 6.82447835 -6.38969012 5.52057916 -4.71770297 3.90040127 -3.62036638 2.62554287 -3.11134981 
2.31902970 12.63174379 -7.58141231 5.08779626 -3.68998087 2.44096569 -2.19417777 1.60183381 -1.12939330 0.66796355 -0.75426324 0.12309229 -0.96375163 
2.31116277 12.50024318 -7.43022156 4.93781969 -3.55212869 2.31962159 -2.09066276 1.51553231 -1.05870254 0.61066767 -0.70831427 0.08654422 -0.93509081 
1.92645974 15.60116543 -11.42406771 9.37502699 -8.12379415 6.82364753 -6.38883257 5.51972001 -4.71686352 3.89959897 -3.61961542 2.62485410 -3.11073120 
2.28141718 12.56038142 -7.49916810 5.00602476 -3.61465154 2.37451652 -2.13737634 1.55438542 -1.09045547 0.63635144 -0.72887371 0.10287165 -0.94787567 
2.27343354 12.42623723 -7.34583013 4.85476632 -3.47637757 2.25342969 -2.03459473 1.46910427 -1.02091823 0.58021984 -0.68402329 0.06730819 -0.92006883 
1.88003755 15.60074733 -11.42346830 9.37429205 -8.12296419 6.82275780 -6.38791424 5.51879999 -4.71596461 3.89873987 -3.61881129 2.62411659 -3.11006882 
1.85641606 15.60052706 -11.42315252 9.37390487 -8.12252697 6.82228910 -6.38743048 5.51831534 -4.71549110 3.89828732 -3.61838771 2.62372811 -3.10971991 
1.83251224 15.60029883 -11.42282533 9.37350371 -8.12207396 6.82180348 -6.38692927 5.51781322 -4.71500051 3.89781847 -3.61794887 2.62332563 -3.10935844 
1.80831928 15.60006225 -11.42248617 9.37308789 -8.12160440 6.82130013 -6.38640976 5.51729277 -4.71449202 3.89733252 -3.61749403 2.62290848 -3.10898379 
1.78383010 15.59981691 -11.42213447 9.37265669 -8.12111747 6.82077817 -6.38587105 5.51675310 -4.71396476 3.89682862 -3.61702240 2.62247594 -3.10859533 
1.75903735 15.59956237 -11.42176958 9.37220933 -8.12061232 6.82023668 -6.38531218 5.51619324 -4.71341778 3.89630589 -3.61653315 2.62202723 -3.10819235 
1.73393340 15.59929817 -11.42139085 9.37174501 -8.12008801 6.81967466 -6.38473215 5.51561218 -4.71285009 3.89576338 -3.61602539 2.62156156 -3.10777414 
1.30388592 9.82592384 -4.69548306 2.50326441 -1.53011545 0.69479612 -0.81597592 0.53125335 -0.30699520 0.03501203 -0.26780170 -0.25246763 -0.67745287 
0.52915957 15.47287770 -11.24090546 9.15131898 -7.87209640 6.55476882 -6.11223674 5.24349466 -4.44779083 3.64317059 -3.38023850 2.40585698 -2.91450659 
0.43470656 15.45990219 -11.22246463 9.12889354 -7.84696971 6.52803273 -6.08483701 5.21623018 -4.42132344 3.61802856 -3.35684000 2.38451195 -2.89543293 
0.33557367 15.44502379 -11.20133868 9.10322494 -7.81823293 6.49747931 -6.05354868 5.18511862 -4.39114204 3.58937696 -3.33019150 2.36021602 -2.87373406 
0.07649833 -14.27444836 -8.56565845 -6.14790693 -4.64140223 -3.65087888 -2.83721461 -1.84354295 -1.66216906 -1.37428566 -1.09358792 -1.10445638 -1.10752944 
-0.05320095 14.80302439 -10.30961165 8.04202881 -6.65352646 5.28221615 -4.83120166 3.99029839 -3.25073281 2.52318682 -2.35269873 1.48093134 -2.09834072 
0.17927950 14.94465960 -10.50298526 8.26837656 -6.89798795 5.53336326 -5.08003838 4.23001221 -3.47633710 2.73130331 -2.54108161 1.64835122 -2.24428480 
1.79694062 6.12592340 -1.96489874 0.69701833 -0.39444300 -0.02900272 -0.35345366 0.23286530 -0.11482900 -0.10165785 -0.16755122 -0.33455080 -0.61496114 
2.72832731 12.66422473 -7.61900068 5.12531721 -3.72467990 2.47168701 -2.22053191 1.62392341 -1.14757970 0.68277149 -0.76618775 0.13261064 -0.97124079 
