10.41033010 0.48582505 -0.12547086 -0.00930899 -0.12548862 -0.18847201 -0.26262442 0.17481057 -0.09188230 -0.13413581 -0.14697460 -0.36777300 -0.58993902 
4.65917717 15.01045907 -10.59346894 8.37501925 -7.01393139 5.65323671 -5.19953926 4.34581310 -3.58594040 2.83295388 -2.63356239 1.73093515 -2.31660377 
4.67304078 15.15551014 -10.79438512 8.61345967 -7.27490523 5.92478926 -5.47192484 4.61133892 -3.83869252 3.06863660 -2.84908659 1.92432745 -2.48673802 
4.58695613 15.60751747 -11.43317623 9.38619734 -8.13641111 6.83717553 -6.40279788 5.53371341 -4.73053799 3.91266990 -3.63185161 2.63607813 -3.12081312 
4.59905283 15.60754718 -11.43321884 9.38624961 -8.13647016 6.83723885 -6.40286326 5.53377893 -4.73060203 3.91273112 -3.63190893 2.63613072 -3.12086036 
4.61107681 15.60757636 -11.43326069 9.38630094 -8.13652815 6.83730104 -6.40292747 5.53384328 -4.73066493 3.91279125 -3.63196522 2.63618236 -3.12090676 
4.52357412 15.06199531 -10.66462554 8.45920733 -7.10580327 5.74856187 -5.29489535 4.43852290 -3.67396710 2.91483896 -2.70827317 1.79782999 -2.37533336 
4.53341219 14.97458064 -10.54408001 8.31675287 -6.95052313 5.58761953 -5.13406866 4.28231611 -3.52579316 2.77712822 -2.58273589 1.68551688 -2.27680507 
4.64082424 15.60764706 -11.43336209 9.38642532 -8.13666867 6.83745173 -6.40308306 5.53399921 -4.73081732 3.91293694 -3.63210162 2.63630750 -3.12101917 
4.55460525 15.07650642 -10.68470662 8.48301739 -7.13184065 5.77563184 -5.32202617 4.46494954 -3.69910325 2.93826056 -2.72967665 1.81702299 -2.39220759 
4.56428535 14.99101203 -10.56668369 8.34340239 -6.97950646 5.61759474 -5.16395979 4.31129019 -3.55322421 2.80257558 -2.60589343 1.70620105 -2.29492227 
4.76724283 15.06359258 -10.66683494 8.46182590 -7.10866563 5.75153658 -5.29787563 4.44142478 -3.67672631 2.91740912 -2.71062115 1.79993487 -2.37718342 
4.78041580 15.19678432 -10.85191966 8.68215326 -7.35052892 6.00391655 -5.55171989 4.68952417 -3.91348229 3.13869959 -2.91343876 1.98231037 -2.53794793 
4.69902378 15.60777945 -11.43355198 9.38665824 -8.13693181 6.83773392 -6.40337442 5.53429121 -4.73110271 3.91320977 -3.63235707 2.63654184 -3.12122970 
4.80563265 15.08144893 -10.69155083 8.49113769 -7.14072601 5.78487499 -5.33129532 4.47398301 -3.70770007 2.94627491 -2.73700386 1.82359637 -2.39798923 
4.90506164 15.60594440 -11.43092018 9.38343020 -8.13328519 6.83382346 -6.39933702 5.53024518 -4.72714843 3.90942960 -3.62881794 2.63329514 -3.11831310 
4.83469928 15.21634108 -10.87923718 8.71483305 -7.38657347 6.04169896 -5.58988714 4.72698359 -3.94937185 3.17237143 -2.94441004 2.01025364 -2.56265847 
4.84862495 15.10083447 -10.71841755 8.52303898 -7.17565960 5.82124188 -5.36779025 4.50957414 -3.74159279 2.97789077 -2.76592588 1.84955707 -2.42083497 
4.94603558 15.60610663 -11.43115283 9.38371555 -8.13360753 6.83416910 -6.39969386 5.53060277 -4.72749790 3.90976367 -3.62913069 2.63358205 -3.11857083 
4.87709128 15.23102830 -10.89977652 8.73943117 -7.41373294 6.07019666 -5.61870308 4.75529146 -3.97651755 3.19786118 -2.96787413 2.03143958 -2.58140676 
4.79969662 15.60799107 -11.43385549 9.38703053 -8.13735239 6.83818497 -6.40384013 5.53475794 -4.73155888 3.91364587 -3.63276538 2.63691643 -3.12156622 
4.81057599 15.60801269 -11.43388650 9.38706857 -8.13739537 6.83823105 -6.40388772 5.53480562 -4.73160548 3.91369043 -3.63280710 2.63695470 -3.12160060 
4.82139650 15.60803396 -11.43391701 9.38710599 -8.13743765 6.83827639 -6.40393453 5.53485254 -4.73165134 3.91373427 -3.63284815 2.63699236 -3.12163443 
4.83215878 15.60805489 -11.43394703 9.38714282 -8.13747925 6.83832101 -6.40398060 5.53489871 -4.73169646 3.91377741 -3.63288853 2.63702941 -3.12166772 
4.75376207 15.16182623 -10.80317906 8.62394738 -7.28643842 5.93684424 -5.48406939 4.62322703 -3.85005389 3.07927065 -2.85884580 1.93311392 -2.49449241 
4.56805358 15.05325088 -10.65253429 8.44488166 -7.09014899 5.73229817 -5.27860612 4.42266677 -3.65889466 2.90080291 -2.69545371 1.78634054 -2.36523704 
4.57126311 15.02495411 -10.61345693 8.39863907 -7.03967673 5.67991973 -5.22620199 4.37170884 -3.61050343 2.85578146 -2.65437120 1.74955122 -2.33293435 
4.57416108 15.05617434 -10.65657586 8.44966918 -7.09537956 5.73773141 -5.28404697 4.42796209 -3.66392747 2.90548897 -2.69973300 1.79017535 -2.36860645 
4.57736039 15.02800200 -10.61766236 8.40361149 -7.04509963 5.68554313 -5.23182399 4.37717181 -3.61568770 2.86060161 -2.65876695 1.75348533 -2.33638678 
4.58025003 15.05907551 -10.66058742 8.45442207 -7.10057325 5.74312729 -5.28945132 4.43322275 -3.66892812 2.91014577 -2.70398617 1.79398726 -2.37195614 
4.47678922 15.60999040 -11.43672330 9.39054849 -8.14132701 6.84244765 -6.40824168 5.53916935 -4.73587069 3.91776822 -3.63662521 2.64045763 -3.12474762 
4.47678922 15.60999040 -11.43672330 9.39054849 -8.14132701 6.84244765 -6.40824168 5.53916935 -4.73587069 3.91776822 -3.63662521 2.64045763 -3.12474762 
4.58343917 15.03102685 -10.62183687 8.40854834 -7.05048476 5.69112840 -5.23740887 4.38259963 -3.62083946 2.86539227 -2.66313644 1.75739649 -2.33981953 
4.58632053 15.06195463 -10.66456928 8.45914065 -7.10573038 5.74848612 -5.29481947 4.43844902 -3.67389685 2.91477352 -2.70821340 1.79777641 -2.37528626 
4.48318923 15.60999040 -11.43672330 9.39054849 -8.14132701 6.84244765 -6.40824168 5.53916935 -4.73587069 3.91776822 -3.63662521 2.64045763 -3.12474762 
4.48318923 15.60999040 -11.43672330 9.39054849 -8.14132701 6.84244765 -6.40824168 5.53916935 -4.73587069 3.91776822 -3.63662521 2.64045763 -3.12474762 
4.37691102 14.92025790 -10.46953390 8.22906865 -6.85537481 5.48942725 -5.03635558 4.18779052 -3.43647350 2.69441848 -2.50759846 1.61851372 -2.21820796 
4.37335725 14.95272117 -10.51404898 8.28139125 -6.91211163 5.54793988 -5.09454491 4.24404648 -3.48959931 2.74358483 -2.55223936 1.65830158 -2.25298725 
4.37017184 14.91635520 -10.46418909 8.22279398 -6.84857870 5.48242625 -5.02940077 4.18107377 -3.43013680 2.68855960 -2.50228362 1.61378068 -2.21407406 
4.24722699 15.60912161 -11.43547707 9.38901969 -8.13959970 6.84059509 -6.40632872 5.53725205 -4.73399662 3.91597646 -3.63494751 2.63891839 -3.12336474 
4.24002412 15.60911533 -11.43546807 9.38900864 -8.13958722 6.84058171 -6.40631489 5.53723819 -4.73398308 3.91596351 -3.63493539 2.63890727 -3.12335475 
4.23279522 15.60910898 -11.43545896 9.38899747 -8.13957460 6.84056817 -6.40630092 5.53722419 -4.73396939 3.91595043 -3.63492314 2.63889602 -3.12334465 
4.22554010 15.60910257 -11.43544976 9.38898618 -8.13956184 6.84055449 -6.40628679 5.53721003 -4.73395555 3.91593720 -3.63491075 2.63888466 -3.12333444 
4.21825856 15.60909608 -11.43544045 9.38897477 -8.13954895 6.84054066 -6.40627251 5.53719572 -4.73394156 3.91592382 -3.63489822 2.63887317 -3.12332412 
4.08950934 14.69362676 -10.16155629 7.87017684 -6.46942625 5.09455262 -4.64666352 3.81381638 -3.08579750 2.37204334 -2.21674651 1.36082371 -1.99423139 
4.07707745 14.81189889 -10.32167198 8.05608317 -6.66864037 5.29767937 -4.84646147 4.00494210 -3.26446351 2.53580862 -2.36408552 1.49101909 -2.10710799 
4.06608582 14.67628073 -10.13818513 7.84316507 -6.44060915 5.06529470 -4.61800379 3.78650990 -3.06036910 2.34882053 -2.19592534 1.34248524 -1.97838187 
4.05349859 14.79634708 -10.30054220 8.03146534 -6.64217234 5.27060524 -4.81974883 3.97931293 -3.24043673 2.51372616 -2.34416709 1.47337580 -2.09177649 
4.04238600 14.65845251 -10.11419405 7.81546977 -6.41109691 5.03536419 -4.58871665 3.75863453 -3.03443678 2.32515985 -2.17473059 1.32383351 -1.96227461 
3.88714762 15.60501544 -11.42958800 9.38179636 -8.13143964 6.83184452 -6.39729398 5.52819792 -4.72514772 3.90751710 -3.62702749 2.63165273 -3.11683775 
4.01357453 14.76943123 -10.26402675 7.98898250 -6.59655952 5.22400958 -4.77383403 3.93531472 -3.19923824 2.47590405 -2.31008782 1.44321948 -2.06559661 
4.00225438 14.62761826 -10.07277226 7.76773119 -6.36030772 4.98393419 -4.53846689 3.71087561 -2.99006819 2.28473083 -2.13856009 1.29204009 -1.93484908 
3.84363693 15.60479456 -11.42927126 9.38140791 -8.13100087 6.83137405 -6.39680830 5.52771124 -4.72467212 3.90706248 -3.62660189 2.63126232 -3.11648706 
3.82596412 15.60470208 -11.42913864 9.38124526 -8.13081715 6.83117706 -6.39660494 5.52750747 -4.72447299 3.90687213 -3.62642370 2.63109887 -3.11634024 
3.95631283 14.72952150 -10.21000981 7.92627893 -6.52938236 5.15552794 -4.70648907 3.87090637 -3.13904108 2.42073820 -2.26046473 1.39937823 -2.02759384 
3.94468887 14.58194668 -10.01158427 7.69739495 -6.28566513 4.90853254 -4.46496803 3.64117795 -2.92545911 2.22597988 -2.08610046 1.24601377 -1.89521592 
3.93126336 14.71156977 -10.18576187 7.89818639 -6.49934236 5.12496010 -4.67648132 3.84225571 -3.11230727 2.39627664 -2.23849319 1.37999355 -2.01081282 
3.91950422 14.56142129 -9.98415006 7.66593003 -6.25234675 4.87494606 -4.43229576 3.61025637 -2.89684939 2.20001094 -2.06295194 1.22573667 -1.87778216 
3.90589757 14.69308043 -10.16081976 7.86932510 -6.46851708 5.09362907 -4.64575838 3.81295355 -3.08499364 2.37130887 -2.21608772 1.36024324 -1.99372951 
4.02703091 15.60890768 -11.43517022 9.38864326 -8.13917441 6.84013898 -6.40585775 5.53678002 -4.73353525 3.91553536 -3.63453451 2.63853948 -3.12302433 
3.88542636 14.53311147 -9.94637677 7.62267904 -6.20662205 4.82892498 -4.38759469 3.56801204 -2.85781815 2.16462937 -2.03145279 1.19817749 -1.85411426 
3.71651659 15.60409157 -11.42826319 9.38017165 -8.12960449 6.82987684 -6.39526268 5.52616251 -4.72315868 3.90561583 -3.62524762 2.63002007 -3.11537121 
3.85418453 14.65440192 -10.10874746 7.80918688 -6.40440664 5.02858379 -4.58208643 3.75232798 -3.02857348 2.31981331 -2.16994396 1.31962341 -1.95864067 
3.84200058 14.49612856 -9.89714560 7.56643422 -6.14728902 4.76933158 -4.32982723 3.51352578 -2.80757050 2.11916116 -1.99104210 1.16287759 -1.82384462 
3.66908461 15.60380560 -11.42785313 9.37966878 -8.12903651 6.82926786 -6.39463402 5.52553260 -4.72254314 3.90502747 -3.62469684 2.62951486 -3.11491742 
3.64979230 15.60368536 -11.42768073 9.37945735 -8.12879771 6.82901183 -6.39436972 5.52526778 -4.72228436 3.90478011 -3.62446529 2.62930247 -3.11472664 
3.79212104 14.60620070 -10.04405367 7.73469168 -6.32521733 4.94845977 -4.50386201 3.67803689 -2.95960603 2.25701259 -2.11379471 1.27029910 -1.91611754 
3.77958518 14.44115650 -9.82420702 7.48336655 -6.05992813 4.68184496 -4.24526252 3.43398374 -2.73441051 2.05312605 -1.93249199 1.11184702 -1.78017966 
3.60073133 15.60336898 -11.42722708 9.37890104 -8.12816939 6.82833816 -6.39367431 5.52457099 -4.72160348 3.90412931 -3.62385607 2.62874366 -3.11422471 
3.74658660 14.56957115 -9.99503837 7.67841282 -6.26555943 4.88825981 -4.44524217 3.62250455 -2.90817781 2.21029024 -2.07211190 1.23375799 -1.88467670 
3.73378687 14.39942746 -9.76903075 7.42073637 -5.99427349 4.61629978 -4.18209700 3.37474274 -2.68007543 2.00421274 -1.88923227 1.07423253 -1.74806731 
3.55043658 15.60302820 -11.42673845 9.37830184 -8.12749264 6.82761259 -6.39292532 5.52382054 -4.72087017 3.90342841 -3.62319996 2.62814185 -3.11368416 
3.69999698 14.53095882 -9.94350764 7.61939727 -6.20315608 4.82543993 -4.38421278 3.56481891 -2.85487047 2.16195955 -2.02907780 1.19610111 -1.85233233 
3.68692223 14.35548032 -9.71109975 7.35517317 -5.92574126 4.54807042 -4.11652051 3.31339961 -2.62395243 1.95380909 -1.84475426 1.03564012 -1.71518641 
3.67151615 14.50677981 -9.91131111 7.58260322 -6.16433086 4.78643378 -4.34639188 3.52913721 -2.82195653 2.13216943 -2.00259551 1.17296332 -1.83248779 
3.65827076 14.32798108 -9.67494323 7.31435406 -5.88317602 4.50579107 -4.07597599 3.27555462 -2.58940022 1.92283931 -1.81747666 1.01201378 -1.69509059 
3.46723792 15.60242563 -11.42587448 9.37724240 -8.12629610 6.82632977 -6.39160115 5.52249381 -4.71957378 3.90218932 -3.62204008 2.62707798 -3.11272860 
3.62313322 14.46468716 -9.85539315 7.51884521 -6.09720126 4.71913400 -4.28127083 3.46782122 -2.76550459 2.08116762 -1.95733460 1.13348233 -1.79867845 
3.60959348 14.28014428 -9.61221683 7.24372316 -5.80971034 4.43299658 -4.00633339 3.21069751 -2.53031650 1.86999181 -1.77102154 0.97185159 -1.66099054 
3.41342458 15.60200845 -11.42527634 9.37650897 -8.12546779 6.82544175 -6.39068452 5.52157543 -4.71867642 3.90133165 -3.62123725 2.62634162 -3.11206722 
3.39148717 15.60183187 -11.42502318 9.37619854 -8.12511721 6.82506590 -6.39029657 5.52118675 -4.71829664 3.90096867 -3.62089749 2.62602999 -3.11178733 
3.36930648 15.60164937 -11.42476153 9.37587771 -8.12475488 6.82467746 -6.38989564 5.52078506 -4.71790416 3.90059355 -3.62054636 2.62570794 -3.11149807 
3.34687705 15.60146068 -11.42449101 9.37554601 -8.12438029 6.82427588 -6.38948113 5.52036978 -4.71749839 3.90020574 -3.62018336 2.62537501 -3.11119905 
3.32419322 15.60126553 -11.42421122 9.37520295 -8.12399286 6.82386055 -6.38905244 5.51994029 -4.71707875 3.89980467 -3.61980795 2.62503069 -3.11088980 
3.30124918 15.60106360 -11.42392172 9.37484800 -8.12359201 6.82343083 -6.38860890 5.51949593 -4.71664458 3.89938973 -3.61941956 2.62467447 -3.11056986 
3.27803886 15.60085459 -11.42362208 9.37448060 -8.12317712 6.82298606 -6.38814983 5.51903601 -4.71619522 3.89896026 -3.61901758 2.62430579 -3.11023874 
3.06059901 13.55520953 -8.68797819 6.23058377 -4.78290123 3.44043798 -3.07911358 2.36673609 -1.77813754 1.21086206 -1.20267971 0.48921288 -1.25811882 
3.02442352 13.90769055 -9.13121050 6.70995190 -5.26232423 3.89792114 -3.50109784 2.74609554 -2.11218495 1.50024921 -1.44949687 0.69667383 -1.42958885 
2.99490979 13.46100607 -8.57148278 6.10661051 -4.66085941 3.32574067 -2.97487174 2.27436033 -1.69791541 1.14226288 -1.14488354 0.44117917 -1.21884613 
2.95740429 13.82471087 -9.02582123 6.59487541 -5.14616171 3.78608740 -3.39705495 2.65178765 -2.02848250 1.42719997 -1.38676058 0.64360308 -1.38545699 
2.92702259 13.36013840 -8.44766035 5.97577170 -4.53294795 3.20632237 -2.86703556 2.17939196 -1.61593362 1.07254824 -1.08645258 0.39284864 -1.17951008 
2.62341267 15.57080828 -11.38058822 9.32176441 -8.06369730 6.75927570 -6.32244326 5.45325764 -4.65197199 3.83762191 -3.56164076 2.57171316 -3.06302987 
2.84532814 13.67883947 -8.84211730 6.39591510 -4.94691400 3.59572284 -3.22125791 2.49357586 -1.88902662 1.30627765 -1.28354038 0.55677738 -1.31364453 
2.81345193 13.18318087 -8.23271099 5.75093944 -4.31531434 3.00505759 -2.68695254 2.02219723 -1.48138448 0.95903071 -0.99200441 0.31524616 -1.11675002 
2.48949255 15.56527185 -11.37266772 9.31207229 -8.05277291 6.74758571 -6.31039821 5.44121012 -4.64021922 3.82640598 -3.55115705 2.56211035 -3.05441577 
2.43686705 15.56289096 -11.36926246 9.30790637 -8.04807839 6.74256329 -6.30522432 5.43603620 -4.63517283 3.82159095 -3.54665712 2.55798918 -3.05071945 
2.38281958 15.56031576 -11.36557987 9.30340184 -8.04300304 6.73713417 -6.29963220 5.43044473 -4.62971983 3.81638853 -3.54179565 2.55353733 -3.04672693 
2.63290924 13.37679708 -8.46804499 5.99724517 -4.55387785 3.22580618 -2.88458040 2.19480135 -1.62920113 1.08380312 -1.09586441 0.40061740 -1.18582054 
2.59805573 12.81802081 -7.79829439 5.30556526 -3.89253317 2.62128490 -2.34968672 1.73284673 -1.23778554 0.75661164 -0.82593790 0.18050447 -1.00907427 
2.23111882 15.55232418 -11.35415564 9.28943227 -8.02726803 6.72030728 -6.28230490 5.41312405 -4.61283233 3.80028087 -3.52674702 2.53975956 -3.03437313 
2.50073798 13.17103695 -8.21806610 5.73572790 -4.30069016 2.99162169 -2.67500690 2.01183381 -1.47256633 0.95163157 -0.98587951 0.31023684 -1.11271658 
2.46394037 12.57007113 -7.51030799 5.01707444 -3.62480718 2.38345529 -2.14500110 1.56074171 -1.09566152 0.64057065 -0.73225706 0.10556258 -0.94998572 
2.41354730 13.02743812 -8.04592670 5.55795524 -4.13073895 2.83631437 -2.53763905 1.89325351 -1.37214844 0.86774227 -0.91671851 0.25387824 -1.06749413 
2.63677979 15.59268769 -11.41191680 9.36013223 -8.10697762 6.80562399 -6.37023357 5.50109044 -4.69866489 3.88220927 -3.60334129 2.60993047 -3.09732978 
2.87235421 13.62752213 -8.77796300 6.32692344 -4.87829916 3.53060170 -3.16150742 2.44013774 -1.84220681 1.26590916 -1.24926458 0.52808743 -1.29002714 
2.85349759 13.33567667 -8.41777404 5.94433636 -4.50235331 3.17788163 -2.84146004 2.15695889 -1.59664310 1.05620323 -1.07279911 0.38158994 -1.17037348 
2.55469446 15.59121625 -11.40980851 9.35754863 -8.10406150 6.80249942 -6.36701006 5.49786243 -4.69551229 3.87919747 -3.60052329 2.60734682 -3.09501009 
2.80003908 13.52649081 -8.65237611 6.19260650 -4.74542920 3.40514305 -3.04696726 2.33819009 -1.75329797 1.18958202 -1.18471980 0.47426292 -1.24587712 
2.78059454 13.22233989 -8.28002748 5.80018001 -4.36274132 3.04870819 -2.72582825 2.05597975 -1.51017548 0.98322416 -1.01205871 0.33166794 -1.12998810 
2.46909566 15.58954924 -11.40742024 9.35462221 -8.10075875 6.79896088 -6.36335979 5.49420735 -4.69194286 3.87578768 -3.59733312 2.60442214 -3.09238436 
2.72504932 13.41751155 -8.51797424 6.04995178 -4.60535557 3.27382130 -2.92789955 2.23291799 -1.66207771 1.11173829 -1.11926086 0.41995645 -1.20155035 
2.70498129 13.10019866 -8.13291063 5.64754868 -4.21616932 2.91419041 -2.60635429 1.95243302 -1.42215190 0.90942938 -0.95102124 0.28178343 -1.08984894 
2.37966914 15.58765051 -11.40470029 9.35128974 -8.09699811 6.79493216 -6.35920424 5.49004668 -4.68788003 3.87190688 -3.59370254 2.60109393 -3.08939654 
2.34274816 15.58681642 -11.40350556 9.34982608 -8.09534653 6.79316297 -6.35737948 5.48821980 -4.68609623 3.87020310 -3.59210871 2.59963291 -3.08808502 
2.61518093 13.24986704 -8.31337390 5.83496788 -4.39632845 3.07969201 -2.75348422 2.08006408 -1.53074356 1.00054071 -1.02643800 0.34346143 -1.13950963 
2.59417456 12.91251159 -7.90952831 5.41844524 -3.99861721 2.71665839 -2.43272198 1.80344287 -1.29670335 0.80517902 -0.86548950 0.21238501 -1.03439152 
2.56621376 13.17201157 -8.21924093 5.73694768 -4.30186238 2.99269824 -2.67596368 2.01266356 -1.47327212 0.95222359 -0.98636943 0.31063743 -1.11303904 
2.54477990 12.82542533 -7.80698130 5.31435176 -3.90076417 2.62866221 -2.35609060 1.73827574 -1.24230406 0.76032709 -0.82895674 0.18293293 -1.01099910 
2.51603939 13.09018149 -8.12090628 5.63515534 -4.20432496 2.90336996 -2.59678664 1.94417643 -1.41516202 0.90359166 -0.94620973 0.27786354 -1.08670435 
2.49416175 12.73394192 -7.70000718 5.20649422 -3.80003792 2.53864844 -2.27817554 1.67240189 -1.18762037 0.71546835 -0.79258705 0.15373082 -0.98789415 
2.12651940 15.58127310 -11.39556704 9.34010249 -8.08437652 6.78141386 -6.34526338 5.47609154 -4.67425572 3.85889537 -3.58153208 2.58993888 -3.07938392 
1.74608264 10.94044080 -5.75683157 3.38274143 -2.20916984 1.20359001 -1.18874509 0.80070551 -0.50012785 0.17570171 -0.37127340 -0.17450766 -0.73540937 
1.12949360 15.44233335 -11.19752070 9.09858853 -7.81304502 6.49196618 -6.04790562 5.17950999 -4.38570345 3.58421614 -3.32539333 2.35584302 -2.86982984 
1.59195969 11.32900698 -6.15309562 3.73304956 -2.49698758 1.43166474 -1.36473838 0.93411508 -0.60002384 0.25075783 -0.42770357 -0.13170947 -0.76749280 
1.54055078 10.36833174 -5.19810760 2.90879878 -1.83505216 0.91777835 -0.97562956 0.64421240 -0.38635258 0.09206132 -0.30939932 -0.22112231 -0.70071656 
0.83561140 15.38873972 -11.12160728 9.00656323 -7.71024606 6.38289678 -5.93643598 5.06888174 -4.27857788 3.48269487 -3.23112254 2.27002526 -2.79329546 
1.36811353 10.74363476 -5.56131293 3.21418858 -2.07403740 1.09890004 -1.10966617 0.74194449 -0.45693932 0.14370798 -0.34747732 -0.19246228 -0.72202083 
1.71289225 15.56676062 -11.37479730 9.31467789 -8.05570945 6.75072769 -6.31363528 5.44444753 -4.64337712 3.82941937 -3.55397347 2.56468991 -3.05672956 
1.66117388 15.56449859 -11.37156170 9.31071916 -8.05124801 6.74595422 -6.30871745 5.43952928 -4.63857975 3.82484162 -3.54969501 2.56077133 -3.05321475 
1.60808278 15.56205516 -11.36806718 9.30644423 -8.04643089 6.74080086 -6.30340890 5.43422091 -4.63340242 3.81990183 -3.54507864 2.55654365 -3.04942303 
1.99857174 12.11612328 -6.99763391 4.51715161 -3.17287058 1.99182008 -1.81588048 1.29024358 -0.87707200 0.46550952 -0.59335405 -0.00394467 -0.86482528 
2.28279025 15.60380560 -11.42785313 9.37966878 -8.12903651 6.82926786 -6.39463402 5.52553260 -4.72254314 3.90502747 -3.62469684 2.62951486 -3.11491742 
2.26349794 15.60368536 -11.42768073 9.37945735 -8.12879771 6.82901183 -6.39436972 5.52526778 -4.72228436 3.90478011 -3.62446529 2.62930247 -3.11472664 
1.92733675 11.54271305 -6.37684260 3.93588667 -2.66776078 1.57007878 -1.47384657 1.01849230 -0.66439431 0.29984118 -0.46504256 -0.10319318 -0.78901415 
1.88661032 11.87172964 -6.72939771 4.26270294 -2.94896674 1.80268142 -1.66078900 1.16573764 -0.77868250 0.38823995 -0.53309265 -0.05079671 -0.82886468 
2.18441214 15.60316760 -11.42693833 9.37854695 -8.12776946 6.82790938 -6.39323169 5.52412751 -4.72117013 3.90371510 -3.62346833 2.62838801 -3.11390526 
2.16414222 15.60302820 -11.42673845 9.37830184 -8.12749264 6.82761259 -6.39292532 5.52382054 -4.72087017 3.90342841 -3.62319996 2.62814185 -3.11368416 
2.14366476 15.60288449 -11.42653239 9.37804916 -8.12720725 6.82730662 -6.39260949 5.52350409 -4.72056096 3.90313286 -3.62292330 2.62788809 -3.11345623 
2.12297547 15.60273628 -11.42631989 9.37778858 -8.12691296 6.82699110 -6.39228380 5.52317777 -4.72024209 3.90282809 -3.62263801 2.62762641 -3.11322119 
1.76369433 11.13673790 -5.95531664 3.55676667 -2.35099980 1.31513793 -1.27420742 0.86505412 -0.54800771 0.21149882 -0.39808330 -0.15421665 -0.75058902 
1.71895703 11.48137340 -6.31219857 3.87691534 -2.61780868 1.52936305 -1.44157970 0.99341375 -0.64517220 0.28512826 -0.45381530 -0.11178487 -0.78251755 
2.03800934 15.60209460 -11.42539986 9.37666042 -8.12563884 6.82562512 -6.39087380 5.52176507 -4.71886172 3.90150875 -3.62140303 2.62649367 -3.11220379 
2.01619159 15.60192088 -11.42515080 9.37635503 -8.12529393 6.82525536 -6.39049213 5.52138268 -4.71848809 3.90115164 -3.62106876 2.62618708 -3.11192842 
1.99413321 15.60174138 -11.42489344 9.37603945 -8.12493754 6.82487329 -6.39009776 5.52098757 -4.71810202 3.90078266 -3.62072338 2.62587030 -3.11164390 
1.97182884 15.60155582 -11.42462740 9.37571325 -8.12456915 6.82447835 -6.38969012 5.52057916 -4.71770297 3.90040127 -3.62036638 2.62554287 -3.11134981 
1.58622226 10.66172429 -5.48096426 3.14575838 -2.01982063 1.05734942 -1.07859759 0.71907518 -0.44027731 0.13144317 -0.33839716 -0.19930238 -0.71692973 
1.53664987 11.02195639 -5.83883445 3.45428544 -2.26719811 1.24902627 -1.22341005 0.82670383 -0.51940139 0.19007101 -0.38201196 -0.16638884 -0.74147650 
1.50536151 10.43271832 -5.25952075 2.95972084 -1.87436229 0.94720311 -0.99715351 0.65973892 -0.39745544 0.10013009 -0.31532101 -0.21666795 -0.70402359 
1.45340251 10.79946355 -5.61642269 3.26140659 -2.11166688 1.12789242 -1.13145285 0.75805560 -0.46872773 0.15241202 -0.35393548 -0.18759395 -0.72564738 
1.80831928 15.60006225 -11.42248617 9.37308789 -8.12160440 6.82130013 -6.38640976 5.51729277 -4.71449202 3.89733252 -3.61749403 2.62290848 -3.10898379 
1.78383010 15.59981691 -11.42213447 9.37265669 -8.12111747 6.82077817 -6.38587105 5.51675310 -4.71396476 3.89682862 -3.61702240 2.62247594 -3.10859533 
2.16425751 12.32960865 -7.23639464 4.74777523 -3.37942027 2.16922333 -1.96368522 1.41071581 -0.97365385 0.54231328 -0.65390998 0.04354594 -0.90157420 
2.15590500 12.18697060 -7.07640868 4.59281428 -3.24026246 2.04940051 -1.86361309 1.32896209 -0.90797016 0.48998144 -0.61258032 0.01108994 -0.87642765 
2.14406480 12.28851158 -7.19010899 4.70276559 -3.33884482 2.13415840 -1.93429797 1.38662808 -0.95423991 0.52680289 -0.64163053 0.03388371 -0.89407398 
2.13564796 12.14436916 -7.02898558 4.54721405 -3.19960288 2.01462504 -1.83475700 1.30553355 -0.88925721 0.47514905 -0.60091947 0.00196645 -0.86938340 
1.70851036 15.59902381 -11.42099757 9.37126285 -8.11954357 6.81909108 -6.38412986 5.51500883 -4.71226064 3.89520007 -3.61549817 2.62107805 -3.10733991 
1.68276000 15.59873877 -11.42058898 9.37076193 -8.11897796 6.81848481 -6.38350417 5.51438205 -4.71164830 3.89461490 -3.61495049 2.62057579 -3.10688884 
1.65667378 15.59844249 -11.42016427 9.37024127 -8.11839007 6.81785466 -6.38285385 5.51373061 -4.71101187 3.89400672 -3.61438129 2.62005378 -3.10642006 
1.63024283 15.59813436 -11.41972260 9.36969982 -8.11777871 6.81719937 -6.38217759 5.51305319 -4.71035008 3.89337431 -3.61378941 2.61951100 -3.10593261 
1.17973428 9.42492791 -4.34080141 2.22949634 -1.33291947 0.55596984 -0.71996363 0.46540310 -0.26203658 0.00317567 -0.24475833 -0.26998164 -0.66441929 
0.33557367 15.44502379 -11.20133868 9.10322494 -7.81823293 6.49747931 -6.05354868 5.18511862 -4.39114204 3.58937696 -3.33019150 2.36021602 -2.87373406 
0.23127323 15.42785752 -11.17698980 9.07366981 -7.78517653 6.46236501 -6.01762092 5.14942341 -4.35654133 3.55655448 -3.29968515 2.33242114 -2.84892572 
0.12123713 15.40791747 -11.14874106 9.03942054 -7.74691226 6.42176135 -5.97611848 5.10822929 -4.31664693 3.51874311 -3.26457066 2.30045227 -2.82041256 
0.00479824 15.38458378 -11.11573176 8.99945353 -7.70231773 6.37449871 -5.92786664 5.06038992 -4.27036677 3.47492390 -3.22391583 2.26347268 -2.78745837 
-0.11883412 15.35705642 -11.07685533 8.95245772 -7.64996066 6.31908976 -5.87137682 5.00445766 -4.21632624 3.42381837 -3.17655461 2.22043885 -2.74914761 
-0.25060659 15.32428956 -11.03067185 8.89673463 -7.58799363 6.25362431 -5.80474524 4.93858864 -4.15278157 3.36381097 -3.12101901 2.17004176 -2.70433572 
-0.39166564 15.28489653 -10.97528254 8.83005656 -7.51400636 6.17562309 -5.72551349 4.86041380 -4.07750332 3.29284601 -3.05544975 2.11063083 -2.65158575 
0.59639641 7.97555634 -3.17819621 1.40952625 -0.79063137 0.20018325 -0.48846444 0.31459462 -0.16383066 -0.06561968 -0.19483830 -0.30949261 -0.63456613 
0.55861674 7.06215605 -2.54123423 1.01546536 -0.56104241 0.06360879 -0.40648361 0.26443532 -0.13321153 -0.08757181 -0.17843277 -0.32389471 -0.62336917 
1.32025325 4.58401821 -1.18420754 0.33209249 -0.23111278 -0.11473040 -0.30560902 0.20428124 -0.09954267 -0.11550214 -0.15669915 -0.34715043 -0.60501407 
1.57866229 10.80356959 -5.62048690 3.26489788 -2.11445625 1.13004651 -1.13307506 0.75925762 -0.46960888 0.15306350 -0.35441934 -0.18722908 -0.72591929 
0.97499948 15.58723918 -11.40411111 9.35056792 -8.09618361 6.79405965 -6.35830431 5.48914570 -4.68700029 3.87106660 -3.59291647 2.60037336 -3.08874970 
1.53521284 10.85090636 -5.66745098 3.30533181 -2.14683111 1.15509777 -1.15197611 0.77328715 -0.47990986 0.16068849 -0.36008730 -0.18295359 -0.72910661 
1.52481130 10.65534006 -5.47472708 3.14046694 -2.01564402 1.05415954 -1.07622009 0.71733032 -0.43900955 0.13051180 -0.33770858 -0.19982087 -0.71654401 
0.89976215 15.58547514 -11.40158447 9.34747270 -8.09269116 6.79031869 -6.35444604 5.48528311 -4.68322893 3.86746456 -3.58954700 2.59728478 -3.08597724 
0.86105489 15.58451537 -11.40020992 9.34578898 -8.09079150 6.78828401 -6.35234770 5.48318256 -4.68117813 3.86550596 -3.58771496 2.59560555 -3.08446996 
0.24704088 5.60505790 -1.67774657 0.55326794 -0.32602272 -0.06537295 -0.33312340 0.22082479 -0.10813406 -0.10727381 -0.16313129 -0.33933853 -0.61116935 
-1.54491465 14.73083045 -10.21177904 7.92833000 -6.53157700 5.15776248 -4.70868395 3.87300317 -3.14099866 2.42253031 -2.26207520 1.40079975 -2.02882496 
-1.82307358 14.51402576 -9.92095393 7.59361661 -6.17594569 4.79809642 -4.35769421 3.53979485 -2.83178267 2.14105887 -2.01049440 1.17986179 -1.83840204 
-2.14596537 14.20923397 -9.51963264 7.13990084 -5.70215346 4.32683259 -3.90514533 3.11680302 -2.44507794 1.79400102 -1.70443099 0.91445017 -1.61238992 
-2.53061851 13.76097808 -8.94531435 6.50742689 -5.05833703 3.70194891 -3.31914950 2.58149610 -1.96637187 1.37322005 -1.34058343 0.60468272 -1.35320508 
-3.00593256 13.05880841 -8.08336943 5.59646174 -4.16740083 2.86968615 -2.56704406 1.91854378 -1.39348969 0.88551296 -0.93132526 0.26574912 -1.07699498 
-0.41693394 2.84206623 -0.55391571 0.10505515 -0.15178092 -0.15907958 -0.27980517 0.18772932 -0.09285536 -0.12490451 -0.15017933 -0.35737770 -0.59717958 
0.22178841 15.56205516 -11.36806718 9.30644423 -8.04643089 6.74080086 -6.30340890 5.43422091 -4.63340242 3.81990183 -3.54507864 2.55654365 -3.04942303 
0.16724972 15.55941053 -11.36428551 9.30181876 -8.04121952 6.73522652 -6.29766745 5.42848038 -4.62780428 3.81456115 -3.54008816 2.55197382 -3.04532483 
0.97968394 9.15494086 -4.11007443 2.05712067 -1.21261823 0.47355944 -0.66434881 0.42807179 -0.23704783 -0.01438244 -0.23207461 -0.27973320 -0.65712932 
0.96768346 8.90069558 -3.89873413 1.90329897 -1.10793895 0.40336467 -0.61786132 0.39736772 -0.21679931 -0.02855404 -0.22183192 -0.28770464 -0.65114157 
0.94423788 9.03234485 -4.00744888 1.98193353 -1.16112840 0.43885019 -0.64125675 0.41276079 -0.22691454 -0.02147962 -0.22694679 -0.28371082 -0.65414533 
0.93215747 8.77391458 -3.79549662 1.82960366 -1.05871980 0.37087252 -0.59663481 0.38350894 -0.20775738 -0.03487175 -0.21725906 -0.29130174 -0.64842870 
0.90821800 8.90583966 -3.90295311 1.90633100 -1.10997711 0.40471738 -0.61874911 0.39794961 -0.21718032 -0.02828771 -0.22202457 -0.28755368 -0.65125526 
1.37009233 15.60999040 -11.43672330 9.39054849 -8.14132701 6.84244765 -6.40824168 5.53916935 -4.73587069 3.91776822 -3.63662521 2.64045763 -3.12474762 
1.37009233 15.60999040 -11.43672330 9.39054849 -8.14132701 6.84244765 -6.40824168 5.53916935 -4.73587069 3.91776822 -3.63662521 2.64045763 -3.12474762 
0.89606060 8.64309761 -3.69047043 1.75562128 -1.00993754 0.33900569 -0.57600451 0.37014041 -0.19909662 -0.04092058 -0.21287410 -0.29477891 -0.64579865 
0.87160819 8.77524188 -3.79657003 1.83036496 -1.05922509 0.37120437 -0.59685064 0.38364933 -0.20784866 -0.03480800 -0.21730524 -0.29126528 -0.64845624 
0.85937723 8.50805542 -3.58364700 1.68141046 -0.96165442 0.30780542 -0.55599189 0.35727026 -0.19081846 -0.04670306 -0.20867375 -0.29813982 -0.64324858 
0.83439180 8.64035656 -3.68828606 1.75409326 -1.00893675 0.33835551 -0.57558557 0.36986999 -0.19892207 -0.04104248 -0.21278564 -0.29484937 -0.64574527 
0.82209131 8.36858688 -3.47502211 1.60703601 -0.91393617 0.27731352 -0.53661765 0.34490547 -0.18292338 -0.05222242 -0.20465436 -0.30138840 -0.64077554 
-0.19546735 15.53778954 -11.33339299 9.26406105 -7.99870917 6.68978564 -6.25089423 5.38174314 -4.58225267 3.77112811 -3.49952396 2.51484664 -3.01204445 
-0.26287031 15.53287458 -11.32637641 9.25549213 -7.98906912 6.67948859 -6.24030270 5.37116682 -4.57195120 3.76131163 -3.49036106 2.50646455 -3.00453459 
