9.88728561 -0.20488251 -0.09224289 -0.02291725 -0.12480841 -0.19520575 -0.25961800 0.17188049 -0.09271851 -0.13671286 -0.14697771 -0.37040724 -0.58834265 
0.44254059 -0.81826449 -0.09783666 -0.03383412 -0.12556757 -0.20103427 -0.25758656 0.16940714 -0.09381801 -0.13907578 -0.14731247 -0.37266338 -0.58709747 
1.06640004 15.30552473 -11.00426902 8.86492992 -7.55268036 6.21637297 -5.76688453 4.90121246 -4.11677141 3.32984732 -3.08962305 2.14158203 -2.67905629 
2.02412082 8.13738686 -3.29875516 1.48872286 -0.83946142 0.23043298 -0.50719944 0.32631481 -0.17116698 -0.06045968 -0.19863102 -0.30632848 -0.63699769 
2.50377600 15.59024165 -11.40841221 9.35583766 -8.10213047 6.80043049 -6.36487577 5.49572528 -4.69342519 3.87720369 -3.59865789 2.60563664 -3.09347470 
2.75537863 13.46211124 -8.57284469 6.10805494 -4.66227663 3.32706838 -2.97607471 2.27542319 -1.69883578 1.14304780 -1.14554319 0.44172614 -1.21929235 
2.96028959 15.60684619 -11.43221347 9.38501644 -8.13507707 6.83574494 -6.40132083 5.53223318 -4.72909130 3.91128689 -3.63055676 2.63489027 -3.11974602 
3.17384679 13.93391781 -9.16465494 6.74661226 -5.29947054 3.93381309 -3.53460702 2.77657286 -2.13932369 1.52400692 -1.46995987 0.71403101 -1.44405985 
3.35434995 15.60999040 -11.43672330 9.39054849 -8.14132701 6.84244765 -6.40824168 5.53916935 -4.73587069 3.91776822 -3.63662521 2.64045763 -3.12474762 
3.35434995 15.60999040 -11.43672330 9.39054849 -8.14132701 6.84244765 -6.40824168 5.53916935 -4.73587069 3.91776822 -3.63662521 2.64045763 -3.12474762 
3.35434995 15.60999040 -11.43672330 9.39054849 -8.14132701 6.84244765 -6.40824168 5.53916935 -4.73587069 3.91776822 -3.63662521 2.64045763 -3.12474762 
3.54066367 14.27032918 -9.59937343 7.22929020 -5.79472734 4.41817827 -3.99218245 3.19754215 -2.51835251 1.85930779 -1.76164415 0.96375608 -1.65412639 
3.54532887 14.33483496 -9.68394816 7.32451296 -5.89376213 4.51629904 -4.08604626 3.28494848 -2.59797156 1.93051755 -1.82423584 1.01786521 -1.70006520 
3.36555446 15.60999040 -11.43672330 9.39054849 -8.14132701 6.84244765 -6.40824168 5.53916935 -4.73587069 3.91776822 -3.63662521 2.64045763 -3.12474762 
3.36555446 15.60999040 -11.43672330 9.39054849 -8.14132701 6.84244765 -6.40824168 5.53916935 -4.73587069 3.91776822 -3.63662521 2.64045763 -3.12474762 
3.36555446 15.60999040 -11.43672330 9.39054849 -8.14132701 6.84244765 -6.40824168 5.53916935 -4.73587069 3.91776822 -3.63662521 2.64045763 -3.12474762 
3.36555446 15.60999040 -11.43672330 9.39054849 -8.14132701 6.84244765 -6.40824168 5.53916935 -4.73587069 3.91776822 -3.63662521 2.64045763 -3.12474762 
3.55083715 14.28050456 -9.61268844 7.24425332 -5.81026090 4.43354127 -4.00685371 3.21118138 -2.53075668 1.87038501 -1.77136674 0.97214968 -1.66124335 
3.55548105 14.34459168 -9.69677461 7.33899144 -5.90885789 4.53129145 -4.10042165 3.29836508 -2.61021936 1.94149424 -1.83390286 1.02623740 -1.70718563 
3.37669655 15.60999040 -11.43672330 9.39054849 -8.14132701 6.84244765 -6.40824168 5.53916935 -4.73587069 3.91776822 -3.63662521 2.64045763 -3.12474762 
3.37669655 15.60999040 -11.43672330 9.39054849 -8.14132701 6.84244765 -6.40824168 5.53916935 -4.73587069 3.91776822 -3.63662521 2.64045763 -3.12474762 
3.37669655 15.60999040 -11.43672330 9.39054849 -8.14132701 6.84244765 -6.40824168 5.53916935 -4.73587069 3.91776822 -3.63662521 2.64045763 -3.12474762 
3.37669655 15.60999040 -11.43672330 9.39054849 -8.14132701 6.84244765 -6.40824168 5.53916935 -4.73587069 3.91776822 -3.63662521 2.64045763 -3.12474762 
3.56095952 14.29056681 -9.62586504 7.25907131 -5.82565431 4.44877568 -4.02141145 3.22472344 -2.54307980 1.88139605 -1.78103640 0.98050176 -1.66832851 
3.56558230 14.35423932 -9.70946653 7.35332766 -5.92381510 4.54615558 -4.11468272 3.31168282 -2.62238381 1.95240209 -1.84351415 1.03456531 -1.71427164 
3.38777691 15.60999040 -11.43672330 9.39054849 -8.14132701 6.84244765 -6.40824168 5.53916935 -4.73587069 3.91776822 -3.63662521 2.64045763 -3.12474762 
3.38777691 15.60999040 -11.43672330 9.39054849 -8.14132701 6.84244765 -6.40824168 5.53916935 -4.73587069 3.91776822 -3.63662521 2.64045763 -3.12474762 
3.38777691 15.60999040 -11.43672330 9.39054849 -8.14132701 6.84244765 -6.40824168 5.53916935 -4.73587069 3.91776822 -3.63662521 2.64045763 -3.12474762 
3.38777691 15.60999040 -11.43672330 9.39054849 -8.14132701 6.84244765 -6.40824168 5.53916935 -4.73587069 3.91776822 -3.63662521 2.64045763 -3.12474762 
3.38777691 15.60999040 -11.43672330 9.39054849 -8.14132701 6.84244765 -6.40824168 5.53916935 -4.73587069 3.91776822 -3.63662521 2.64045763 -3.12474762 
3.38777691 15.60999040 -11.43672330 9.39054849 -8.14132701 6.84244765 -6.40824168 5.53916935 -4.73587069 3.91776822 -3.63662521 2.64045763 -3.12474762 
3.38777691 15.60999040 -11.43672330 9.39054849 -8.14132701 6.84244765 -6.40824168 5.53916935 -4.73587069 3.91776822 -3.63662521 2.64045763 -3.12474762 
3.38777691 15.60999040 -11.43672330 9.39054849 -8.14132701 6.84244765 -6.40824168 5.53916935 -4.73587069 3.91776822 -3.63662521 2.64045763 -3.12474762 
3.38777691 15.60999040 -11.43672330 9.39054849 -8.14132701 6.84244765 -6.40824168 5.53916935 -4.73587069 3.91776822 -3.63662521 2.64045763 -3.12474762 
3.38777691 15.60999040 -11.43672330 9.39054849 -8.14132701 6.84244765 -6.40824168 5.53916935 -4.73587069 3.91776822 -3.63662521 2.64045763 -3.12474762 
3.38777691 15.60999040 -11.43672330 9.39054849 -8.14132701 6.84244765 -6.40824168 5.53916935 -4.73587069 3.91776822 -3.63662521 2.64045763 -3.12474762 
3.38777691 15.60999040 -11.43672330 9.39054849 -8.14132701 6.84244765 -6.40824168 5.53916935 -4.73587069 3.91776822 -3.63662521 2.64045763 -3.12474762 
3.38777691 15.60999040 -11.43672330 9.39054849 -8.14132701 6.84244765 -6.40824168 5.53916935 -4.73587069 3.91776822 -3.63662521 2.64045763 -3.12474762 
3.38777691 15.60999040 -11.43672330 9.39054849 -8.14132701 6.84244765 -6.40824168 5.53916935 -4.73587069 3.91776822 -3.63662521 2.64045763 -3.12474762 
3.38777691 15.60999040 -11.43672330 9.39054849 -8.14132701 6.84244765 -6.40824168 5.53916935 -4.73587069 3.91776822 -3.63662521 2.64045763 -3.12474762 
3.38777691 15.60999040 -11.43672330 9.39054849 -8.14132701 6.84244765 -6.40824168 5.53916935 -4.73587069 3.91776822 -3.63662521 2.64045763 -3.12474762 
3.38777691 15.60999040 -11.43672330 9.39054849 -8.14132701 6.84244765 -6.40824168 5.53916935 -4.73587069 3.91776822 -3.63662521 2.64045763 -3.12474762 
3.38777691 15.60999040 -11.43672330 9.39054849 -8.14132701 6.84244765 -6.40824168 5.53916935 -4.73587069 3.91776822 -3.63662521 2.64045763 -3.12474762 
3.57103128 14.30051763 -9.63890512 7.27374595 -5.84090912 4.46388272 -4.03585659 3.23816895 -2.55532225 1.89234109 -1.79065319 0.98881229 -1.67538175 
3.57563314 14.36377952 -9.72202575 7.36752341 -5.93863531 4.56089269 -4.12883044 3.32490240 -2.63446538 1.96324136 -1.85306983 1.04284896 -1.72132318 
3.39879622 15.60999040 -11.43672330 9.39054849 -8.14132701 6.84244765 -6.40824168 5.53916935 -4.73587069 3.91776822 -3.63662521 2.64045763 -3.12474762 
3.39879622 15.60999040 -11.43672330 9.39054849 -8.14132701 6.84244765 -6.40824168 5.53916935 -4.73587069 3.91776822 -3.63662521 2.64045763 -3.12474762 
3.21682078 13.91227313 -9.13704946 6.71634742 -5.26879967 3.90417341 -3.50693096 2.75139729 -2.11690286 1.50437681 -1.45305000 0.69968604 -1.43209889 
3.21022606 13.97712689 -9.21989498 6.80731313 -5.36112372 3.99352186 -3.59047680 2.82749787 -2.18476502 1.56386533 -1.50435458 0.74325593 -1.46846561 
3.38777691 15.60999040 -11.43672330 9.39054849 -8.14132701 6.84244765 -6.40824168 5.53916935 -4.73587069 3.91776822 -3.63662521 2.64045763 -3.12474762 
3.20481007 13.89766244 -9.11843992 6.69597134 -5.24817610 3.88426723 -3.48836529 2.73452812 -2.10189591 1.49125127 -1.44175427 0.69011232 -1.42412313 
3.19817230 13.96290932 -9.20169938 6.78729829 -5.34077457 3.97379558 -3.57200165 2.81064271 -2.16971181 1.55065079 -1.49294267 0.73355235 -1.46035658 
3.19272754 13.88286410 -9.09961176 6.67537740 -5.22735324 3.86418835 -3.46965631 2.71754435 -2.08680038 1.47805924 -1.43041026 0.68050470 -1.41612474 
3.18604616 13.94850738 -9.18328718 6.76706567 -5.32022430 3.95389321 -3.55337874 2.79366788 -2.15456474 1.53736459 -1.48147765 0.72381056 -1.45222116 
3.36555446 15.60999040 -11.43672330 9.39054849 -8.14132701 6.84244765 -6.40824168 5.53916935 -4.73587069 3.91776822 -3.63662521 2.64045763 -3.12474762 
3.18057235 13.86787481 -9.08056158 6.65456266 -5.20632881 3.84393519 -3.45080310 2.70044558 -2.07161628 1.46480100 -1.41901840 0.67086370 -1.40810424 
3.17384679 13.93391781 -9.16465494 6.74661226 -5.29947054 3.93381309 -3.53460702 2.77657286 -2.13932369 1.52400692 -1.46995987 0.71403101 -1.44405985 
3.35434995 15.60999040 -11.43672330 9.39054849 -8.14132701 6.84244765 -6.40824168 5.53916935 -4.73587069 3.91776822 -3.63662521 2.64045763 -3.12474762 
3.16834362 13.85269118 -9.06128587 6.63352408 -5.18510053 3.82350620 -3.43180475 2.68323144 -2.05634363 1.45147685 -1.40757913 0.66118985 -1.40006220 
3.16157330 13.91913726 -9.14579916 6.72593499 -5.27851090 3.91355353 -3.51568547 2.75935717 -2.12398860 1.51057799 -1.45838973 0.70421417 -1.43587315 
3.34308231 15.60999040 -11.43672330 9.39054849 -8.14132701 6.84244765 -6.40824168 5.53916935 -4.73587069 3.91776822 -3.63662521 2.64045763 -3.12474762 
3.15604047 13.83730977 -9.04178109 6.61225862 -5.16366605 3.80289979 -3.41266037 2.66590158 -2.04098248 1.43808710 -1.39609294 0.65148370 -1.39199917 
3.14922480 13.90416231 -9.12671628 6.70503074 -5.25734296 3.89311284 -3.49661306 2.74202033 -2.10855940 1.49707803 -1.44676764 0.69436055 -1.42766160 
3.33175084 15.60999040 -11.43672330 9.39054849 -8.14132701 6.84244765 -6.40824168 5.53916935 -4.73587069 3.91776822 -3.63662521 2.64045763 -3.12474762 
3.33175084 15.60999040 -11.43672330 9.39054849 -8.14132701 6.84244765 -6.40824168 5.53916935 -4.73587069 3.91776822 -3.63662521 2.64045763 -3.12474762 
3.33175084 15.60999040 -11.43672330 9.39054849 -8.14132701 6.84244765 -6.40824168 5.53916935 -4.73587069 3.91776822 -3.63662521 2.64045763 -3.12474762 
3.33175084 15.60999040 -11.43672330 9.39054849 -8.14132701 6.84244765 -6.40824168 5.53916935 -4.73587069 3.91776822 -3.63662521 2.64045763 -3.12474762 
3.33175084 15.60999040 -11.43672330 9.39054849 -8.14132701 6.84244765 -6.40824168 5.53916935 -4.73587069 3.91776822 -3.63662521 2.64045763 -3.12474762 
3.33175084 15.60999040 -11.43672330 9.39054849 -8.14132701 6.84244765 -6.40824168 5.53916935 -4.73587069 3.91776822 -3.63662521 2.64045763 -3.12474762 
3.52016129 14.24963217 -9.57232046 7.19892126 -5.76323353 4.38706152 -3.96249568 3.16996963 -2.49329951 1.83695404 -1.74203999 0.94684456 -1.63979752 
3.52486967 14.31498763 -9.65788407 7.29512200 -5.86314860 4.48592424 -4.05694858 3.25781595 -2.57322413 1.90835666 -1.80473420 1.00098801 -1.68572140 
3.34308231 15.60999040 -11.43672330 9.39054849 -8.14132701 6.84244765 -6.40824168 5.53916935 -4.73587069 3.91776822 -3.63662521 2.64045763 -3.12474762 
3.34308231 15.60999040 -11.43672330 9.39054849 -8.14132701 6.84244765 -6.40824168 5.53916935 -4.73587069 3.91776822 -3.63662521 2.64045763 -3.12474762 
3.34308231 15.60999040 -11.43672330 9.39054849 -8.14132701 6.84244765 -6.40824168 5.53916935 -4.73587069 3.91776822 -3.63662521 2.64045763 -3.12474762 
3.34308231 15.60999040 -11.43672330 9.39054849 -8.14132701 6.84244765 -6.40824168 5.53916935 -4.73587069 3.91776822 -3.63662521 2.64045763 -3.12474762 
3.34308231 15.60999040 -11.43672330 9.39054849 -8.14132701 6.84244765 -6.40824168 5.53916935 -4.73587069 3.91776822 -3.63662521 2.64045763 -3.12474762 
3.34308231 15.60999040 -11.43672330 9.39054849 -8.14132701 6.84244765 -6.40824168 5.53916935 -4.73587069 3.91776822 -3.63662521 2.64045763 -3.12474762 
3.34308231 15.60999040 -11.43672330 9.39054849 -8.14132701 6.84244765 -6.40824168 5.53916935 -4.73587069 3.91776822 -3.63662521 2.64045763 -3.12474762 
3.15604047 13.83730977 -9.04178109 6.61225862 -5.16366605 3.80289979 -3.41266037 2.66590158 -2.04098248 1.43808710 -1.39609294 0.65148370 -1.39199917 
3.14922480 13.90416231 -9.12671628 6.70503074 -5.25734296 3.89311284 -3.49661306 2.74202033 -2.10855940 1.49707803 -1.44676764 0.69436055 -1.42766160 
3.33175084 15.60999040 -11.43672330 9.39054849 -8.14132701 6.84244765 -6.40824168 5.53916935 -4.73587069 3.91776822 -3.63662521 2.64045763 -3.12474762 
3.33175084 15.60999040 -11.43672330 9.39054849 -8.14132701 6.84244765 -6.40824168 5.53916935 -4.73587069 3.91776822 -3.63662521 2.64045763 -3.12474762 
3.14366199 13.82172704 -9.02204360 6.59076316 -5.14202305 3.78211440 -3.39336905 2.64845565 -2.02553291 1.42463210 -1.38456034 0.64174583 -1.38391574 
3.13680037 13.88898945 -9.10740265 6.68389633 -5.23596428 3.87248932 -3.47738877 2.72456188 -2.09303608 1.48350729 -1.43509403 0.68447068 -1.41942575 
3.32035479 15.60999040 -11.43672330 9.39054849 -8.14132701 6.84244765 -6.40824168 5.53916935 -4.73587069 3.91776822 -3.63662521 2.64045763 -3.12474762 
3.32035479 15.60999040 -11.43672330 9.39054849 -8.14132701 6.84244765 -6.40824168 5.53916935 -4.73587069 3.91776822 -3.63662521 2.64045763 -3.12474762 
3.32035479 15.60999040 -11.43672330 9.39054849 -8.14132701 6.84244765 -6.40824168 5.53916935 -4.73587069 3.91776822 -3.63662521 2.64045763 -3.12474762 
3.32035479 15.60999040 -11.43672330 9.39054849 -8.14132701 6.84244765 -6.40824168 5.53916935 -4.73587069 3.91776822 -3.63662521 2.64045763 -3.12474762 
3.32035479 15.60999040 -11.43672330 9.39054849 -8.14132701 6.84244765 -6.40824168 5.53916935 -4.73587069 3.91776822 -3.63662521 2.64045763 -3.12474762 
3.32035479 15.60999040 -11.43672330 9.39054849 -8.14132701 6.84244765 -6.40824168 5.53916935 -4.73587069 3.91776822 -3.63662521 2.64045763 -3.12474762 
3.32035479 15.60999040 -11.43672330 9.39054849 -8.14132701 6.84244765 -6.40824168 5.53916935 -4.73587069 3.91776822 -3.63662521 2.64045763 -3.12474762 
3.32035479 15.60999040 -11.43672330 9.39054849 -8.14132701 6.84244765 -6.40824168 5.53916935 -4.73587069 3.91776822 -3.63662521 2.64045763 -3.12474762 
3.32035479 15.60999040 -11.43672330 9.39054849 -8.14132701 6.84244765 -6.40824168 5.53916935 -4.73587069 3.91776822 -3.63662521 2.64045763 -3.12474762 
3.32035479 15.60999040 -11.43672330 9.39054849 -8.14132701 6.84244765 -6.40824168 5.53916935 -4.73587069 3.91776822 -3.63662521 2.64045763 -3.12474762 
3.32035479 15.60999040 -11.43672330 9.39054849 -8.14132701 6.84244765 -6.40824168 5.53916935 -4.73587069 3.91776822 -3.63662521 2.64045763 -3.12474762 
3.32035479 15.60999040 -11.43672330 9.39054849 -8.14132701 6.84244765 -6.40824168 5.53916935 -4.73587069 3.91776822 -3.63662521 2.64045763 -3.12474762 
3.50983134 14.23910700 -9.55857857 7.18351171 -5.74727010 4.37130524 -3.94747831 3.15603509 -2.48064992 1.82567716 -1.73215836 0.93832678 -1.63258589 
3.51456160 14.30489359 -9.64464258 7.28020581 -5.84762762 4.47053924 -4.04222432 3.24409861 -2.56072362 1.89717197 -1.79489940 0.99248303 -1.67849821 
3.33175084 15.60999040 -11.43672330 9.39054849 -8.14132701 6.84244765 -6.40824168 5.53916935 -4.73587069 3.91776822 -3.63662521 2.64045763 -3.12474762 
3.33175084 15.60999040 -11.43672330 9.39054849 -8.14132701 6.84244765 -6.40824168 5.53916935 -4.73587069 3.91776822 -3.63662521 2.64045763 -3.12474762 
3.52016129 14.24963217 -9.57232046 7.19892126 -5.76323353 4.38706152 -3.96249568 3.16996963 -2.49329951 1.83695404 -1.74203999 0.94684456 -1.63979752 
3.52486967 14.31498763 -9.65788407 7.29512200 -5.86314860 4.48592424 -4.05694858 3.25781595 -2.57322413 1.90835666 -1.80473420 1.00098801 -1.68572140 
3.34308231 15.60999040 -11.43672330 9.39054849 -8.14132701 6.84244765 -6.40824168 5.53916935 -4.73587069 3.91776822 -3.63662521 2.64045763 -3.12474762 
3.53043856 14.26003897 -9.58591809 7.21418013 -5.77905208 4.40268544 -3.97739675 3.18380511 -2.50586692 1.84816419 -1.75186857 0.95532102 -1.64697774 
3.53512525 14.32496751 -9.67098528 7.30989043 -5.87852623 4.50117707 -4.07155556 3.27143234 -2.58563997 1.91947178 -1.81451298 1.00944874 -1.69291043 
3.54066367 14.27032918 -9.59937343 7.22929020 -5.79472734 4.41817827 -3.99218245 3.19754215 -2.51835251 1.85930779 -1.76164415 0.96375608 -1.65412639 
3.54532887 14.33483496 -9.68394816 7.32451296 -5.89376213 4.51629904 -4.08604626 3.28494848 -2.59797156 1.93051755 -1.82423584 1.01786521 -1.70006520 
3.36555446 15.60999040 -11.43672330 9.39054849 -8.14132701 6.84244765 -6.40824168 5.53916935 -4.73587069 3.91776822 -3.63662521 2.64045763 -3.12474762 
3.55083715 14.28050456 -9.61268844 7.24425332 -5.81026090 4.43354127 -4.00685371 3.21118138 -2.53075668 1.87038501 -1.77136674 0.97214968 -1.66124335 
3.55548105 14.34459168 -9.69677461 7.33899144 -5.90885789 4.53129145 -4.10042165 3.29836508 -2.61021936 1.94149424 -1.83390286 1.02623740 -1.70718563 
3.37669655 15.60999040 -11.43672330 9.39054849 -8.14132701 6.84244765 -6.40824168 5.53916935 -4.73587069 3.91776822 -3.63662521 2.64045763 -3.12474762 
3.56095952 14.29056681 -9.62586504 7.25907131 -5.82565431 4.44877568 -4.02141145 3.22472344 -2.54307980 1.88139605 -1.78103640 0.98050176 -1.66832851 
3.56558230 14.35423932 -9.70946653 7.35332766 -5.92381510 4.54615558 -4.11468272 3.31168282 -2.62238381 1.95240209 -1.84351415 1.03456531 -1.71427164 
3.38777691 15.60999040 -11.43672330 9.39054849 -8.14132701 6.84244765 -6.40824168 5.53916935 -4.73587069 3.91776822 -3.63662521 2.64045763 -3.12474762 
3.57103128 14.30051763 -9.63890512 7.27374595 -5.84090912 4.46388272 -4.03585659 3.23816895 -2.55532225 1.89234109 -1.79065319 0.98881229 -1.67538175 
3.57563314 14.36377952 -9.72202575 7.36752341 -5.93863531 4.56089269 -4.12883044 3.32490240 -2.63446538 1.96324136 -1.85306983 1.04284896 -1.72132318 
3.39879622 15.60999040 -11.43672330 9.39054849 -8.14132701 6.84244765 -6.40824168 5.53916935 -4.73587069 3.91776822 -3.63662521 2.64045763 -3.12474762 
3.58105292 14.31035865 -9.65181053 7.28827902 -5.85602685 4.47886363 -4.05019005 3.25151855 -2.56748444 1.90322036 -1.80021715 0.99708121 -1.68240297 
3.58563404 14.37321388 -9.73445409 7.38158043 -5.95332005 4.57550405 -4.14286578 3.33802451 -2.64646452 1.97401233 -1.86257002 1.05108836 -1.72834019 
3.40975515 15.60999040 -11.43672330 9.39054849 -8.14132701 6.84244765 -6.40824168 5.53916935 -4.73587069 3.91776822 -3.63662521 2.64045763 -3.12474762 
3.40975515 15.60999040 -11.43672330 9.39054849 -8.14132701 6.84244765 -6.40824168 5.53916935 -4.73587069 3.91776822 -3.63662521 2.64045763 -3.12474762 
3.59102495 14.32009152 -9.66458310 7.30267224 -5.87100900 4.49371961 -4.06441273 3.26477287 -2.57956676 1.91403405 -1.80972837 1.00530851 -1.68939208 
3.59558552 14.38254395 -9.74675333 7.39550046 -5.96787084 4.58999091 -4.15678969 3.35104985 -2.65838169 1.98471526 -1.87201485 1.05928353 -1.73532262 
3.42065436 15.60999040 -11.43672330 9.39054849 -8.14132701 6.84244765 -6.40824168 5.53916935 -4.73587069 3.91776822 -3.63662521 2.64045763 -3.12474762 
3.42065436 15.60999040 -11.43672330 9.39054849 -8.14132701 6.84244765 -6.40824168 5.53916935 -4.73587069 3.91776822 -3.63662521 2.64045763 -3.12474762 
3.42065436 15.60999040 -11.43672330 9.39054849 -8.14132701 6.84244765 -6.40824168 5.53916935 -4.73587069 3.91776822 -3.63662521 2.64045763 -3.12474762 
3.60094785 14.32971781 -9.67722461 7.31692734 -5.88585705 4.50845187 -4.07852555 3.27793256 -2.59156962 1.92478239 -1.81918693 1.01349417 -1.69634900 
3.60548804 14.39177128 -9.75892524 7.40928519 -5.98228918 4.60435449 -4.17060314 3.36397911 -2.67021736 1.99535045 -1.88140446 1.06743450 -1.74227044 
3.43149450 15.60999040 -11.43672330 9.39054849 -8.14132701 6.84244765 -6.40824168 5.53916935 -4.73587069 3.91776822 -3.63662521 2.64045763 -3.12474762 
3.43149450 15.60999040 -11.43672330 9.39054849 -8.14132701 6.84244765 -6.40824168 5.53916935 -4.73587069 3.91776822 -3.63662521 2.64045763 -3.12474762 
3.61082210 14.33923909 -9.68973683 7.33104600 -5.90057247 4.52306158 -4.09252939 3.29099823 -2.60349341 1.93546560 -1.82859290 1.02163817 -1.70327365 
3.61534209 14.40089737 -9.77097154 7.42293629 -5.99657654 4.61859601 -4.18430707 3.37681298 -2.68197199 2.00591816 -1.89073898 1.07554132 -1.74918359 
3.44227619 15.60999040 -11.43672330 9.39054849 -8.14132701 6.84244765 -6.40824168 5.53916935 -4.73587069 3.91776822 -3.63662521 2.64045763 -3.12474762 
3.62064816 14.34865688 -9.70212150 7.34502987 -5.91515671 4.53754993 -4.10642517 3.30397053 -2.61533855 1.94608390 -1.83794638 1.02974051 -1.71016595 
3.62514813 14.40992371 -9.78289391 7.43645542 -6.01073439 4.63271669 -4.19790243 3.38955216 -2.69364606 2.01641870 -1.90001857 1.08360403 -1.75606207 
3.63042651 14.35797269 -9.71438031 7.35888061 -5.92961120 4.55191809 -4.12021376 3.31685009 -2.62710546 1.95663754 -1.84724747 1.03780120 -1.71702585 
3.63490663 14.41885176 -9.79469404 7.44984421 -6.02476416 4.64671773 -4.21139015 3.40219733 -2.70524004 2.02685236 -1.90924339 1.09162268 -1.76290585 
3.46366677 15.60999040 -11.43672330 9.39054849 -8.14132701 6.84244765 -6.40824168 5.53916935 -4.73587069 3.91776822 -3.63662521 2.64045763 -3.12474762 
3.64015760 14.36718800 -9.72651493 7.37259982 -5.94393734 4.56616720 -4.13389606 3.32963755 -2.63879454 1.96712676 -1.85649629 1.04582024 -1.72385329 
3.64461804 14.42768292 -9.80637355 7.46310424 -6.03866728 4.66060030 -4.22477115 3.41474919 -2.71675440 2.03721943 -1.91841358 1.09959734 -1.76971492 
3.47427688 15.60999040 -11.43672330 9.39054849 -8.14132701 6.84244765 -6.40824168 5.53916935 -4.73587069 3.91776822 -3.63662521 2.64045763 -3.12474762 
3.47427688 15.60999040 -11.43672330 9.39054849 -8.14132701 6.84244765 -6.40824168 5.53916935 -4.73587069 3.91776822 -3.63662521 2.64045763 -3.12474762 
3.47427688 15.60999040 -11.43672330 9.39054849 -8.14132701 6.84244765 -6.40824168 5.53916935 -4.73587069 3.91776822 -3.63662521 2.64045763 -3.12474762 
3.47427688 15.60999040 -11.43672330 9.39054849 -8.14132701 6.84244765 -6.40824168 5.53916935 -4.73587069 3.91776822 -3.63662521 2.64045763 -3.12474762 
3.47427688 15.60999040 -11.43672330 9.39054849 -8.14132701 6.84244765 -6.40824168 5.53916935 -4.73587069 3.91776822 -3.63662521 2.64045763 -3.12474762 
3.47427688 15.60999040 -11.43672330 9.39054849 -8.14132701 6.84244765 -6.40824168 5.53916935 -4.73587069 3.91776822 -3.63662521 2.64045763 -3.12474762 
3.64984189 14.37630425 -9.73852702 7.38618910 -5.95813655 4.58029842 -4.14747294 3.34233353 -2.65040623 1.97755180 -1.86569293 1.05379765 -1.73064822 
3.65428282 14.43641862 -9.81793405 7.47623710 -6.05244515 4.67436558 -4.23804638 3.42720841 -2.72818961 2.04752022 -1.92752933 1.10752807 -1.77648928 
3.48483099 15.60999040 -11.43672330 9.39054849 -8.14132701 6.84244765 -6.40824168 5.53916935 -4.73587069 3.91776822 -3.63662521 2.64045763 -3.12474762 
3.65947981 14.38532286 -9.75041820 7.39965001 -5.97221018 4.59431287 -4.16094528 3.35493868 -2.66194093 1.98791292 -1.87483753 1.06173346 -1.73741060 
3.66390140 14.44506021 -9.82937714 7.48924434 -6.06609916 4.68801473 -4.25121674 3.43957568 -2.73954616 2.05775503 -1.93659080 1.11541493 -1.78322891 
3.49532970 15.60999040 -11.43672330 9.39054849 -8.14132701 6.84244765 -6.40824168 5.53916935 -4.73587069 3.91776822 -3.63662521 2.64045763 -3.12474762 
3.66907181 14.39424524 -9.76219005 7.41298408 -5.98615961 4.60821168 -4.17431396 3.36745363 -2.67339908 1.99821037 -1.88393020 1.06962769 -1.74414040 
3.67347422 14.45360906 -9.84070436 7.50212748 -6.07963067 4.70154890 -4.26428314 3.45185169 -2.75082452 2.06792418 -1.94559817 1.12325802 -1.78993384 
3.50577359 15.60999040 -11.43672330 9.39054849 -8.14132701 6.84244765 -6.40824168 5.53916935 -4.73587069 3.91776822 -3.63662521 2.64045763 -3.12474762 
3.50577359 15.60999040 -11.43672330 9.39054849 -8.14132701 6.84244765 -6.40824168 5.53916935 -4.73587069 3.91776822 -3.63662521 2.64045763 -3.12474762 
3.33315595 14.04873605 -9.31182874 6.90874579 -5.46455610 4.09407397 -3.68491202 2.91388343 -2.26211463 1.63193256 -1.56327204 0.79346136 -1.51050745 
3.32696329 14.10983204 -9.39064655 6.99611439 -5.55405347 4.18146055 -3.76733175 2.98958813 -2.33016955 1.69204453 -1.61548771 0.83810305 -1.54800848 
3.49532970 15.60999040 -11.43672330 9.39054849 -8.14132701 6.84244765 -6.40824168 5.53916935 -4.73587069 3.91776822 -3.63662521 2.64045763 -3.12474762 
3.49532970 15.60999040 -11.43672330 9.39054849 -8.14132701 6.84244765 -6.40824168 5.53916935 -4.73587069 3.91776822 -3.63662521 2.64045763 -3.12474762 
3.49532970 15.60999040 -11.43672330 9.39054849 -8.14132701 6.84244765 -6.40824168 5.53916935 -4.73587069 3.91776822 -3.63662521 2.64045763 -3.12474762 
3.49532970 15.60999040 -11.43672330 9.39054849 -8.14132701 6.84244765 -6.40824168 5.53916935 -4.73587069 3.91776822 -3.63662521 2.64045763 -3.12474762 
3.49532970 15.60999040 -11.43672330 9.39054849 -8.14132701 6.84244765 -6.40824168 5.53916935 -4.73587069 3.91776822 -3.63662521 2.64045763 -3.12474762 
3.49532970 15.60999040 -11.43672330 9.39054849 -8.14132701 6.84244765 -6.40824168 5.53916935 -4.73587069 3.91776822 -3.63662521 2.64045763 -3.12474762 
3.49532970 15.60999040 -11.43672330 9.39054849 -8.14132701 6.84244765 -6.40824168 5.53916935 -4.73587069 3.91776822 -3.63662521 2.64045763 -3.12474762 
3.49532970 15.60999040 -11.43672330 9.39054849 -8.14132701 6.84244765 -6.40824168 5.53916935 -4.73587069 3.91776822 -3.63662521 2.64045763 -3.12474762 
3.32181948 14.03583539 -9.29523095 6.89039518 -5.44580603 4.07581078 -3.66772766 2.89813536 -2.24798919 1.61948179 -1.55247819 0.78425024 -1.50278339 
3.10540659 15.60727054 -11.43282207 9.38576293 -8.13592037 6.83664926 -6.40225451 5.53316887 -4.73000579 3.91216112 -3.63137525 2.63564113 -3.12042054 
3.09264072 15.60723562 -11.43277200 9.38570151 -8.13585098 6.83657485 -6.40217769 5.53309188 -4.72993054 3.91208918 -3.63130790 2.63557934 -3.12036504 
2.86776955 13.35736490 -8.44426902 5.97220176 -4.52947079 3.20308761 -2.86412459 2.17683689 -1.61373501 1.07068419 -1.08489458 0.39156324 -1.17846644 
2.84373705 13.58801129 -8.72873588 6.27415749 -4.82598878 3.48110683 -3.11622938 2.39975950 -1.80692729 1.23556956 -1.22356669 0.50662569 -1.27239785 
2.62416990 9.70970010 -4.59120590 2.42168967 -1.47059616 0.65242538 -0.78637809 0.51077421 -0.29290073 0.02499475 -0.26054113 -0.25796621 -0.67336656 
2.22712121 12.69845264 -7.65871540 5.16506170 -3.76152663 2.50438696 -2.24864736 1.64754093 -1.16706471 0.69866669 -0.77900966 0.14286037 -0.97931666 
2.18609982 12.00254098 -6.87229550 4.39763910 -3.06717558 1.90211543 -1.74199326 1.23067498 -0.82980959 0.42826453 -0.56422090 -0.02664715 -0.84736277 
1.71734516 15.51472946 -11.30049186 9.22390318 -7.95355540 6.64157875 -6.20133247 5.33227524 -4.53409127 3.72525296 -3.45671969 2.47570413 -2.97698706 
1.23127054 9.21755231 -4.16300291 2.09625754 -1.23965965 0.49192548 -0.67664880 0.43627352 -0.24250438 -0.01055574 -0.23483877 -0.27759844 -0.65872807 
1.08543259 10.12264279 -4.96717736 2.71996924 -1.69123511 0.81142092 -0.89869343 0.58927509 -0.34743275 0.06394464 -0.28884092 -0.23659329 -0.68923606 
1.44492974 15.48601823 -11.25959677 9.17406736 -7.89760460 6.58193076 -6.14009243 5.27123142 -4.47473388 3.66877985 -3.40408536 2.42762261 -2.93396588 
1.35540744 15.47487786 -11.24374949 9.15477913 -7.87597505 6.55889764 -6.11646975 5.24770839 -4.45188287 3.64705906 -3.38385849 2.40916029 -2.91745924 
1.26169179 15.46218776 -11.22571175 9.13284097 -7.85139123 6.53273604 -6.08965568 5.22102375 -4.42597564 3.62244671 -3.36095080 2.38826117 -2.89878249 
1.69551544 11.58062786 -6.41697010 3.97264255 -2.69901905 1.59565177 -1.49418442 1.03435199 -0.67658838 0.30919868 -0.47219829 -0.09770942 -0.79316632 
1.99791845 15.57737241 -11.38998261 9.33326430 -8.07666386 6.77315558 -6.33674925 5.46757088 -4.66593906 3.85095460 -3.57410620 2.58313393 -3.07327705 
1.95314607 15.57589481 -11.38786757 9.33067483 -8.07374371 6.77002930 -6.33352656 5.46434615 -4.66279195 3.84795009 -3.57129682 2.58055973 -3.07096716 
1.90734855 15.57431487 -11.38560626 9.32790654 -8.07062217 6.76668771 -6.33008220 5.46089987 -4.65942886 3.84473960 -3.56829503 2.57780941 -3.06849936 
1.86047784 15.57262296 -11.38318494 9.32494265 -8.06728040 6.76311068 -6.32639548 5.45721139 -4.65582969 3.84130401 -3.56508300 2.57486663 -3.06585904 
1.42984631 10.03830229 -4.88914910 2.65712375 -1.64406875 0.77699607 -0.87409223 0.57190147 -0.33524927 0.05519727 -0.28246832 -0.24139478 -0.68567326 
0.67072751 15.35199174 -11.06971031 8.94382930 -7.64035736 6.30893620 -5.86103449 4.99422621 -4.20644894 3.41448475 -3.16791116 2.21259056 -2.74216523 
0.53749308 15.31822778 -11.02213908 8.88645196 -7.57657221 6.24157163 -5.79249107 4.92648720 -4.14111866 3.35280752 -3.11084451 2.16081631 -2.69613909 
0.39475760 15.27756439 -10.96498916 8.81768370 -7.50029676 6.16118938 -5.71087123 4.84598494 -4.06362569 3.27977832 -3.04338856 2.09971342 -2.64190161 
0.24106343 15.22803527 -10.89558926 8.73441459 -7.40819199 6.06438069 -5.61282022 4.74951049 -3.97097223 3.19265265 -2.96307822 2.02710820 -2.57757282 
0.07459007 15.16693535 -10.81029529 8.63243737 -7.29577809 5.94660976 -5.49391069 4.63286355 -3.85926619 3.08789566 -2.86676339 1.94024413 -2.50078661 
0.83465327 9.09524291 -4.05993395 2.02027058 -1.18730620 0.45645332 -0.65294279 0.42049478 -0.23202436 -0.01790221 -0.22953182 -0.28170263 -0.65565275 
1.76825265 11.59926478 -6.43674234 3.99079551 -2.71449176 1.60833697 -1.50429303 1.04224974 -0.68267155 0.31387366 -0.47577763 -0.09496412 -0.79524663 
2.08094356 15.60242563 -11.42587448 9.37724240 -8.12629610 6.82632977 -6.39160115 5.52249381 -4.71957378 3.90218932 -3.62204008 2.62707798 -3.11272860 
2.41014531 12.79927529 -7.77632486 5.28336579 -3.87175724 2.60268088 -2.33355176 1.71917971 -1.22641984 0.74727287 -0.81835521 0.17440831 -1.00424505 
3.17561577 11.35070112 -6.17562088 3.75330684 -2.51390973 1.44528070 -1.37539723 0.94230407 -0.60623275 0.25546864 -0.43127268 -0.12899075 -0.76953955 
3.69520016 14.30801661 -9.64873837 7.28481849 -5.85242619 4.47529469 -4.04677455 3.24833677 -2.56458503 1.90062625 -1.79793622 0.99510878 -1.68072786 
4.15123485 13.15091698 -8.19383253 5.71058670 -4.27654789 2.96946578 -2.65532967 1.99478059 -1.45807038 0.93947949 -0.97582877 0.30202304 -1.10610776 
4.62154715 13.75371506 -8.93616387 6.49751262 -5.04840476 3.69245616 -3.31038029 2.57360163 -1.95941125 1.36718287 -1.33542878 0.60034583 -1.34961734 
