9.60664001 0.34475700 -0.11528201 -0.01239855 -0.12520256 -0.18987316 -0.26194728 0.17419433 -0.09201742 -0.13465830 -0.14694281 -0.36832121 -0.58959578 
3.09337623 13.75730916 -8.94069136 6.50241738 -5.05331779 3.69715120 -3.31471696 2.57750526 -1.96285273 1.37016747 -1.33797683 0.60248945 -1.35139052 
3.08632453 13.82624603 -9.02776513 6.59699183 -5.14829206 3.78813278 -3.39895281 2.65350353 -2.03000165 1.42852270 -1.38789408 0.64455999 -1.38625116 
3.27410996 15.60999040 -11.43672330 9.39054849 -8.14132701 6.84244765 -6.40824168 5.53916935 -4.73587069 3.91776822 -3.63662521 2.64045763 -3.12474762 
3.27410996 15.60999040 -11.43672330 9.39054849 -8.14132701 6.84244765 -6.40824168 5.53916935 -4.73587069 3.91776822 -3.63662521 2.64045763 -3.12474762 
3.27410996 15.60999040 -11.43672330 9.39054849 -8.14132701 6.84244765 -6.40824168 5.53916935 -4.73587069 3.91776822 -3.63662521 2.64045763 -3.12474762 
3.27410996 15.60999040 -11.43672330 9.39054849 -8.14132701 6.84244765 -6.40824168 5.53916935 -4.73587069 3.91776822 -3.63662521 2.64045763 -3.12474762 
3.27410996 15.60999040 -11.43672330 9.39054849 -8.14132701 6.84244765 -6.40824168 5.53916935 -4.73587069 3.91776822 -3.63662521 2.64045763 -3.12474762 
3.27410996 15.60999040 -11.43672330 9.39054849 -8.14132701 6.84244765 -6.40824168 5.53916935 -4.73587069 3.91776822 -3.63662521 2.64045763 -3.12474762 
3.08060703 13.74066377 -8.91973326 6.47972350 -5.03059597 3.67544702 -3.29467798 2.55947468 -1.94696306 1.35639237 -1.32622067 0.59260243 -1.34321462 
3.07350618 13.81002816 -9.00724043 6.57465718 -5.12582189 3.76656939 -3.37895419 2.63543086 -2.01400806 1.41460291 -1.37597037 0.63449756 -1.37790284 
3.26237972 15.60999040 -11.43672330 9.39054849 -8.14132701 6.84244765 -6.40824168 5.53916935 -4.73587069 3.91776822 -3.63662521 2.64045763 -3.12474762 
3.26237972 15.60999040 -11.43672330 9.39054849 -8.14132701 6.84244765 -6.40824168 5.53916935 -4.73587069 3.91776822 -3.63662521 2.64045763 -3.12474762 
3.06775674 13.72379400 -8.89851906 6.45677987 -5.00765098 3.65355430 -3.27448696 2.54132646 -1.93098597 1.34255470 -1.31442170 0.58268764 -1.33502229 
3.06060606 13.79358955 -8.98646151 6.55207220 -5.10312567 3.74481285 -3.35879777 2.61723427 -1.99792069 1.40061449 -1.36399833 0.62440255 -1.36953399 
3.05482434 13.70669570 -8.87704461 6.43358301 -4.98448029 3.63147142 -3.25414309 2.52306044 -1.91492175 1.32865499 -1.30258061 0.57274584 -1.32681423 
2.80381370 15.60631424 -11.43145056 9.38408072 -8.13402003 6.83461143 -6.40015054 5.53106041 -4.72794515 3.91019121 -3.62953096 2.63394924 -3.11890067 
2.78896235 15.60625930 -11.43137178 9.38398409 -8.13391087 6.83449438 -6.40002969 5.53093931 -4.72782679 3.91007807 -3.62942504 2.63385206 -3.11881338 
2.77399990 15.60620312 -11.43129121 9.38388527 -8.13379925 6.83437468 -6.39990611 5.53081547 -4.72770576 3.90996237 -3.62931672 2.63375270 -3.11872413 
2.51117407 12.76494399 -7.73617267 5.24287473 -3.83393684 2.56887734 -2.30428729 1.69443430 -1.20587523 0.73041748 -0.80468807 0.16343364 -0.99556108 
2.48188977 13.03327863 -8.05289091 5.56511049 -4.13754509 2.84250421 -2.54308845 1.89793647 -1.37609702 0.87102783 -0.91941728 0.25607021 -1.06924747 
2.71300495 15.60596523 -11.43095005 9.38346684 -8.13332658 6.83386783 -6.39938283 5.53029109 -4.72719330 3.90947249 -3.62885809 2.63333198 -3.11834619 
2.69746107 15.60590225 -11.43085974 9.38335608 -8.13320146 6.83373367 -6.39924432 5.53015229 -4.72705764 3.90934282 -3.62873669 2.63322061 -3.11824615 
2.68179543 15.60583779 -11.43076729 9.38324269 -8.13307338 6.83359633 -6.39910253 5.53001020 -4.72691879 3.90921008 -3.62861242 2.63310662 -3.11814375 
2.66600612 15.60577179 -11.43067264 9.38312661 -8.13294225 6.83345573 -6.39895737 5.52986474 -4.72677663 3.90907419 -3.62848520 2.63298991 -3.11803891 
2.65009117 15.60570421 -11.43057572 9.38300774 -8.13280798 6.83331174 -6.39880872 5.52971578 -4.72663106 3.90893503 -3.62835492 2.63287041 -3.11793156 
2.63404856 15.60563499 -11.43047646 9.38288599 -8.13267045 6.83316428 -6.39865648 5.52956322 -4.72648197 3.90879251 -3.62822150 2.63274801 -3.11782162 
2.61787623 15.60556408 -11.43037477 9.38276128 -8.13252957 6.83301322 -6.39850052 5.52940694 -4.72632924 3.90864652 -3.62808482 2.63262263 -3.11770899 
2.60157206 15.60549142 -11.43027057 9.38263349 -8.13238523 6.83285844 -6.39834073 5.52924682 -4.72617276 3.90849694 -3.62794479 2.63249418 -3.11759360 
2.85653680 13.51745224 -8.64118704 6.18068727 -4.73368424 3.39409464 -3.03691696 2.32927613 -1.74555036 1.18295182 -1.17912971 0.46961401 -1.24207375 
2.85022562 13.41962382 -8.52056877 6.05269491 -4.60803884 3.27632773 -2.93016405 2.23491325 -1.66380093 1.11320430 -1.12049008 0.42097356 -1.20237845 
2.84217269 13.49684326 -8.61570308 6.15356951 -4.70699097 3.36900969 -3.01412044 2.30907615 -1.72800939 1.16795339 -1.16649415 0.45911348 -1.23348903 
2.83582292 13.39820896 -8.49428378 6.02492398 -4.58089269 3.25098724 -2.90728414 2.21476606 -1.64641094 1.09841816 -1.10809856 0.41072514 -1.19403816 
2.82770612 13.47592719 -8.58987977 6.12613202 -4.68002270 3.34370204 -2.99115297 2.28875159 -1.71038269 1.15289951 -1.15382595 0.44859652 -1.22489923 
3.03854389 15.60999040 -11.43672330 9.39054849 -8.14132701 6.84244765 -6.40824168 5.53916935 -4.73587069 3.91776822 -3.63662521 2.64045763 -3.12474762 
2.82131731 13.37647632 -8.46765226 5.99683121 -4.55347413 3.22543014 -2.88424160 2.19450364 -1.62894467 1.08358546 -1.09568231 0.40046704 -1.18569835 
2.53499286 15.60518216 -11.42982708 9.38208957 -8.13177084 6.83219965 -6.39766061 5.52856530 -4.72550674 3.90786028 -3.62734876 2.63194744 -3.11710247 
2.23985770 12.23864798 -7.13415688 4.64854899 -3.29013855 2.09220463 -1.89924786 1.35798504 -0.93122048 0.50845822 -0.62713956 0.02250214 -0.88525431 
2.20575691 12.53574373 -7.47088176 4.97800446 -3.58893148 2.35190589 -2.11811218 1.53834421 -1.07733118 0.62572518 -0.72036000 0.09610533 -0.94257366 
2.46612076 15.60483990 -11.42933627 9.38148764 -8.13109092 6.83147061 -6.39690798 5.52781113 -4.72476974 3.90715579 -3.62668924 2.63134245 -3.11655904 
2.73867191 13.34361328 -8.42746458 5.95452299 -4.51226165 3.18708720 -2.84973366 2.16421209 -1.60287705 1.06148280 -1.07720735 0.38522352 -1.17332106 
2.73203901 13.23902650 -8.30023328 5.82125081 -4.38307690 3.06746057 -2.74256044 2.07054596 -1.52261088 0.99369044 -1.02074718 0.33879212 -1.13573841 
2.43077444 15.60465491 -11.42907099 9.38116231 -8.13072345 6.83107659 -6.39650122 5.52740354 -4.72437143 3.90677505 -3.62633282 2.63101550 -3.11626535 
2.70810480 13.29674245 -8.37032026 5.89453882 -4.45399730 3.13302740 -2.80120932 2.12172539 -1.56640440 1.03062802 -1.05147137 0.36402990 -1.15614406 
2.93040944 15.60999040 -11.43672330 9.39054849 -8.14132701 6.84244765 -6.40824168 5.53916935 -4.73587069 3.91776822 -3.63662521 2.64045763 -3.12474762 
2.70138659 13.19034798 -8.24136053 5.75993006 -4.32396383 3.01300957 -2.69402707 2.02833857 -1.48661321 0.96342045 -0.99564003 0.31822097 -1.11914634 
2.69264709 13.27275442 -8.34115310 5.86400173 -4.42441101 3.10564288 -2.77668674 2.10030288 -1.54805448 1.01513600 -1.03857385 0.35342696 -1.14756463 
2.68588546 13.16543704 -8.21131750 5.72872279 -4.29395986 2.98544204 -2.66951593 2.00707285 -1.46851750 0.94823600 -0.98307002 0.30794005 -1.11086797 
2.37655536 15.60435817 -11.42864548 9.38064046 -8.13013402 6.83044460 -6.39584879 5.52674979 -4.72373258 3.90616439 -3.62576115 2.63049112 -3.11579433 
2.66137459 13.22363241 -8.28159167 5.80181023 -4.36431379 3.05015747 -2.72712073 2.05710436 -1.51113512 0.98403149 -1.01272863 0.33221704 -1.13043115 
2.65452451 13.11442970 -8.14998071 5.66518776 -4.23304189 2.92961736 -2.62000619 1.96422345 -1.43214098 0.91777770 -0.95790642 0.28739593 -1.09435383 
2.64555616 13.19848142 -8.25118201 5.77014462 -4.33379624 3.02205385 -2.70207750 2.03533051 -1.49256896 0.96842274 -0.99978466 0.32161349 -1.12188011 
2.63866105 13.08831574 -8.11867144 5.63284910 -4.20212183 2.90135811 -2.59500843 1.94264248 -1.41386388 0.90250787 -0.94531673 0.27713623 -1.08612105 
2.62961379 13.17292536 -8.22034252 5.73809150 -4.30296166 2.99370788 -2.67686106 2.01344185 -1.47393417 0.95277896 -0.98682904 0.31101324 -1.11334158 
2.62267308 13.06178279 -8.08692428 5.60012226 -4.17089035 2.87286630 -2.56984943 1.92095927 -1.39553017 0.88721372 -0.93272447 0.26688717 -1.07790651 
2.61354555 13.14695510 -8.18906503 5.70564506 -4.27180672 2.96511833 -2.65147169 1.99143969 -1.45523259 0.93710219 -0.97386380 0.30041812 -1.10481715 
2.60655870 13.03482140 -8.05473102 5.56700160 -4.13934442 2.84414103 -2.54452982 1.89917541 -1.37714192 0.87189745 -0.92013173 0.25665059 -1.06971179 
2.28279025 15.60380560 -11.42785313 9.37966878 -8.12903651 6.82926786 -6.39463402 5.52553260 -4.72254314 3.90502747 -3.62469684 2.62951486 -3.11491742 
2.26349794 15.60368536 -11.42768073 9.37945735 -8.12879771 6.82901183 -6.39436972 5.52526778 -4.72228436 3.90478011 -3.62446529 2.62930247 -3.11472664 
2.56456577 13.06646358 -8.09252022 5.60588620 -4.17638654 2.87787656 -2.57427037 1.92476674 -1.39874730 0.88989580 -0.93493145 0.26868255 -1.07934479 
2.55743699 12.95126800 -7.95538967 5.46521881 -4.04278994 2.75655653 -2.46761505 1.83323729 -1.32167209 0.82583906 -0.88237250 0.22603497 -1.04526266 
2.22434592 15.60343414 -11.42732050 9.37901560 -8.12829878 6.82847688 -6.39381751 5.52471447 -4.72174369 3.90426332 -3.62398152 2.62885873 -3.11432806 
2.20447869 15.60330286 -11.42713226 9.37878477 -8.12803807 6.82819736 -6.39352897 5.52442537 -4.72146118 3.90399330 -3.62372875 2.62862688 -3.11411981 
2.51437963 12.98188808 -7.99172094 5.50236920 -4.07796374 2.78840358 -2.49553227 1.85712900 -1.34173742 0.84247461 -0.89599141 0.23706359 -1.05405950 
2.75638669 15.60999040 -11.43672330 9.39054849 -8.14132701 6.84244765 -6.40824168 5.53916935 -4.73587069 3.91776822 -3.63662521 2.64045763 -3.12474762 
2.50710352 12.86349080 -7.85171888 5.35968002 -3.94329795 2.66684549 -2.38928693 1.76646037 -1.26579534 0.77966829 -0.84469022 0.19560260 -1.02105119 
2.49737265 12.95273845 -7.95713242 5.46699890 -4.04447352 2.75807933 -2.46894863 1.83437749 -1.32262881 0.82663158 -0.88302081 0.22655962 -1.04568087 
2.49004619 12.83324121 -7.81615628 5.32363727 -3.90946752 2.63646704 -2.36286911 1.74402519 -1.24709157 0.76426542 -0.83215792 0.18550896 -1.01304158 
2.14366476 15.60288449 -11.42653239 9.37804916 -8.12720725 6.82730662 -6.39260949 5.52350409 -4.72056096 3.90313286 -3.62292330 2.62788809 -3.11345623 
2.46292750 12.89293329 -7.88641342 5.39492218 -3.97644962 2.69667679 -2.41528145 1.78857906 -1.28426962 0.79490798 -0.85710899 0.20561845 -1.02900936 
2.71040765 15.60999040 -11.43672330 9.39054849 -8.14132701 6.84244765 -6.40824168 5.53916935 -4.73587069 3.91776822 -3.63662521 2.64045763 -3.12474762 
2.45549839 12.77118478 -7.74346354 5.25021930 -3.84078986 2.57499645 -2.30957967 1.69890530 -1.20958396 0.73345780 -0.80715151 0.16541052 -0.99712439 
2.10206993 15.60258339 -11.42610068 9.37751978 -8.12660937 6.82666562 -6.39194783 5.52284115 -4.71991318 3.90251371 -3.62234373 2.62735649 -3.11297875 
2.08094356 15.60242563 -11.42587448 9.37724240 -8.12629610 6.82632977 -6.39160115 5.52249381 -4.71957378 3.90218932 -3.62204008 2.62707798 -3.11272860 
2.05959165 15.60226277 -11.42564098 9.37695608 -8.12597274 6.82598309 -6.39124330 5.52213528 -4.71922345 3.90185448 -3.62172665 2.62679050 -3.11247039 
2.39224391 12.76695026 -7.73851613 5.24523507 -3.83613887 2.57084325 -2.30598735 1.69587031 -1.20706625 0.73139373 -0.80547900 0.16406829 -0.99606291 
2.38460151 12.64048226 -7.59151534 5.09787202 -3.69929059 2.44920125 -2.20123687 1.60774600 -1.13425719 0.67192122 -0.75744833 0.12563335 -0.96574998 
2.37418444 12.73404935 -7.70013234 5.20661998 -3.80015497 2.53875270 -2.27826551 1.67247772 -1.18768314 0.71551971 -0.79262859 0.15376411 -0.98792044 
2.36648699 12.60635373 -7.55209713 5.05859831 -3.66303710 2.41715952 -2.17379614 1.58478269 -1.11538052 0.65657251 -0.74510384 0.11579037 -0.95801326 
2.35596414 12.70055804 -7.66116182 5.16751333 -3.76380258 2.50640937 -2.25038838 1.64900516 -1.16827410 0.69965428 -0.77980704 0.14349830 -0.97981967 
2.61515156 15.60999040 -11.43672330 9.39054849 -8.14132701 6.84244765 -6.40824168 5.53916935 -4.73587069 3.91776822 -3.63662521 2.64045763 -3.12474762 
2.34821092 12.57161478 -7.51208347 5.01883630 -3.62642717 2.38488174 -2.14621832 1.56175680 -1.09649322 0.64124491 -0.73279790 0.10599283 -0.95032318 
2.33758019 12.66646136 -7.62159257 5.12790788 -3.72707882 2.47381355 -2.22235831 1.62545600 -1.14884286 0.68380100 -0.76701752 0.13327348 -0.97176270 
2.59882494 15.60999040 -11.43672330 9.39054849 -8.14132701 6.84244765 -6.40824168 5.53916935 -4.73587069 3.91776822 -3.63662521 2.64045763 -3.12474762 
2.59882494 15.60999040 -11.43672330 9.39054849 -8.14132701 6.84244765 -6.40824168 5.53916935 -4.73587069 3.91776822 -3.63662521 2.64045763 -3.12474762 
2.59882494 15.60999040 -11.43672330 9.39054849 -8.14132701 6.84244765 -6.40824168 5.53916935 -4.73587069 3.91776822 -3.63662521 2.64045763 -3.12474762 
2.59882494 15.60999040 -11.43672330 9.39054849 -8.14132701 6.84244765 -6.40824168 5.53916935 -4.73587069 3.91776822 -3.63662521 2.64045763 -3.12474762 
2.59882494 15.60999040 -11.43672330 9.39054849 -8.14132701 6.84244765 -6.40824168 5.53916935 -4.73587069 3.91776822 -3.63662521 2.64045763 -3.12474762 
2.59882494 15.60999040 -11.43672330 9.39054849 -8.14132701 6.84244765 -6.40824168 5.53916935 -4.73587069 3.91776822 -3.63662521 2.64045763 -3.12474762 
2.59882494 15.60999040 -11.43672330 9.39054849 -8.14132701 6.84244765 -6.40824168 5.53916935 -4.73587069 3.91776822 -3.63662521 2.64045763 -3.12474762 
2.59882494 15.60999040 -11.43672330 9.39054849 -8.14132701 6.84244765 -6.40824168 5.53916935 -4.73587069 3.91776822 -3.63662521 2.64045763 -3.12474762 
2.32977048 12.53624993 -7.47146237 4.97857908 -3.58945845 2.35236876 -2.11850621 1.53867205 -1.07759921 0.62594205 -0.72053364 0.09624326 -0.94268170 
2.31902970 12.63174379 -7.58141231 5.08779626 -3.68998087 2.44096569 -2.19417777 1.60183381 -1.12939330 0.66796355 -0.75426324 0.12309229 -0.96375163 
2.58236394 15.60999040 -11.43672330 9.39054849 -8.14132701 6.84244765 -6.40824168 5.53916935 -4.73587069 3.91776822 -3.63662521 2.64045763 -3.12474762 
2.58236394 15.60999040 -11.43672330 9.39054849 -8.14132701 6.84244765 -6.40824168 5.53916935 -4.73587069 3.91776822 -3.63662521 2.64045763 -3.12474762 
2.85500391 13.42669259 -8.52925447 6.06188117 -4.61702752 3.28472668 -2.93775459 2.24160328 -1.66958047 1.11812244 -1.12461486 0.42438732 -1.20515845 
2.86130232 13.52425472 -8.64960730 6.18965628 -4.74252141 3.40240709 -3.04447791 2.33598172 -1.75137815 1.18793877 -1.18333408 0.47311032 -1.24493400 
2.86927163 13.44769366 -8.55508671 6.08923009 -4.64381501 3.30978065 -2.96041812 2.26159603 -1.68686716 1.13284451 -1.13697132 0.43462084 -1.21349758 
2.87553204 13.54446384 -8.67464797 6.21635497 -4.76885282 3.42719772 -3.06704735 2.35601515 -1.76880349 1.20286150 -1.19592417 0.48358705 -1.25351020 
2.61515156 15.60999040 -11.43672330 9.39054849 -8.14132701 6.84244765 -6.40824168 5.53916935 -4.73587069 3.91776822 -3.63662521 2.64045763 -3.12474762 
2.61515156 15.60999040 -11.43672330 9.39054849 -8.14132701 6.84244765 -6.40824168 5.53916935 -4.73587069 3.91776822 -3.63662521 2.64045763 -3.12474762 
2.34821092 12.57161478 -7.51208347 5.01883630 -3.62642717 2.38488174 -2.14621832 1.56175680 -1.09649322 0.64124491 -0.73279790 0.10599283 -0.95032318 
1.97182884 15.60155582 -11.42462740 9.37571325 -8.12456915 6.82447835 -6.38969012 5.52057916 -4.71770297 3.90040127 -3.62036638 2.62554287 -3.11134981 
1.94927293 15.60136393 -11.42435230 9.37537593 -8.12418821 6.82406997 -6.38926860 5.52015685 -4.71729034 3.90000690 -3.61999725 2.62520431 -3.11104573 
2.30030971 12.59638934 -7.54060845 5.04717105 -3.65250599 2.40786642 -2.16584949 1.57814230 -1.10992944 0.65214573 -0.74154752 0.11295744 -0.95578857 
2.84063518 13.40538224 -8.50308365 6.03421649 -4.58997152 3.25945807 -2.91492884 2.22149462 -1.65221613 1.10335211 -1.11223188 0.41414242 -1.19681826 
3.27833972 13.91518241 -9.14075738 6.72040984 -5.27291392 3.90814686 -3.51063893 2.75476828 -2.11990330 1.50700239 -1.45531060 0.70160286 -1.43369643 
3.12434543 11.37454955 -6.20043201 3.77566222 -2.53261910 1.46036054 -1.38722125 0.95140215 -0.61314083 0.26071596 -0.43525195 -0.12595785 -0.77182408 
2.34821092 12.57161478 -7.51208347 5.01883630 -3.62642717 2.38488174 -2.14621832 1.56175680 -1.09649322 0.64124491 -0.73279790 0.10599283 -0.95032318 
2.33758019 12.66646136 -7.62159257 5.12790788 -3.72707882 2.47381355 -2.22235831 1.62545600 -1.14884286 0.68380100 -0.76701752 0.13327348 -0.97176270 
2.86927163 13.44769366 -8.55508671 6.08923009 -4.64381501 3.30978065 -2.96041812 2.26159603 -1.68686716 1.13284451 -1.13697132 0.43462084 -1.21349758 
3.08836726 15.60722384 -11.43275509 9.38568078 -8.13582756 6.83654973 -6.40215175 5.53306589 -4.72990514 3.91206490 -3.63128517 2.63555849 -3.12034630 
2.88966258 13.56438004 -8.69936289 6.24274466 -4.79491640 3.45176960 -3.08944717 2.37592338 -1.78614121 1.21772619 -1.20847876 0.49404455 -1.26207872 
2.89750959 13.48879247 -8.60575864 6.14299852 -4.69659602 3.35925056 -3.00525998 2.30123207 -1.72120385 1.16213907 -1.16159958 0.45504880 -1.23016818 
2.90369529 13.58400917 -8.72375770 6.26882981 -4.82071520 3.47612443 -3.11167798 2.39570625 -1.80339057 1.23253184 -1.22099672 0.50448167 -1.27063850 
2.64741032 15.60999040 -11.43672330 9.39054849 -8.14132701 6.84244765 -6.40824168 5.53916935 -4.73587069 3.91776822 -3.63662521 2.64045763 -3.12474762 
2.64741032 15.60999040 -11.43672330 9.39054849 -8.14132701 6.84244765 -6.40824168 5.53916935 -4.73587069 3.91776822 -3.63662521 2.64045763 -3.12474762 
2.91148253 13.50890208 -8.63060958 6.16942676 -4.72259526 3.38366953 -3.02743915 2.32087463 -1.73825210 1.17670928 -1.17386894 0.46524086 -1.23849747 
2.91763150 13.60335688 -8.74783789 6.29461484 -4.84625223 3.50026395 -3.13374045 2.41536360 -1.82055091 1.24727746 -1.23347693 0.51489733 -1.27918852 
2.92535985 13.52872616 -8.65514449 6.19555674 -4.74833746 3.40787988 -3.04945777 2.34039981 -1.75521921 1.19122670 -1.18610689 0.47541679 -1.24682137 
3.13905584 15.60736046 -11.43295104 9.38592113 -8.13609908 6.83684091 -6.40245238 5.53336717 -4.73019959 3.91234639 -3.63154872 2.63580026 -3.12056350 
3.15152977 15.60739304 -11.43299776 9.38597843 -8.13616382 6.83691033 -6.40252406 5.53343900 -4.73026980 3.91241351 -3.63161156 2.63585791 -3.12061529 
2.95887402 13.65976609 -8.81824405 6.37021200 -4.92132240 3.57140797 -3.19892488 2.47358193 -1.87149182 1.29114516 -1.27068076 0.54600495 -1.30477002 
2.96643084 13.58654016 -8.72690580 6.27219875 -4.82404976 3.47927471 -3.11455561 2.39826880 -1.80562646 1.23445218 -1.22262130 0.50583695 -1.27175058 
3.17624664 15.60745640 -11.43308864 9.38608990 -8.13628974 6.83704537 -6.40266349 5.53357873 -4.73040636 3.91254406 -3.63173379 2.63597005 -3.12071603 
2.98590971 13.69606282 -8.86370410 6.41918684 -4.97011430 3.61779265 -3.24155290 2.51176606 -1.90499716 1.32007444 -1.29527631 0.56661735 -1.32175782 
2.99335627 13.62375354 -8.77326138 6.32187733 -4.87329034 3.52585675 -3.15716165 2.43625787 -1.83881318 1.26298775 -1.24678777 0.52601709 -1.28832507 
2.99929336 13.71383333 -8.88600573 6.44325942 -4.99414241 3.64067685 -3.26262084 2.53066991 -1.92161194 1.33444209 -1.30750929 0.57688295 -1.33022906 
3.00668597 13.64197652 -8.79600829 6.34630361 -4.89754850 3.54884816 -3.17822882 2.45507510 -1.85527942 1.27716859 -1.25881517 0.53607426 -1.29659608 
3.41309230 14.07220775 -9.34206722 6.94222044 -5.49880212 4.12747077 -3.71637263 2.94274705 -2.28803240 1.65480098 -1.58311644 0.81041128 -1.52473328 
3.59409799 15.60332501 -11.42716403 9.37882372 -8.12808206 6.82824453 -6.39357766 5.52447415 -4.72150885 3.90403886 -3.62377140 2.62866600 -3.11415495 
3.61393238 15.60345564 -11.42735133 9.37905341 -8.12834148 6.82852267 -6.39386478 5.52476183 -4.72178996 3.90430756 -3.62402293 2.62889671 -3.11436218 
3.47058721 14.32331205 -9.66881141 7.30743920 -5.87597317 4.49864405 -4.06912917 3.26916992 -2.58357652 1.91762408 -1.81288707 1.00804169 -1.69171464 
3.29544669 15.60774094 -11.43349674 9.38659048 -8.13685525 6.83765183 -6.40328966 5.53420626 -4.73101968 3.91313040 -3.63228275 2.63647367 -3.12116845 
3.11592173 13.86325180 -9.07469036 6.64815208 -5.19985806 3.83770589 -3.44500806 2.69519304 -2.06695466 1.46073290 -1.41552480 0.66790850 -1.40564691 
3.34862796 11.76294703 -6.61174697 4.15267134 -2.85347549 1.72306164 -1.59631209 1.11458829 -0.73871480 0.35715260 -0.50904846 -0.06937281 -0.81469144 
3.83207254 14.43671911 -9.81833183 7.47668912 -6.05291952 4.67483965 -4.23850370 3.42763774 -2.72858376 2.04787535 -1.92784368 1.10780161 -1.77672299 
3.85243324 14.70143347 -10.17208399 7.88235482 -6.48242885 5.10776458 -4.65961526 3.82616568 -3.09730562 2.38256037 -2.22618193 1.36913907 -2.00142230 
3.56349481 14.41100533 -9.78432307 7.43807655 -6.01243268 4.63441108 -4.19953430 3.39108173 -2.69504816 2.01768020 -1.90113369 1.08457315 -1.75688905 
3.39697144 15.60795796 -11.43380801 9.38697230 -8.13728660 6.83811441 -6.40376728 5.53468493 -4.73148752 3.91357765 -3.63270151 2.63685783 -3.12151357 
3.40794031 15.60798012 -11.43383979 9.38701128 -8.13733064 6.83816164 -6.40381605 5.53473380 -4.73153529 3.91362332 -3.63274426 2.63689706 -3.12154881 
3.59971526 14.27026295 -9.59928679 7.22919288 -5.79462634 4.41807842 -3.99208712 3.19745355 -2.51827196 1.85923587 -1.76158104 0.96370162 -1.65408022 
3.76590076 15.60437530 -11.42867004 9.38067058 -8.13016804 6.83048108 -6.39588644 5.52678752 -4.72376945 3.90619964 -3.62579414 2.63052139 -3.11582151 
3.63290335 14.47329127 -9.86680963 7.53184740 -6.11087574 4.73282843 -4.29450812 3.48027248 -2.77695699 2.09150484 -1.96650021 1.14147090 -1.80551404 
3.64862896 14.31861803 -9.66264884 7.30049193 -5.86873884 4.49146797 -4.06225652 3.26276296 -2.57773413 1.91239347 -1.80828508 1.00405980 -1.68833109 
3.81111653 15.60462311 -11.42902540 9.38110638 -8.13066028 6.83100887 -6.39643130 5.52733348 -4.72430297 3.90670961 -3.62627155 2.63095931 -3.11621488 
3.82892045 15.60471766 -11.42916099 9.38127267 -8.13084811 6.83121026 -6.39663920 5.52754181 -4.72450655 3.90690421 -3.62645373 2.63112641 -3.11636498 
3.84656728 15.60480974 -11.42929303 9.38143460 -8.13103102 6.83140638 -6.39684167 5.52774468 -4.72470480 3.90709372 -3.62663114 2.63128915 -3.11651116 
3.71876256 14.54665069 -9.96443243 7.64334263 -6.22845677 4.85089087 -4.40892079 3.58815718 -2.87642314 2.18148787 -2.04645566 1.21129904 -1.86537920 
3.73378687 14.39942746 -9.76903075 7.42073637 -5.99427349 4.61629978 -4.18209700 3.37474274 -2.68007543 2.00421274 -1.88923227 1.07423253 -1.74806731 
4.03337218 14.60696332 -10.04507551 7.73586644 -6.32646416 4.94971942 -4.50509001 3.67920150 -2.96068571 2.25799448 -2.11467152 1.27106846 -1.91678008 
4.30098062 14.76346737 -10.25594518 7.97959060 -6.58648644 5.21373000 -4.76371472 3.92562710 -3.19017542 2.46759123 -2.30260384 1.43660217 -2.05985615 
4.43363390 15.59849267 -11.42023621 9.37032946 -8.11848965 6.81796139 -6.38296400 5.51384095 -4.71111967 3.89410973 -3.61447770 2.62014220 -3.10649946 
4.45966354 15.59878704 -11.42065817 9.37084676 -8.11907375 6.81858748 -6.38361013 5.51448819 -4.71175200 3.89471399 -3.61504324 2.62066084 -3.10696523 
4.37844235 15.05571074 -10.65593489 8.44890986 -7.09454990 5.73686954 -5.28318383 4.42712198 -3.66312895 2.90474542 -2.69905396 1.78956680 -2.36807172 
4.40311481 14.83127752 -10.34803329 8.08683204 -6.70173769 5.33157136 -4.87993608 4.03709151 -3.29463218 2.56356155 -2.38914066 1.51323067 -2.12642439 
4.52954607 15.59954073 -11.42173856 9.37217130 -8.12056937 6.82019064 -6.38526467 5.51614564 -4.71337127 3.89626145 -3.61649155 2.62198909 -3.10815809 
4.55436446 15.59979605 -11.42210457 9.37262003 -8.12107608 6.82073381 -6.38582526 5.51670723 -4.71391994 3.89678579 -3.61698232 2.62243917 -3.10856231 
4.78172802 13.98621810 -9.23153982 6.82013281 -5.37416799 4.00617662 -3.60233782 2.83832670 -2.19444292 1.57236672 -1.51170084 0.74950609 -1.47369162 
4.88986298 15.29985475 -10.99629765 8.85533509 -7.54203499 6.20515133 -5.75548708 4.88996820 -4.10594486 3.31964206 -3.08019457 2.13303979 -2.67147238 
4.82951153 15.59790050 -11.41938740 9.36928889 -8.11731473 6.81670207 -6.38166437 5.51253910 -4.70984787 3.89289439 -3.61334026 2.61909910 -3.10556271 
4.85620113 15.59821772 -11.41984209 9.36984630 -8.11794410 6.81737665 -6.38236054 5.51323645 -4.71052912 3.89354539 -3.61394953 2.61965783 -3.10606447 
4.79481659 15.24906399 -10.92502634 8.76970233 -7.44718989 6.10533594 -5.65426765 4.79025999 -4.01007890 3.22940049 -2.99692909 2.05769230 -2.60465457 
4.72563868 15.60139636 -11.42439879 9.37543295 -8.12425260 6.82413900 -6.38933984 5.52022823 -4.71736008 3.90007355 -3.62005963 2.62526153 -3.11109712 
4.65444364 15.17456951 -10.82093311 8.64513402 -7.30975093 5.96122526 -5.50864496 4.64729627 -3.87306819 3.10082187 -2.87863295 1.95093631 -2.51022768 
4.67581725 14.99011382 -10.56544743 8.34194409 -6.97791967 5.61595288 -5.16232178 4.30970174 -3.55171972 2.80117933 -2.60462234 1.70506531 -2.29392714 
4.69504926 15.18998899 -10.84243618 8.67081783 -7.33803658 5.99083210 -5.53851207 4.67657062 -3.90108013 3.12707136 -2.90274974 1.97267199 -2.52942929 
4.61607671 15.60459103 -11.42897939 9.38104996 -8.13059655 6.83094053 -6.39636076 5.52726280 -4.72423389 3.90664358 -3.62620974 2.63090261 -3.11616394 
4.63393362 15.60468642 -11.42911619 9.38121773 -8.13078605 6.83114372 -6.39657052 5.52747298 -4.72443929 3.90683992 -3.62639354 2.63107120 -3.11631539 
4.65163250 15.60477932 -11.42924940 9.38138110 -8.13097058 6.83134158 -6.39677477 5.52767765 -4.72463930 3.90703110 -3.62657252 2.63123538 -3.11646286 
4.57183466 15.11327982 -10.73568451 8.54356287 -7.19815680 5.84468450 -5.39133707 4.53255812 -3.76349853 2.99834129 -2.78464811 1.86637437 -2.43564446 
4.48106840 15.60724149 -11.43278041 9.38571183 -8.13586264 6.83658735 -6.40219060 5.53310481 -4.72994318 3.91210127 -3.63131922 2.63558972 -3.12037437 
4.38772990 14.99432618 -10.57124589 8.34878467 -6.98536377 5.62365615 -5.17000770 4.31715583 -3.55878044 2.80773263 -2.61058869 1.71039673 -2.29859883 
4.16271063 14.82669760 -10.34179987 8.07955754 -6.69390384 5.32354574 -4.87200578 4.02947190 -3.28747908 2.55697867 -2.38319548 1.50795839 -2.12183781 
4.03370468 15.60999040 -11.43672330 9.39054849 -8.14132701 6.84244765 -6.40824168 5.53916935 -4.73587069 3.91776822 -3.63662521 2.64045763 -3.12474762 
3.90080801 14.59420272 -10.02798472 7.71622602 -6.30562706 4.92867607 -4.48458303 3.65976000 -2.94266801 2.24161423 -2.10004856 1.25824142 -1.90573694 
3.58978838 14.26027337 -9.58622447 7.21452407 -5.77940876 4.40303786 -3.97773298 3.18411739 -2.50615067 1.84841737 -1.75209061 0.95551256 -1.64714003 
3.21007416 13.75751713 -8.94095337 6.50270126 -5.05360219 3.69742301 -3.31496806 2.57773131 -1.96305204 1.37034034 -1.33812443 0.60261364 -1.35149325 
2.52282420 9.18198974 -4.13289733 2.07396672 -1.22423801 0.48143992 -0.66961970 0.43158257 -0.23938114 -0.01274654 -0.23325631 -0.27881983 -0.65781358 
1.62242513 15.33474444 -11.04539662 8.91448841 -7.60772342 6.27445453 -5.82593338 4.95952189 -4.17296472 3.38286041 -3.13863997 2.18602471 -2.71854099 
1.04581711 -8.39006373 -2.89029142 -1.28153058 -0.68936722 -0.51292286 -0.38954232 0.06933643 -0.16768997 -0.20730735 -0.19196975 -0.41437890 -0.59264068 
2.24294738 3.99419316 -0.94091755 0.23641422 -0.19490326 -0.13383884 -0.29474206 0.19751480 -0.09643301 -0.11915093 -0.15397653 -0.35096466 -0.60204816 
2.50167627 10.51801366 -5.34144946 3.02810991 -1.92750045 0.98721267 -1.02658015 0.68107256 -0.41278149 0.11130218 -0.32353679 -0.21048732 -0.70861431 
2.81735636 -9.11938408 -3.42607992 -1.62912651 -0.90069933 -0.63988671 -0.46348998 0.02319721 -0.19836933 -0.22931091 -0.20745160 -0.42537549 -0.59885383 
4.60784257 6.87330199 -2.41874405 0.94461380 -0.52236473 0.04159392 -0.39369050 0.25676868 -0.12866673 -0.09094577 -0.17585652 -0.32630891 -0.62147167 
5.17271107 15.59320311 -11.41265536 9.36103735 -8.10799928 6.80671875 -6.37136304 5.50222155 -4.69976963 3.88326471 -3.60432886 2.61083595 -3.09814278 
4.71187132 8.58780102 -3.64653290 1.72497016 -0.98991537 0.32602577 -0.56765614 0.36475964 -0.19562838 -0.04334291 -0.21111569 -0.29618203 -0.64473504 
3.21815983 6.82485709 -2.38783081 0.92699579 -0.51288247 0.03624336 -0.39059932 0.25492197 -0.12757868 -0.09176139 -0.17523097 -0.32690375 -0.62100334 
3.66755515 5.28040028 -1.51086147 0.47466153 -0.29071826 -0.08381497 -0.32286793 0.21471629 -0.10485251 -0.11022399 -0.16080626 -0.34202003 -0.60904901 
5.33667202 7.97315356 -3.17642371 1.40837247 -0.78992622 0.19974933 -0.48819714 0.31442809 -0.16372686 -0.06569283 -0.19478440 -0.30953792 -0.63453124 
5.91393212 15.30329650 -11.00113601 8.86115842 -7.54849548 6.21196111 -5.76240312 4.89679087 -4.11251371 3.32583361 -3.08591456 2.13822188 -2.67607290 
5.56766110 9.87932372 -4.74379855 2.54136359 -1.55812891 0.71487391 -0.83008770 0.54107123 -0.31378627 0.03985093 -0.27131301 -0.24981309 -0.67942440 
4.23954020 5.20970824 -1.47575444 0.45860784 -0.28370895 -0.08745684 -0.32084278 0.21350423 -0.10421384 -0.11081998 -0.16033775 -0.34257725 -0.60860911 
2.69757943 13.56811954 -8.70400752 6.24770827 -4.79982277 3.45639886 -3.09367050 2.37967977 -1.78941494 1.22053486 -1.21085243 0.49602287 -1.26370059 
4.27301200 6.65184069 -2.27911965 0.86589539 -0.48042939 0.01807215 -0.38015366 0.24869675 -0.12393175 -0.09452187 -0.17310547 -0.32895287 -0.61938785 
5.19282795 12.59618726 -7.54037556 5.04693950 -3.65229267 2.40767825 -2.16568864 1.57800794 -1.10981917 0.65205621 -0.74147562 0.11290018 -0.95574361 
5.34346591 14.81972316 -10.33231127 8.06848846 -6.68198812 5.31134269 -4.85995184 4.01789407 -3.27661359 2.54698238 -2.37417018 1.49995678 -2.11487867 
4.63495585 6.06263693 -1.92873215 0.67834204 -0.38529145 -0.03392144 -0.35069138 0.23123097 -0.11390642 -0.10240804 -0.16696268 -0.33516868 -0.61447178 
4.98231545 -5.42456483 -1.19558028 -0.39125683 -0.24061502 -0.27491253 -0.27065346 0.14372153 -0.11510589 -0.16470116 -0.16132025 -0.39098835 -0.58354766 
