8.80375653 0.81749092 -0.15630631 -0.00106736 -0.12651477 -0.18510145 -0.26434864 0.17630529 -0.09163974 -0.13290881 -0.14711592 -0.36645958 -0.59078204 
3.59149398 14.49373668 -9.89396602 7.56280656 -6.14346720 4.76549782 -4.32611547 3.51002898 -2.80434940 2.11624958 -1.98845702 1.16062163 -1.82191192 
3.08699140 11.28163960 -6.10406121 3.68907921 -2.46035934 1.40226938 -1.34178374 0.91652027 -0.58671230 0.24067558 -0.42007544 -0.13751519 -0.76312561 
2.56576633 15.60999040 -11.43672330 9.39054849 -8.14132701 6.84244765 -6.40824168 5.53916935 -4.73587069 3.91776822 -3.63662521 2.64045763 -3.12474762 
2.84063518 13.40538224 -8.50308365 6.03421649 -4.58997152 3.25945807 -2.91492884 2.22149462 -1.65221613 1.10335211 -1.11223188 0.41414242 -1.19681826 
2.84697204 13.50374673 -8.62423514 6.16264406 -4.71591913 3.37739600 -3.02173825 2.31582333 -1.73386595 1.17295908 -1.17070969 0.46261554 -1.23635122 
3.11460557 11.19748163 -6.01744081 3.61183144 -2.39635429 1.35115754 -1.30205786 0.88620420 -0.56387071 0.22343161 -0.40706269 -0.14740390 -0.75569813 
3.47077452 15.60245227 -11.42591268 9.37728924 -8.12634901 6.82638648 -6.39165969 5.52255246 -4.71963109 3.90224410 -3.62209136 2.62712501 -3.11277084 
3.49186376 15.60260921 -11.42613769 9.37756517 -8.12666063 6.82672058 -6.39200455 5.52289799 -4.71996871 3.90256679 -3.62239342 2.62740207 -3.11301969 
3.51273294 15.60276130 -11.42635577 9.37783258 -8.12696264 6.82704437 -6.39233878 5.52323286 -4.72029593 3.90287954 -3.62268617 2.62767059 -3.11326087 
3.36206673 14.21438596 -9.52634337 7.14740890 -5.70991424 4.33447642 -3.91241570 3.12353572 -2.45117805 1.79942930 -1.70917946 0.91853666 -1.61584443 
2.97243699 13.67804203 -8.84111849 6.39483903 -4.94584191 3.59470361 -3.22032119 2.49273677 -1.88829032 1.30564190 -1.28299985 0.55632438 -1.31327118 
2.47284527 12.80247666 -7.78007455 5.28715249 -3.87529909 2.60585073 -2.33629947 1.72150596 -1.22835344 0.74886093 -0.81964413 0.17544418 -1.00506537 
2.46292750 12.89293329 -7.88641342 5.39492218 -3.97644962 2.69667679 -2.41528145 1.78857906 -1.28426962 0.79490798 -0.85710899 0.20561845 -1.02900936 
2.45549839 12.77118478 -7.74346354 5.25021930 -3.84078986 2.57499645 -2.30957967 1.69890530 -1.20958396 0.73345780 -0.80715151 0.16541052 -0.99712439 
2.44548452 12.86225342 -7.85026251 5.35820238 -3.94190952 2.66559747 -2.38820056 1.76553690 -1.26502477 0.77903319 -0.84417309 0.19518582 -1.02072026 
2.69484337 15.60999040 -11.43672330 9.39054849 -8.14132701 6.84244765 -6.40824168 5.53916935 -4.73587069 3.91776822 -3.63662521 2.64045763 -3.12474762 
2.69484337 15.60999040 -11.43672330 9.39054849 -8.14132701 6.84244765 -6.40824168 5.53916935 -4.73587069 3.91776822 -3.63662521 2.64045763 -3.12474762 
2.20838567 8.36858688 -3.47502211 1.60703601 -0.91393617 0.27731352 -0.53661765 0.34490547 -0.18292338 -0.05222242 -0.20465436 -0.30138840 -0.64077554 
1.71895703 11.48137340 -6.31219857 3.87691534 -2.61780868 1.52936305 -1.44157970 0.99341375 -0.64517220 0.28512826 -0.45381530 -0.11178487 -0.78251755 
2.03800934 15.60209460 -11.42539986 9.37666042 -8.12563884 6.82562512 -6.39087380 5.52176507 -4.71886172 3.90150875 -3.62140303 2.62649367 -3.11220379 
1.66411521 10.87479321 -5.69122626 3.32586442 -2.16332057 1.16789213 -1.16165423 0.78048802 -0.48520873 0.16461722 -0.36301118 -0.18074700 -0.73075244 
2.10522398 8.20783281 -3.35196082 1.52412237 -0.86155576 0.24424876 -0.51582144 0.33173999 -0.17458306 -0.05806295 -0.20038714 -0.30487824 -0.63810899 
2.32977048 12.53624993 -7.47146237 4.97857908 -3.58945845 2.35236876 -2.11850621 1.53867205 -1.07759921 0.62594205 -0.72053364 0.09624326 -0.94268170 
2.31902970 12.63174379 -7.58141231 5.08779626 -3.68998087 2.44096569 -2.19417777 1.60183381 -1.12939330 0.66796355 -0.75426324 0.12309229 -0.96375163 
2.85500391 13.42669259 -8.52925447 6.06188117 -4.61702752 3.28472668 -2.93775459 2.24160328 -1.66958047 1.11812244 -1.12461486 0.42438732 -1.20515845 
2.86130232 13.52425472 -8.64960730 6.18965628 -4.74252141 3.40240709 -3.04447791 2.33598172 -1.75137815 1.18793877 -1.18333408 0.47311032 -1.24493400 
2.86927163 13.44769366 -8.55508671 6.08923009 -4.64381501 3.30978065 -2.96041812 2.26159603 -1.68686716 1.13284451 -1.13697132 0.43462084 -1.21349758 
3.08836726 15.60722384 -11.43275509 9.38568078 -8.13582756 6.83654973 -6.40215175 5.53306589 -4.72990514 3.91206490 -3.63128517 2.63555849 -3.12034630 
2.88966258 13.56438004 -8.69936289 6.24274466 -4.79491640 3.45176960 -3.08944717 2.37592338 -1.78614121 1.21772619 -1.20847876 0.49404455 -1.26207872 
2.63134598 15.60999040 -11.43672330 9.39054849 -8.14132701 6.84244765 -6.40824168 5.53916935 -4.73587069 3.91776822 -3.63662521 2.64045763 -3.12474762 
2.63134598 15.60999040 -11.43672330 9.39054849 -8.14132701 6.84244765 -6.40824168 5.53916935 -4.73587069 3.91776822 -3.63662521 2.64045763 -3.12474762 
2.89750959 13.48879247 -8.60575864 6.14299852 -4.69659602 3.35925056 -3.00525998 2.30123207 -1.72120385 1.16213907 -1.16159958 0.45504880 -1.23016818 
2.90369529 13.58400917 -8.72375770 6.26882981 -4.82071520 3.47612443 -3.11167798 2.39570625 -1.80339057 1.23253184 -1.22099672 0.50448167 -1.27063850 
2.38460151 12.64048226 -7.59151534 5.09787202 -3.69929059 2.44920125 -2.20123687 1.60774600 -1.13425719 0.67192122 -0.75744833 0.12563335 -0.96574998 
2.01619159 15.60192088 -11.42515080 9.37635503 -8.12529393 6.82525536 -6.39049213 5.52138268 -4.71848809 3.90115164 -3.62106876 2.62618708 -3.11192842 
1.63846809 10.80544134 -5.62234009 3.26649025 -2.11572878 1.13102945 -1.13381547 0.75980635 -0.47001121 0.15336100 -0.35464031 -0.18706244 -0.72604348 
1.01786040 15.52451364 -11.31444551 9.24092756 -7.97269029 6.66199993 -6.22232020 5.35321617 -4.55447260 3.74466093 -3.47482334 2.49225466 -2.99180656 
1.53664987 11.02195639 -5.83883445 3.45428544 -2.26719811 1.24902627 -1.22341005 0.82670383 -0.51940139 0.19007101 -0.38201196 -0.16638884 -0.74147650 
2.26234897 12.52370291 -7.45707801 4.96434980 -3.57641500 2.34091697 -2.10876144 1.53056727 -1.07097572 0.62058470 -0.71624529 0.09283771 -0.94001511 
2.53215209 15.60999040 -11.43672330 9.39054849 -8.14132701 6.84244765 -6.40824168 5.53916935 -4.73587069 3.91776822 -3.63662521 2.64045763 -3.12474762 
2.53215209 15.60999040 -11.43672330 9.39054849 -8.14132701 6.84244765 -6.40824168 5.53916935 -4.73587069 3.91776822 -3.63662521 2.64045763 -3.12474762 
2.25430584 12.38820322 -7.30265343 4.81245813 -3.43795228 2.21998794 -2.00637712 1.44582465 -1.00203943 0.56505439 -0.67195840 0.05777649 -0.91264178 
1.85641606 15.60052706 -11.42315252 9.37390487 -8.12252697 6.82228910 -6.38743048 5.51831534 -4.71549110 3.89828732 -3.61838771 2.62372811 -3.10971991 
1.44969935 10.27032890 -5.10534373 2.83244093 -1.77652218 0.87424516 -0.94397272 0.62149924 -0.37019110 0.08035400 -0.30082488 -0.22757275 -0.69592922 
0.74745372 15.49886981 -11.27789258 9.19635223 -7.92261222 6.60857904 -6.16744038 5.29848071 -4.50122016 3.69396996 -3.42755512 2.44905536 -2.95313712 
1.89896652 7.37890102 -2.75375387 1.14225456 -0.63233607 0.10496786 -0.43084108 0.27914728 -0.14204524 -0.08113077 -0.18330390 -0.31946521 -0.62683591 
2.42778059 15.60999040 -11.43672330 9.39054849 -8.14132701 6.84244765 -6.40824168 5.53916935 -4.73587069 3.91776822 -3.63662521 2.64045763 -3.12474762 
2.42778059 15.60999040 -11.43672330 9.39054849 -8.14132701 6.84244765 -6.40824168 5.53916935 -4.73587069 3.91776822 -3.63662521 2.64045763 -3.12474762 
2.72187277 13.22296689 -8.28078625 5.80097079 -4.36350407 3.04941117 -2.72645516 2.05652523 -1.51064093 0.98361573 -1.01238362 0.33193425 -1.13020298 
2.72853388 13.32815068 -8.40859026 5.93468790 -4.49297362 3.16917183 -2.83363601 2.15010324 -1.59075365 1.05121761 -1.06863803 0.37816135 -1.16759320 
2.15590500 12.18697060 -7.07640868 4.59281428 -3.24026246 2.04940051 -1.86361309 1.32896209 -0.90797016 0.48998144 -0.61258032 0.01108994 -0.87642765 
2.14406480 12.28851158 -7.19010899 4.70276559 -3.33884482 2.13415840 -1.93429797 1.38662808 -0.95423991 0.52680289 -0.64163053 0.03388371 -0.89407398 
2.42778059 15.60999040 -11.43672330 9.39054849 -8.14132701 6.84244765 -6.40824168 5.53916935 -4.73587069 3.91776822 -3.63662521 2.64045763 -3.12474762 
2.72187277 13.22296689 -8.28078625 5.80097079 -4.36350407 3.04941117 -2.72645516 2.05652523 -1.51064093 0.98361573 -1.01238362 0.33193425 -1.13020298 
2.72853388 13.32815068 -8.40859026 5.93468790 -4.49297362 3.16917183 -2.83363601 2.15010324 -1.59075365 1.05121761 -1.06863803 0.37816135 -1.16759320 
2.15590500 12.18697060 -7.07640868 4.59281428 -3.24026246 2.04940051 -1.86361309 1.32896209 -0.90797016 0.48998144 -0.61258032 0.01108994 -0.87642765 
1.73393340 15.59929817 -11.42139085 9.37174501 -8.12008801 6.81967466 -6.38473215 5.51561218 -4.71285009 3.89576338 -3.61602539 2.62156156 -3.10777414 
1.70851036 15.59902381 -11.42099757 9.37126285 -8.11954357 6.81909108 -6.38412986 5.51500883 -4.71226064 3.89520007 -3.61549817 2.62107805 -3.10733991 
1.68276000 15.59873877 -11.42058898 9.37076193 -8.11897796 6.81848481 -6.38350417 5.51438205 -4.71164830 3.89461490 -3.61495049 2.62057579 -3.10688884 
1.65667378 15.59844249 -11.42016427 9.37024127 -8.11839007 6.81785466 -6.38285385 5.51373061 -4.71101187 3.89400672 -3.61438129 2.62005378 -3.10642006 
1.63024283 15.59813436 -11.41972260 9.36969982 -8.11777871 6.81719937 -6.38217759 5.51305319 -4.71035008 3.89337431 -3.61378941 2.61951100 -3.10593261 
2.04002158 12.07042837 -6.94706836 4.46880686 -3.13000345 1.95534879 -1.78576947 1.26591349 -0.85772740 0.45023721 -0.58138901 -0.01328026 -0.85763602 
2.33644051 15.60999040 -11.43672330 9.39054849 -8.14132701 6.84244765 -6.40824168 5.53916935 -4.73587069 3.91776822 -3.63662521 2.64045763 -3.12474762 
2.33644051 15.60999040 -11.43672330 9.39054849 -8.14132701 6.84244765 -6.40824168 5.53916935 -4.73587069 3.91776822 -3.63662521 2.64045763 -3.12474762 
2.64396261 13.09706649 -8.12915611 5.64367151 -4.21246297 2.91080365 -2.60335896 1.94984757 -1.41996264 0.90760062 -0.94951368 0.28055504 -1.08886336 
2.43495170 9.28526999 -4.22064097 2.13915290 -1.26948337 0.51228883 -0.69035052 0.44544695 -0.24863016 -0.00625507 -0.23794518 -0.27520624 -0.66051757 
2.04002158 12.07042837 -6.94706836 4.46880686 -3.13000345 1.95534879 -1.78576947 1.26591349 -0.85772740 0.45023721 -0.58138901 -0.01328026 -0.85763602 
2.03127027 11.91834131 -6.78013789 4.31045436 -2.99066070 1.83764425 -1.68925685 1.18843814 -0.79650720 0.40216174 -0.54389848 -0.04242621 -0.83526714 
1.57630943 15.59747997 -11.41878463 9.36854998 -8.11648044 6.81580786 -6.38074158 5.51161476 -4.70894487 3.89203150 -3.61253270 2.61835854 -3.10489767 
1.99689001 11.97685512 -6.84411372 4.37091582 -3.04366949 1.88226703 -1.72572448 1.21761999 -0.81949731 0.42016896 -0.55790953 -0.03155264 -0.84359873 
2.29870355 15.60999040 -11.43672330 9.39054849 -8.14132701 6.84244765 -6.40824168 5.53916935 -4.73587069 3.91776822 -3.63662521 2.64045763 -3.12474762 
2.29870355 15.60999040 -11.43672330 9.39054849 -8.14132701 6.84244765 -6.40824168 5.53916935 -4.73587069 3.91776822 -3.63662521 2.64045763 -3.12474762 
2.61194433 13.04385673 -8.06551219 5.57808593 -4.14989485 2.85374212 -2.55298749 1.90644778 -1.38327726 0.87700519 -0.92432923 0.26006128 -1.07244107 
2.40065235 9.16860029 -4.12159164 2.06561609 -1.21847428 0.47752882 -0.66700246 0.42983858 -0.23822161 -0.01355958 -0.23266902 -0.27927363 -0.65747366 
1.54878736 15.59713229 -11.41828631 9.36793912 -8.11579075 6.81506865 -6.37997875 5.51085066 -4.70819843 3.89131823 -3.61186518 2.61774640 -3.10434796 
1.08178087 9.09312852 -4.05816388 2.01897371 -1.18641806 0.45585462 -0.65254447 0.42023068 -0.23184957 -0.01802463 -0.22944337 -0.28177123 -0.65560128 
1.01513585 9.48528696 -4.39327189 2.26933247 -1.36115505 0.57556980 -0.73334718 0.47447899 -0.26816888 0.00749851 -0.24788255 -0.26759459 -0.66619933 
1.90783286 11.77762256 -6.62755623 4.16740059 -2.86621089 1.73364330 -1.60485267 1.12134203 -0.74397633 0.36123470 -0.51219890 -0.06694272 -0.81654276 
2.54635853 12.93213728 -7.93273457 5.44209608 -4.02093727 2.73680504 -2.45032989 1.81846849 -1.30928780 0.81558615 -0.87398974 0.21925443 -1.03986018 
2.79887549 15.60629606 -11.43142450 9.38404875 -8.13398391 6.83457270 -6.40011056 5.53102034 -4.72790599 3.91015378 -3.62949592 2.63391709 -3.11887179 
2.81365368 15.60635019 -11.43150213 9.38414396 -8.13409147 6.83468804 -6.40022964 5.53113967 -4.72802261 3.91026526 -3.62960029 2.63401283 -3.11895780 
2.82832348 15.60640314 -11.43157807 9.38423710 -8.13419669 6.83480087 -6.40034612 5.53125640 -4.72813669 3.91037432 -3.62970239 2.63410649 -3.11904194 
2.60276250 13.12940684 -8.16796594 5.68379266 -4.25085715 2.94592271 -2.63444956 1.97670922 -1.44272875 0.92663374 -0.96521598 0.29335848 -1.09914283 
2.29870355 15.60999040 -11.43672330 9.39054849 -8.14132701 6.84244765 -6.40824168 5.53916935 -4.73587069 3.91776822 -3.63662521 2.64045763 -3.12474762 
2.29870355 15.60999040 -11.43672330 9.39054849 -8.14132701 6.84244765 -6.40824168 5.53916935 -4.73587069 3.91776822 -3.63662521 2.64045763 -3.12474762 
1.98799875 11.82137785 -6.67480771 4.21152819 -2.90445305 1.76548687 -1.63060703 1.14174808 -0.75990311 0.37361063 -0.52176293 -0.05955833 -0.82217361 
1.97498212 11.92860248 -6.79133441 4.32101540 -2.99990251 1.84541022 -1.69559275 1.19350002 -0.80048896 0.40527641 -0.54631919 -0.04054919 -0.83670419 
2.59574456 13.01660434 -8.03301688 5.54469953 -4.11813763 2.82486074 -2.52756120 1.88459775 -1.36485385 0.86167543 -0.91173737 0.24983408 -1.06426044 
2.84288646 15.60645495 -11.43165236 9.38432823 -8.13429962 6.83491125 -6.40046008 5.53137061 -4.72824830 3.91048101 -3.62980228 2.63419813 -3.11912426 
2.85734416 15.60650564 -11.43172506 9.38441739 -8.13440035 6.83501926 -6.40057160 5.53148236 -4.72835752 3.91058542 -3.62990003 2.63428780 -3.11920481 
2.87169811 15.60655524 -11.43179621 9.38450466 -8.13449893 6.83512497 -6.40068074 5.53159173 -4.72846440 3.91068760 -3.62999569 2.63437555 -3.11928364 
2.65084265 13.20690964 -8.26136593 5.78074260 -4.34400382 3.03144859 -2.71044451 2.04260128 -1.49876540 0.97362965 -1.00410071 0.32514773 -1.12472914 
2.05257165 11.96536558 -6.83152714 4.35899832 -3.03320187 1.87344025 -1.71849901 1.21182905 -0.81492834 0.41658575 -0.55511846 -0.03372051 -0.84193635 
2.04002158 12.07042837 -6.94706836 4.46880686 -3.13000345 1.95534879 -1.78576947 1.26591349 -0.85772740 0.45023721 -0.58138901 -0.01328026 -0.85763602 
2.33644051 15.60999040 -11.43672330 9.39054849 -8.14132701 6.84244765 -6.40824168 5.53916935 -4.73587069 3.91776822 -3.63662521 2.64045763 -3.12474762 
2.33644051 15.60999040 -11.43672330 9.39054849 -8.14132701 6.84244765 -6.40824168 5.53916935 -4.73587069 3.91776822 -3.63662521 2.64045763 -3.12474762 
2.64396261 13.09706649 -8.12915611 5.64367151 -4.21246297 2.91080365 -2.60335896 1.94984757 -1.41996264 0.90760062 -0.94951368 0.28055504 -1.08886336 
2.65084265 13.20690964 -8.26136593 5.78074260 -4.34400382 3.03144859 -2.71044451 2.04260128 -1.49876540 0.97362965 -1.00410071 0.32514773 -1.12472914 
2.65978499 13.12304283 -8.16032122 5.67588202 -4.24327989 2.93898559 -2.62830285 1.97139413 -1.43822042 0.92286187 -0.96210206 0.29081788 -1.09710187 
2.90010059 15.60665134 -11.43193402 9.38467369 -8.13468987 6.83532973 -6.40089214 5.53180358 -4.72867145 3.91088552 -3.63018099 2.63454554 -3.11943635 
2.68227627 13.25655225 -8.32148296 5.84343813 -4.40451640 3.08725421 -2.76024189 2.08595549 -1.53578016 1.00478522 -1.02996576 0.34635717 -1.14184934 
2.39174358 15.60999040 -11.43672330 9.39054849 -8.14132701 6.84244765 -6.40824168 5.53916935 -4.73587069 3.91776822 -3.63662521 2.64045763 -3.12474762 
2.09452737 12.05663513 -6.93184221 4.45428372 -3.11715542 1.94444138 -1.77678292 1.25866663 -0.85197632 0.44570420 -0.57784269 -0.01604414 -0.85550983 
2.08227086 12.16027633 -7.04667380 4.56420446 -3.21473688 2.02755634 -1.84547718 1.31422962 -0.89619711 0.48064575 -0.60523804 0.00534356 -0.87198959 
2.37347861 15.60999040 -11.43672330 9.39054849 -8.14132701 6.84244765 -6.40824168 5.53916935 -4.73587069 3.91776822 -3.63662521 2.64045763 -3.12474762 
2.37347861 15.60999040 -11.43672330 9.39054849 -8.14132701 6.84244765 -6.40824168 5.53916935 -4.73587069 3.91776822 -3.63662521 2.64045763 -3.12474762 
2.67548539 13.14861234 -8.19105909 5.70771178 -4.27378943 2.96693625 -2.65308481 1.99283650 -1.45641897 0.93809599 -0.97468518 0.30108896 -1.10535658 
2.91415200 15.60669788 -11.43200077 9.38475556 -8.13478236 6.83542890 -6.40099453 5.53190619 -4.72877173 3.91098139 -3.63027074 2.63462788 -3.11951031 
2.92810537 15.60674345 -11.43206613 9.38483573 -8.13487292 6.83552602 -6.40109480 5.53200667 -4.72886993 3.91107527 -3.63035864 2.63470851 -3.11958274 
3.17102844 13.78126206 -8.97089574 6.53517087 -5.08615810 3.72856341 -3.34375749 2.60366863 -1.98593793 1.39020365 -1.35509504 0.61690051 -1.36331898 
3.01022460 11.08575709 -5.90343395 3.51099664 -2.31347411 1.28546218 -1.25135401 0.84776397 -0.53508516 0.20180440 -0.39080377 -0.15973337 -0.74645654 
2.46317974 15.60999040 -11.43672330 9.39054849 -8.14132701 6.84244765 -6.40824168 5.53916935 -4.73587069 3.91776822 -3.63662521 2.64045763 -3.12474762 
2.46317974 15.60999040 -11.43672330 9.39054849 -8.14132701 6.84244765 -6.40824168 5.53916935 -4.73587069 3.91776822 -3.63662521 2.64045763 -3.12474762 
2.17596494 12.22875873 -7.12308707 4.63784763 -3.28054678 2.08396046 -1.89237459 1.35237934 -0.92672386 0.50488071 -0.62431772 0.02028845 -0.88354083 
2.16425751 12.32960865 -7.23639464 4.74777523 -3.37942027 2.16922333 -1.96368522 1.41071581 -0.97365385 0.54231328 -0.65390998 0.04354594 -0.90157420 
2.44555848 15.60999040 -11.43672330 9.39054849 -8.14132701 6.84244765 -6.40824168 5.53916935 -4.73587069 3.91776822 -3.63662521 2.64045763 -3.12474762 
2.73710314 13.24699487 -8.30989127 5.83133141 -4.39281438 3.07644757 -2.75058587 2.07753804 -1.52858468 0.99872184 -1.02492667 0.34222115 -1.13850772 
2.96939075 15.60687465 -11.43225428 9.38506650 -8.13513362 6.83580558 -6.40138344 5.53229592 -4.72915263 3.91134551 -3.63061165 2.63494062 -3.11979125 
3.20743542 13.82760070 -9.02948066 6.59885982 -5.15017253 3.78993842 -3.40062838 2.65501856 -2.03134311 1.42969079 -1.38889514 0.64540515 -1.38695265 
3.22362610 14.06479987 -9.33251809 6.93164338 -5.48797538 4.11690692 -3.70641612 2.93360789 -2.27982206 1.64755337 -1.57682453 0.80503496 -1.52021929 
3.02314478 15.60703756 -11.43248792 9.38535308 -8.13545736 6.83615275 -6.40174187 5.53265513 -4.72950369 3.91168112 -3.63092585 2.63522886 -3.12005019 
2.61457487 9.86900062 -4.73443849 2.53396782 -1.55268035 0.71096211 -0.82733397 0.53915272 -0.31245753 0.03890351 -0.27062530 -0.25033278 -0.67903847 
2.26234897 12.52370291 -7.45707801 4.96434980 -3.57641500 2.34091697 -2.10876144 1.53056727 -1.07097572 0.62058470 -0.71624529 0.09283771 -0.94001511 
2.53215209 15.60999040 -11.43672330 9.39054849 -8.14132701 6.84244765 -6.40824168 5.53916935 -4.73587069 3.91776822 -3.63662521 2.64045763 -3.12474762 
2.81158903 13.36180812 -8.44970237 5.97792161 -4.53504232 3.20827104 -2.86878943 2.18093162 -1.61725865 1.07367179 -1.08739176 0.39362358 -1.18013934 
3.25498025 13.88671357 -9.10450753 6.68073023 -5.23276352 3.86940342 -3.47451385 2.72195246 -2.09071711 1.48148101 -1.43335183 0.68299534 -1.41819766 
3.27083675 14.11718516 -9.40015624 7.00668110 -5.56490298 4.19207799 -3.77736756 2.99882573 -2.33849060 1.69940848 -1.62189594 0.84359104 -1.55262611 
3.07549181 15.60718802 -11.43270372 9.38561777 -8.13575637 6.83647340 -6.40207294 5.53298690 -4.72982794 3.91199110 -3.63121607 2.63549510 -3.12028936 
3.08836726 15.60722384 -11.43275509 9.38568078 -8.13582756 6.83654973 -6.40215175 5.53306589 -4.72990514 3.91206490 -3.63128517 2.63555849 -3.12034630 
2.88966258 13.56438004 -8.69936289 6.24274466 -4.79491640 3.45176960 -3.08944717 2.37592338 -1.78614121 1.21772619 -1.20847876 0.49404455 -1.26207872 
2.89750959 13.48879247 -8.60575864 6.14299852 -4.69659602 3.35925056 -3.00525998 2.30123207 -1.72120385 1.16213907 -1.16159958 0.45504880 -1.23016818 
3.11387213 15.60729345 -11.43285493 9.38580323 -8.13596589 6.83669808 -6.40230492 5.53321939 -4.73005516 3.91220831 -3.63141944 2.63568167 -3.12045696 
3.12650362 15.60732727 -11.43290344 9.38586274 -8.13603311 6.83677017 -6.40237935 5.53329397 -4.73012805 3.91227800 -3.63148469 2.63574152 -3.12051073 
3.13905584 15.60736046 -11.43295104 9.38592113 -8.13609908 6.83684091 -6.40245238 5.53336717 -4.73019959 3.91234639 -3.63154872 2.63580026 -3.12056350 
3.35803411 14.00951333 -9.26141389 6.85305847 -5.40770788 4.03874989 -3.63289979 2.86625718 -2.21942909 1.59433551 -1.53070105 0.76568444 -1.48722943 
3.37318559 14.22587647 -9.54131934 7.16417398 -5.72725341 4.35156356 -3.92867657 3.13860173 -2.46483523 1.81158798 -1.71982014 0.92769771 -1.62359178 
3.39124893 14.04757351 -9.31033240 6.90709075 -5.46286434 4.09242550 -3.68336035 2.91246093 -2.26083826 1.63080713 -1.56229608 0.79262826 -1.50980866 
3.24424237 11.66240525 -6.50396291 4.05271792 -2.76744394 1.65188207 -1.53909431 1.06951447 -0.70372641 0.33008926 -0.48821514 -0.08541285 -0.80249282 
2.77148110 15.60999040 -11.43672330 9.39054849 -8.14132701 6.84244765 -6.40824168 5.53916935 -4.73587069 3.91776822 -3.63662521 2.64045763 -3.12474762 
2.52401959 12.89323743 -7.88677223 5.39528706 -3.97679323 2.69698631 -2.41555143 1.78880901 -1.28446186 0.79506669 -0.85723842 0.20572291 -1.02909242 
2.82354090 10.49362734 -5.31795907 3.00844843 -1.91218342 0.97565260 -1.01805911 0.67488253 -0.40832631 0.10805046 -0.32114353 -0.21228788 -0.70727665 
3.21275847 15.60754718 -11.43321884 9.38624961 -8.13647016 6.83723885 -6.40286326 5.53377893 -4.73060203 3.91273112 -3.63190893 2.63613072 -3.12086036 
3.42392595 14.08431009 -9.35767886 6.95952448 -5.51652648 4.14477587 -3.73269298 2.95773668 -2.30150644 1.66670164 -1.59345318 0.81924813 -1.53215620 
3.60403977 15.60339081 -11.42725837 9.37893942 -8.12821273 6.82838463 -6.39372228 5.52461906 -4.72165045 3.90417420 -3.62389810 2.62878221 -3.11425933 
3.62377629 15.60351952 -11.42744293 9.37916574 -8.12846835 6.82865869 -6.39400519 5.52490252 -4.72192744 3.90443896 -3.62414593 2.62900954 -3.11446352 
3.48112453 14.33351180 -9.68220938 7.32255099 -5.89171727 4.51426891 -4.08410035 3.28313298 -2.59631475 1.92903315 -1.82292892 1.01673366 -1.69910308 
3.30698509 15.60776673 -11.43353373 9.38663585 -8.13690651 6.83770679 -6.40334641 5.53426313 -4.73107527 3.91318354 -3.63233251 2.63651931 -3.12120946 
3.31845730 15.60779207 -11.43357008 9.38668044 -8.13695689 6.83776082 -6.40340219 5.53431904 -4.73112991 3.91323578 -3.63238141 2.63656418 -3.12124977 
3.32986409 15.60781699 -11.43360582 9.38672428 -8.13700641 6.83781392 -6.40345703 5.53437399 -4.73118362 3.91328712 -3.63242949 2.63660828 -3.12128939 
3.34120618 15.60784148 -11.43364095 9.38676737 -8.13705509 6.83786613 -6.40351093 5.53442802 -4.73123642 3.91333760 -3.63247675 2.63665164 -3.12132834 
3.35248432 15.60786557 -11.43367549 9.38680974 -8.13710296 6.83791747 -6.40356394 5.53448114 -4.73128834 3.91338724 -3.63252322 2.63669427 -3.12136664 
3.36369921 15.60788925 -11.43370946 9.38685140 -8.13715003 6.83796794 -6.40361605 5.53453337 -4.73133939 3.91343604 -3.63256892 2.63673619 -3.12140430 
3.37485157 15.60791254 -11.43374286 9.38689237 -8.13719631 6.83801758 -6.40366730 5.53458473 -4.73138959 3.91348403 -3.63261385 2.63677742 -3.12144133 
3.38594208 15.60793544 -11.43377571 9.38693267 -8.13724183 6.83806640 -6.40371771 5.53463524 -4.73143896 3.91353123 -3.63265804 2.63681796 -3.12147775 
3.39697144 15.60795796 -11.43380801 9.38697230 -8.13728660 6.83811441 -6.40376728 5.53468493 -4.73148752 3.91357765 -3.63270151 2.63685783 -3.12151357 
3.40794031 15.60798012 -11.43383979 9.38701128 -8.13733064 6.83816164 -6.40381605 5.53473380 -4.73153529 3.91362332 -3.63274426 2.63689706 -3.12154881 
3.59971526 14.27026295 -9.59928679 7.22919288 -5.79462634 4.41807842 -3.99208712 3.19745355 -2.51827196 1.85923587 -1.76158104 0.96370162 -1.65408022 
3.61331543 14.45598749 -9.84385703 7.50571455 -6.08339964 4.70531993 -4.26792507 3.45527444 -2.75397011 2.07076126 -1.94811183 1.12544736 -1.79180595 
3.45122392 15.60806523 -11.43396186 9.38716101 -8.13749980 6.83834304 -6.40400335 5.53492152 -4.73171875 3.91379872 -3.63290849 2.63704772 -3.12168416 
3.46190002 15.60808566 -11.43399116 9.38719695 -8.13754041 6.83838660 -6.40404832 5.53496658 -4.73176280 3.91384083 -3.63294791 2.63708389 -3.12171666 
3.47251944 15.60810577 -11.43402000 9.38723233 -8.13758038 6.83842946 -6.40409258 5.53501094 -4.73180615 3.91388227 -3.63298672 2.63711949 -3.12174864 
3.30797003 14.08884823 -9.36353647 6.96602088 -5.52318448 4.15127993 -3.73883019 2.96337638 -2.30657843 1.67118346 -1.59734774 0.82257896 -1.53495519 
3.31422630 14.02714715 -9.28406159 6.87805567 -5.43320724 4.06354788 -3.65619713 2.88757563 -2.23852360 1.61114351 -1.54525369 0.77808840 -1.49761900 
3.31938743 14.10149012 -9.37986423 6.98414017 -5.54176539 4.16944150 -3.75597679 2.97914136 -2.32076371 1.68372422 -1.60825027 0.83190734 -1.54279731 
3.32560538 14.04015308 -9.30078427 6.89653312 -5.45207572 4.08191594 -3.67347061 2.90339690 -2.25270739 1.62363961 -1.55608186 0.78732484 -1.50536110 
3.33074058 14.11397748 -9.39600717 7.00207018 -5.56016799 4.18744365 -3.77298651 2.99479262 -2.33485720 1.69619263 -1.61909715 0.84119392 -1.55060895 
3.33692067 14.05300153 -9.31732008 6.91482072 -5.47076692 4.10012694 -3.69061056 2.91910846 -2.26680370 1.63606769 -1.56685852 0.79652325 -1.51307608 
3.51444208 15.60818310 -11.43413092 9.38736839 -8.13773408 6.83859430 -6.40426278 5.53518151 -4.73197287 3.91404166 -3.63313595 2.63725640 -3.12187163 
3.52478687 15.60820169 -11.43415758 9.38740109 -8.13777103 6.83863393 -6.40430370 5.53522252 -4.73201295 3.91407998 -3.63317182 2.63728931 -3.12190120 
3.70579920 14.37333532 -9.73461412 7.38176150 -5.95350926 4.57569238 -4.14304673 3.33819374 -2.64661931 1.97415131 -1.86269264 1.05119472 -1.72843080 
3.86405977 15.60489943 -11.42942164 9.38159234 -8.13120918 6.83159741 -6.39703889 5.52794230 -4.72489792 3.90727832 -3.62680395 2.63144767 -3.11665355 
3.88140059 15.60498681 -11.42954695 9.38174601 -8.13138277 6.83178354 -6.39723103 5.52813484 -4.72508608 3.90745817 -3.62697232 2.63160212 -3.11679229 
3.75577637 14.57705126 -10.00503743 7.68988224 -6.27770576 4.90050515 -4.45715538 3.63378050 -2.91861167 2.21976185 -2.08055552 1.24115481 -1.89103679 
3.60567353 15.60834060 -11.43435683 9.38764550 -8.13804715 6.83893005 -6.40460945 5.53552895 -4.73231245 3.91436631 -3.63343991 2.63753526 -3.12212216 
3.45158036 14.24183110 -9.56213421 7.18749776 -5.75139834 4.37537886 -3.95135994 3.15963598 -2.48391801 1.82858996 -1.73471025 0.94052603 -1.63444755 
3.45737217 14.18464055 -9.48763299 7.10413625 -5.66522237 4.29049333 -3.87061406 3.08485458 -2.41615666 1.76828636 -1.68195437 0.89512125 -1.59606174 
3.62539420 15.60837280 -11.43440301 9.38770215 -8.13811116 6.83899869 -6.40468033 5.53559998 -4.73238188 3.91443268 -3.63350206 2.63759227 -3.12217337 
3.63518208 15.60838855 -11.43442560 9.38772986 -8.13814246 6.83903226 -6.40471499 5.53563472 -4.73241583 3.91446514 -3.63353245 2.63762016 -3.12219842 
3.80657207 14.46519097 -9.85606146 7.51960612 -6.09800130 4.71993501 -4.28204490 3.46854915 -2.76617396 2.08177168 -1.95787008 1.13394895 -1.79907766 
3.95762581 15.60535350 -11.43007278 9.38239091 -8.13211122 6.83256462 -6.39803740 5.52894286 -4.72587572 3.90821299 -3.62767896 2.63225033 -3.11737455 
3.97417735 15.60542950 -11.43018178 9.38252459 -8.13226221 6.83272653 -6.39820456 5.52911036 -4.72603940 3.90836946 -3.62782544 2.63238470 -3.11749526 
3.85418453 14.65440192 -10.10874746 7.80918688 -6.40440664 5.02858379 -4.58208643 3.75232798 -3.02857348 2.31981331 -2.16994396 1.31962341 -1.95864067 
3.55548105 14.34459168 -9.69677461 7.33899144 -5.90885789 4.53129145 -4.10042165 3.29836508 -2.61021936 1.94149424 -1.83390286 1.02623740 -1.70718563 
3.56095952 14.29056681 -9.62586504 7.25907131 -5.82565431 4.44877568 -4.02141145 3.22472344 -2.54307980 1.88139605 -1.78103640 0.98050176 -1.66832851 
3.72118210 15.60852049 -11.43461485 9.38796200 -8.13840473 6.83931353 -6.40500541 5.53592579 -4.73270032 3.91473712 -3.63378711 2.63785378 -3.12240831 
3.73051333 15.60853413 -11.43463442 9.38798601 -8.13843185 6.83934262 -6.40503545 5.53595589 -4.73272974 3.91476525 -3.63381345 2.63787795 -3.12243002 
3.58563404 14.37321388 -9.73445409 7.38158043 -5.95332005 4.57550405 -4.14286578 3.33802451 -2.64646452 1.97401233 -1.86257002 1.05108836 -1.72834019 
3.40975515 15.60999040 -11.43672330 9.39054849 -8.14132701 6.84244765 -6.40824168 5.53916935 -4.73587069 3.91776822 -3.63662521 2.64045763 -3.12474762 
3.22876051 13.92669941 -9.15544376 6.73650856 -5.28922619 3.92390843 -3.52535424 2.76815228 -2.13182125 1.51743564 -1.46429702 0.70922539 -1.44005150 
3.00092258 15.60697127 -11.43239285 9.38523647 -8.13532563 6.83601148 -6.40159602 5.53250896 -4.72936083 3.91154455 -3.63079800 2.63511157 -3.11994482 
2.56099028 9.50511156 -4.41057641 2.28252132 -1.37053833 0.58210439 -0.73782217 0.47752137 -0.27022930 0.00895230 -0.24893348 -0.26679272 -0.66679697 
1.74265282 15.51704264 -11.30379000 9.22792621 -7.95807617 6.64640241 -6.20628897 5.33721976 -4.53890278 3.72983391 -3.46099210 2.47960941 -2.98048339 
1.66574872 15.50983892 -11.29352059 9.21540159 -7.94400398 6.63138941 -6.19086454 5.32183453 -4.52393316 3.71558321 -3.44770263 2.46746308 -2.96961001 
1.58577006 15.50177346 -11.28202842 9.20139225 -7.92827064 6.61461135 -6.17363367 5.30465414 -4.50722302 3.69968111 -3.43287803 2.45391783 -2.95748783 
1.95625227 12.16382150 -7.05061904 4.56799697 -3.21811754 2.03044699 -1.84787518 1.31617611 -0.89775146 0.48187751 -0.60620625 0.00610098 -0.87257431 
2.85243516 10.66159784 -5.48084069 3.14565352 -2.01973784 1.05728618 -1.07855045 0.71904057 -0.44025216 0.13142469 -0.33838349 -0.19931267 -0.71692208 
3.61805724 12.34292956 -7.25143041 4.76242752 -3.39265642 2.18068427 -1.97330849 1.41861788 -0.98003355 0.54741790 -0.65795668 0.04673364 -0.90405120 
4.32501350 12.04294944 -6.91675189 4.43990581 -3.10444938 1.93366531 -1.76791310 1.25152044 -0.84631004 0.44124138 -0.57435355 -0.01876205 -0.85342001 
