9.33229979 -0.50188325 -0.09082787 -0.02813765 -0.12502249 -0.19803481 -0.25856002 0.17067320 -0.09320974 -0.13784486 -0.14710088 -0.37150724 -0.58771985 
1.22090119 4.92096185 -1.33692743 0.39682281 -0.25741405 -0.10108659 -0.31325156 0.20893573 -0.10185308 -0.11310396 -0.15855077 -0.34476379 -0.60688631 
0.93679080 -6.22658809 -1.57741957 -0.56036118 -0.31268102 -0.30995732 -0.28537278 0.13350545 -0.12321297 -0.17226398 -0.16673863 -0.39548607 -0.58450452 
1.95451200 12.02146511 -6.89309688 4.41739901 -3.08458674 1.91684128 -1.75408218 1.24039025 -0.83749458 0.43430487 -0.56893495 -0.02298020 -0.85017862 
2.56456577 13.06646358 -8.09252022 5.60588620 -4.17638654 2.87787656 -2.57427037 1.92476674 -1.39874730 0.88989580 -0.93493145 0.26868255 -1.07934479 
3.04615661 13.69516776 -8.86258161 6.41797602 -4.96890651 3.61664308 -3.24049522 2.51081758 -1.90416401 1.31935435 -1.29466351 0.56610334 -1.32133384 
3.24861569 15.60763317 -11.43334217 9.38640088 -8.13664106 6.83742213 -6.40305249 5.53396858 -4.73078738 3.91290832 -3.63207483 2.63628291 -3.12099709 
3.26042664 15.60766083 -11.43338184 9.38644954 -8.13669603 6.83748107 -6.40311336 5.53402957 -4.73084700 3.91296531 -3.63212819 2.63633186 -3.12104107 
3.27216826 15.60768800 -11.43342081 9.38649735 -8.13675004 6.83753899 -6.40317316 5.53408950 -4.73090557 3.91302130 -3.63218061 2.63637996 -3.12108427 
3.09057932 13.83160363 -9.03455091 6.60438169 -5.15573234 3.79527795 -3.40558412 2.65950027 -2.03531199 1.43314729 -1.39185780 0.64790677 -1.38902925 
2.85973071 15.60999040 -11.43672330 9.39054849 -8.14132701 6.84244765 -6.40824168 5.53916935 -4.73587069 3.91776822 -3.63662521 2.64045763 -3.12474762 
2.85973071 15.60999040 -11.43672330 9.39054849 -8.14132701 6.84244765 -6.40824168 5.53916935 -4.73587069 3.91776822 -3.63662521 2.64045763 -3.12474762 
2.85973071 15.60999040 -11.43672330 9.39054849 -8.14132701 6.84244765 -6.40824168 5.53916935 -4.73587069 3.91776822 -3.63662521 2.64045763 -3.12474762 
2.85973071 15.60999040 -11.43672330 9.39054849 -8.14132701 6.84244765 -6.40824168 5.53916935 -4.73587069 3.91776822 -3.63662521 2.64045763 -3.12474762 
2.85973071 15.60999040 -11.43672330 9.39054849 -8.14132701 6.84244765 -6.40824168 5.53916935 -4.73587069 3.91776822 -3.63662521 2.64045763 -3.12474762 
3.09761479 13.76280847 -8.94762120 6.50992710 -5.06084257 3.70434430 -3.32136298 2.58348935 -1.96812982 1.37474517 -1.34188592 0.60577883 -1.35411204 
3.10329023 13.84753345 -9.05474301 6.62638801 -5.17790519 3.81658647 -3.42537386 2.67740821 -2.05118034 1.44697489 -1.40371615 0.65792469 -1.39734913 
3.11027743 13.77916102 -8.96824421 6.53229331 -5.08327072 3.72579957 -3.34120051 2.60136340 -1.98390257 1.38843602 -1.35358396 0.61562771 -1.36226490 
3.30698509 15.60776673 -11.43353373 9.38663585 -8.13690651 6.83770679 -6.40334641 5.53426313 -4.73107527 3.91318354 -3.63233251 2.63651931 -3.12120946 
3.12847477 13.87876250 -9.09439687 6.66967727 -5.22159351 3.85863790 -3.46448771 2.71285513 -2.08263489 1.47442095 -1.42728323 0.67785756 -1.41392197 
3.13536737 13.81122492 -9.00875417 6.57630352 -5.12747735 3.76815725 -3.38042610 2.63676040 -2.01518411 1.41562603 -1.37684642 0.63523659 -1.37851576 
3.14095034 13.89406928 -9.11386640 6.69096690 -5.24311407 3.87938425 -3.48381380 2.73039490 -2.09822098 1.48803871 -1.43899093 0.68777130 -1.42217370 
2.91647211 15.60999040 -11.43672330 9.39054849 -8.14132701 6.84244765 -6.40824168 5.53916935 -4.73587069 3.91776822 -3.63662521 2.64045763 -3.12474762 
2.91647211 15.60999040 -11.43672330 9.39054849 -8.14132701 6.84244765 -6.40824168 5.53916935 -4.73587069 3.91776822 -3.63662521 2.64045763 -3.12474762 
2.91647211 15.60999040 -11.43672330 9.39054849 -8.14132701 6.84244765 -6.40824168 5.53916935 -4.73587069 3.91776822 -3.63662521 2.64045763 -3.12474762 
2.68588546 13.16543704 -8.21131750 5.72872279 -4.29395986 2.98544204 -2.66951593 2.00707285 -1.46851750 0.94823600 -0.98307002 0.30794005 -1.11086797 
2.67707095 13.24838720 -8.31157944 5.83309405 -4.39451761 3.07802003 -2.75199052 2.07876220 -1.52963086 0.99960321 -1.02565899 0.34282211 -1.13899317 
2.67026536 13.14013383 -8.18086012 5.69714382 -4.26365355 2.95764499 -2.64484218 1.98570071 -1.45035949 0.93302109 -0.97049151 0.29766446 -1.10260331 
2.66137459 13.22363241 -8.28159167 5.80181023 -4.36431379 3.05015747 -2.72712073 2.05710436 -1.51113512 0.98403149 -1.01272863 0.33221704 -1.13043115 
2.65452451 13.11442970 -8.14998071 5.66518776 -4.23304189 2.92961736 -2.62000619 1.96422345 -1.43214098 0.91777770 -0.95790642 0.28739593 -1.09435383 
2.64555616 13.19848142 -8.25118201 5.77014462 -4.33379624 3.02205385 -2.70207750 2.03533051 -1.49256896 0.96842274 -0.99978466 0.32161349 -1.12188011 
2.87406769 15.60999040 -11.43672330 9.39054849 -8.14132701 6.84244765 -6.40824168 5.53916935 -4.73587069 3.91776822 -3.63662521 2.64045763 -3.12474762 
2.87406769 15.60999040 -11.43672330 9.39054849 -8.14132701 6.84244765 -6.40824168 5.53916935 -4.73587069 3.91776822 -3.63662521 2.64045763 -3.12474762 
2.87406769 15.60999040 -11.43672330 9.39054849 -8.14132701 6.84244765 -6.40824168 5.53916935 -4.73587069 3.91776822 -3.63662521 2.64045763 -3.12474762 
2.87406769 15.60999040 -11.43672330 9.39054849 -8.14132701 6.84244765 -6.40824168 5.53916935 -4.73587069 3.91776822 -3.63662521 2.64045763 -3.12474762 
2.87406769 15.60999040 -11.43672330 9.39054849 -8.14132701 6.84244765 -6.40824168 5.53916935 -4.73587069 3.91776822 -3.63662521 2.64045763 -3.12474762 
2.87406769 15.60999040 -11.43672330 9.39054849 -8.14132701 6.84244765 -6.40824168 5.53916935 -4.73587069 3.91776822 -3.63662521 2.64045763 -3.12474762 
2.87406769 15.60999040 -11.43672330 9.39054849 -8.14132701 6.84244765 -6.40824168 5.53916935 -4.73587069 3.91776822 -3.63662521 2.64045763 -3.12474762 
2.87406769 15.60999040 -11.43672330 9.39054849 -8.14132701 6.84244765 -6.40824168 5.53916935 -4.73587069 3.91776822 -3.63662521 2.64045763 -3.12474762 
2.87406769 15.60999040 -11.43672330 9.39054849 -8.14132701 6.84244765 -6.40824168 5.53916935 -4.73587069 3.91776822 -3.63662521 2.64045763 -3.12474762 
2.87406769 15.60999040 -11.43672330 9.39054849 -8.14132701 6.84244765 -6.40824168 5.53916935 -4.73587069 3.91776822 -3.63662521 2.64045763 -3.12474762 
3.11027743 13.77916102 -8.96824421 6.53229331 -5.08327072 3.72579957 -3.34120051 2.60136340 -1.98390257 1.38843602 -1.35358396 0.61562771 -1.36226490 
3.11592173 13.86325180 -9.07469036 6.64815208 -5.19985806 3.83770589 -3.44500806 2.69519304 -2.06695466 1.46073290 -1.41552480 0.66790850 -1.40564691 
3.12286131 13.79529855 -8.98862056 6.55441769 -5.10548150 3.74707002 -3.36088794 2.61912033 -1.99958739 1.40206312 -1.36523766 0.62544719 -1.37039970 
3.31845730 15.60779207 -11.43357008 9.38668044 -8.13695689 6.83776082 -6.40340219 5.53431904 -4.73112991 3.91323578 -3.63238141 2.63656418 -3.12124977 
3.32986409 15.60781699 -11.43360582 9.38672428 -8.13700641 6.83781392 -6.40345703 5.53437399 -4.73118362 3.91328712 -3.63242949 2.63660828 -3.12128939 
3.34120618 15.60784148 -11.43364095 9.38676737 -8.13705509 6.83786613 -6.40351093 5.53442802 -4.73123642 3.91333760 -3.63247675 2.63665164 -3.12132834 
3.53940690 14.20864446 -9.51886494 7.13904210 -5.70126599 4.32595866 -3.90431425 3.11603353 -2.44438086 1.79338082 -1.70388854 0.91398341 -1.61199540 
3.55338096 14.40170159 -9.77203347 7.42414010 -5.99783688 4.61985271 -4.18551671 3.37794616 -2.68301018 2.00685177 -1.89156386 1.07625788 -1.74979479 
3.38594208 15.60793544 -11.43377571 9.38693267 -8.13724183 6.83806640 -6.40371771 5.53463524 -4.73143896 3.91353123 -3.63265804 2.63681796 -3.12147775 
3.21422805 13.98182567 -9.22591263 6.81393686 -5.36786248 4.00005845 -3.59660253 2.83308975 -2.18976191 1.56825422 -1.50814669 0.74648188 -1.47116267 
2.99867546 15.60999040 -11.43672330 9.39054849 -8.14132701 6.84244765 -6.40824168 5.53916935 -4.73587069 3.91776822 -3.63662521 2.64045763 -3.12474762 
2.99867546 15.60999040 -11.43672330 9.39054849 -8.14132701 6.84244765 -6.40824168 5.53916935 -4.73587069 3.91776822 -3.63662521 2.64045763 -3.12474762 
2.77716838 13.30930516 -8.38561658 5.91057509 -4.46955463 3.14744505 -2.81413589 2.13303106 -1.57609944 1.03882166 -1.05829942 0.36964812 -1.16069389 
2.76878591 13.38906215 -8.48306979 6.01308925 -4.56933681 3.24021127 -2.89756437 2.20621556 -1.63903754 1.09215428 -1.10285339 0.40639034 -1.19051296 
2.76223630 13.28623391 -8.35753631 5.88114781 -4.44101696 3.12100748 -2.79044078 2.11231411 -1.55833962 1.02381667 -1.04579871 0.35936495 -1.15236822 
2.75378472 13.36651169 -8.45545609 5.98398075 -4.54094626 3.21376544 -2.87373563 2.18527460 -1.62099697 1.07684224 -1.09004242 0.39581105 -1.18191583 
2.74719371 13.26281020 -8.32907749 5.85137472 -4.41219205 3.09434642 -2.76658229 2.09148544 -1.54050962 1.00877238 -1.03328075 0.34907911 -1.14404928 
2.73867191 13.34361328 -8.42746458 5.95452299 -4.51226165 3.18708720 -2.84973366 2.16421209 -1.60287705 1.06148280 -1.07720735 0.38522352 -1.17332106 
2.95799609 15.60999040 -11.43672330 9.39054849 -8.14132701 6.84244765 -6.40824168 5.53916935 -4.73587069 3.91776822 -3.63662521 2.64045763 -3.12474762 
2.95799609 15.60999040 -11.43672330 9.39054849 -8.14132701 6.84244765 -6.40824168 5.53916935 -4.73587069 3.91776822 -3.63662521 2.64045763 -3.12474762 
2.95799609 15.60999040 -11.43672330 9.39054849 -8.14132701 6.84244765 -6.40824168 5.53916935 -4.73587069 3.91776822 -3.63662521 2.64045763 -3.12474762 
2.95799609 15.60999040 -11.43672330 9.39054849 -8.14132701 6.84244765 -6.40824168 5.53916935 -4.73587069 3.91776822 -3.63662521 2.64045763 -3.12474762 
2.95799609 15.60999040 -11.43672330 9.39054849 -8.14132701 6.84244765 -6.40824168 5.53916935 -4.73587069 3.91776822 -3.63662521 2.64045763 -3.12474762 
3.18463221 13.87289266 -9.08693652 6.66152562 -5.21335949 3.85070570 -3.45710358 2.70615797 -2.07668749 1.46922775 -1.42282097 0.67408105 -1.41078016 
3.19009630 13.95332871 -9.18944885 6.77383426 -5.32709688 3.96054700 -3.55960286 2.79933948 -2.15962420 1.54180127 -1.48530520 0.72706205 -1.45493587 
3.19676308 13.88781793 -9.10591231 6.68226644 -5.23431648 3.87090059 -3.47590861 2.72321836 -2.09184207 1.48246395 -1.43419694 0.68371098 -1.41879335 
3.20219822 13.96766883 -9.20778848 6.79399395 -5.34757985 3.98039049 -3.57817640 2.81627437 -2.17473997 1.55506360 -1.49675256 0.73679115 -1.46306255 
2.98520739 15.60999040 -11.43672330 9.39054849 -8.14132701 6.84244765 -6.40824168 5.53916935 -4.73587069 3.91776822 -3.63662521 2.64045763 -3.12474762 
2.98520739 15.60999040 -11.43672330 9.39054849 -8.14132701 6.84244765 -6.40824168 5.53916935 -4.73587069 3.91776822 -3.63662521 2.64045763 -3.12474762 
2.98520739 15.60999040 -11.43672330 9.39054849 -8.14132701 6.84244765 -6.40824168 5.53916935 -4.73587069 3.91776822 -3.63662521 2.64045763 -3.12474762 
2.98520739 15.60999040 -11.43672330 9.39054849 -8.14132701 6.84244765 -6.40824168 5.53916935 -4.73587069 3.91776822 -3.63662521 2.64045763 -3.12474762 
3.20882157 13.90255336 -9.12466722 6.70278742 -5.25507265 3.89092174 -3.49456972 2.74016389 -2.10690807 1.49563385 -1.44552490 0.69330735 -1.42678426 
3.39697144 15.60795796 -11.43380801 9.38697230 -8.13728660 6.83811441 -6.40376728 5.53468493 -4.73148752 3.91357765 -3.63270151 2.63685783 -3.12151357 
3.40794031 15.60798012 -11.43383979 9.38701128 -8.13733064 6.83816164 -6.40381605 5.53473380 -4.73153529 3.91362332 -3.63274426 2.63689706 -3.12154881 
3.41884934 15.60800192 -11.43387106 9.38704963 -8.13737397 6.83820810 -6.40386402 5.53478188 -4.73158228 3.91366824 -3.63278632 2.63693565 -3.12158348 
3.24989340 14.02322781 -9.27902532 6.87249425 -5.42753143 4.05802568 -3.65100683 2.88282418 -2.23426608 1.60739436 -1.54200644 0.77531966 -1.49529914 
3.25634850 13.95966115 -9.19754505 6.78273142 -5.33613422 3.96929987 -3.56779345 2.80680559 -2.16628671 1.54764552 -1.49034858 0.73134755 -1.45851485 
3.26164319 14.03668251 -9.29632035 6.89159912 -5.44703567 4.07700801 -3.66885374 2.89916693 -2.24891414 1.62029681 -1.55318451 0.78485281 -1.50328854 
3.05165869 15.60999040 -11.43672330 9.39054849 -8.14132701 6.84244765 -6.40824168 5.53916935 -4.73587069 3.91776822 -3.63662521 2.64045763 -3.12474762 
3.05165869 15.60999040 -11.43672330 9.39054849 -8.14132701 6.84244765 -6.40824168 5.53916935 -4.73587069 3.91776822 -3.63662521 2.64045763 -3.12474762 
3.05165869 15.60999040 -11.43672330 9.39054849 -8.14132701 6.84244765 -6.40824168 5.53916935 -4.73587069 3.91776822 -3.63662521 2.64045763 -3.12474762 
3.26805753 13.97349512 -9.21524525 6.80219659 -5.35591983 3.98847549 -3.58574889 2.82318310 -2.18091031 1.56048044 -1.50143061 0.74076901 -1.46638684 
3.27332498 14.04996909 -9.31341598 6.91050152 -5.46635092 4.09582300 -3.68655847 2.91539293 -2.26346917 1.63312698 -1.56430790 0.79434564 -1.51124922 
3.06468805 15.60999040 -11.43672330 9.39054849 -8.14132701 6.84244765 -6.40824168 5.53916935 -4.73587069 3.91776822 -3.63662521 2.64045763 -3.12474762 
3.06468805 15.60999040 -11.43672330 9.39054849 -8.14132701 6.84244765 -6.40824168 5.53916935 -4.73587069 3.91776822 -3.63662521 2.64045763 -3.12474762 
3.27969907 13.98715787 -9.23274400 6.82145895 -5.37551783 4.00748659 -3.60356602 2.83944837 -2.19544567 1.57324782 -1.51246243 0.75015421 -1.47423366 
3.28493955 14.06309040 -9.33031523 6.92920417 -5.48547936 4.11447225 -3.70412209 2.93150277 -2.27793141 1.64588483 -1.57537637 0.80379782 -1.51918080 
3.07763308 15.60999040 -11.43672330 9.39054849 -8.14132701 6.84244765 -6.40824168 5.53916935 -4.73587069 3.91776822 -3.63662521 2.64045763 -3.12474762 
3.29127388 14.00065226 -9.25004434 6.84052116 -5.39493035 4.02633469 -3.62124580 2.85560188 -2.20989291 1.58594753 -1.52344373 0.75950275 -1.48205490 
3.29648765 14.07604921 -9.34702109 6.94770974 -5.50442317 4.13295737 -3.72154564 2.94749705 -2.29230108 1.65857033 -1.58638972 0.81320902 -1.52708291 
3.30278271 14.01398110 -9.26714923 6.85938587 -5.41415947 4.04502129 -3.63878919 2.87164413 -2.22425217 1.59857946 -1.53437424 0.76881426 -1.48985014 
3.30797003 14.08884823 -9.36353647 6.96602088 -5.52318448 4.15127993 -3.73883019 2.96337638 -2.30657843 1.67118346 -1.59734774 0.82257896 -1.53495519 
3.31422630 14.02714715 -9.28406159 6.87805567 -5.43320724 4.06354788 -3.65619713 2.88757563 -2.23852360 1.61114351 -1.54525369 0.77808840 -1.49761900 
3.31938743 14.10149012 -9.37986423 6.98414017 -5.54176539 4.16944150 -3.75597679 2.97914136 -2.32076371 1.68372422 -1.60825027 0.83190734 -1.54279731 
3.11597291 15.60999040 -11.43672330 9.39054849 -8.14132701 6.84244765 -6.40824168 5.53916935 -4.73587069 3.91776822 -3.63662521 2.64045763 -3.12474762 
3.11597291 15.60999040 -11.43672330 9.39054849 -8.14132701 6.84244765 -6.40824168 5.53916935 -4.73587069 3.91776822 -3.63662521 2.64045763 -3.12474762 
3.11597291 15.60999040 -11.43672330 9.39054849 -8.14132701 6.84244765 -6.40824168 5.53916935 -4.73587069 3.91776822 -3.63662521 2.64045763 -3.12474762 
3.32560538 14.04015308 -9.30078427 6.89653312 -5.45207572 4.08191594 -3.67347061 2.90339690 -2.25270739 1.62363961 -1.55608186 0.78732484 -1.50536110 
3.33074058 14.11397748 -9.39600717 7.00207018 -5.56016799 4.18744365 -3.77298651 2.99479262 -2.33485720 1.69619263 -1.61909715 0.84119392 -1.55060895 
3.33692067 14.05300153 -9.31732008 6.91482072 -5.47076692 4.10012694 -3.69061056 2.91910846 -2.26680370 1.63606769 -1.56685852 0.79652325 -1.51307608 
3.51444208 15.60818310 -11.43413092 9.38736839 -8.13773408 6.83859430 -6.40426278 5.53518151 -4.73197287 3.91404166 -3.63313595 2.63725640 -3.12187163 
3.52478687 15.60820169 -11.43415758 9.38740109 -8.13777103 6.83863393 -6.40430370 5.53522252 -4.73201295 3.91407998 -3.63317182 2.63728931 -3.12190120 
3.53507842 15.60821999 -11.43418384 9.38743330 -8.13780742 6.83867294 -6.40434398 5.53526290 -4.73205241 3.91411771 -3.63320715 2.63732172 -3.12193031 
3.37552474 14.16243180 -9.45878514 7.07194693 -5.63203602 4.25788874 -3.83967762 3.05627320 -2.39031923 1.74534368 -1.66192554 0.87791733 -1.58154482 
3.17828325 15.60999040 -11.43672330 9.39054849 -8.14132701 6.84244765 -6.40824168 5.53916935 -4.73587069 3.91776822 -3.63662521 2.64045763 -3.12474762 
3.38155783 14.10287125 -9.38164895 6.98612169 -5.54379836 4.17142951 -3.75785454 2.98086855 -2.32231848 1.68509929 -1.60944615 0.83293092 -1.54365809 
3.38656708 14.17418366 -9.47404432 7.08896737 -5.64957740 4.27511672 -3.85601873 3.07136547 -2.40395833 1.75745114 -1.67249235 0.88699141 -1.58919975 
3.39256450 14.11496987 -9.39729070 7.00349648 -5.56163255 4.18887698 -3.77434141 2.99603983 -2.33598073 1.69718698 -1.61996249 0.84193503 -1.55123256 
3.73378687 14.39942746 -9.76903075 7.42073637 -5.99427349 4.61629978 -4.18209700 3.37474274 -2.68007543 2.00421274 -1.88923227 1.07423253 -1.74806731 
3.74658660 14.56957115 -9.99503837 7.67841282 -6.26555943 4.88825981 -4.44524217 3.62250455 -2.90817781 2.21029024 -2.07211190 1.23375799 -1.88467670 
3.76139073 14.42472135 -9.80245594 7.45865559 -6.03400196 4.65594100 -4.22027937 3.41053499 -2.71288787 2.03373760 -1.91533326 1.09691822 -1.76742707 
3.77403084 14.59177805 -10.02473901 7.71249804 -6.30167392 4.92468572 -4.48069621 3.65607679 -2.93925601 2.23851359 -2.09728165 1.25581522 -1.90364889 
3.62539420 15.60837280 -11.43440301 9.38770215 -8.13811116 6.83899869 -6.40468033 5.53559998 -4.73238188 3.91443268 -3.63350206 2.63759227 -3.12217337 
3.63518208 15.60838855 -11.43442560 9.38772986 -8.13814246 6.83903226 -6.40471499 5.53563472 -4.73241583 3.91446514 -3.63353245 2.63762016 -3.12219842 
3.48331707 14.27390879 -9.60405642 7.23455164 -5.80018814 4.42357796 -3.99733793 3.20233401 -2.52270962 1.86319807 -1.76505809 0.96670289 -1.65662461 
3.29736603 15.60999040 -11.43672330 9.39054849 -8.14132701 6.84244765 -6.40824168 5.53916935 -4.73587069 3.91776822 -3.63662521 2.64045763 -3.12474762 
3.48901122 14.21769422 -9.53065385 7.15223296 -5.71490211 4.33939047 -3.91709092 3.12786631 -2.45510274 1.80292256 -1.71223592 0.92116758 -1.61806892 
3.65461532 15.60841936 -11.43446980 9.38778407 -8.13820371 6.83909794 -6.40478281 5.53570269 -4.73248227 3.91452866 -3.63359192 2.63767472 -3.12224744 
3.66426159 15.60843444 -11.43449142 9.38781059 -8.13823367 6.83913008 -6.40481599 5.53573595 -4.73251477 3.91455973 -3.63362102 2.63770141 -3.12227142 
3.67386155 15.60844929 -11.43451273 9.38783674 -8.13826321 6.83916175 -6.40484870 5.53576873 -4.73254681 3.91459036 -3.63364970 2.63772772 -3.12229506 
3.52486967 14.31498763 -9.65788407 7.29512200 -5.86314860 4.48592424 -4.05694858 3.25781595 -2.57322413 1.90835666 -1.80473420 1.00098801 -1.68572140 
3.53043856 14.26003897 -9.58591809 7.21418013 -5.77905208 4.40268544 -3.97739675 3.18380511 -2.50586692 1.84816419 -1.75186857 0.95532102 -1.64697774 
3.69292433 15.60847838 -11.43455445 9.38788791 -8.13832102 6.83922376 -6.40491272 5.53583289 -4.73260952 3.91465032 -3.63370583 2.63777922 -3.12234132 
3.54532887 14.33483496 -9.68394816 7.32451296 -5.89376213 4.51629904 -4.08604626 3.28494848 -2.59797156 1.93051755 -1.82423584 1.01786521 -1.70006520 
3.55083715 14.28050456 -9.61268844 7.24425332 -5.81026090 4.43354127 -4.00685371 3.21118138 -2.53075668 1.87038501 -1.77136674 0.97214968 -1.66124335 
3.71180714 15.60850665 -11.43459500 9.38793765 -8.13837722 6.83928402 -6.40497495 5.53589526 -4.73267048 3.91470860 -3.63376040 2.63782928 -3.12238630 
3.72118210 15.60852049 -11.43461485 9.38796200 -8.13840473 6.83931353 -6.40500541 5.53592579 -4.73270032 3.91473712 -3.63378711 2.63785378 -3.12240831 
3.73051333 15.60853413 -11.43463442 9.38798601 -8.13843185 6.83934262 -6.40503545 5.53595589 -4.73272974 3.91476525 -3.63381345 2.63787795 -3.12243002 
3.73980122 15.60854759 -11.43465372 9.38800968 -8.13845860 6.83937130 -6.40506507 5.53598558 -4.73275876 3.91479300 -3.63383942 2.63790178 -3.12245143 
3.74904618 15.60856086 -11.43467276 9.38803304 -8.13848498 6.83939960 -6.40509428 5.53601486 -4.73278737 3.91482035 -3.63386503 2.63792528 -3.12247254 
3.75824860 15.60857395 -11.43469153 9.38805606 -8.13851100 6.83942750 -6.40512310 5.53604373 -4.73281560 3.91484734 -3.63389030 2.63794846 -3.12249336 
3.61534209 14.40089737 -9.77097154 7.42293629 -5.99657654 4.61859601 -4.18430707 3.37681298 -2.68197199 2.00591816 -1.89073898 1.07554132 -1.74918359 
3.62064816 14.34865688 -9.70212150 7.34502987 -5.91515671 4.53754993 -4.10642517 3.30397053 -2.61533855 1.94608390 -1.83794638 1.02974051 -1.71016595 
3.77652739 15.60859960 -11.43472831 9.38810119 -8.13856198 6.83948217 -6.40517955 5.53610031 -4.73287089 3.91490020 -3.63393980 2.63799387 -3.12253416 
3.78560451 15.60861216 -11.43474633 9.38812329 -8.13858695 6.83950895 -6.40520720 5.53612802 -4.73289798 3.91492610 -3.63396404 2.63801611 -3.12255414 
3.79464062 15.60862455 -11.43476411 9.38814509 -8.13861158 6.83953537 -6.40523448 5.53615536 -4.73292470 3.91495165 -3.63398796 2.63803806 -3.12257386 
3.95301413 14.58865835 -10.02056374 7.70770328 -6.29659050 4.91955536 -4.47569980 3.65134290 -2.93487140 2.23452970 -2.09372704 1.25269874 -1.90096712 
3.96459371 14.73538951 -10.21794254 7.93547680 -6.53922551 5.16555152 -4.71633610 3.88031463 -3.14782577 2.42878134 -2.26769349 1.40575953 -2.03312102 
3.83038228 15.60867249 -11.43483286 9.38822943 -8.13870687 6.83963756 -6.40534000 5.53626111 -4.73302807 3.91505047 -3.63408049 2.63812295 -3.12265012 
3.83921877 15.60868408 -11.43484949 9.38824983 -8.13872991 6.83966227 -6.40536551 5.53628668 -4.73305306 3.91507436 -3.63410286 2.63814347 -3.12266856 
3.84801640 15.60869551 -11.43486589 9.38826995 -8.13875265 6.83968665 -6.40539069 5.53631192 -4.73307772 3.91509794 -3.63412494 2.63816372 -3.12268676 
3.85677549 15.60870680 -11.43488208 9.38828981 -8.13877508 6.83971072 -6.40541554 5.53633682 -4.73310206 3.91512121 -3.63414673 2.63818371 -3.12270472 
3.86549640 15.60871794 -11.43489806 9.38830941 -8.13879723 6.83973447 -6.40544006 5.53636140 -4.73312609 3.91514418 -3.63416824 2.63820344 -3.12272244 
3.87417944 15.60872894 -11.43491384 9.38832876 -8.13881909 6.83975791 -6.40546427 5.53638566 -4.73314980 3.91516685 -3.63418946 2.63822292 -3.12273994 
4.02642939 14.64629034 -10.09784498 7.79661556 -6.39102556 5.01502763 -4.56883545 3.73972842 -3.01686350 2.30913890 -2.16039035 1.31122297 -1.95139189 
4.03762410 14.78573326 -10.28613473 8.01469422 -6.62415606 5.25219141 -4.80159517 3.96190881 -3.22413267 2.49875183 -2.33066909 1.46142699 -2.08139945 
4.05031704 14.66444992 -10.12226127 7.82477884 -6.42101284 5.04541691 -4.59854972 3.76799034 -3.04313752 2.33309588 -2.18183738 1.33008582 -1.96767250 
4.18516985 15.60629606 -11.43142450 9.38404875 -8.13398391 6.83457270 -6.40011056 5.53102034 -4.72790599 3.91015378 -3.62949592 2.63391709 -3.11887179 
4.07707745 14.81189889 -10.32167198 8.05608317 -6.66864037 5.29767937 -4.84646147 4.00494210 -3.26446351 2.53580862 -2.36408552 1.49101909 -2.10710799 
4.08950934 14.69362676 -10.16155629 7.87017684 -6.46942625 5.09455262 -4.64666352 3.81381638 -3.08579750 2.37204334 -2.21674651 1.36082371 -1.99423139 
4.22191258 15.60642918 -11.43161542 9.38428291 -8.13424844 6.83485636 -6.40040341 5.53131382 -4.72819280 3.91042796 -3.62975261 2.63415256 -3.11908332 
4.23642273 15.60648043 -11.43168891 9.38437305 -8.13435026 6.83496555 -6.40051614 5.53142678 -4.72830320 3.91053350 -3.62985142 2.63424320 -3.11916475 
4.25082837 15.60653057 -11.43176082 9.38446126 -8.13444990 6.83507240 -6.40062646 5.53153734 -4.72841125 3.91063678 -3.62994811 2.63433191 -3.11924443 
4.14619651 14.85604472 -10.38177678 8.12624986 -6.74422664 5.37514013 -4.92302527 4.07852774 -3.33356324 2.59941687 -2.42154630 1.54198844 -2.15145852 
4.15818445 14.74293882 -10.22815298 7.94732098 -6.55190617 5.17847006 -4.72903226 3.89244982 -3.15916093 2.43916337 -2.27702749 1.41400191 -2.04026236 
4.16871720 14.86997250 -10.40077796 8.14847495 -6.76821326 5.39976581 -4.94740809 4.10200135 -3.35564130 2.61977130 -2.43996015 1.55834430 -2.16570889 
4.18056408 14.75851961 -10.24924309 7.97180471 -6.57813881 5.20521416 -4.75533441 3.91760684 -3.18267472 2.46071325 -2.29641334 1.43112998 -2.05511024 
4.19098797 14.88352946 -10.41929093 8.17014882 -6.79162570 5.42382243 -4.97124699 4.12496949 -3.37726035 2.63971691 -2.45801647 1.57439292 -2.17970014 
4.20269706 14.77369649 -10.26980865 7.99570417 -6.60377110 5.23137133 -4.78108326 3.94225676 -3.20573442 2.48186425 -2.31545514 1.44796639 -2.06971547 
4.21301430 14.89672845 -10.43733184 8.19128882 -6.81448112 5.44732609 -4.99455652 4.14744485 -3.39843117 2.65926264 -2.47572255 1.59014009 -2.19343677 
4.22458873 14.78848315 -10.28986647 8.01903704 -6.62882011 5.25695721 -4.80629252 3.96641118 -3.22834954 2.50262397 -2.33415879 1.46451559 -2.08408129 
4.23480147 14.90958176 -10.45491618 8.21191167 -6.83679607 5.47029239 -5.01735078 4.16943979 -3.41916432 2.67841731 -2.49308556 1.60559153 -2.20692322 
4.24624430 14.80289269 -10.30943273 8.04182037 -6.65330237 5.28198695 -4.83097553 3.99008145 -3.25052944 2.52299993 -2.35253016 1.48078203 -2.09821098 
4.25635460 14.92210119 -10.47205882 8.23203342 -6.85858655 5.49273640 -5.03964346 4.19096637 -3.43947012 2.69718956 -2.51011258 1.62075293 -2.22016397 
4.14142162 15.60902468 -11.43533803 9.38884913 -8.13940700 6.84038843 -6.40611531 5.53703816 -4.73378757 3.91577659 -3.63476037 2.63874670 -3.12321049 
4.14898780 15.60903195 -11.43534847 9.38886193 -8.13942146 6.84040394 -6.40613134 5.53705422 -4.73380326 3.91579160 -3.63477442 2.63875958 -3.12322207 
4.15652548 15.60903915 -11.43535879 9.38887459 -8.13943577 6.84041928 -6.40614718 5.53707010 -4.73381878 3.91580643 -3.63478831 2.63877233 -3.12323352 
4.03920508 14.74367981 -10.22915546 7.94848418 -6.55315186 5.17973945 -4.73028011 3.89364283 -3.16027555 2.44018449 -2.27794573 1.41481291 -2.04096516 
4.04344201 14.70317376 -10.17443163 7.88507135 -6.48533022 5.11071355 -4.66250699 3.82892368 -3.09987645 2.38491040 -2.22829079 1.37099801 -2.00303022 
4.04715077 14.74923482 -10.23667245 7.95720823 -6.56249648 5.18926371 -4.73964456 3.90259733 -3.16864314 2.44785146 -2.28484129 1.42090414 -2.04624447 
3.90995387 15.60999040 -11.43672330 9.39054849 -8.14132701 6.84244765 -6.40824168 5.53916935 -4.73587069 3.91776822 -3.63662521 2.64045763 -3.12474762 
3.90995387 15.60999040 -11.43672330 9.39054849 -8.14132701 6.84244765 -6.40824168 5.53916935 -4.73587069 3.91776822 -3.63662521 2.64045763 -3.12474762 
3.90995387 15.60999040 -11.43672330 9.39054849 -8.14132701 6.84244765 -6.40824168 5.53916935 -4.73587069 3.91776822 -3.63662521 2.64045763 -3.12474762 
3.90995387 15.60999040 -11.43672330 9.39054849 -8.14132701 6.84244765 -6.40824168 5.53916935 -4.73587069 3.91776822 -3.63662521 2.64045763 -3.12474762 
3.90995387 15.60999040 -11.43672330 9.39054849 -8.14132701 6.84244765 -6.40824168 5.53916935 -4.73587069 3.91776822 -3.63662521 2.64045763 -3.12474762 
3.90995387 15.60999040 -11.43672330 9.39054849 -8.14132701 6.84244765 -6.40824168 5.53916935 -4.73587069 3.91776822 -3.63662521 2.64045763 -3.12474762 
3.90995387 15.60999040 -11.43672330 9.39054849 -8.14132701 6.84244765 -6.40824168 5.53916935 -4.73587069 3.91776822 -3.63662521 2.64045763 -3.12474762 
3.76863899 14.48377350 -9.88072759 7.54770890 -6.12756798 4.74955524 -4.31068615 3.49549860 -2.79096939 2.10415938 -1.97772608 1.15125971 -1.81389378 
3.76373620 14.53172147 -9.94452408 7.62055984 -6.20438385 4.82667440 -4.38541067 3.56594988 -2.85591447 2.16290510 -2.02991890 1.19683644 -1.85296336 
3.75951108 14.47579723 -9.87013601 7.53563725 -6.11486301 4.73682294 -4.29837062 3.48390685 -2.78030088 2.09452402 -1.96917799 1.14380542 -1.80751214 
3.42392595 14.08431009 -9.35767886 6.95952448 -5.51652648 4.14477587 -3.73269298 2.95773668 -2.30150644 1.66670164 -1.59345318 0.81924813 -1.53215620 
3.20674670 15.60018160 -11.42265728 9.37329768 -8.12184130 6.82155408 -6.38667186 5.51755534 -4.71474856 3.89757768 -3.61772350 2.62311893 -3.10917280 
3.18240653 15.59994070 -11.42231193 9.37287426 -8.12136316 6.82104154 -6.38614286 5.51702540 -4.71423079 3.89708287 -3.61726037 2.62269418 -3.10879133 
2.95445048 13.40132621 -8.49810731 6.02896096 -4.58483627 3.25466621 -2.91060387 2.21768757 -1.64893122 1.10055995 -1.10989260 0.41220824 -1.19524462 
2.65553721 15.57203228 -11.38233967 9.32390805 -8.06611396 6.76186221 -6.32510880 5.45592417 -4.65457370 3.84010516 -3.56396221 2.57383985 -3.06493783 
2.60715483 15.57017406 -11.37968074 9.32065379 -8.06244530 6.75793577 -6.32106246 5.45187638 -4.65062437 3.83633571 -3.56043840 2.57061173 -3.06204175 
2.28773405 12.10133419 -6.98124765 4.50146588 -3.15894553 1.97995938 -1.80607766 1.28231466 -0.87076169 0.46052342 -0.58944484 -0.00699656 -0.86247376 
2.20931182 12.78831921 -7.76349941 5.27042065 -3.85965549 2.59185556 -2.32417262 1.71124286 -1.21982556 0.74185916 -0.81396288 0.17087944 -1.00145136 
2.15130836 11.80086230 -6.65263129 4.19079847 -2.88647172 1.75050133 -1.61847718 1.13212976 -0.75239060 0.36776942 -0.51724652 -0.06304680 -0.81951257 
2.45287582 9.65272964 -4.54053192 2.38237247 -1.44213667 0.63230641 -0.77241275 0.50116569 -0.28632188 0.02033066 -0.25716410 -0.26052899 -0.67146056 
2.63025421 12.87514929 -7.86544751 5.37361601 -3.95639871 2.67862676 -2.39954675 1.77518536 -1.27307870 0.78567339 -0.84958148 0.19954583 -1.02418310 
2.58434650 13.30283314 -8.37773444 5.90230981 -4.46153445 3.14001086 -2.80746919 2.12719918 -1.57109744 1.03459356 -1.05477542 0.36674810 -1.15834502 
2.79148681 15.59515612 -11.41545405 9.36446746 -8.11187134 6.81086810 -6.37564427 5.50650922 -4.70395758 3.88726602 -3.60807305 2.61426906 -3.10122540 
2.76148793 15.59470655 -11.41480978 9.36367780 -8.11097990 6.80991278 -6.37465854 5.50552197 -4.70299326 3.88634465 -3.60721086 2.61347848 -3.10051551 
2.98294243 13.77454402 -8.96241894 6.52597300 -5.07693032 3.71973182 -3.33558813 2.59630466 -1.97943696 1.38455855 -1.35026984 0.61283666 -1.35995384 
3.16804158 15.60743554 -11.43305872 9.38605320 -8.13624828 6.83700091 -6.40261759 5.53353273 -4.73036140 3.91250108 -3.63169355 2.63593313 -3.12068286 
2.95135674 13.48116835 -8.59634678 6.13299936 -4.68676884 3.35002940 -2.99689227 2.29382792 -1.71478307 1.15665592 -1.15698574 0.45121872 -1.22704014 
2.92840340 13.70315030 -8.87259522 6.42878031 -4.97968647 3.62690583 -3.24993987 2.51928898 -1.91160698 1.32578855 -1.30014005 0.57069779 -1.32512417 
