10.14413798 0.42532704 -0.12088740 -0.01066018 -0.12535575 -0.18907496 -0.26232998 0.17454498 -0.09193795 -0.13435976 -0.14695891 -0.36800882 -0.58979071 
3.97448202 14.69730078 -10.16651014 7.87590645 -6.47554300 5.10076705 -4.65275479 3.81962361 -3.09120854 2.37698782 -2.22118202 1.36473230 -1.99761112 
3.97886640 14.65511011 -10.10969962 7.81028511 -6.40557595 5.02976873 -4.58324500 3.75342989 -3.02959784 2.32074731 -2.17078007 1.32035876 -1.95927534 
4.11086735 15.60899472 -11.43529507 9.38879642 -8.13934745 6.84032456 -6.40604937 5.53697207 -4.73372297 3.91571483 -3.63470254 2.63869364 -3.12316283 
3.99085935 14.70922822 -10.18260132 7.89452722 -6.49543213 5.12098370 -4.67258018 3.83853322 -3.10883582 2.39310197 -2.23564315 1.37748028 -2.00863814 
3.99520591 14.66746761 -10.12632172 7.82946577 -6.42600680 5.05048119 -4.60350472 3.77270608 -3.04752421 2.33709799 -2.18542212 1.33324024 -1.97039642 
4.12620283 15.60900987 -11.43531680 9.38882307 -8.13937756 6.84035686 -6.40608272 5.53700550 -4.73375564 3.91574607 -3.63473179 2.63872047 -3.12318694 
4.00710423 14.72093017 -10.19840142 7.91282574 -6.51499216 5.14088059 -4.69210602 3.85717003 -3.12622038 2.40900428 -2.24992275 1.39007535 -2.01953877 
4.01141363 14.67959361 -10.14264653 7.84831899 -6.44610500 5.07087216 -4.62346488 3.79171098 -3.06521054 2.35324036 -2.19988666 1.34597304 -1.98139533 
4.14142162 15.60902468 -11.43533803 9.38884913 -8.13940700 6.84038843 -6.40611531 5.53703816 -4.73378757 3.91577659 -3.63476037 2.63874670 -3.12321049 
4.02321879 14.73241223 -10.21391726 7.93080910 -6.53422987 5.16046385 -4.71133760 3.87553846 -3.14336579 2.42469753 -2.26402290 1.40251904 -2.03031408 
4.02749164 14.69149382 -10.15868094 7.86685188 -6.46587729 5.09094766 -4.64313062 3.81044879 -3.08266018 2.36917698 -2.21417559 1.35855852 -1.99227296 
4.15652548 15.60903915 -11.43535879 9.38887459 -8.13943577 6.84041928 -6.40614718 5.53707010 -4.73381878 3.91580643 -3.63478831 2.63877233 -3.12323352 
4.16403484 15.60904626 -11.43536900 9.38888711 -8.13944991 6.84043445 -6.40616284 5.53708579 -4.73383412 3.91582110 -3.63480205 2.63878493 -3.12324484 
4.04715077 14.74923482 -10.23667245 7.95720823 -6.56249648 5.18926371 -4.73964456 3.90259733 -3.16864314 2.44785146 -2.28484129 1.42090414 -2.04624447 
4.05136995 14.70893280 -10.18220262 7.89406566 -6.49493894 5.12048221 -4.67208822 3.83806382 -3.10839811 2.39270171 -2.23528384 1.37716345 -2.00836401 
4.17896952 15.60906026 -11.43538907 9.38891173 -8.13947772 6.84046428 -6.40619364 5.53711667 -4.73386430 3.91584995 -3.63482906 2.63880971 -3.12326711 
4.06294844 14.76019050 -10.25150617 7.97443346 -6.58095692 5.20808876 -4.75816298 3.92031363 -3.18520593 2.46303411 -2.29850205 1.43297618 -2.05671129 
4.06713258 14.72029233 -10.19753987 7.91182758 -6.51392480 5.13979447 -4.69103979 3.85615202 -3.12527048 2.40813511 -2.24914205 1.38938657 -2.01894250 
4.07080092 14.76559242 -10.25882443 7.98293625 -6.59007429 5.21739097 -4.76731820 3.92907646 -3.19340197 2.47055047 -2.30526776 1.43895739 -2.06189910 
4.07496775 14.72589408 -10.20510768 7.92059680 -6.52330349 5.14933948 -4.70041136 3.86510109 -3.13362201 2.41577784 -2.25600768 1.39544460 -2.02418744 
4.07862281 14.77094454 -10.26607796 7.99136689 -6.59911746 5.22662056 -4.77640490 3.93777644 -3.20154168 2.47801729 -2.31199071 1.44490231 -2.06705670 
4.08277248 14.73144467 -10.21260930 7.92929259 -6.53260704 5.15881132 -4.70971423 3.87398747 -3.14191764 2.42337167 -2.26283132 1.40146718 -2.02940302 
4.08641435 14.77624747 -10.27326751 7.99972614 -6.60808717 5.23577823 -4.78542369 3.94641409 -3.20962547 2.48543492 -2.31867117 1.45081114 -2.07218423 
3.95206069 15.60999040 -11.43672330 9.39054849 -8.14132701 6.84244765 -6.40824168 5.53916935 -4.73587069 3.91776822 -3.63662521 2.64045763 -3.12474762 
3.95206069 15.60999040 -11.43672330 9.39054849 -8.14132701 6.84244765 -6.40824168 5.53916935 -4.73587069 3.91776822 -3.63662521 2.64045763 -3.12474762 
4.09054700 14.73694470 -10.22004549 7.93791574 -6.54183619 5.16821068 -4.71894900 3.88281165 -3.15015778 2.43091692 -2.26961320 1.40745448 -2.03458936 
4.09417578 14.78150180 -10.28039381 8.00801479 -6.61698418 5.24486466 -4.79437517 3.95498990 -3.21765378 2.49280369 -2.32530938 1.45668409 -2.07728183 
3.96037671 15.60999040 -11.43672330 9.39054849 -8.14132701 6.84244765 -6.40824168 5.53916935 -4.73587069 3.91776822 -3.63662521 2.64045763 -3.12474762 
3.96037671 15.60999040 -11.43672330 9.39054849 -8.14132701 6.84244765 -6.40824168 5.53916935 -4.73587069 3.91776822 -3.63662521 2.64045763 -3.12474762 
3.96037671 15.60999040 -11.43672330 9.39054849 -8.14132701 6.84244765 -6.40824168 5.53916935 -4.73587069 3.91776822 -3.63662521 2.64045763 -3.12474762 
3.96037671 15.60999040 -11.43672330 9.39054849 -8.14132701 6.84244765 -6.40824168 5.53916935 -4.73587069 3.91776822 -3.63662521 2.64045763 -3.12474762 
3.96037671 15.60999040 -11.43672330 9.39054849 -8.14132701 6.84244765 -6.40824168 5.53916935 -4.73587069 3.91776822 -3.63662521 2.64045763 -3.12474762 
3.96037671 15.60999040 -11.43672330 9.39054849 -8.14132701 6.84244765 -6.40824168 5.53916935 -4.73587069 3.91776822 -3.63662521 2.64045763 -3.12474762 
3.96037671 15.60999040 -11.43672330 9.39054849 -8.14132701 6.84244765 -6.40824168 5.53916935 -4.73587069 3.91776822 -3.63662521 2.64045763 -3.12474762 
3.96037671 15.60999040 -11.43672330 9.39054849 -8.14132701 6.84244765 -6.40824168 5.53916935 -4.73587069 3.91776822 -3.63662521 2.64045763 -3.12474762 
3.96037671 15.60999040 -11.43672330 9.39054849 -8.14132701 6.84244765 -6.40824168 5.53916935 -4.73587069 3.91776822 -3.63662521 2.64045763 -3.12474762 
3.96037671 15.60999040 -11.43672330 9.39054849 -8.14132701 6.84244765 -6.40824168 5.53916935 -4.73587069 3.91776822 -3.63662521 2.64045763 -3.12474762 
3.96037671 15.60999040 -11.43672330 9.39054849 -8.14132701 6.84244765 -6.40824168 5.53916935 -4.73587069 3.91776822 -3.63662521 2.64045763 -3.12474762 
3.96037671 15.60999040 -11.43672330 9.39054849 -8.14132701 6.84244765 -6.40824168 5.53916935 -4.73587069 3.91776822 -3.63662521 2.64045763 -3.12474762 
3.82255338 14.52995365 -9.94216805 7.61786518 -6.20153817 4.82381329 -4.38263443 3.56332880 -2.85349504 2.16071387 -2.02796977 1.19513247 -1.85150111 
3.81778939 14.57638613 -10.00414810 7.68886190 -6.27662496 4.89941530 -4.45609487 3.63277651 -2.91768248 2.21891820 -2.07980330 1.24049574 -1.89047001 
3.95206069 15.60999040 -11.43672330 9.39054849 -8.14132701 6.84244765 -6.40824168 5.53916935 -4.73587069 3.91776822 -3.63662521 2.64045763 -3.12474762 
3.81366741 14.52245129 -9.93217277 7.60643689 -6.18947313 4.81168635 -4.37087066 3.55222554 -2.84324872 2.15143632 -2.01971925 1.18792136 -1.84531426 
3.80888083 14.56913173 -9.99445114 7.67773941 -6.26484647 4.88754122 -4.44454324 3.62184317 -2.90756596 2.20973493 -2.07161696 1.23332449 -1.88430404 
3.80474201 14.51487259 -9.92208121 7.59490447 -6.17730425 4.79946093 -4.35901688 3.54104238 -2.83293314 2.14209990 -2.01141963 1.18066999 -1.83909506 
3.79993262 14.56180282 -9.98465966 7.66651410 -6.25296481 4.87556869 -4.43290107 3.61082891 -2.89737881 2.20049123 -2.06337984 1.22611132 -1.87810411 
3.79577682 14.50721653 -9.91189216 7.58326670 -6.16503042 4.78713607 -4.34707232 3.52977871 -2.82254786 2.13270430 -2.00307069 1.17337824 -1.83284346 
3.79094442 14.55439839 -9.97477245 7.65518472 -6.24097886 4.86349674 -4.42116754 3.59973309 -2.88712058 2.19118674 -2.05509171 1.21885606 -1.87187016 
3.78677150 14.49948205 -9.90160438 7.57152235 -6.15265052 4.77471082 -4.33503621 3.51843393 -2.81209244 2.12324921 -1.99467225 1.16604602 -1.82655940 
3.61884222 15.60836217 -11.43438777 9.38768345 -8.13809003 6.83897603 -6.40465693 5.53557654 -4.73235896 3.91441078 -3.63348155 2.63757346 -3.12215647 
3.60897384 15.60834603 -11.43436462 9.38765506 -8.13805795 6.83894163 -6.40462141 5.53554093 -4.73232416 3.91437751 -3.63345040 2.63754488 -3.12213080 
3.59905653 15.60832965 -11.43434113 9.38762624 -8.13802539 6.83890671 -6.40458536 5.53550480 -4.73228885 3.91434374 -3.63341879 2.63751588 -3.12210474 
3.58908979 15.60831303 -11.43431728 9.38759698 -8.13799234 6.83887127 -6.40454876 5.53546812 -4.73225300 3.91430947 -3.63338670 2.63748644 -3.12207830 
3.57907314 15.60829615 -11.43429307 9.38756729 -8.13795880 6.83883529 -6.40451161 5.53543089 -4.73221661 3.91427469 -3.63335413 2.63745656 -3.12205145 
3.56900607 15.60827902 -11.43426850 9.38753715 -8.13792474 6.83879877 -6.40447390 5.53539310 -4.73217967 3.91423937 -3.63332106 2.63742622 -3.12202420 
3.55888807 15.60826162 -11.43424355 9.38750654 -8.13789017 6.83876169 -6.40443562 5.53535473 -4.73214217 3.91420352 -3.63328749 2.63739543 -3.12199653 
3.54871862 15.60824396 -11.43421822 9.38747547 -8.13785506 6.83872404 -6.40439675 5.53531577 -4.73210409 3.91416712 -3.63325341 2.63736416 -3.12196844 
3.53849720 15.60822603 -11.43419250 9.38744392 -8.13781942 6.83868582 -6.40435728 5.53527622 -4.73206543 3.91413015 -3.63321880 2.63733241 -3.12193992 
3.52822327 15.60820782 -11.43416638 9.38741188 -8.13778322 6.83864700 -6.40431720 5.53523605 -4.73202617 3.91409262 -3.63318366 2.63730017 -3.12191095 
3.51789629 15.60818933 -11.43413985 9.38737934 -8.13774646 6.83860758 -6.40427649 5.53519525 -4.73198630 3.91405450 -3.63314797 2.63726743 -3.12188154 
3.50751572 15.60817054 -11.43411291 9.38734630 -8.13770913 6.83856754 -6.40423515 5.53515382 -4.73194581 3.91401579 -3.63311172 2.63723417 -3.12185166 
3.49708098 15.60815146 -11.43408555 9.38731273 -8.13767121 6.83852687 -6.40419316 5.53511174 -4.73190467 3.91397646 -3.63307491 2.63720039 -3.12182132 
3.48659152 15.60813209 -11.43405775 9.38727864 -8.13763269 6.83848556 -6.40415051 5.53506899 -4.73186289 3.91393652 -3.63303751 2.63716608 -3.12179050 
3.47604675 15.60811240 -11.43402952 9.38724400 -8.13759356 6.83844360 -6.40410718 5.53502557 -4.73182045 3.91389594 -3.63299952 2.63713123 -3.12175919 
3.28991896 13.92915552 -9.15857738 6.73994524 -5.29271014 3.92727631 -3.52849999 2.77101467 -2.13437118 1.51966878 -1.46622120 0.71085810 -1.44141318 
3.27083675 14.11718516 -9.40015624 7.00668110 -5.56490298 4.19207799 -3.77736756 2.99882573 -2.33849060 1.69940848 -1.62189594 0.84359104 -1.55262611 
3.25498025 13.88671357 -9.10450753 6.68073023 -5.23276352 3.86940342 -3.47451385 2.72195246 -2.09071711 1.48148101 -1.43335183 0.68299534 -1.41819766 
3.23553273 14.07814783 -9.34972801 6.95070987 -5.50749593 4.13595721 -3.72437457 2.95009513 -2.29463630 1.66063273 -1.58818098 0.81474028 -1.52836908 
3.21942687 13.84265863 -9.04856133 6.61964826 -5.17111183 3.81005552 -3.41930624 2.67191566 -2.04631173 1.44273108 -1.40007564 0.65484835 -1.39479356 
2.97622410 15.59764855 -11.41902626 9.36884618 -8.11681488 6.81616631 -6.38111149 5.51198529 -4.70930684 3.89237739 -3.61285641 2.61865539 -3.10516425 
3.17528446 14.00965071 -9.26159021 6.85325297 -5.40790617 4.03894261 -3.63308075 2.86642268 -2.21957725 1.59446586 -1.53081385 0.76578055 -1.48730989 
3.15874568 13.76541610 -8.95090813 6.51349012 -5.06441374 3.70775899 -3.32451879 2.58633157 -1.97063686 1.37692044 -1.34374388 0.60734256 -1.35540607 
3.13825308 13.96635441 -9.20610666 6.79214437 -5.34569977 3.97856832 -3.57647014 2.81471801 -2.17335025 1.55384383 -1.49569935 0.73589574 -1.46231438 
3.31081648 15.60777522 -11.43354591 9.38665080 -8.13692340 6.83772490 -6.40336511 5.53428188 -4.73109359 3.91320105 -3.63234890 2.63653435 -3.12122297 
3.29930023 15.60774958 -11.43350914 9.38660569 -8.13687244 6.83767025 -6.40330869 5.53422533 -4.73103832 3.91314821 -3.63229943 2.63648897 -3.12118220 
3.09618804 13.68302443 -8.84735995 6.40156432 -4.95254330 3.60107549 -3.22617801 2.49798388 -1.89289521 1.30961844 -1.28638116 0.55915846 -1.31560718 
3.07498418 13.89023445 -9.10898661 6.68562876 -5.23771588 3.87417827 -3.47896242 2.72599036 -2.09430569 1.48461676 -1.43604805 0.68527865 -1.42009837 
3.25256043 15.60764244 -11.43335547 9.38641720 -8.13665949 6.83744189 -6.40307290 5.53398903 -4.73080737 3.91292743 -3.63209272 2.63629933 -3.12101183 
3.24070279 15.60761446 -11.43331533 9.38636796 -8.13660387 6.83738224 -6.40301131 5.53392731 -4.73074705 3.91286976 -3.63203872 2.63624979 -3.12096734 
3.03163575 13.59500081 -8.73743364 6.28346956 -4.83520988 3.48982201 -3.12419354 2.40685447 -1.81312018 1.24089035 -1.22806950 0.51038321 -1.27548201 
2.76148793 15.59470655 -11.41480978 9.36367780 -8.11097990 6.80991278 -6.37465854 5.50552197 -4.70299326 3.88634465 -3.60721086 2.61347848 -3.10051551 
2.73103226 15.59423626 -11.41413584 9.36285179 -8.11004745 6.80891354 -6.37362753 5.50448939 -4.70198468 3.88538101 -3.60630913 2.61265166 -3.09977309 
2.70010565 15.59374397 -11.41343039 9.36198719 -8.10907146 6.80786766 -6.37254843 5.50340867 -4.70092911 3.88437248 -3.60536542 2.61178636 -3.09899614 
2.66869333 15.59322828 -11.41269142 9.36108155 -8.10804917 6.80677221 -6.37141820 5.50227678 -4.69982357 3.88331625 -3.60437709 2.61088017 -3.09818248 
2.63677979 15.59268769 -11.41191680 9.36013223 -8.10697762 6.80562399 -6.37023357 5.50109044 -4.69866489 3.88220927 -3.60334129 2.60993047 -3.09732978 
2.60434878 15.59212056 -11.41110420 9.35913640 -8.10585359 6.80441959 -6.36899100 5.49984611 -4.69744960 3.88104823 -3.60225494 2.60893445 -3.09643550 
2.57138324 15.59152515 -11.41025109 9.35809097 -8.10467363 6.80315528 -6.36768667 5.49853996 -4.69617398 3.87982959 -3.60111472 2.60788906 -3.09549692 
2.53786526 15.59089954 -11.40935475 9.35699260 -8.10343395 6.80182704 -6.36631643 5.49716786 -4.69483397 3.87854947 -3.59991701 2.60679098 -3.09451105 
2.78526126 13.50535754 -8.62622659 6.16476278 -4.71800430 3.37935519 -3.02351840 2.31740046 -1.73523526 1.17412973 -1.17169578 0.46343490 -1.23702101 
2.98746977 15.60693042 -11.43233427 9.38516461 -8.13524445 6.83592443 -6.40150614 5.53241889 -4.72927280 3.91146040 -3.63071921 2.63503929 -3.11987989 
2.97392585 15.60688873 -11.43227448 9.38509128 -8.13516161 6.83583560 -6.40141443 5.53232698 -4.72918298 3.91137453 -3.63063881 2.63496553 -3.11981364 
2.96028959 15.60684619 -11.43221347 9.38501644 -8.13507707 6.83574494 -6.40132083 5.53223318 -4.72909130 3.91128689 -3.63055676 2.63489027 -3.11974602 
2.94655972 15.60680276 -11.43215119 9.38494006 -8.13499078 6.83565241 -6.40122529 5.53213744 -4.72899773 3.91119744 -3.63047302 2.63481344 -3.11967700 
2.93273495 15.60675844 -11.43208762 9.38486208 -8.13490269 6.83555794 -6.40112776 5.53203970 -4.72890222 3.91110613 -3.63038753 2.63473501 -3.11960655 
2.91881395 15.60671318 -11.43202271 9.38478247 -8.13481275 6.83546150 -6.40102819 5.53193992 -4.72880469 3.91101290 -3.63030025 2.63465494 -3.11953462 
3.13680037 13.88898945 -9.10740265 6.68389633 -5.23596428 3.87248932 -3.47738877 2.72456188 -2.09303608 1.48350729 -1.43509403 0.68447068 -1.41942575 
3.13120727 13.80593936 -9.00206970 6.56903454 -5.12016913 3.76114844 -3.37392991 2.63089334 -2.00999501 1.41111222 -1.37298186 0.63197684 -1.37581253 
2.89067784 15.60661976 -11.43188873 9.38461814 -8.13462712 6.83526244 -6.40082267 5.53173396 -4.72860341 3.91082048 -3.63012009 2.63448968 -3.11938616 
2.87645995 15.60657155 -11.43181958 9.38453333 -8.13453132 6.83515970 -6.40071660 5.53162766 -4.72849952 3.91072117 -3.63002712 2.63440439 -3.11930954 
2.86214027 15.60652229 -11.43174894 9.38444669 -8.13443344 6.83505475 -6.40060824 5.53151908 -4.72839340 3.91061972 -3.62993214 2.63431726 -3.11923127 
2.61037743 12.94061414 -7.94276893 5.45233347 -4.03060857 2.74554317 -2.45797416 1.82499764 -1.31476096 0.82011598 -0.87769229 0.22224857 -1.04224523 
2.58266745 13.19839151 -8.25107342 5.77003165 -4.33368746 3.02195376 -2.70198839 2.03525309 -1.49250300 0.96836733 -0.99973874 0.32157589 -1.12184981 
2.80381370 15.60631424 -11.43145056 9.38408072 -8.13402003 6.83461143 -6.40015054 5.53106041 -4.72794515 3.91019121 -3.62953096 2.63394924 -3.11890067 
2.78896235 15.60625930 -11.43137178 9.38398409 -8.13391087 6.83449438 -6.40002969 5.53093931 -4.72782679 3.91007807 -3.62942504 2.63385206 -3.11881338 
2.52804604 12.79543454 -7.77182753 5.27882526 -3.86751142 2.59888194 -2.33025953 1.71639310 -1.22410409 0.74537133 -0.81681214 0.17316838 -1.00326329 
2.49903611 13.06197246 -8.08715099 5.60035575 -4.17111295 2.87306919 -2.57002843 1.92111341 -1.39566039 0.88732227 -0.93281378 0.26695982 -1.07796470 
2.72842896 15.60602676 -11.43103829 9.38357507 -8.13344883 6.83399893 -6.39951818 5.53042672 -4.72732584 3.90959919 -3.62897671 2.63344079 -3.11844394 
2.45970684 12.67035433 -7.62610497 5.13241921 -3.73125721 2.47751830 -2.22554084 1.62812712 -1.15104480 0.68559595 -0.76846446 0.13442949 -0.97267304 
2.42956825 12.94416939 -7.94697938 5.45663105 -4.03467030 2.74921453 -2.46118723 1.82774308 -1.31706323 0.82202209 -0.87925078 0.22350921 -1.04324970 
2.92686934 13.61610174 -8.76371923 6.31164025 -4.86313296 3.51623820 -3.14835558 2.42839873 -1.83194137 1.25707406 -1.24177558 0.52182864 -1.28488260 
2.92074462 13.52214952 -8.64700097 6.18687962 -4.73978511 3.39983285 -3.04213604 2.33390447 -1.74957257 1.18639349 -1.18203113 0.47202668 -1.24404740 
2.65009117 15.60570421 -11.43057572 9.38300774 -8.13280798 6.83331174 -6.39880872 5.52971578 -4.72663106 3.90893503 -3.62835492 2.63287041 -3.11793156 
2.89902850 13.57749767 -8.71566132 6.26016832 -4.81214484 3.46803016 -3.10428645 2.38912590 -1.79765064 1.22760325 -1.21682820 0.50100496 -1.26778628 
2.89283047 13.48202483 -8.59740382 6.13412208 -4.68787199 3.35106428 -2.99783116 2.29465852 -1.71550321 1.15727077 -1.15750302 0.45164805 -1.22739073 
2.88496333 13.55777349 -8.69116043 6.23398215 -4.78625811 3.44360317 -3.08199937 2.36930123 -1.78037175 1.21277781 -1.20429791 0.49056092 -1.25922346 
2.87872802 13.46152561 -8.57212299 6.10728950 -4.66152560 3.32636477 -2.97543719 2.27485991 -1.69834801 1.14263181 -1.14519359 0.44143625 -1.21905586 
2.33433720 12.42977090 -7.34984831 4.85871002 -3.47996495 2.25655646 -2.03723682 1.47128699 -1.02269063 0.58164527 -0.68515846 0.06820579 -0.92076880 
2.30200371 12.71690332 -7.68016834 5.18657380 -3.78150935 2.52215382 -2.26395078 1.66041828 -1.17770633 0.70736066 -0.78603215 0.14848063 -0.98374981 
2.27817170 12.31719090 -7.22239288 4.73414424 -3.36711876 2.15858153 -1.95475770 1.40339130 -0.96774522 0.53758896 -0.65016714 0.04059914 -0.89928553 
1.86047784 15.57262296 -11.38318494 9.32494265 -8.06728040 6.76311068 -6.32639548 5.45721139 -4.65582969 3.84130401 -3.56508300 2.57486663 -3.06585904 
1.81248245 15.57080828 -11.38058822 9.32176441 -8.06369730 6.75927570 -6.32244326 5.45325764 -4.65197199 3.83762191 -3.56164076 2.57171316 -3.06302987 
1.76330708 15.56885872 -11.37779882 9.31835073 -8.05984920 6.75515751 -6.31819959 5.44901271 -4.64783057 3.83366935 -3.55794595 2.56832858 -3.05999356 
1.71289225 15.56676062 -11.37479730 9.31467789 -8.05570945 6.75072769 -6.31363528 5.44444753 -4.64337712 3.82941937 -3.55397347 2.56468991 -3.05672956 
1.66117388 15.56449859 -11.37156170 9.31071916 -8.05124801 6.74595422 -6.30871745 5.43952928 -4.63857975 3.82484162 -3.54969501 2.56077133 -3.05321475 
2.04171057 12.20692743 -7.09868111 4.61428334 -3.25945140 2.06584968 -1.87729201 1.34009120 -0.91687675 0.49705319 -0.61814835 0.01545168 -0.87979921 
2.01538918 11.74904504 -6.59678901 4.13875135 -2.84145337 1.71308316 -1.58826647 1.10823202 -0.73376740 0.35331711 -0.50609025 -0.07165354 -0.81295467 
1.97665935 12.06929028 -6.94581138 4.46760731 -3.12894174 1.95444703 -1.78502618 1.26531384 -0.85725133 0.44986184 -0.58109526 -0.01350925 -0.85745982 
2.26349794 15.60368536 -11.42768073 9.37945735 -8.12879771 6.82901183 -6.39436972 5.52526778 -4.72228436 3.90478011 -3.62446529 2.62930247 -3.11472664 
2.24401773 15.60356159 -11.42750325 9.37923971 -8.12855190 6.82874827 -6.39409765 5.52499517 -4.72201797 3.90452549 -3.62422694 2.62908384 -3.11453026 
2.22434592 15.60343414 -11.42732050 9.37901560 -8.12829878 6.82847688 -6.39381751 5.52471447 -4.72174369 3.90426332 -3.62398152 2.62885873 -3.11432806 
2.20447869 15.60330286 -11.42713226 9.37878477 -8.12803807 6.82819736 -6.39352897 5.52442537 -4.72146118 3.90399330 -3.62372875 2.62862688 -3.11411981 
2.51437963 12.98188808 -7.99172094 5.50236920 -4.07796374 2.78840358 -2.49553227 1.85712900 -1.34173742 0.84247461 -0.89599141 0.23706359 -1.05405950 
2.50710352 12.86349080 -7.85171888 5.35968002 -3.94329795 2.66684549 -2.38928693 1.76646037 -1.26579534 0.77966829 -0.84469022 0.19560260 -1.02105119 
2.16414222 15.60302820 -11.42673845 9.37830184 -8.12749264 6.82761259 -6.39292532 5.52382054 -4.72087017 3.90342841 -3.62319996 2.62814185 -3.11368416 
2.14366476 15.60288449 -11.42653239 9.37804916 -8.12720725 6.82730662 -6.39260949 5.52350409 -4.72056096 3.90313286 -3.62292330 2.62788809 -3.11345623 
2.12297547 15.60273628 -11.42631989 9.37778858 -8.12691296 6.82699110 -6.39228380 5.52317777 -4.72024209 3.90282809 -3.62263801 2.62762641 -3.11322119 
2.10206993 15.60258339 -11.42610068 9.37751978 -8.12660937 6.82666562 -6.39194783 5.52284115 -4.71991318 3.90251371 -3.62234373 2.62735649 -3.11297875 
2.08094356 15.60242563 -11.42587448 9.37724240 -8.12629610 6.82632977 -6.39160115 5.52249381 -4.71957378 3.90218932 -3.62204008 2.62707798 -3.11272860 
1.71449324 11.00875690 -5.82551546 3.44263122 -2.25771872 1.24158455 -1.21771858 0.82242555 -0.51622301 0.18769758 -0.38023607 -0.16773226 -0.74047199 
1.66846847 11.35787504 -6.18307899 3.76002209 -2.51952597 1.44980457 -1.37894226 0.94503029 -0.60830165 0.25703950 -0.43246352 -0.12808332 -0.77022294 
1.63846809 10.80544134 -5.62234009 3.26649025 -2.11572878 1.13102945 -1.13381547 0.75980635 -0.47001121 0.15336100 -0.35464031 -0.18706244 -0.72604348 
1.01786040 15.52451364 -11.31444551 9.24092756 -7.97269029 6.66199993 -6.22232020 5.35321617 -4.55447260 3.74466093 -3.47482334 2.49225466 -2.99180656 
0.94425740 15.51816805 -11.30539477 9.22988389 -7.96027629 6.64875017 -6.20870161 5.33962676 -4.54124524 3.73206430 -3.46307241 2.48151110 -2.98218605 
0.86784289 15.51109594 -11.29531221 9.21758626 -7.94645816 6.63400724 -6.19355368 5.32451644 -4.52654224 3.71806665 -3.45001827 2.46957928 -2.97150421 
0.78839362 15.50318322 -11.28403669 9.20383991 -7.93101897 6.61754163 -6.17664250 5.30765364 -4.51013995 3.70245657 -3.43546506 2.45628129 -2.95960271 
0.70565862 15.49429269 -11.27137474 9.18841127 -7.91369887 6.59907872 -6.15768847 5.28876193 -4.49177162 3.68498211 -3.41917959 2.44140549 -2.94629336 
1.30694725 10.38775894 -5.21659848 2.92409997 -1.84684101 0.92658702 -0.98206244 0.64884583 -0.38966129 0.09446367 -0.31116136 -0.21979688 -0.70170048 
1.68276000 15.59873877 -11.42058898 9.37076193 -8.11897796 6.81848481 -6.38350417 5.51438205 -4.71164830 3.89461490 -3.61495049 2.62057579 -3.10688884 
1.65667378 15.59844249 -11.42016427 9.37024127 -8.11839007 6.81785466 -6.38285385 5.51373061 -4.71101187 3.89400672 -3.61438129 2.62005378 -3.10642006 
1.63024283 15.59813436 -11.41972260 9.36969982 -8.11777871 6.81719937 -6.38217759 5.51305319 -4.71035008 3.89337431 -3.61378941 2.61951100 -3.10593261 
1.60345792 15.59781374 -11.41926305 9.36913646 -8.11714262 6.81651759 -6.38147399 5.51234840 -4.70966157 3.89271636 -3.61317365 2.61894631 -3.10542550 
1.57630943 15.59747997 -11.41878463 9.36854998 -8.11648044 6.81580786 -6.38074158 5.51161476 -4.70894487 3.89203150 -3.61253270 2.61835854 -3.10489767 
1.99689001 11.97685512 -6.84411372 4.37091582 -3.04366949 1.88226703 -1.72572448 1.21761999 -0.81949731 0.42016896 -0.55790953 -0.03155264 -0.84359873 
1.98799875 11.82137785 -6.67480771 4.21152819 -2.90445305 1.76548687 -1.63060703 1.14174808 -0.75990311 0.37361063 -0.52176293 -0.05955833 -0.82217361 
1.52088129 15.59676994 -11.41776696 9.36730249 -8.11507199 6.81429829 -6.37918380 5.51005440 -4.70742060 3.89057497 -3.61116960 2.61710854 -3.10377516 
1.49258035 15.59639208 -11.41722540 9.36663865 -8.11432250 6.81349503 -6.37835491 5.50922416 -4.70660957 3.88980001 -3.61044436 2.61644349 -3.10317796 
1.46387320 15.59599781 -11.41666033 9.36594600 -8.11354053 6.81265696 -6.37749011 5.50835798 -4.70576345 3.88899152 -3.60968777 2.61574970 -3.10255495 
0.97930698 8.73076648 -3.76068714 1.80497199 -1.04240750 0.36017874 -0.58969073 0.37899787 -0.20482802 -0.03691779 -0.21577668 -0.29247395 -0.64754295 
0.90848110 9.12615813 -4.08586013 2.03929724 -1.20035727 0.46526298 -0.65881080 0.42438942 -0.23460434 -0.01609488 -0.23083755 -0.28069062 -0.65641171 
1.34473789 15.59423626 -11.41413584 9.36285179 -8.11004745 6.80891354 -6.37362753 5.50448939 -4.70198468 3.88538101 -3.60630913 2.61265166 -3.09977309 
1.31381129 15.59374397 -11.41343039 9.36198719 -8.10907146 6.80786766 -6.37254843 5.50340867 -4.70092911 3.88437248 -3.60536542 2.61178636 -3.09899614 
1.28239897 15.59322828 -11.41269142 9.36108155 -8.10804917 6.80677221 -6.37141820 5.50227678 -4.69982357 3.88331625 -3.60437709 2.61088017 -3.09818248 
0.75929266 7.89649153 -3.12013948 1.37189632 -0.76772718 0.18613221 -0.47983020 0.30922515 -0.16049032 -0.06797653 -0.19309979 -0.31095924 -0.63343573 
0.67852537 8.29354798 -3.41729258 1.56796093 -0.88914172 0.26160833 -0.52671173 0.33862034 -0.17893302 -0.05501512 -0.20261596 -0.30304976 -0.63950744 
1.15157090 15.59089954 -11.40935475 9.35699260 -8.10343395 6.80182704 -6.36631643 5.49716786 -4.69483397 3.87854947 -3.59991701 2.60679098 -3.09451105 
1.11748164 15.59024165 -11.40841221 9.35583766 -8.10213047 6.80043049 -6.36487577 5.49572528 -4.69342519 3.87720369 -3.59865789 2.60563664 -3.09347470 
1.08280130 15.58954924 -11.40742024 9.35462221 -8.10075875 6.79896088 -6.36335979 5.49420735 -4.69194286 3.87578768 -3.59733312 2.60442214 -3.09238436 
1.04750901 15.58881985 -11.40637534 9.35334196 -8.09931396 6.79741305 -6.36176318 5.49260872 -4.69038179 3.87429651 -3.59593806 2.60314323 -3.09123623 
1.01158280 15.58805080 -11.40527369 9.35199223 -8.09779083 6.79578135 -6.36008013 5.49092362 -4.68873632 3.87272478 -3.59446768 2.60179532 -3.09002618 
0.42972178 6.48508643 -2.17684518 0.80964925 -0.45116703 0.00187670 -0.37091090 0.24320572 -0.12074405 -0.09697459 -0.17120600 -0.33082426 -0.61790984 
0.33125805 6.86680751 -2.41458781 0.94223887 -0.52108332 0.04086978 -0.39327173 0.25651838 -0.12851909 -0.09105625 -0.17577185 -0.32638921 -0.62140847 
0.86105489 15.58451537 -11.40020992 9.34578898 -8.09079150 6.78828401 -6.35234770 5.48318256 -4.68117813 3.86550596 -3.58771496 2.59560555 -3.08446996 
0.82158377 15.58349829 -11.39875337 9.34400491 -8.08877875 6.78612831 -6.35012467 5.48095731 -4.67900567 3.86343126 -3.58577440 2.59382693 -3.08287352 
0.78131803 15.58241924 -11.39720818 9.34211240 -8.08664377 6.78384184 -6.34776691 5.47859732 -4.67670179 3.86123115 -3.58371664 2.59194096 -3.08118079 
0.74022504 15.58127310 -11.39556704 9.34010249 -8.08437652 6.78141386 -6.34526338 5.47609154 -4.67425572 3.85889537 -3.58153208 2.58993888 -3.07938392 
1.36550320 10.37533789 -5.20477218 2.91431064 -1.83929649 0.92094818 -0.97794341 0.64587831 -0.38754175 0.09292452 -0.31003234 -0.22064614 -0.70107003 
1.75483612 15.60999040 -11.43672330 9.39054849 -8.14132701 6.84244765 -6.40824168 5.53916935 -4.73587069 3.91776822 -3.63662521 2.64045763 -3.12474762 
1.75483612 15.60999040 -11.43672330 9.39054849 -8.14132701 6.84244765 -6.40824168 5.53916935 -4.73587069 3.91776822 -3.63662521 2.64045763 -3.12474762 
2.16261336 12.20098925 -7.09205013 4.60788802 -3.25373223 2.06094459 -1.87321102 1.33676938 -0.91421714 0.49494067 -0.61648447 0.01414792 -0.87879116 
2.17094461 12.34313177 -7.25165877 4.76265017 -3.39285765 2.18085861 -1.97345494 1.41873818 -0.98013072 0.54749568 -0.65801836 0.04678224 -0.90408897 
2.18260843 12.24251117 -7.13848369 4.65273403 -3.29389164 2.09543202 -1.90193986 1.36018159 -0.93298321 0.50986118 -0.62824654 0.02337080 -0.88592685 
2.19087645 12.38318445 -7.29696593 4.80689434 -3.43290735 2.21560408 -2.00268359 1.44278182 -0.99957517 0.56307722 -0.67038715 0.05653626 -0.91167621 
1.80422134 15.60999040 -11.43672330 9.39054849 -8.14132701 6.84244765 -6.40824168 5.53916935 -4.73587069 3.91776822 -3.63662521 2.64045763 -3.12474762 
1.80422134 15.60999040 -11.43672330 9.39054849 -8.14132701 6.84244765 -6.40824168 5.53916935 -4.73587069 3.91776822 -3.63662521 2.64045763 -3.12474762 
1.41283473 10.33572103 -5.16714463 2.88323682 -1.81540249 0.90312601 -0.96494936 0.63653305 -0.38087753 0.08809018 -0.30648854 -0.22331189 -0.69909133 
0.74022504 15.58127310 -11.39556704 9.34010249 -8.08437652 6.78141386 -6.34526338 5.47609154 -4.67425572 3.85889537 -3.58153208 2.58993888 -3.07938392 
0.10143362 4.84450432 -1.30139649 0.38145462 -0.25104936 -0.10438333 -0.31141031 0.20782027 -0.10128956 -0.11367159 -0.15810962 -0.34532014 -0.60644899 
-1.97805328 14.37529618 -9.73719835 7.38468555 -5.95656508 4.57873407 -4.14596958 3.34092737 -2.64911985 1.97639663 -1.86467365 1.05291333 -1.72989483 
-2.32914566 14.00807743 -9.25957100 6.85102577 -5.40563570 4.03673598 -3.63100891 2.86452794 -2.21788113 1.59297364 -1.52952252 0.76468040 -1.48638882 
-2.75439278 13.45231919 -8.56078182 6.09526520 -4.64973162 3.31531919 -2.96543247 2.26602308 -1.69069801 1.13610940 -1.13971347 0.43689329 -1.21535046 
-3.29293873 12.54416369 -7.48054240 4.98756827 -3.59770484 2.35961414 -2.12467591 1.54380689 -1.08179825 0.62934036 -0.72325527 0.09840555 -0.94437550 
-4.02465818 10.86716731 -5.68363040 3.31929994 -2.15804513 1.16379630 -1.15855417 0.77818021 -0.48350963 0.16335699 -0.36207302 -0.18145508 -0.73022423 
-5.14599872 6.98063158 -2.48797101 0.98445326 -0.54400705 0.05387506 -0.40081243 0.26103183 -0.13118858 -0.08906750 -0.17729295 -0.32495605 -0.62253565 
-6.90385664 -9.25750091 -3.53285109 -1.70170120 -0.94681410 -0.66862736 -0.48087778 0.01215505 -0.20572635 -0.23451140 -0.21108869 -0.42793464 -0.60037454 
-5.68008121 4.31277467 -1.06852478 0.28542147 -0.21302270 -0.12419372 -0.30025947 0.20097678 -0.09797961 -0.11725710 -0.15537106 -0.34895752 -0.60360416 
-0.98227822 -1.88910388 -0.18675447 -0.05961641 -0.13032704 -0.21140159 -0.25549836 0.16512650 -0.09653016 -0.14352244 -0.14865414 -0.37651726 -0.58530400 
-0.33262360 15.52744448 -11.31862702 9.24603126 -7.97842884 6.66812640 -6.22861875 5.35950271 -4.56059302 3.75049073 -3.48026283 2.49722875 -2.99626148 
0.67911095 8.05358287 -3.23603379 1.44734365 -0.81384375 0.21451374 -0.49731522 0.32011972 -0.16728156 -0.06319001 -0.19662633 -0.30799518 -0.63571808 
