9.10731285 -0.73855174 -0.09524288 -0.03236373 -0.12539875 -0.20027877 -0.25781687 0.16972476 -0.09365653 -0.13876285 -0.14725133 -0.37237337 -0.58725031 
2.07636592 0.80280878 -0.15473706 -0.00146589 -0.12645786 -0.18525329 -0.26426831 0.17623762 -0.09164820 -0.13296318 -0.14710767 -0.36651851 -0.59074363 
0.34179843 -2.60739257 -0.30281147 -0.08844616 -0.13729749 -0.21904224 -0.25524681 0.16208355 -0.09894565 -0.14684560 -0.15012017 -0.37912052 -0.58438092 
2.06540531 8.05358287 -3.23603379 1.44734365 -0.81384375 0.21451374 -0.49731522 0.32011972 -0.16728156 -0.06319001 -0.19662633 -0.30799518 -0.63571808 
2.56576633 15.60999040 -11.43672330 9.39054849 -8.14132701 6.84244765 -6.40824168 5.53916935 -4.73587069 3.91776822 -3.63662521 2.64045763 -3.12474762 
2.84063518 13.40538224 -8.50308365 6.03421649 -4.58997152 3.25945807 -2.91492884 2.22149462 -1.65221613 1.10335211 -1.11223188 0.41414242 -1.19681826 
2.84697204 13.50374673 -8.62423514 6.16264406 -4.71591913 3.37739600 -3.02173825 2.31582333 -1.73386595 1.17295908 -1.17070969 0.46261554 -1.23635122 
2.58236394 15.60999040 -11.43672330 9.39054849 -8.14132701 6.84244765 -6.40824168 5.53916935 -4.73587069 3.91776822 -3.63662521 2.64045763 -3.12474762 
2.58236394 15.60999040 -11.43672330 9.39054849 -8.14132701 6.84244765 -6.40824168 5.53916935 -4.73587069 3.91776822 -3.63662521 2.64045763 -3.12474762 
2.85500391 13.42669259 -8.52925447 6.06188117 -4.61702752 3.28472668 -2.93775459 2.24160328 -1.66958047 1.11812244 -1.12461486 0.42438732 -1.20515845 
3.07549181 15.60718802 -11.43270372 9.38561777 -8.13575637 6.83647340 -6.40207294 5.53298690 -4.72982794 3.91199110 -3.63121607 2.63549510 -3.12028936 
3.30143221 13.94295828 -9.17619811 6.75928121 -5.31232306 3.94624614 -3.54622787 2.78715390 -2.14875563 1.53227203 -1.47708548 0.72008041 -1.44910757 
3.31696766 14.16699093 -9.46470339 7.07854663 -5.63883604 4.26456570 -3.84600941 3.06211980 -2.39560176 1.75003205 -1.66601654 0.88142978 -1.58450743 
3.33558337 13.98337232 -9.22789386 6.81611812 -5.37008209 4.00221191 -3.59862104 2.83493271 -2.19140908 1.56970123 -1.50939714 0.74754581 -1.47205231 
3.35088620 14.20275452 -9.51119639 7.13046606 -5.69240497 4.31723465 -3.89601969 3.10835526 -2.43742653 1.78719452 -1.69847873 0.90932919 -1.60806209 
2.95887402 13.65976609 -8.81824405 6.37021200 -4.92132240 3.57140797 -3.19892488 2.47358193 -1.87149182 1.29114516 -1.27068076 0.54600495 -1.30477002 
2.96643084 13.58654016 -8.72690580 6.27219875 -4.82404976 3.47927471 -3.11455561 2.39826880 -1.80562646 1.23445218 -1.22262130 0.50583695 -1.27175058 
3.17624664 15.60745640 -11.43308864 9.38608990 -8.13628974 6.83704537 -6.40266349 5.53357873 -4.73040636 3.91254406 -3.63173379 2.63597005 -3.12071603 
2.98590971 13.69606282 -8.86370410 6.41918684 -4.97011430 3.61779265 -3.24155290 2.51176606 -1.90499716 1.32007444 -1.29527631 0.56661735 -1.32175782 
2.99335627 13.62375354 -8.77326138 6.32187733 -4.87329034 3.52585675 -3.15716165 2.43625787 -1.83881318 1.26298775 -1.24678777 0.52601709 -1.28832507 
2.99929336 13.71383333 -8.88600573 6.44325942 -4.99414241 3.64067685 -3.26262084 2.53066991 -1.92161194 1.33444209 -1.30750929 0.57688295 -1.33022906 
2.50710352 12.86349080 -7.85171888 5.35968002 -3.94329795 2.66684549 -2.38928693 1.76646037 -1.26579534 0.77966829 -0.84469022 0.19560260 -1.02105119 
2.49737265 12.95273845 -7.95713242 5.46699890 -4.04447352 2.75807933 -2.46894863 1.83437749 -1.32262881 0.82663158 -0.88302081 0.22655962 -1.04568087 
2.49004619 12.83324121 -7.81615628 5.32363727 -3.90946752 2.63646704 -2.36286911 1.74402519 -1.24709157 0.76426542 -0.83215792 0.18550896 -1.01304158 
2.48022273 12.92309085 -7.92203328 5.43118544 -4.01063656 2.72750393 -2.44219794 1.81152674 -1.30347194 0.81077509 -0.87005913 0.21607716 -1.03733020 
2.47284527 12.80247666 -7.78007455 5.28715249 -3.87529909 2.60585073 -2.33629947 1.72150596 -1.22835344 0.74886093 -0.81964413 0.17544418 -1.00506537 
2.46292750 12.89293329 -7.88641342 5.39492218 -3.97644962 2.69667679 -2.41528145 1.78857906 -1.28426962 0.79490798 -0.85710899 0.20561845 -1.02900936 
2.45549839 12.77118478 -7.74346354 5.25021930 -3.84078986 2.57499645 -2.30957967 1.69890530 -1.20958396 0.73345780 -0.80715151 0.16541052 -0.99712439 
2.44548452 12.86225342 -7.85026251 5.35820238 -3.94190952 2.66559747 -2.38820056 1.76553690 -1.26502477 0.77903319 -0.84417309 0.19518582 -1.02072026 
2.95283276 13.56753985 -8.70328743 6.24693863 -4.79906193 3.45568091 -3.09301544 2.37909707 -1.78890706 1.22009909 -1.21048413 0.49571589 -1.26344890 
2.95887402 13.65976609 -8.81824405 6.37021200 -4.92132240 3.57140797 -3.19892488 2.47358193 -1.87149182 1.29114516 -1.27068076 0.54600495 -1.30477002 
2.71040765 15.60999040 -11.43672330 9.39054849 -8.14132701 6.84244765 -6.40824168 5.53916935 -4.73587069 3.91776822 -3.63662521 2.64045763 -3.12474762 
2.71040765 15.60999040 -11.43672330 9.39054849 -8.14132701 6.84244765 -6.40824168 5.53916935 -4.73587069 3.91776822 -3.63662521 2.64045763 -3.12474762 
2.71040765 15.60999040 -11.43672330 9.39054849 -8.14132701 6.84244765 -6.40824168 5.53916935 -4.73587069 3.91776822 -3.63662521 2.64045763 -3.12474762 
2.71040765 15.60999040 -11.43672330 9.39054849 -8.14132701 6.84244765 -6.40824168 5.53916935 -4.73587069 3.91776822 -3.63662521 2.64045763 -3.12474762 
2.71040765 15.60999040 -11.43672330 9.39054849 -8.14132701 6.84244765 -6.40824168 5.53916935 -4.73587069 3.91776822 -3.63662521 2.64045763 -3.12474762 
2.71040765 15.60999040 -11.43672330 9.39054849 -8.14132701 6.84244765 -6.40824168 5.53916935 -4.73587069 3.91776822 -3.63662521 2.64045763 -3.12474762 
2.96643084 13.58654016 -8.72690580 6.27219875 -4.82404976 3.47927471 -3.11455561 2.39826880 -1.80562646 1.23445218 -1.22262130 0.50583695 -1.27175058 
2.97243699 13.67804203 -8.84111849 6.39483903 -4.94584191 3.59470361 -3.22032119 2.49273677 -1.88829032 1.30564190 -1.28299985 0.55632438 -1.31327118 
2.97993828 13.60527638 -8.75022882 6.29717700 -4.84879165 3.50266613 -3.13593747 2.41732243 -1.82226202 1.24874868 -1.23472283 0.51593767 -1.28004294 
2.98590971 13.69606282 -8.86370410 6.41918684 -4.97011430 3.61779265 -3.24155290 2.51176606 -1.90499716 1.32007444 -1.29527631 0.56661735 -1.32175782 
2.74117749 15.60999040 -11.43672330 9.39054849 -8.14132701 6.84244765 -6.40824168 5.53916935 -4.73587069 3.91776822 -3.63662521 2.64045763 -3.12474762 
2.99335627 13.62375354 -8.77326138 6.32187733 -4.87329034 3.52585675 -3.15716165 2.43625787 -1.83881318 1.26298775 -1.24678777 0.52601709 -1.28832507 
2.99929336 13.71383333 -8.88600573 6.44325942 -4.99414241 3.64067685 -3.26262084 2.53066991 -1.92161194 1.33444209 -1.30750929 0.57688295 -1.33022906 
2.75638669 15.60999040 -11.43672330 9.39054849 -8.14132701 6.84244765 -6.40824168 5.53916935 -4.73587069 3.91776822 -3.63662521 2.64045763 -3.12474762 
2.75638669 15.60999040 -11.43672330 9.39054849 -8.14132701 6.84244765 -6.40824168 5.53916935 -4.73587069 3.91776822 -3.63662521 2.64045763 -3.12474762 
2.75638669 15.60999040 -11.43672330 9.39054849 -8.14132701 6.84244765 -6.40824168 5.53916935 -4.73587069 3.91776822 -3.63662521 2.64045763 -3.12474762 
2.75638669 15.60999040 -11.43672330 9.39054849 -8.14132701 6.84244765 -6.40824168 5.53916935 -4.73587069 3.91776822 -3.63662521 2.64045763 -3.12474762 
3.00668597 13.64197652 -8.79600829 6.34630361 -4.89754850 3.54884816 -3.17822882 2.45507510 -1.85527942 1.27716859 -1.25881517 0.53607426 -1.29659608 
3.01258909 13.73135831 -8.90802811 6.46706068 -5.01792906 3.66335796 -3.28352584 2.54944846 -1.93813429 1.34874417 -1.31969796 0.58712031 -1.33868408 
2.77148110 15.60999040 -11.43672330 9.39054849 -8.14132701 6.84244765 -6.40824168 5.53916935 -4.73587069 3.91776822 -3.63662521 2.64045763 -3.12474762 
2.77148110 15.60999040 -11.43672330 9.39054849 -8.14132701 6.84244765 -6.40824168 5.53916935 -4.73587069 3.91776822 -3.63662521 2.64045763 -3.12474762 
2.77148110 15.60999040 -11.43672330 9.39054849 -8.14132701 6.84244765 -6.40824168 5.53916935 -4.73587069 3.91776822 -3.63662521 2.64045763 -3.12474762 
2.77148110 15.60999040 -11.43672330 9.39054849 -8.14132701 6.84244765 -6.40824168 5.53916935 -4.73587069 3.91776822 -3.63662521 2.64045763 -3.12474762 
3.01992852 13.65995013 -8.81847424 6.37045967 -4.92156883 3.57164195 -3.19913966 2.47377410 -1.87166025 1.29129044 -1.27080416 0.54610827 -1.30485510 
3.02579805 13.74864240 -8.92977586 6.49059447 -5.04147704 3.68583773 -3.30426878 2.56810189 -1.95456389 1.36298007 -1.33184154 0.59732860 -1.34712204 
2.78646245 15.60999040 -11.43672330 9.39054849 -8.14132701 6.84244765 -6.40824168 5.53916935 -4.73587069 3.91776822 -3.63662521 2.64045763 -3.12474762 
2.78646245 15.60999040 -11.43672330 9.39054849 -8.14132701 6.84244765 -6.40824168 5.53916935 -4.73587069 3.91776822 -3.63662521 2.64045763 -3.12474762 
2.78646245 15.60999040 -11.43672330 9.39054849 -8.14132701 6.84244765 -6.40824168 5.53916935 -4.73587069 3.91776822 -3.63662521 2.64045763 -3.12474762 
3.03308503 13.67767902 -8.84066385 6.39434924 -4.94535395 3.59423973 -3.21989488 2.49235490 -1.88795525 1.30535259 -1.28275388 0.55611825 -1.31310130 
3.03892134 13.76569009 -8.95125354 6.51386458 -5.06478910 3.70811793 -3.32485055 2.58663039 -1.97090046 1.37714918 -1.34393927 0.60750702 -1.35554217 
3.04615661 13.69516776 -8.86258161 6.41797602 -4.96890651 3.61664308 -3.24049522 2.51081758 -1.90416401 1.31935435 -1.29466351 0.56610334 -1.32133384 
3.24861569 15.60763317 -11.43334217 9.38640088 -8.13664106 6.83742213 -6.40305249 5.53396858 -4.73078738 3.91290832 -3.63207483 2.63628291 -3.12099709 
3.06491525 13.79909387 -8.99341632 6.55962856 -5.11071636 3.75208660 -3.36553417 2.62331359 -2.00329356 1.40528489 -1.36799434 0.62777113 -1.37232584 
3.07204925 13.72944244 -8.90561917 6.46445571 -5.01532426 3.66087292 -3.28123424 2.54738895 -1.93632136 1.34717417 -1.31835940 0.58599561 -1.33775485 
3.07778800 13.81545844 -9.01411004 6.58212971 -5.13333694 3.77377857 -3.38563788 2.64146884 -2.01934969 1.41925049 -1.37995034 0.63785536 -1.38068793 
2.84529022 15.60999040 -11.43672330 9.39054849 -8.14132701 6.84244765 -6.40824168 5.53916935 -4.73587069 3.91776822 -3.63662521 2.64045763 -3.12474762 
2.60655870 13.03482140 -8.05473102 5.56700160 -4.13934442 2.84414103 -2.54452982 1.89917541 -1.37714192 0.87189745 -0.92013173 0.25665059 -1.06971179 
2.59734948 13.12056122 -8.15734121 5.67279937 -4.24032810 2.93628400 -2.62590979 1.96932543 -1.43646621 0.92139458 -0.96089101 0.28983001 -1.09630844 
2.83074470 15.60999040 -11.43672330 9.39054849 -8.14132701 6.84244765 -6.40824168 5.53916935 -4.73587069 3.91776822 -3.63662521 2.64045763 -3.12474762 
3.07204925 13.72944244 -8.90561917 6.46445571 -5.01532426 3.66087292 -3.28123424 2.54738895 -1.93632136 1.34717417 -1.31835940 0.58599561 -1.33775485 
3.07778800 13.81545844 -9.01411004 6.58212971 -5.13333694 3.77377857 -3.38563788 2.64146884 -2.01934969 1.41925049 -1.37995034 0.63785536 -1.38068793 
3.08487239 13.74623696 -8.92674754 6.48731570 -5.03819458 3.68270262 -3.30137449 2.56549793 -1.95226934 1.36099105 -1.33014418 0.59590122 -1.34594179 
3.09057932 13.83160363 -9.03455091 6.60438169 -5.15573234 3.79527795 -3.40558412 2.65950027 -2.03531199 1.43314729 -1.39185780 0.64790677 -1.38902925 
2.85973071 15.60999040 -11.43672330 9.39054849 -8.14132701 6.84244765 -6.40824168 5.53916935 -4.73587069 3.91776822 -3.63662521 2.64045763 -3.12474762 
2.85973071 15.60999040 -11.43672330 9.39054849 -8.14132701 6.84244765 -6.40824168 5.53916935 -4.73587069 3.91776822 -3.63662521 2.64045763 -3.12474762 
2.85973071 15.60999040 -11.43672330 9.39054849 -8.14132701 6.84244765 -6.40824168 5.53916935 -4.73587069 3.91776822 -3.63662521 2.64045763 -3.12474762 
2.85973071 15.60999040 -11.43672330 9.39054849 -8.14132701 6.84244765 -6.40824168 5.53916935 -4.73587069 3.91776822 -3.63662521 2.64045763 -3.12474762 
2.85973071 15.60999040 -11.43672330 9.39054849 -8.14132701 6.84244765 -6.40824168 5.53916935 -4.73587069 3.91776822 -3.63662521 2.64045763 -3.12474762 
3.09761479 13.76280847 -8.94762120 6.50992710 -5.06084257 3.70434430 -3.32136298 2.58348935 -1.96812982 1.37474517 -1.34188592 0.60577883 -1.35411204 
3.10329023 13.84753345 -9.05474301 6.62638801 -5.17790519 3.81658647 -3.42537386 2.67740821 -2.05118034 1.44697489 -1.40371615 0.65792469 -1.39734913 
2.87406769 15.60999040 -11.43672330 9.39054849 -8.14132701 6.84244765 -6.40824168 5.53916935 -4.73587069 3.91776822 -3.63662521 2.64045763 -3.12474762 
2.87406769 15.60999040 -11.43672330 9.39054849 -8.14132701 6.84244765 -6.40824168 5.53916935 -4.73587069 3.91776822 -3.63662521 2.64045763 -3.12474762 
2.87406769 15.60999040 -11.43672330 9.39054849 -8.14132701 6.84244765 -6.40824168 5.53916935 -4.73587069 3.91776822 -3.63662521 2.64045763 -3.12474762 
2.87406769 15.60999040 -11.43672330 9.39054849 -8.14132701 6.84244765 -6.40824168 5.53916935 -4.73587069 3.91776822 -3.63662521 2.64045763 -3.12474762 
3.11027743 13.77916102 -8.96824421 6.53229331 -5.08327072 3.72579957 -3.34120051 2.60136340 -1.98390257 1.38843602 -1.35358396 0.61562771 -1.36226490 
3.30698509 15.60776673 -11.43353373 9.38663585 -8.13690651 6.83770679 -6.40334641 5.53426313 -4.73107527 3.91318354 -3.63233251 2.63651931 -3.12120946 
3.31845730 15.60779207 -11.43357008 9.38668044 -8.13695689 6.83776082 -6.40340219 5.53431904 -4.73112991 3.91323578 -3.63238141 2.63656418 -3.12124977 
3.32986409 15.60781699 -11.43360582 9.38672428 -8.13700641 6.83781392 -6.40345703 5.53437399 -4.73118362 3.91328712 -3.63242949 2.63660828 -3.12128939 
3.34120618 15.60784148 -11.43364095 9.38676737 -8.13705509 6.83786613 -6.40351093 5.53442802 -4.73123642 3.91333760 -3.63247675 2.63665164 -3.12132834 
3.35248432 15.60786557 -11.43367549 9.38680974 -8.13710296 6.83791747 -6.40356394 5.53448114 -4.73128834 3.91338724 -3.63252322 2.63669427 -3.12136664 
3.17792144 13.93880205 -9.17089035 6.75345479 -5.30641122 3.94052632 -3.54088086 2.78228458 -2.14441449 1.52846741 -1.47380497 0.71729503 -1.44678313 
3.18463221 13.87289266 -9.08693652 6.66152562 -5.21335949 3.85070570 -3.45710358 2.70615797 -2.07668749 1.46922775 -1.42282097 0.67408105 -1.41078016 
3.19009630 13.95332871 -9.18944885 6.77383426 -5.32709688 3.96054700 -3.55960286 2.79933948 -2.15962420 1.54180127 -1.48530520 0.72706205 -1.45493587 
3.19676308 13.88781793 -9.10591231 6.68226644 -5.23431648 3.87090059 -3.47590861 2.72321836 -2.09184207 1.48246395 -1.43419694 0.68371098 -1.41879335 
3.38594208 15.60793544 -11.43377571 9.38693267 -8.13724183 6.83806640 -6.40371771 5.53463524 -4.73143896 3.91353123 -3.63265804 2.63681796 -3.12147775 
3.39697144 15.60795796 -11.43380801 9.38697230 -8.13728660 6.83811441 -6.40376728 5.53468493 -4.73148752 3.91357765 -3.63270151 2.63685783 -3.12151357 
3.40794031 15.60798012 -11.43383979 9.38701128 -8.13733064 6.83816164 -6.40381605 5.53473380 -4.73153529 3.91362332 -3.63274426 2.63689706 -3.12154881 
3.23807482 14.00960209 -9.26152781 6.85318413 -5.40783598 4.03887440 -3.63301670 2.86636411 -2.21952481 1.59441972 -1.53077392 0.76574653 -1.48728141 
3.24457118 13.94565302 -9.17964033 6.76306070 -5.31615888 3.94995821 -3.54969875 2.79031537 -2.15157476 1.53474322 -1.47921664 0.72189022 -1.45061813 
3.24989340 14.02322781 -9.27902532 6.87249425 -5.42753143 4.05802568 -3.65100683 2.88282418 -2.23426608 1.60739436 -1.54200644 0.77531966 -1.49529914 
3.25634850 13.95966115 -9.19754505 6.78273142 -5.33613422 3.96929987 -3.56779345 2.80680559 -2.16628671 1.54764552 -1.49034858 0.73134755 -1.45851485 
3.26164319 14.03668251 -9.29632035 6.89159912 -5.44703567 4.07700801 -3.66885374 2.89916693 -2.24891414 1.62029681 -1.55318451 0.78485281 -1.50328854 
3.26805753 13.97349512 -9.21524525 6.80219659 -5.35591983 3.98847549 -3.58574889 2.82318310 -2.18091031 1.56048044 -1.50143061 0.74076901 -1.46638684 
3.45122392 15.60806523 -11.43396186 9.38716101 -8.13749980 6.83834304 -6.40400335 5.53492152 -4.73171875 3.91379872 -3.63290849 2.63704772 -3.12168416 
3.28493955 14.06309040 -9.33031523 6.92920417 -5.48547936 4.11447225 -3.70412209 2.93150277 -2.27793141 1.64588483 -1.57537637 0.80379782 -1.51918080 
3.29127388 14.00065226 -9.25004434 6.84052116 -5.39493035 4.02633469 -3.62124580 2.85560188 -2.20989291 1.58594753 -1.52344373 0.75950275 -1.48205490 
3.47251944 15.60810577 -11.43402000 9.38723233 -8.13758038 6.83842946 -6.40409258 5.53501094 -4.73180615 3.91388227 -3.63298672 2.63711949 -3.12174864 
3.30797003 14.08884823 -9.36353647 6.96602088 -5.52318448 4.15127993 -3.73883019 2.96337638 -2.30657843 1.67118346 -1.59734774 0.82257896 -1.53495519 
3.31422630 14.02714715 -9.28406159 6.87805567 -5.43320724 4.06354788 -3.65619713 2.88757563 -2.23852360 1.61114351 -1.54525369 0.77808840 -1.49761900 
3.49359060 15.60814504 -11.43407633 9.38730143 -8.13765844 6.83851317 -6.40417902 5.53509756 -4.73189082 3.91396322 -3.63306251 2.63718902 -3.12181110 
3.50404352 15.60816422 -11.43410384 9.38733517 -8.13769656 6.83855405 -6.40422123 5.53513987 -4.73193217 3.91400275 -3.63309952 2.63722297 -3.12184160 
3.51444208 15.60818310 -11.43413092 9.38736839 -8.13773408 6.83859430 -6.40426278 5.53518151 -4.73197287 3.91404166 -3.63313595 2.63725640 -3.12187163 
3.35325696 14.13849876 -9.42774959 7.03737232 -5.59644645 4.22297584 -3.80659951 3.02575652 -2.36276999 1.72091255 -1.64062339 0.85964064 -1.56613959 
3.35936268 14.07823624 -9.34984206 6.95083628 -5.50762541 4.13608363 -3.72449379 2.95020463 -2.29473474 1.66071967 -1.58825649 0.81480483 -1.52842331 
3.53507842 15.60821999 -11.43418384 9.38743330 -8.13780742 6.83867294 -6.40434398 5.53526290 -4.73205241 3.91411771 -3.63320715 2.63732172 -3.12193031 
3.54531728 15.60823801 -11.43420969 9.38746501 -8.13784324 6.83871137 -6.40438366 5.53530266 -4.73209127 3.91415486 -3.63324193 2.63735363 -3.12195898 
3.38656708 14.17418366 -9.47404432 7.08896737 -5.64957740 4.27511672 -3.85601873 3.07136547 -2.40395833 1.75745114 -1.67249235 0.88699141 -1.58919975 
3.39256450 14.11496987 -9.39729070 7.00349648 -5.56163255 4.18887698 -3.77434141 2.99603983 -2.33598073 1.69718698 -1.61996249 0.84193503 -1.55123256 
3.56563908 15.60827325 -11.43426022 9.38752700 -8.13791328 6.83878647 -6.40446121 5.53538038 -4.73216724 3.91422748 -3.63330993 2.63741601 -3.12201502 
3.40847198 14.19726953 -9.50405803 7.12248612 -5.68416304 4.30912318 -3.88831029 3.10122116 -2.43096723 1.78145041 -1.69345712 0.90501017 -1.60441305 
3.21475842 15.60999040 -11.43672330 9.39054849 -8.14132701 6.84244765 -6.40824168 5.53916935 -4.73587069 3.91776822 -3.63662521 2.64045763 -3.12474762 
3.41439928 14.13874097 -9.42806341 7.03772164 -5.59680573 4.22332802 -3.80693292 3.02606389 -2.36304728 1.72115829 -1.64083752 0.85982425 -1.56629427 
3.58575648 15.60830743 -11.43430925 9.38758713 -8.13798122 6.83885934 -6.40453644 5.53545578 -4.73224093 3.91429794 -3.63337590 2.63747653 -3.12206939 
3.59573980 15.60832414 -11.43433322 9.38761653 -8.13801443 6.83889495 -6.40457322 5.53549264 -4.73227696 3.91433238 -3.63340814 2.63750611 -3.12209597 
3.60567353 15.60834060 -11.43435683 9.38764550 -8.13804715 6.83893005 -6.40460945 5.53552895 -4.73231245 3.91436631 -3.63343991 2.63753526 -3.12212216 
3.61555817 15.60835682 -11.43438009 9.38767403 -8.13807939 6.83896462 -6.40464515 5.53556473 -4.73234742 3.91439974 -3.63347122 2.63756398 -3.12214795 
3.62539420 15.60837280 -11.43440301 9.38770215 -8.13811116 6.83899869 -6.40468033 5.53559998 -4.73238188 3.91443268 -3.63350206 2.63759227 -3.12217337 
3.47279361 14.26334019 -9.59023362 7.21902521 -5.78407720 4.40765095 -3.98213458 3.18820597 -2.50986604 1.85173277 -1.75499849 0.95802126 -1.64926580 
3.47851995 14.20680286 -9.51646687 7.13635986 -5.69849424 4.32322941 -3.90171901 3.11363083 -2.44220443 1.79144454 -1.70219511 0.91252636 -1.61076392 
3.64492231 15.60840407 -11.43444786 9.38775716 -8.13817331 6.83906534 -6.40474915 5.53566895 -4.73244929 3.91449713 -3.63356240 2.63764764 -3.12222311 
3.49378585 14.28435599 -9.61773079 7.24992257 -5.81614906 4.43936744 -4.01242000 3.21635834 -2.53546679 1.87459289 -1.77506141 0.97534042 -1.66394970 
3.49944817 14.22846163 -9.54469039 7.16794959 -5.73116018 4.35541532 -3.93234370 3.14200086 -2.46791779 1.81433338 -1.72222367 0.92976775 -1.62534297 
3.66426159 15.60843444 -11.43449142 9.38781059 -8.13823367 6.83913008 -6.40481599 5.53573595 -4.73251477 3.91455973 -3.63362102 2.63770141 -3.12227142 
3.67386155 15.60844929 -11.43451273 9.38783674 -8.13826321 6.83916175 -6.40484870 5.53576873 -4.73254681 3.91459036 -3.63364970 2.63772772 -3.12229506 
3.68341565 15.60846394 -11.43453374 9.38786251 -8.13829232 6.83919298 -6.40488094 5.53580104 -4.73257839 3.91462056 -3.63367796 2.63775365 -3.12231835 
3.69292433 15.60847838 -11.43455445 9.38788791 -8.13832102 6.83922376 -6.40491272 5.53583289 -4.73260952 3.91465032 -3.63370583 2.63777922 -3.12234132 
3.70238802 15.60849261 -11.43457487 9.38791296 -8.13834932 6.83925410 -6.40494406 5.53586429 -4.73264022 3.91467966 -3.63373331 2.63780443 -3.12236397 
3.86816839 14.51853664 -9.92695946 7.60047849 -6.18318512 4.80536839 -4.36474407 3.54644492 -2.83791599 2.14660929 -2.01542786 1.18417164 -1.84209801 
3.88020742 14.67403201 -10.13515740 7.83966802 -6.43688077 5.06151162 -4.61430027 3.78298329 -3.05708687 2.34582456 -2.19324055 1.34012170 -1.97634003 
3.89400012 14.54029254 -9.95595115 7.63363395 -6.21819540 4.84056550 -4.39889393 3.57868354 -2.86767198 2.17355666 -2.03939613 1.20512368 -1.86007673 
3.90589757 14.69308043 -10.16081976 7.86932510 -6.46851708 5.09362907 -4.64575838 3.81295355 -3.08499364 2.37130887 -2.21608772 1.36024324 -1.99372951 
3.76740888 15.60858686 -11.43471005 9.38807878 -8.13853666 6.83945502 -6.40515151 5.53607221 -4.73284343 3.91487395 -3.63391522 2.63797132 -3.12251390 
3.77652739 15.60859960 -11.43472831 9.38810119 -8.13856198 6.83948217 -6.40517955 5.53610031 -4.73287089 3.91490020 -3.63393980 2.63799387 -3.12253416 
3.63490663 14.41885176 -9.79469404 7.44984421 -6.02476416 4.64671773 -4.21139015 3.40219733 -2.70524004 2.02685236 -1.90924339 1.09162268 -1.76290585 
3.64015760 14.36718800 -9.72651493 7.37259982 -5.94393734 4.56616720 -4.13389606 3.32963755 -2.63879454 1.96712676 -1.85649629 1.04582024 -1.72385329 
3.94468887 14.58194668 -10.01158427 7.69739495 -6.28566513 4.90853254 -4.46496803 3.64117795 -2.92545911 2.22597988 -2.08610046 1.24601377 -1.89521592 
3.95631283 14.72952150 -10.21000981 7.92627893 -6.52938236 5.15552794 -4.70648907 3.87090637 -3.13904108 2.42073820 -2.26046473 1.39937823 -2.02759384 
3.96956193 14.60189139 -10.03828063 7.72805585 -6.31817557 4.94134675 -4.49692882 3.67146258 -2.95351198 2.25147134 -2.10884704 1.26595836 -1.91237988 
3.98105374 14.74695608 -10.23358851 7.95362869 -6.55866190 5.18535501 -4.73580107 3.89892175 -3.16520815 2.44470381 -2.28201011 1.41840300 -2.04407655 
3.84801640 15.60869551 -11.43486589 9.38826995 -8.13875265 6.83968665 -6.40539069 5.53631192 -4.73307772 3.91509794 -3.63412494 2.63816372 -3.12268676 
3.71131644 14.48690305 -9.88488492 7.55244898 -6.13255858 4.75455836 -4.31552717 3.50005664 -2.79516574 2.10795050 -1.98109038 1.15419431 -1.81640676 
3.71635789 14.43746055 -9.81931339 7.47780457 -6.05409014 4.67600958 -4.23963234 3.42869732 -2.72955654 2.04875187 -1.92861957 1.10847680 -1.77729987 
3.86549640 15.60871794 -11.43489806 9.38830941 -8.13879723 6.83973447 -6.40544006 5.53636140 -4.73312609 3.91514418 -3.63416824 2.63820344 -3.12272244 
4.01840332 14.64012419 -10.08956147 7.78706871 -6.38086853 5.00474235 -4.55878611 3.73017714 -3.00799017 2.30105339 -2.15315646 1.30486443 -1.94590688 
4.02963954 14.78035073 -10.27883242 8.00619848 -6.61503430 5.24287301 -4.79241285 3.95310972 -3.21589343 2.49118778 -2.32385353 1.45539594 -2.07616364 
3.90000464 15.60876109 -11.43495995 9.38838533 -8.13888300 6.83982645 -6.40553504 5.53645659 -4.73321913 3.91523313 -3.63425152 2.63827985 -3.12279108 
4.05031704 14.66444992 -10.12226127 7.82477884 -6.42101284 5.04541691 -4.59854972 3.76799034 -3.04313752 2.33309588 -2.18183738 1.33008582 -1.96767250 
4.06138902 14.80157960 -10.30764890 8.03974233 -6.65106843 5.27970212 -4.82872147 3.98791905 -3.24850245 2.52113715 -2.35085009 1.47929400 -2.09691804 
3.93392756 15.60880207 -11.43501874 9.38845744 -8.13896448 6.83991383 -6.40562526 5.53654702 -4.73330751 3.91531763 -3.63433064 2.63835244 -3.12285630 
4.08173180 14.68789726 -10.15383349 7.86124753 -6.45989652 5.08487358 -4.63717902 3.80477663 -3.07737672 2.36435057 -2.20984727 1.35474544 -1.98897669 
4.09264422 14.82202779 -10.33544617 8.07214496 -6.68592370 5.31537259 -4.86393194 4.02171644 -3.28020032 2.55028178 -2.37714875 1.50259721 -2.11717486 
4.10497466 14.70493136 -10.17680292 7.88781556 -6.48826151 5.11369325 -4.66542917 3.83171100 -3.10247487 2.38728586 -2.23042266 1.37287740 -2.00465595 
4.23642273 15.60648043 -11.43168891 9.38437305 -8.13435026 6.83496555 -6.40051614 5.53142678 -4.72830320 3.91053350 -3.62985142 2.63424320 -3.11916475 
4.25082837 15.60653057 -11.43176082 9.38446126 -8.13444990 6.83507240 -6.40062646 5.53153734 -4.72841125 3.91063678 -3.62994811 2.63433191 -3.11924443 
4.26513099 15.60657965 -11.43183121 9.38454759 -8.13454743 6.83517698 -6.40073443 5.53164554 -4.72851699 3.91073787 -3.63004275 2.63441873 -3.11932243 
4.16123835 14.86537176 -10.39449929 8.14112871 -6.76028239 5.39162129 -4.93934164 4.09423361 -3.34833349 2.61303236 -2.43386229 1.55292677 -2.16098778 
4.04036424 15.60892202 -11.43519078 9.38866849 -8.13920291 6.84016955 -6.40588931 5.53681165 -4.73356617 3.91556492 -3.63456218 2.63856487 -3.12304714 
3.91608663 14.65369387 -10.10779555 7.80808899 -6.40323775 5.02739932 -4.58092837 3.75122661 -3.02754966 2.31887984 -2.16910834 1.31888853 -1.95800643 
3.92060864 14.60994912 -10.04907675 7.74046705 -6.33134762 4.95465368 -4.50990082 3.68376449 -2.96491643 2.26184234 -2.11810797 1.27408401 -1.91937720 
4.05624778 15.60893885 -11.43521492 9.38869810 -8.13923637 6.84020543 -6.40592636 5.53684878 -4.73360247 3.91559962 -3.63459467 2.63859467 -3.12307392 
3.93294492 14.66645727 -10.12496217 7.82789635 -6.42433446 5.04878519 -4.60184522 3.77112662 -3.04605487 2.33575740 -2.18422127 1.33218349 -1.96948385 
3.93742674 14.62316447 -10.06679664 7.76085253 -6.35299799 4.97654050 -4.53125069 3.70402426 -2.98370962 2.27894237 -2.13338603 1.28749604 -1.93093250 
3.94132133 14.67274612 -10.13342628 7.83766880 -6.43474955 5.05934938 -4.61218373 3.78096806 -3.05521147 2.34411289 -2.19170680 1.33877158 -1.97517378 
3.94578331 14.62967689 -10.07553495 7.77091208 -6.36368867 4.98735468 -4.54180594 3.71404644 -2.99301152 2.28741073 -2.14095593 1.29414454 -1.93666321 
3.94966295 14.67897413 -10.14181220 7.84735507 -6.44507704 5.06982884 -4.62244325 3.79073791 -3.06430468 2.35241333 -2.19914538 1.34532033 -1.98083135 
3.80512639 15.60999040 -11.43672330 9.39054849 -8.14132701 6.84244765 -6.40824168 5.53916935 -4.73587069 3.91776822 -3.63662521 2.64045763 -3.12474762 
3.80512639 15.60999040 -11.43672330 9.39054849 -8.14132701 6.84244765 -6.40824168 5.53916935 -4.73587069 3.91776822 -3.63662521 2.64045763 -3.12474762 
3.80512639 15.60999040 -11.43672330 9.39054849 -8.14132701 6.84244765 -6.40824168 5.53916935 -4.73587069 3.91776822 -3.63662521 2.64045763 -3.12474762 
3.80512639 15.60999040 -11.43672330 9.39054849 -8.14132701 6.84244765 -6.40824168 5.53916935 -4.73587069 3.91776822 -3.63662521 2.64045763 -3.12474762 
3.65627229 14.38232742 -9.74646781 7.39517720 -5.96753284 4.58965429 -4.15646606 3.35074702 -2.65810455 1.98446630 -1.87179510 1.05909281 -1.73516010 
3.65106638 14.43351724 -9.81409367 7.47187351 -6.04786636 4.66979011 -4.23363300 3.42306559 -2.72438664 2.04409397 -1.92449679 1.10488937 -1.77423502 
3.50148441 12.10093182 -6.98080210 4.50103963 -3.15856735 1.97963744 -1.80581172 1.28209967 -0.87059066 0.46038834 -0.58933897 -0.00707919 -0.86241011 
3.06905436 15.59873877 -11.42058898 9.37076193 -8.11897796 6.81848481 -6.38350417 5.51438205 -4.71164830 3.89461490 -3.61495049 2.62057579 -3.10688884 
2.82800001 13.20643377 -8.26079075 5.78014386 -4.34342697 3.03091753 -2.70997142 2.04219007 -1.49841486 0.97333503 -1.00385644 0.32494767 -1.12456784 
2.78687386 13.59912848 -8.74257224 6.28897331 -4.84066199 3.49497694 -3.12890596 2.41105407 -1.81678707 1.24404186 -1.23073732 0.51261007 -1.27731028 
2.97622410 15.59764855 -11.41902626 9.36884618 -8.11681488 6.81616631 -6.38111149 5.51198529 -4.70930684 3.89237739 -3.61285641 2.61865539 -3.10516425 
3.17528446 14.00965071 -9.26159021 6.85325297 -5.40790617 4.03894261 -3.63308075 2.86642268 -2.21957725 1.59446586 -1.53081385 0.76578055 -1.48730989 
3.34497263 15.60784956 -11.43365253 9.38678157 -8.13707114 6.83788334 -6.40352870 5.53444582 -4.73125382 3.91335424 -3.63249233 2.63666593 -3.12134118 
3.52143950 14.31163572 -9.65348593 7.29016645 -5.85799095 4.48081065 -4.05205357 3.25325475 -2.56906673 1.90463617 -1.80146216 0.99815793 -1.68331746 
3.51672386 14.24613702 -9.56775596 7.19380158 -5.75792857 4.38182419 -3.95750286 3.16533582 -2.48909213 1.83320250 -1.73875201 0.94400989 -1.63739713 
3.51111382 14.30150324 -9.64019724 7.27520059 -5.84242183 4.46538130 -4.03729001 3.23950361 -2.55653789 1.89342823 -1.79160866 0.98963820 -1.67608290 
3.50637622 14.23557199 -9.55396553 7.17834139 -5.74191649 4.36602351 -3.94244651 3.15136812 -2.47641507 1.82190334 -1.72885269 0.93547835 -1.63017505 
3.31081648 15.60777522 -11.43354591 9.38665080 -8.13692340 6.83772490 -6.40336511 5.53428188 -4.73109359 3.91320105 -3.63234890 2.63653435 -3.12122297 
3.10885521 13.69993706 -8.86856368 6.42442970 -4.97534492 3.62277193 -3.24613491 2.51587560 -1.90860755 1.32319529 -1.29793249 0.56884558 -1.32359596 
3.31675285 11.82901751 -6.68307562 4.21926551 -2.91117196 1.77109218 -1.63514868 1.14535276 -0.76272109 0.37580334 -0.52345941 -0.05824735 -0.82317409 
3.62702283 15.60999040 -11.43672330 9.39054849 -8.14132701 6.84244765 -6.40824168 5.53916935 -4.73587069 3.91776822 -3.63662521 2.64045763 -3.12474762 
4.10346952 11.63283511 -6.47243703 4.02363705 -2.74254266 1.63137910 -1.52268893 1.05664746 -0.69377958 0.32242193 -0.48232995 -0.08993462 -0.79906067 
4.54409554 14.91726511 -10.46543509 8.22425661 -6.85016272 5.48405788 -5.03102149 4.18263888 -3.43161323 2.68992459 -2.50352178 1.61488322 -2.21503697 
