10.90897726 -0.31486802 -0.09081626 -0.02485874 -0.12485428 -0.19625610 -0.25920993 0.17143069 -0.09289136 -0.13712978 -0.14701481 -0.37081649 -0.58810764 
1.22496452 -13.32622722 -7.44073985 -4.99851838 -3.55535192 -2.67166289 -1.98356896 -1.11542227 -1.05221233 -0.87124489 -0.68540508 -0.77831925 -0.85151289 
2.34866161 6.24044108 -2.03124082 0.73169316 -0.41163018 -0.01971792 -0.35868102 0.23595882 -0.11658515 -0.10024613 -0.16865658 -0.33340448 -0.61586877 
3.34166800 12.09261800 -6.97159946 4.49223874 -3.15076154 1.97299460 -1.80032601 1.27766613 -0.86706485 0.45760423 -0.58715742 -0.00878154 -0.86109899 
3.94340159 13.10568012 -8.13948341 5.65433834 -4.22266187 2.92012489 -2.61160440 1.95696598 -1.42599127 0.91263730 -0.95366633 0.28393915 -1.09157889 
4.42011231 13.71889931 -8.89236883 6.45013344 -5.00100921 3.64722175 -3.26865078 2.53608436 -1.92637404 1.33856280 -1.31101991 0.57983064 -1.33266283 
4.61805087 15.60939074 -11.43586312 9.38949325 -8.14013475 6.84116893 -6.40692125 5.53784592 -4.73457709 3.91653143 -3.63546715 2.63939513 -3.12379305 
4.62401507 15.60939431 -11.43586823 9.38949953 -8.14014183 6.84117653 -6.40692910 5.53785379 -4.73458478 3.91653878 -3.63547403 2.63940145 -3.12379873 
4.62996155 15.60939784 -11.43587330 9.38950575 -8.14014886 6.84118407 -6.40693688 5.53786158 -4.73459241 3.91654607 -3.63548086 2.63940771 -3.12380435 
4.63589039 15.60940134 -11.43587832 9.38951191 -8.14015582 6.84119153 -6.40694460 5.53786931 -4.73459996 3.91655329 -3.63548762 2.63941391 -3.12380993 
4.54343584 15.04132973 -10.63606213 8.42537871 -7.06885115 5.71018504 -5.25647160 4.40113322 -3.63843675 2.88176169 -2.67807157 1.77076908 -2.35155977 
4.43795305 15.60999040 -11.43672330 9.39054849 -8.14132701 6.84244765 -6.40824168 5.53916935 -4.73587069 3.91776822 -3.63662521 2.64045763 -3.12474762 
4.54668691 15.01252754 -10.59632005 8.37838703 -7.01760079 5.65703832 -5.20333659 4.34949991 -3.58943629 2.83620174 -2.63652213 1.73358226 -2.31892526 
4.54961867 15.04434458 -10.64022665 8.43030804 -7.07423262 5.71577101 -5.26206152 4.40657001 -3.64360072 2.88656698 -2.68245722 1.77469709 -2.35500929 
4.55285926 15.01566991 -10.60065215 8.38350507 -7.02317811 5.66281751 -5.20911017 4.35510626 -3.59475307 2.84114197 -2.64102468 1.73760968 -2.32245768 
4.55578249 15.04733623 -10.64435998 8.43520142 -7.07957585 5.72131830 -5.26761371 4.41197101 -3.64873153 2.89134213 -2.68681600 1.77860156 -2.35843859 
4.45098241 15.60999040 -11.43672330 9.39054849 -8.14132701 6.84244765 -6.40824168 5.53916935 -4.73587069 3.91776822 -3.63662521 2.64045763 -3.12474762 
4.55901266 15.01878830 -10.60495213 8.38858619 -7.02871632 5.66855725 -5.21484539 4.36067634 -3.60003636 2.84605185 -2.64550025 1.74161354 -2.32596992 
4.56192743 15.05030492 -10.64846243 8.44005919 -7.08488120 5.72682725 -5.27312847 4.41733650 -3.65382943 2.89608736 -2.69114810 1.78248266 -2.36184779 
4.45746540 15.60999040 -11.43672330 9.39054849 -8.14132701 6.84244765 -6.40824168 5.53916935 -4.73587069 3.91776822 -3.63662521 2.64045763 -3.12474762 
4.56514724 15.02188296 -10.60922029 8.39363075 -7.03421574 5.67425788 -5.22054256 4.36621044 -3.60528640 2.85093161 -2.64994903 1.74559401 -2.32946210 
4.56805358 15.05325088 -10.65253429 8.44488166 -7.09014899 5.73229817 -5.27860612 4.42266677 -3.65889466 2.90080291 -2.69545371 1.78634054 -2.36523704 
4.46392744 15.60999040 -11.43672330 9.39054849 -8.14132701 6.84244765 -6.40824168 5.53916935 -4.73587069 3.91776822 -3.63662521 2.64045763 -3.12474762 
4.57126311 15.02495411 -10.61345693 8.39863907 -7.03967673 5.67991973 -5.22620199 4.37170884 -3.61050343 2.85578146 -2.65437120 1.74955122 -2.33293435 
4.57416108 15.05617434 -10.65657586 8.44966918 -7.09537956 5.73773141 -5.28404697 4.42796209 -3.66392747 2.90548897 -2.69973300 1.79017535 -2.36860645 
4.57736039 15.02800200 -10.61766236 8.40361149 -7.04509963 5.68554313 -5.23182399 4.37717181 -3.61568770 2.86060161 -2.65876695 1.75348533 -2.33638678 
4.58025003 15.05907551 -10.66058742 8.45442207 -7.10057325 5.74312729 -5.28945132 4.43322275 -3.66892812 2.91014577 -2.70398617 1.79398726 -2.37195614 
4.47678922 15.60999040 -11.43672330 9.39054849 -8.14132701 6.84244765 -6.40824168 5.53916935 -4.73587069 3.91776822 -3.63662521 2.64045763 -3.12474762 
4.58343917 15.03102685 -10.62183687 8.40854834 -7.05048476 5.69112840 -5.23740887 4.38259963 -3.62083946 2.86539227 -2.66313644 1.75739649 -2.33981953 
4.58632053 15.06195463 -10.66456928 8.45914065 -7.10573038 5.74848612 -5.29481947 4.43844902 -3.67389685 2.91477352 -2.70821340 1.79777641 -2.37528626 
4.48318923 15.60999040 -11.43672330 9.39054849 -8.14132701 6.84244765 -6.40824168 5.53916935 -4.73587069 3.91776822 -3.63662521 2.64045763 -3.12474762 
4.37691102 14.92025790 -10.46953390 8.22906865 -6.85537481 5.48942725 -5.03635558 4.18779052 -3.43647350 2.69441848 -2.50759846 1.61851372 -2.21820796 
4.37335725 14.95272117 -10.51404898 8.28139125 -6.91211163 5.54793988 -5.09454491 4.24404648 -3.48959931 2.74358483 -2.55223936 1.65830158 -2.25298725 
4.47678922 15.60999040 -11.43672330 9.39054849 -8.14132701 6.84244765 -6.40824168 5.53916935 -4.73587069 3.91776822 -3.63662521 2.64045763 -3.12474762 
4.47678922 15.60999040 -11.43672330 9.39054849 -8.14132701 6.84244765 -6.40824168 5.53916935 -4.73587069 3.91776822 -3.63662521 2.64045763 -3.12474762 
4.47678922 15.60999040 -11.43672330 9.39054849 -8.14132701 6.84244765 -6.40824168 5.53916935 -4.73587069 3.91776822 -3.63662521 2.64045763 -3.12474762 
4.47678922 15.60999040 -11.43672330 9.39054849 -8.14132701 6.84244765 -6.40824168 5.53916935 -4.73587069 3.91776822 -3.63662521 2.64045763 -3.12474762 
4.47678922 15.60999040 -11.43672330 9.39054849 -8.14132701 6.84244765 -6.40824168 5.53916935 -4.73587069 3.91776822 -3.63662521 2.64045763 -3.12474762 
4.47678922 15.60999040 -11.43672330 9.39054849 -8.14132701 6.84244765 -6.40824168 5.53916935 -4.73587069 3.91776822 -3.63662521 2.64045763 -3.12474762 
4.47678922 15.60999040 -11.43672330 9.39054849 -8.14132701 6.84244765 -6.40824168 5.53916935 -4.73587069 3.91776822 -3.63662521 2.64045763 -3.12474762 
4.47678922 15.60999040 -11.43672330 9.39054849 -8.14132701 6.84244765 -6.40824168 5.53916935 -4.73587069 3.91776822 -3.63662521 2.64045763 -3.12474762 
4.47678922 15.60999040 -11.43672330 9.39054849 -8.14132701 6.84244765 -6.40824168 5.53916935 -4.73587069 3.91776822 -3.63662521 2.64045763 -3.12474762 
4.58343917 15.03102685 -10.62183687 8.40854834 -7.05048476 5.69112840 -5.23740887 4.38259963 -3.62083946 2.86539227 -2.66313644 1.75739649 -2.33981953 
4.58632053 15.06195463 -10.66456928 8.45914065 -7.10573038 5.74848612 -5.29481947 4.43844902 -3.67389685 2.91477352 -2.70821340 1.79777641 -2.37528626 
4.48318923 15.60999040 -11.43672330 9.39054849 -8.14132701 6.84244765 -6.40824168 5.53916935 -4.73587069 3.91776822 -3.63662521 2.64045763 -3.12474762 
4.48318923 15.60999040 -11.43672330 9.39054849 -8.14132701 6.84244765 -6.40824168 5.53916935 -4.73587069 3.91776822 -3.63662521 2.64045763 -3.12474762 
4.48318923 15.60999040 -11.43672330 9.39054849 -8.14132701 6.84244765 -6.40824168 5.53916935 -4.73587069 3.91776822 -3.63662521 2.64045763 -3.12474762 
4.48318923 15.60999040 -11.43672330 9.39054849 -8.14132701 6.84244765 -6.40824168 5.53916935 -4.73587069 3.91776822 -3.63662521 2.64045763 -3.12474762 
4.48318923 15.60999040 -11.43672330 9.39054849 -8.14132701 6.84244765 -6.40824168 5.53916935 -4.73587069 3.91776822 -3.63662521 2.64045763 -3.12474762 
4.58949959 15.03402888 -10.62598077 8.41344994 -7.05583247 5.69667586 -5.24295692 4.38799257 -3.62595895 2.87015366 -2.66747986 1.76128485 -2.34323271 
4.59237272 15.06481190 -10.66852170 8.46382523 -7.11085129 5.75380823 -5.30015172 4.44364116 -3.67883390 2.91937244 -2.71241486 1.80154296 -2.37859693 
4.48956882 15.60999040 -11.43672330 9.39054849 -8.14132701 6.84244765 -6.40824168 5.53916935 -4.73587069 3.91776822 -3.63662521 2.64045763 -3.12474762 
4.48956882 15.60999040 -11.43672330 9.39054849 -8.14132701 6.84244765 -6.40824168 5.53916935 -4.73587069 3.91776822 -3.63662521 2.64045763 -3.12474762 
4.48956882 15.60999040 -11.43672330 9.39054849 -8.14132701 6.84244765 -6.40824168 5.53916935 -4.73587069 3.91776822 -3.63662521 2.64045763 -3.12474762 
4.48956882 15.60999040 -11.43672330 9.39054849 -8.14132701 6.84244765 -6.40824168 5.53916935 -4.73587069 3.91776822 -3.63662521 2.64045763 -3.12474762 
4.48956882 15.60999040 -11.43672330 9.39054849 -8.14132701 6.84244765 -6.40824168 5.53916935 -4.73587069 3.91776822 -3.63662521 2.64045763 -3.12474762 
4.48956882 15.60999040 -11.43672330 9.39054849 -8.14132701 6.84244765 -6.40824168 5.53916935 -4.73587069 3.91776822 -3.63662521 2.64045763 -3.12474762 
4.48956882 15.60999040 -11.43672330 9.39054849 -8.14132701 6.84244765 -6.40824168 5.53916935 -4.73587069 3.91776822 -3.63662521 2.64045763 -3.12474762 
4.48956882 15.60999040 -11.43672330 9.39054849 -8.14132701 6.84244765 -6.40824168 5.53916935 -4.73587069 3.91776822 -3.63662521 2.64045763 -3.12474762 
4.48956882 15.60999040 -11.43672330 9.39054849 -8.14132701 6.84244765 -6.40824168 5.53916935 -4.73587069 3.91776822 -3.63662521 2.64045763 -3.12474762 
4.48956882 15.60999040 -11.43672330 9.39054849 -8.14132701 6.84244765 -6.40824168 5.53916935 -4.73587069 3.91776822 -3.63662521 2.64045763 -3.12474762 
4.48956882 15.60999040 -11.43672330 9.39054849 -8.14132701 6.84244765 -6.40824168 5.53916935 -4.73587069 3.91776822 -3.63662521 2.64045763 -3.12474762 
4.38362764 14.92412876 -10.47483654 8.23529543 -6.86212073 5.49637820 -5.04326227 4.19446227 -3.44276908 2.70024053 -2.51288090 1.62321875 -2.22231812 
4.38008639 14.95644158 -10.51915696 8.28740231 -6.91863735 5.55467731 -5.10125227 4.25053766 -3.49573536 2.74926887 -2.55740480 1.66290932 -2.25701817 
4.48318923 15.60999040 -11.43672330 9.39054849 -8.14132701 6.84244765 -6.40824168 5.53916935 -4.73587069 3.91776822 -3.63662521 2.64045763 -3.12474762 
4.48318923 15.60999040 -11.43672330 9.39054849 -8.14132701 6.84244765 -6.40824168 5.53916935 -4.73587069 3.91776822 -3.63662521 2.64045763 -3.12474762 
4.48318923 15.60999040 -11.43672330 9.39054849 -8.14132701 6.84244765 -6.40824168 5.53916935 -4.73587069 3.91776822 -3.63662521 2.64045763 -3.12474762 
4.48318923 15.60999040 -11.43672330 9.39054849 -8.14132701 6.84244765 -6.40824168 5.53916935 -4.73587069 3.91776822 -3.63662521 2.64045763 -3.12474762 
4.48318923 15.60999040 -11.43672330 9.39054849 -8.14132701 6.84244765 -6.40824168 5.53916935 -4.73587069 3.91776822 -3.63662521 2.64045763 -3.12474762 
4.48318923 15.60999040 -11.43672330 9.39054849 -8.14132701 6.84244765 -6.40824168 5.53916935 -4.73587069 3.91776822 -3.63662521 2.64045763 -3.12474762 
4.48318923 15.60999040 -11.43672330 9.39054849 -8.14132701 6.84244765 -6.40824168 5.53916935 -4.73587069 3.91776822 -3.63662521 2.64045763 -3.12474762 
4.48318923 15.60999040 -11.43672330 9.39054849 -8.14132701 6.84244765 -6.40824168 5.53916935 -4.73587069 3.91776822 -3.63662521 2.64045763 -3.12474762 
4.48318923 15.60999040 -11.43672330 9.39054849 -8.14132701 6.84244765 -6.40824168 5.53916935 -4.73587069 3.91776822 -3.63662521 2.64045763 -3.12474762 
4.58949959 15.03402888 -10.62598077 8.41344994 -7.05583247 5.69667586 -5.24295692 4.38799257 -3.62595895 2.87015366 -2.66747986 1.76128485 -2.34323271 
4.59237272 15.06481190 -10.66852170 8.46382523 -7.11085129 5.75380823 -5.30015172 4.44364116 -3.67883390 2.91937244 -2.71241486 1.80154296 -2.37859693 
4.48956882 15.60999040 -11.43672330 9.39054849 -8.14132701 6.84244765 -6.40824168 5.53916935 -4.73587069 3.91776822 -3.63662521 2.64045763 -3.12474762 
4.48956882 15.60999040 -11.43672330 9.39054849 -8.14132701 6.84244765 -6.40824168 5.53916935 -4.73587069 3.91776822 -3.63662521 2.64045763 -3.12474762 
4.48956882 15.60999040 -11.43672330 9.39054849 -8.14132701 6.84244765 -6.40824168 5.53916935 -4.73587069 3.91776822 -3.63662521 2.64045763 -3.12474762 
4.59554175 15.03700834 -10.63009432 8.41831662 -7.06114308 5.70218584 -5.24846844 4.39335091 -3.63104641 2.87488597 -2.67179739 1.76515055 -2.34662644 
4.59840669 15.06764755 -10.67244498 8.46847613 -7.11593629 5.75909393 -5.30544836 4.44879946 -3.68373951 2.92394274 -2.71659075 1.80528707 -2.38188827 
4.49592812 15.60999040 -11.43672330 9.39054849 -8.14132701 6.84244765 -6.40824168 5.53916935 -4.73587069 3.91776822 -3.63662521 2.64045763 -3.12474762 
4.60156575 15.03996542 -10.63417784 8.42314869 -7.06641692 5.70765865 -5.25394373 4.39867491 -3.63610207 2.87958942 -2.67608920 1.76899375 -2.35000085 
4.60442255 15.07046179 -10.67633939 8.47309365 -7.12098570 5.76434352 -5.31070970 4.45392419 -3.68861392 2.92848462 -2.72074124 1.80900887 -2.38516040 
4.50226727 15.60999040 -11.43672330 9.39054849 -8.14132701 6.84244765 -6.40824168 5.53916935 -4.73587069 3.91776822 -3.63662521 2.64045763 -3.12474762 
4.60757171 15.04290036 -10.63823159 8.42794647 -7.07165431 5.71309460 -5.25938308 4.40396484 -3.64112617 2.88426422 -2.68035547 1.77281459 -2.35335605 
4.61042041 15.07325483 -10.68020520 8.47767811 -7.12599984 5.76955733 -5.31593602 4.45901560 -3.69345738 2.93299829 -2.72486651 1.81270853 -2.38841346 
4.50858639 15.60999040 -11.43672330 9.39054849 -8.14132701 6.84244765 -6.40824168 5.53916935 -4.73587069 3.91776822 -3.63662521 2.64045763 -3.12474762 
4.50858639 15.60999040 -11.43672330 9.39054849 -8.14132701 6.84244765 -6.40824168 5.53916935 -4.73587069 3.91776822 -3.63662521 2.64045763 -3.12474762 
4.61355973 15.04581337 -10.64225586 8.43271027 -7.07685556 5.71849400 -5.26478679 4.40922096 -3.64611895 2.88891055 -2.68459637 1.77661321 -2.35669216 
4.61640038 15.07602688 -10.68404269 8.48222981 -7.13097902 5.77473566 -5.32112761 4.46407396 -3.69827012 2.93748397 -2.72896674 1.81638620 -2.39164756 
4.51488561 15.60999040 -11.43672330 9.39054849 -8.14132701 6.84244765 -6.40824168 5.53916935 -4.73587069 3.91776822 -3.63662521 2.64045763 -3.12474762 
4.51488561 15.60999040 -11.43672330 9.39054849 -8.14132701 6.84244765 -6.40824168 5.53916935 -4.73587069 3.91776822 -3.63662521 2.64045763 -3.12474762 
4.51488561 15.60999040 -11.43672330 9.39054849 -8.14132701 6.84244765 -6.40824168 5.53916935 -4.73587069 3.91776822 -3.63662521 2.64045763 -3.12474762 
4.61952992 15.04870467 -10.64625092 8.43744040 -7.08202100 5.72385716 -5.27015513 4.41444353 -3.65108064 2.89352864 -2.68881207 1.78038976 -2.36000931 
4.62236257 15.07877814 -10.68785213 8.48674905 -7.13592355 5.77987880 -5.32628475 4.46909953 -3.70305236 2.94194185 -2.73304210 1.82004202 -2.39486283 
4.52116505 15.60999040 -11.43672330 9.39054849 -8.14132701 6.84244765 -6.40824168 5.53916935 -4.73587069 3.91776822 -3.63662521 2.64045763 -3.12474762 
4.62548238 15.05157446 -10.65021706 8.44213716 -7.08715093 5.72918439 -5.27548839 4.41963282 -3.65601146 2.89811867 -2.69300275 1.78414438 -2.36330761 
4.62830708 15.08150882 -10.69163377 8.49123612 -7.14083373 5.78498706 -5.33140772 4.47409257 -3.70780434 2.94637214 -2.73709276 1.82367613 -2.39805939 
4.63141723 15.05442295 -10.65415453 8.44680085 -7.09224566 5.73447597 -5.28078686 4.42478908 -3.66091166 2.90268086 -2.69716857 1.78787722 -2.36658717 
4.63423401 15.08421912 -10.69538789 8.49569132 -7.14570986 5.79006073 -5.33649682 4.47905334 -3.71252630 2.95077504 -2.74111891 1.82728870 -2.40123736 
4.53366509 15.60999040 -11.43672330 9.39054849 -8.14132701 6.84244765 -6.40824168 5.53916935 -4.73587069 3.91776822 -3.63662521 2.64045763 -3.12474762 
4.53366509 15.60999040 -11.43672330 9.39054849 -8.14132701 6.84244765 -6.40824168 5.53916935 -4.73587069 3.91776822 -3.63662521 2.64045763 -3.12474762 
4.53366509 15.60999040 -11.43672330 9.39054849 -8.14132701 6.84244765 -6.40824168 5.53916935 -4.73587069 3.91776822 -3.63662521 2.64045763 -3.12474762 
4.53366509 15.60999040 -11.43672330 9.39054849 -8.14132701 6.84244765 -6.40824168 5.53916935 -4.73587069 3.91776822 -3.63662521 2.64045763 -3.12474762 
4.53366509 15.60999040 -11.43672330 9.39054849 -8.14132701 6.84244765 -6.40824168 5.53916935 -4.73587069 3.91776822 -3.63662521 2.64045763 -3.12474762 
4.43002469 14.95036149 -10.51080990 8.27758028 -6.90797517 5.54367003 -5.09029487 4.23993413 -3.48571259 2.73998499 -2.54896845 1.65538423 -2.25043546 
4.42656865 14.98164762 -10.55379849 8.32820733 -6.96297699 5.60049591 -5.14690538 4.29475570 -3.53756728 2.78804825 -2.59267103 1.69438897 -2.28457451 
4.52742484 15.60999040 -11.43672330 9.39054849 -8.14132701 6.84244765 -6.40824168 5.53916935 -4.73587069 3.91776822 -3.63662521 2.64045763 -3.12474762 
4.52742484 15.60999040 -11.43672330 9.39054849 -8.14132701 6.84244765 -6.40824168 5.53916935 -4.73587069 3.91776822 -3.63662521 2.64045763 -3.12474762 
4.52742484 15.60999040 -11.43672330 9.39054849 -8.14132701 6.84244765 -6.40824168 5.53916935 -4.73587069 3.91776822 -3.63662521 2.64045763 -3.12474762 
4.52742484 15.60999040 -11.43672330 9.39054849 -8.14132701 6.84244765 -6.40824168 5.53916935 -4.73587069 3.91776822 -3.63662521 2.64045763 -3.12474762 
4.52742484 15.60999040 -11.43672330 9.39054849 -8.14132701 6.84244765 -6.40824168 5.53916935 -4.73587069 3.91776822 -3.63662521 2.64045763 -3.12474762 
4.52742484 15.60999040 -11.43672330 9.39054849 -8.14132701 6.84244765 -6.40824168 5.53916935 -4.73587069 3.91776822 -3.63662521 2.64045763 -3.12474762 
4.42346188 14.94670419 -10.50579066 8.27167602 -6.90156786 5.53705730 -5.08371400 4.23356756 -3.47969631 2.73441364 -2.54390692 1.65087045 -2.24648780 
4.41999392 14.97813420 -10.54896626 8.32251126 -6.95678324 5.59409134 -5.14051987 4.28856711 -3.53170919 2.78261461 -2.58772703 1.68997361 -2.28070760 
4.52116505 15.60999040 -11.43672330 9.39054849 -8.14132701 6.84244765 -6.40824168 5.53916935 -4.73587069 3.91776822 -3.63662521 2.64045763 -3.12474762 
4.41687752 14.94301734 -10.50073216 8.26572701 -6.89511351 5.53039753 -5.07708775 4.22715842 -3.47364102 2.72880723 -2.53881446 1.64632985 -2.24251732 
4.41339756 14.97459215 -10.54409584 8.31677152 -6.95054340 5.58764048 -5.13408955 4.28233634 -3.52581231 2.77714597 -2.58275204 1.68553130 -2.27681769 
4.41027149 14.93930062 -10.49563399 8.25973282 -6.88861169 5.52369028 -5.07041573 4.22070638 -3.46754643 2.72316551 -2.53369086 1.64176228 -2.23852390 
4.40677943 14.97102116 -10.53918683 8.31098766 -6.94425703 5.58114293 -5.12761404 4.27606305 -3.51987633 2.77164209 -2.57774586 1.68106187 -2.27290464 
4.40364362 14.93555374 -10.49049576 8.25369302 -6.88206194 5.51693516 -5.06369757 4.21421109 -3.46141224 2.71748824 -2.52853592 1.63716755 -2.23450741 
4.28285727 15.60915201 -11.43552068 9.38907318 -8.13966014 6.84065992 -6.40639565 5.53731913 -4.73406219 3.91603915 -3.63500621 2.63897224 -3.12341312 
4.27578181 15.60914606 -11.43551214 9.38906271 -8.13964831 6.84064723 -6.40638255 5.53730600 -4.73404936 3.91602688 -3.63499472 2.63896170 -3.12340365 
4.26868123 15.60914005 -11.43550352 9.38905213 -8.13963635 6.84063440 -6.40636930 5.53729272 -4.73403638 3.91601447 -3.63498311 2.63895104 -3.12339408 
4.38008639 14.95644158 -10.51915696 8.28740231 -6.91863735 5.55467731 -5.10125227 4.25053766 -3.49573536 2.74926887 -2.55740480 1.66290932 -2.25701817 
4.37691102 14.92025790 -10.46953390 8.22906865 -6.85537481 5.48942725 -5.03635558 4.18779052 -3.43647350 2.69441848 -2.50759846 1.61851372 -2.21820796 
4.25440400 15.60912782 -11.43548598 9.38903061 -8.13961205 6.84060834 -6.40634239 5.53726575 -4.73401002 3.91598927 -3.63495950 2.63892939 -3.12337463 
4.24722699 15.60912161 -11.43547707 9.38901969 -8.13959970 6.84059509 -6.40632872 5.53725205 -4.73399662 3.91597646 -3.63494751 2.63891839 -3.12336474 
4.24002412 15.60911533 -11.43546807 9.38900864 -8.13958722 6.84058171 -6.40631489 5.53723819 -4.73398308 3.91596351 -3.63493539 2.63890727 -3.12335475 
4.23279522 15.60910898 -11.43545896 9.38899747 -8.13957460 6.84056817 -6.40630092 5.53722419 -4.73396939 3.91595043 -3.63492314 2.63889602 -3.12334465 
4.22554010 15.60910257 -11.43544976 9.38898618 -8.13956184 6.84055449 -6.40628679 5.53721003 -4.73395555 3.91593720 -3.63491075 2.63888466 -3.12333444 
4.21825856 15.60909608 -11.43544045 9.38897477 -8.13954895 6.84054066 -6.40627251 5.53719572 -4.73394156 3.91592382 -3.63489822 2.63887317 -3.12332412 
4.21095042 15.60908952 -11.43543105 9.38896323 -8.13953591 6.84052668 -6.40625808 5.53718125 -4.73392742 3.91591030 -3.63488556 2.63886155 -3.12331368 
4.08173180 14.68789726 -10.15383349 7.86124753 -6.45989652 5.08487358 -4.63717902 3.80477663 -3.07737672 2.36435057 -2.20984727 1.35474544 -1.98897669 
4.06924856 14.80676334 -10.31469192 8.04794801 -6.65989085 5.28872659 -4.83762547 3.99646193 -3.25651123 2.52849786 -2.35748948 1.48517502 -2.10202848 
4.05821690 14.67039244 -10.13025803 7.83401033 -6.43085000 5.05539351 -4.60831191 3.77728196 -3.05178150 2.34098268 -2.18890222 1.33630301 -1.97304156 
3.90429026 15.60509987 -11.42970907 9.38194484 -8.13160735 6.83202435 -6.39747964 5.52838395 -4.72532952 3.90769088 -3.62719018 2.63180196 -3.11697180 
3.88714762 15.60501544 -11.42958800 9.38179636 -8.13143964 6.83184452 -6.39729398 5.52819792 -4.72514772 3.90751710 -3.62702749 2.63165273 -3.11683775 
3.86985676 15.60492881 -11.42946377 9.38164400 -8.13126754 6.83165999 -6.39710349 5.52800704 -4.72496118 3.90733879 -3.62686056 2.63149960 -3.11670020 
3.85241513 15.60483990 -11.42933627 9.38148764 -8.13109092 6.83147061 -6.39690798 5.52781113 -4.72476974 3.90715579 -3.62668924 2.63134245 -3.11655904 
3.68889557 14.30182364 -9.64061728 7.27567349 -5.84291363 4.46586854 -4.03775607 3.23993759 -2.55693317 1.89378174 -1.79191938 0.98990679 -1.67631092 
3.49014923 15.59340287 -11.41294160 9.36138815 -8.10839525 6.80714306 -6.37180082 5.50265996 -4.70019783 3.88367381 -3.60471166 2.61118693 -3.09845792 
3.28340473 13.78015416 -8.96949751 6.53365339 -5.08463539 3.72710581 -3.34240894 2.60245281 -1.98486442 1.38927132 -1.35429800 0.61622914 -1.36276297 
3.02109882 15.56330073 -11.36984849 9.30862326 -8.04888620 6.74342748 -6.30611453 5.43692636 -4.63604102 3.82241930 -3.54743122 2.55869810 -3.05135527 
2.96729366 15.56075934 -11.36621415 9.30417764 -8.04387709 6.73806909 -6.30059514 5.43140750 -4.63065871 3.81728423 -3.54263261 2.55430373 -3.04741423 
2.91200116 15.55800581 -11.36227712 9.29936253 -8.03845250 6.73226710 -6.29461964 5.42543337 -4.62483314 3.81172691 -3.53744000 2.54954906 -3.04315048 
3.31841913 11.97261769 -6.83947030 4.36651797 -3.03980559 1.87900795 -1.72305596 1.21548076 -0.81780910 0.41884472 -0.55687787 -0.03235405 -0.84298411 
3.61064028 15.60343414 -11.42732050 9.37901560 -8.12829878 6.82847688 -6.39381751 5.52471447 -4.72174369 3.90426332 -3.62398152 2.62885873 -3.11432806 
3.59077305 15.60330286 -11.42713226 9.37878477 -8.12803807 6.82819736 -6.39352897 5.52442537 -4.72146118 3.90399330 -3.62372875 2.62862688 -3.11411981 
3.57070650 15.60316760 -11.42693833 9.37854695 -8.12776946 6.82790938 -6.39323169 5.52412751 -4.72117013 3.90371510 -3.62346833 2.62838801 -3.11390526 
3.22169388 11.31830500 -6.14199929 3.72308396 -2.48867365 1.42498333 -1.35951409 0.93010573 -0.59698704 0.24845564 -0.42596047 -0.13303672 -0.76649399 
2.67415005 15.54433082 -11.34273475 9.27547357 -8.01155257 6.70350870 -6.26501403 5.39584672 -4.59599351 3.78422542 -3.51175225 2.52603545 -3.02207113 
3.13004495 11.54099697 -6.37502946 3.93422858 -2.66635292 1.56892869 -1.47293321 1.01778100 -0.66384809 0.29942246 -0.46472263 -0.10343821 -0.78882872 
3.62313322 14.46468716 -9.85539315 7.51884521 -6.09720126 4.71913400 -4.28127083 3.46782122 -2.76550459 2.08116762 -1.95733460 1.13348233 -1.79867845 
4.34714871 10.83329551 -5.64995525 3.29024939 -2.13473974 1.14573093 -1.14490131 0.76803057 -0.47604674 0.15782700 -0.35795918 -0.18455918 -0.72790941 
5.00241176 13.26105238 -8.32694387 5.84914464 -4.41003494 3.09235296 -2.76479988 2.08993064 -1.53917970 1.00765106 -1.03234835 0.34831343 -1.14343038 
5.16680971 15.36983125 -11.09488819 8.97424666 -7.67422448 6.34475702 -5.89753415 5.03034674 -4.24133042 3.44745626 -3.19845338 2.24033054 -2.76685092 
4.95881860 14.44830575 -9.83367666 7.49413355 -6.07123352 4.69314923 -4.25617296 3.44423135 -2.74382282 2.06161052 -1.94000535 1.11838773 -1.78576999 
4.44339256 11.16686721 -5.98608907 3.58400699 -2.37340818 1.33291344 -1.28793630 0.87546927 -0.55581173 0.21736488 -0.40249488 -0.15087064 -0.75309750 
3.38185640 7.46567313 -2.81352224 1.17877500 -0.65334394 0.11734184 -0.43820947 0.28362909 -0.14476279 -0.07917253 -0.18477392 -0.31815812 -0.62785503 
2.15796632 15.44341725 -11.19905878 9.10045622 -7.81513477 6.49418683 -6.05017851 5.18176892 -4.38789380 3.58629455 -3.32732562 2.35760403 -2.87140202 
3.01903395 8.74595765 -3.77292365 1.81361819 -1.04812545 0.36392294 -0.59211965 0.38057447 -0.20585104 -0.03620328 -0.21629444 -0.29206416 -0.64785270 
4.43665760 8.55933702 -3.62402190 1.70933522 -0.97974536 0.31945532 -0.56344248 0.36205027 -0.19388597 -0.04456000 -0.21023157 -0.29688957 -0.64419816 
5.42331664 11.37756515 -6.20357300 3.77849549 -2.53499286 1.46227574 -1.38872438 0.95255979 -0.61402056 0.26138464 -0.43575932 -0.12557102 -0.77211557 
5.88802544 14.82578160 -10.34055341 8.07810317 -6.69233792 5.32194176 -4.87042111 4.02794955 -3.28605016 2.55566384 -2.38200820 1.50690562 -2.12092207 
5.87123006 14.61708921 -10.05864852 7.75147643 -6.34303777 4.96646922 -4.52142434 3.69469767 -2.97505641 2.27106725 -2.12634870 1.28131717 -1.92560814 
5.39910426 11.63618982 -6.47600964 4.02692906 -2.74535859 1.63369539 -1.52454058 1.05809846 -0.69490034 0.32328525 -0.48299223 -0.08942598 -0.79944660 
4.38488786 7.14632661 -2.59684274 1.04817307 -0.57918400 0.07403852 -0.41258632 0.26810679 -0.13540286 -0.08596136 -0.17965623 -0.32276667 -0.62425390 
2.46318829 2.33241923 -0.41992961 0.06618549 -0.14103978 -0.16703246 -0.27494312 0.18435051 -0.09204577 -0.12707888 -0.14902196 -0.35987812 -0.59534265 
-1.14527037 11.14801044 -5.96682021 3.56694171 -2.35936348 1.32176767 -1.27932442 0.86893356 -0.55091283 0.21368151 -0.39972420 -0.15297234 -0.75152169 
-0.21862011 6.29724653 -2.06457856 0.74931893 -0.42046244 -0.01492248 -0.36138793 0.23756144 -0.11749970 -0.09951865 -0.16922499 -0.33282179 -0.61632996 
2.57714044 4.11485345 -0.98819763 0.25426183 -0.20139199 -0.13035706 -0.29674296 0.19877752 -0.09698475 -0.11845308 -0.15448480 -0.35021828 -0.60262541 
3.77726284 10.97071858 -5.78722052 3.40919620 -2.23058096 1.22032192 -1.20148675 0.81024503 -0.50718843 0.18095926 -0.37519886 -0.17154111 -0.73762527 
4.26152492 14.85077893 -10.37459765 8.11785804 -6.73517529 5.36585315 -4.91383516 4.06968521 -3.32525084 2.59175727 -2.41462028 1.53583927 -2.14610323 
4.60042407 13.87254729 -9.08649767 6.66104622 -5.21287534 3.85023940 -3.45666958 2.70576442 -2.07633807 1.46892269 -1.42255890 0.67385928 -1.41059570 
4.88475359 15.09203583 -10.70621896 8.50854951 -7.15978759 5.80471340 -5.35119850 4.49338853 -3.72617522 2.96350509 -2.75276261 1.83773878 -2.41043237 
4.81956068 14.28665517 -9.62074157 7.25330839 -5.81966636 4.44284840 -4.01574634 3.21945259 -2.53828252 1.87710882 -1.77727084 0.97724880 -1.66556859 
4.54225037 15.07076986 -10.67676575 8.47359923 -7.12153862 5.76491842 -5.31128593 4.45448550 -3.68914787 2.92898218 -2.72119596 1.80941665 -2.38551894 
4.02660845 9.90196270 -4.76435891 2.55763424 -1.57013362 0.72350407 -0.83617025 0.54531349 -0.31672732 0.04194904 -0.27283636 -0.24866224 -0.68027894 
2.76975538 7.12244645 -2.58100231 1.03882192 -0.57397920 0.07103954 -0.41082878 0.26704846 -0.13477025 -0.08642531 -0.17930416 -0.32309013 -0.62400034 
1.89394869 12.46056761 -7.38491594 4.89317337 -3.51135524 2.28394993 -2.06041149 1.49045411 -1.03827145 0.59418796 -0.69515573 0.07611652 -0.92694201 
3.31703864 7.57570720 -2.89027168 1.22621604 -0.68093696 0.13371997 -0.44801863 0.28961858 -0.14841230 -0.07655592 -0.18673111 -0.31643638 -0.62919471 
4.88818771 8.04102864 -3.22669146 1.44121297 -0.81006765 0.21217638 -0.49586856 0.31921520 -0.16671567 -0.06358811 -0.19633364 -0.30823957 -0.63553022 
5.80043242 12.17062673 -7.05819546 4.57528305 -3.22461495 2.03600474 -1.85248738 1.31992117 -0.90074301 0.48424889 -0.60807070 0.00755981 -0.87370074 
5.96698596 14.70669584 -10.17918379 7.89057119 -6.49120533 5.11668603 -4.66836448 3.83451115 -3.10508550 2.38967272 -2.23256495 1.37476613 -2.00628989 
5.19481396 4.38833422 -1.10009978 0.29795253 -0.21780340 -0.12168151 -0.30168481 0.20186171 -0.09839077 -0.11678240 -0.15572740 -0.34846366 -0.60398872 
5.39755210 -4.34970757 -0.77262982 -0.22995690 -0.18038418 -0.24541904 -0.26028008 0.15273848 -0.10730428 -0.15668753 -0.15585223 -0.38595731 -0.58323737 
7.26605900 7.23853663 -2.65848172 1.08481782 -0.59971810 0.08592227 -0.41957249 0.27232159 -0.13792956 -0.08411556 -0.18105382 -0.32149130 -0.62525266 
8.13431451 12.85499782 -7.84172570 5.34954361 -3.93377610 2.65828871 -2.38184028 1.76013187 -1.26051582 0.77531784 -0.84114855 0.19274869 -1.01878547 
8.44707892 15.37696552 -11.10496552 8.98643062 -7.68780048 6.35912649 -5.91218599 5.04485592 -4.25535068 3.46071667 -3.21074366 2.25149906 -2.77679468 
8.32538641 13.92773836 -9.15676923 6.73796215 -5.29069970 3.92533278 -3.52668459 2.76936274 -2.13289953 1.51837992 -1.46511063 0.70991573 -1.44062723 
7.71459240 10.36743048 -5.19725059 2.90809026 -1.83450676 0.91737115 -0.97533241 0.64399852 -0.38619994 0.09195054 -0.30931808 -0.22118342 -0.70067120 
6.45934277 5.17836060 -1.46032746 0.45160755 -0.28067480 -0.08903180 -0.31996673 0.21297915 -0.10393864 -0.11107940 -0.16013405 -0.34282148 -0.60841639 
4.97058518 -13.66727997 -7.83590098 -5.39303669 -3.91963883 -2.99276492 -2.25727276 -1.34393020 -1.23976796 -1.02295985 -0.80621322 -0.87309592 -0.92454310 
6.55972576 6.74751130 -2.33890540 0.89933176 -0.49810493 0.02794189 -0.38581724 0.25206923 -0.12590335 -0.09302411 -0.17426032 -0.32783400 -0.62027036 
7.71800567 10.66605381 -5.48519615 3.14935028 -2.02265706 1.05951665 -1.08021351 0.72026154 -0.44113956 0.13207677 -0.33886567 -0.19894957 -0.71719221 
8.33044409 13.75837001 -8.94202794 6.50386558 -5.05476867 3.69853792 -3.31599803 2.57865857 -1.96386965 1.37104950 -1.33872994 0.60312310 -1.35191472 
8.60844118 15.20866265 -10.86850740 8.70199218 -7.37240528 6.02684246 -5.57487427 4.71224437 -3.93524596 3.15911455 -2.93221302 1.99924624 -2.55292211 
8.67680813 15.60245719 -11.42591973 9.37729789 -8.12635877 6.82639695 -6.39167050 5.52256329 -4.71964167 3.90225421 -3.62210082 2.62713369 -3.11277864 
