9.43973450 0.91816332 -0.16757600 0.00176025 -0.12693627 -0.18405272 -0.26490973 0.17677334 -0.09158756 -0.13253573 -0.14717753 -0.36605349 -0.59104818 
4.17489324 10.52574200 -5.34890501 3.03435911 -1.93237556 0.99089663 -1.02929879 0.68304961 -0.41420586 0.11234248 -0.32430279 -0.20991098 -0.70904253 
3.07702010 8.65709471 -3.70163532 1.76343823 -1.01506160 0.34233689 -0.57815222 0.37152740 -0.19999229 -0.04029505 -0.21332794 -0.29441762 -0.64607229 
1.53710325 5.10878694 -1.42639766 0.43632851 -0.27410019 -0.09244192 -0.31806916 0.21184005 -0.10334487 -0.11164481 -0.15969061 -0.34335742 -0.60799373 
1.42062521 5.45372807 -1.59880233 0.51561658 -0.30891337 -0.07433334 -0.32813919 0.21786125 -0.10652993 -0.10869464 -0.16201078 -0.34061438 -0.61015991 
1.99791845 15.57737241 -11.38998261 9.33326430 -8.07666386 6.77315558 -6.33674925 5.46757088 -4.66593906 3.85095460 -3.57410620 2.58313393 -3.07327705 
2.32072189 12.75115593 -7.72007731 5.22667310 -3.81883075 2.55539853 -2.29263747 1.68459897 -1.19772184 0.72373733 -0.79927823 0.15909427 -0.99213097 
3.34556715 9.58193786 -4.47796778 2.33412480 -1.40741814 0.60788849 -0.75554182 0.48960566 -0.27843659 0.01474998 -0.25312599 -0.26359869 -0.66917605 
3.93523984 14.52670721 -9.93784222 7.61291845 -6.19631508 4.81856269 -4.37754041 3.55852018 -2.84905700 2.15669497 -2.02439538 1.19200806 -1.84882022 
4.08507437 15.60081905 -11.42357112 9.37441811 -8.12310655 6.82291041 -6.38807176 5.51895779 -4.71611880 3.89888722 -3.61894921 2.62424309 -3.11018243 
3.85294457 12.95350783 -7.95804434 5.46793045 -4.04535464 2.75887636 -2.46964667 1.83497436 -1.32312967 0.82704651 -0.88336026 0.22683433 -1.04589986 
3.05242496 8.56693801 -3.63002616 1.71350089 -0.98245212 0.32120256 -0.56456218 0.36276981 -0.19434845 -0.04423694 -0.21046629 -0.29670159 -0.64434083 
1.57455414 -7.81355366 -2.50005900 -1.04671756 -0.55649143 -0.43755822 -0.34832128 0.09455002 -0.15077640 -0.19471962 -0.18299599 -0.40786939 -0.58933099 
0.51803877 14.63111559 -10.07746593 7.77313563 -6.36605233 4.98974625 -4.54414082 3.71626392 -2.99507010 2.28928524 -2.14263190 1.29561680 -1.93793246 
2.38427776 -5.84659733 -1.38944619 -0.47451942 -0.27510036 -0.29157705 -0.27742872 0.13884817 -0.11905692 -0.16846899 -0.16400240 -0.39325470 -0.58395942 
5.19615302 4.14757235 -1.00123903 0.25924959 -0.20322837 -0.12937804 -0.29730359 0.19912978 -0.09714132 -0.11825989 -0.15462673 -0.35001304 -0.60278443 
6.74836599 8.73547330 -3.76447630 1.80764792 -1.04417623 0.36133644 -0.59044147 0.37948502 -0.20514403 -0.03669708 -0.21593663 -0.29234731 -0.64763868 
7.59002548 12.51280061 -7.44459091 4.95200848 -3.56511212 2.33100165 -2.10033090 1.52356095 -1.06525415 0.61595991 -0.71254550 0.08990104 -0.93771675 
7.94597678 15.21005956 -10.87045902 8.70432731 -7.37498129 6.02954311 -5.57760286 4.71492277 -3.93781249 3.16152281 -2.93442842 2.00124529 -2.55469009 
7.90613845 14.77408962 -10.27034165 7.99632390 -6.60443610 5.23205029 -4.78175193 3.94289718 -3.20633378 2.48241423 -2.31595047 1.44840452 -2.07009567 
7.45381198 11.69715467 -6.54111184 4.08707570 -2.79693896 1.67622546 -1.55861697 1.08485946 -0.71561294 0.33926727 -0.49526989 -0.07998702 -0.80661507 
6.49367036 8.25094561 -3.38473975 1.54606657 -0.87533362 0.25290391 -0.52124331 0.33516159 -0.17674387 -0.05654845 -0.20149525 -0.30396755 -0.63880588 
4.87860920 5.20654034 -1.47419150 0.45789711 -0.28340028 -0.08761710 -0.32075364 0.21345083 -0.10418581 -0.11084633 -0.16031706 -0.34260201 -0.60858957 
2.39465028 1.63162426 -0.27293600 0.02760552 -0.13180471 -0.17612814 -0.26942967 0.18032846 -0.09152406 -0.12985360 -0.14787218 -0.36305936 -0.59307879 
0.90604988 3.71352818 -0.83589264 0.19811575 -0.18143763 -0.14121592 -0.29046119 0.19478114 -0.09529585 -0.12069245 -0.15288228 -0.35264031 -0.60075900 
2.99647093 6.37858704 -2.11281118 0.77505533 -0.43347225 -0.00782885 -0.36540133 0.23993885 -0.11886195 -0.09844385 -0.17006323 -0.33197047 -0.61700353 
3.87677533 13.04768687 -8.07008468 5.58278926 -4.15437373 2.85781979 -2.55658111 1.90953905 -1.38588626 0.87917801 -0.92611544 0.26151311 -1.07360317 
4.23480147 14.90958176 -10.45491618 8.21191167 -6.83679607 5.47029239 -5.01735078 4.16943979 -3.41916432 2.67841731 -2.49308556 1.60559153 -2.20692322 
4.22458873 14.78848315 -10.28986647 8.01903704 -6.62882011 5.25695721 -4.80629252 3.96641118 -3.22834954 2.50262397 -2.33415879 1.46451559 -2.08408129 
4.08375543 15.60590225 -11.43085974 9.38335608 -8.13320146 6.83373367 -6.39924432 5.53015229 -4.72705764 3.90934282 -3.62873669 2.63322061 -3.11824615 
4.06808979 15.60583779 -11.43076729 9.38324269 -8.13307338 6.83359633 -6.39910253 5.53001020 -4.72691879 3.90921008 -3.62861242 2.63310662 -3.11814375 
4.05230048 15.60577179 -11.43067264 9.38312661 -8.13294225 6.83345573 -6.39895737 5.52986474 -4.72677663 3.90907419 -3.62848520 2.63298991 -3.11803891 
4.16871720 14.86997250 -10.40077796 8.14847495 -6.76821326 5.39976581 -4.94740809 4.10200135 -3.35564130 2.61977130 -2.43996015 1.55834430 -2.16570889 
4.50987205 13.83450356 -9.03822500 6.60838403 -5.15976314 3.79914993 -3.40917861 2.66275163 -2.03819191 1.43565591 -1.39400840 0.64972301 -1.39053717 
4.79551893 15.10274468 -10.72106687 8.52618695 -7.17910909 5.82483520 -5.37139845 4.51309505 -3.74494759 2.98102188 -2.76879165 1.85213065 -2.42310078 
4.89033788 15.60816422 -11.43410384 9.38733517 -8.13769656 6.83855405 -6.40422123 5.53513987 -4.73193217 3.91400275 -3.63309952 2.63722297 -3.12184160 
4.81417712 15.18518657 -10.83573661 8.66281296 -7.32921790 5.98159860 -5.52919458 4.66743540 -3.89233643 3.11887564 -2.89521803 1.96588231 -2.52342986 
4.63423401 15.08421912 -10.69538789 8.49569132 -7.14570986 5.79006073 -5.33649682 4.47905334 -3.71252630 2.95077504 -2.74111891 1.82728870 -2.40123736 
4.53366509 15.60999040 -11.43672330 9.39054849 -8.14132701 6.84244765 -6.40824168 5.53916935 -4.73587069 3.91776822 -3.63662521 2.64045763 -3.12474762 
4.53366509 15.60999040 -11.43672330 9.39054849 -8.14132701 6.84244765 -6.40824168 5.53916935 -4.73587069 3.91776822 -3.63662521 2.64045763 -3.12474762 
4.53366509 15.60999040 -11.43672330 9.39054849 -8.14132701 6.84244765 -6.40824168 5.53916935 -4.73587069 3.91776822 -3.63662521 2.64045763 -3.12474762 
4.63733456 15.05725036 -10.65806362 8.45143177 -7.09730551 5.73973222 -5.28605082 4.42991256 -3.66578145 2.90721538 -2.70130971 1.79158842 -2.36984812 
4.64014347 15.08690923 -10.69911474 8.50011493 -7.15055225 5.79510011 -5.34155231 4.48398210 -3.71721846 2.95515075 -2.74512072 1.83087985 -2.40439687 
4.64323448 15.06005688 -10.66194457 8.45603022 -7.10233076 5.74495343 -5.29128054 4.43500353 -3.67062106 2.91172245 -2.70542633 1.79527811 -2.37309058 
4.64603556 15.08957935 -10.70281457 8.50450725 -7.15536120 5.80010549 -5.34657446 4.48887909 -3.72188104 2.95949947 -2.74909835 1.83444975 -2.40753803 
4.54608749 15.60999040 -11.43672330 9.39054849 -8.14132701 6.84244765 -6.40824168 5.53916935 -4.73587069 3.91776822 -3.63662521 2.64045763 -3.12474762 
4.54608749 15.60999040 -11.43672330 9.39054849 -8.14132701 6.84244765 -6.40824168 5.53916935 -4.73587069 3.91776822 -3.63662521 2.64045763 -3.12474762 
4.54608749 15.60999040 -11.43672330 9.39054849 -8.14132701 6.84244765 -6.40824168 5.53916935 -4.73587069 3.91776822 -3.63662521 2.64045763 -3.12474762 
4.54608749 15.60999040 -11.43672330 9.39054849 -8.14132701 6.84244765 -6.40824168 5.53916935 -4.73587069 3.91776822 -3.63662521 2.64045763 -3.12474762 
4.44308626 14.95758870 -10.52073216 8.28925630 -6.92065040 5.55675597 -5.10332195 4.25254091 -3.49762927 2.75102349 -2.55899952 1.66433202 -2.25826290 
4.43965382 14.98858977 -10.56334993 8.33947010 -6.97522789 5.61316787 -5.15954352 4.30700771 -3.54916826 2.79881158 -2.60246696 1.70313956 -2.29223990 
4.53988594 15.60999040 -11.43672330 9.39054849 -8.14132701 6.84244765 -6.40824168 5.53916935 -4.73587069 3.91776822 -3.63662521 2.64045763 -3.12474762 
4.53988594 15.60999040 -11.43672330 9.39054849 -8.14132701 6.84244765 -6.40824168 5.53916935 -4.73587069 3.91776822 -3.63662521 2.64045763 -3.12474762 
4.53988594 15.60999040 -11.43672330 9.39054849 -8.14132701 6.84244765 -6.40824168 5.53916935 -4.73587069 3.91776822 -3.63662521 2.64045763 -3.12474762 
4.53988594 15.60999040 -11.43672330 9.39054849 -8.14132701 6.84244765 -6.40824168 5.53916935 -4.73587069 3.91776822 -3.63662521 2.64045763 -3.12474762 
4.53988594 15.60999040 -11.43672330 9.39054849 -8.14132701 6.84244765 -6.40824168 5.53916935 -4.73587069 3.91776822 -3.63662521 2.64045763 -3.12474762 
4.53988594 15.60999040 -11.43672330 9.39054849 -8.14132701 6.84244765 -6.40824168 5.53916935 -4.73587069 3.91776822 -3.63662521 2.64045763 -3.12474762 
4.43656611 14.95398956 -10.51579027 8.28344024 -6.91433588 5.55023611 -5.09683073 4.24625847 -3.49169014 2.74552152 -2.55399925 1.65987137 -2.25436045 
4.43312191 14.98513271 -10.55859292 8.33386013 -6.96912506 5.60685462 -5.15324647 4.30090245 -3.54338687 2.79344716 -2.59758427 1.69877756 -2.28841856 
4.43002469 14.95036149 -10.51080990 8.27758028 -6.90797517 5.54367003 -5.09029487 4.23993413 -3.48571259 2.73998499 -2.54896845 1.65538423 -2.25043546 
4.42656865 14.98164762 -10.55379849 8.32820733 -6.96297699 5.60049591 -5.14690538 4.29475570 -3.53756728 2.78804825 -2.59267103 1.69438897 -2.28457451 
4.52742484 15.60999040 -11.43672330 9.39054849 -8.14132701 6.84244765 -6.40824168 5.53916935 -4.73587069 3.91776822 -3.63662521 2.64045763 -3.12474762 
4.42346188 14.94670419 -10.50579066 8.27167602 -6.90156786 5.53705730 -5.08371400 4.23356756 -3.47969631 2.73441364 -2.54390692 1.65087045 -2.24648780 
4.41999392 14.97813420 -10.54896626 8.32251126 -6.95678324 5.59409134 -5.14051987 4.28856711 -3.53170919 2.78261461 -2.58772703 1.68997361 -2.28070760 
4.62548238 15.05157446 -10.65021706 8.44213716 -7.08715093 5.72918439 -5.27548839 4.41963282 -3.65601146 2.89811867 -2.69300275 1.78414438 -2.36330761 
4.62830708 15.08150882 -10.69163377 8.49123612 -7.14083373 5.78498706 -5.33140772 4.47409257 -3.70780434 2.94637214 -2.73709276 1.82367613 -2.39805939 
4.52742484 15.60999040 -11.43672330 9.39054849 -8.14132701 6.84244765 -6.40824168 5.53916935 -4.73587069 3.91776822 -3.63662521 2.64045763 -3.12474762 
4.52742484 15.60999040 -11.43672330 9.39054849 -8.14132701 6.84244765 -6.40824168 5.53916935 -4.73587069 3.91776822 -3.63662521 2.64045763 -3.12474762 
4.52742484 15.60999040 -11.43672330 9.39054849 -8.14132701 6.84244765 -6.40824168 5.53916935 -4.73587069 3.91776822 -3.63662521 2.64045763 -3.12474762 
4.52742484 15.60999040 -11.43672330 9.39054849 -8.14132701 6.84244765 -6.40824168 5.53916935 -4.73587069 3.91776822 -3.63662521 2.64045763 -3.12474762 
4.63141723 15.05442295 -10.65415453 8.44680085 -7.09224566 5.73447597 -5.28078686 4.42478908 -3.66091166 2.90268086 -2.69716857 1.78787722 -2.36658717 
4.63423401 15.08421912 -10.69538789 8.49569132 -7.14570986 5.79006073 -5.33649682 4.47905334 -3.71252630 2.95077504 -2.74111891 1.82728870 -2.40123736 
4.53366509 15.60999040 -11.43672330 9.39054849 -8.14132701 6.84244765 -6.40824168 5.53916935 -4.73587069 3.91776822 -3.63662521 2.64045763 -3.12474762 
4.63733456 15.05725036 -10.65806362 8.45143177 -7.09730551 5.73973222 -5.28605082 4.42991256 -3.66578145 2.90721538 -2.70130971 1.79158842 -2.36984812 
4.64014347 15.08690923 -10.69911474 8.50011493 -7.15055225 5.79510011 -5.34155231 4.48398210 -3.71721846 2.95515075 -2.74512072 1.83087985 -2.40439687 
4.64323448 15.06005688 -10.66194457 8.45603022 -7.10233076 5.74495343 -5.29128054 4.43500353 -3.67062106 2.91172245 -2.70542633 1.79527811 -2.37309058 
4.64603556 15.08957935 -10.70281457 8.50450725 -7.15536120 5.80010549 -5.34657446 4.48887909 -3.72188104 2.95949947 -2.74909835 1.83444975 -2.40753803 
4.54608749 15.60999040 -11.43672330 9.39054849 -8.14132701 6.84244765 -6.40824168 5.53916935 -4.73587069 3.91776822 -3.63662521 2.64045763 -3.12474762 
4.54608749 15.60999040 -11.43672330 9.39054849 -8.14132701 6.84244765 -6.40824168 5.53916935 -4.73587069 3.91776822 -3.63662521 2.64045763 -3.12474762 
4.44308626 14.95758870 -10.52073216 8.28925630 -6.92065040 5.55675597 -5.10332195 4.25254091 -3.49762927 2.75102349 -2.55899952 1.66433202 -2.25826290 
4.43965382 14.98858977 -10.56334993 8.33947010 -6.97522789 5.61316787 -5.15954352 4.30700771 -3.54916826 2.79881158 -2.60246696 1.70313956 -2.29223990 
4.43656611 14.95398956 -10.51579027 8.28344024 -6.91433588 5.55023611 -5.09683073 4.24625847 -3.49169014 2.74552152 -2.55399925 1.65987137 -2.25436045 
4.43312191 14.98513271 -10.55859292 8.33386013 -6.96912506 5.60685462 -5.15324647 4.30090245 -3.54338687 2.79344716 -2.59758427 1.69877756 -2.28841856 
4.53366509 15.60999040 -11.43672330 9.39054849 -8.14132701 6.84244765 -6.40824168 5.53916935 -4.73587069 3.91776822 -3.63662521 2.64045763 -3.12474762 
4.43002469 14.95036149 -10.51080990 8.27758028 -6.90797517 5.54367003 -5.09029487 4.23993413 -3.48571259 2.73998499 -2.54896845 1.65538423 -2.25043546 
4.42656865 14.98164762 -10.55379849 8.32820733 -6.96297699 5.60049591 -5.14690538 4.29475570 -3.53756728 2.78804825 -2.59267103 1.69438897 -2.28457451 
4.52742484 15.60999040 -11.43672330 9.39054849 -8.14132701 6.84244765 -6.40824168 5.53916935 -4.73587069 3.91776822 -3.63662521 2.64045763 -3.12474762 
4.52742484 15.60999040 -11.43672330 9.39054849 -8.14132701 6.84244765 -6.40824168 5.53916935 -4.73587069 3.91776822 -3.63662521 2.64045763 -3.12474762 
4.52742484 15.60999040 -11.43672330 9.39054849 -8.14132701 6.84244765 -6.40824168 5.53916935 -4.73587069 3.91776822 -3.63662521 2.64045763 -3.12474762 
4.52742484 15.60999040 -11.43672330 9.39054849 -8.14132701 6.84244765 -6.40824168 5.53916935 -4.73587069 3.91776822 -3.63662521 2.64045763 -3.12474762 
4.63141723 15.05442295 -10.65415453 8.44680085 -7.09224566 5.73447597 -5.28078686 4.42478908 -3.66091166 2.90268086 -2.69716857 1.78787722 -2.36658717 
4.63423401 15.08421912 -10.69538789 8.49569132 -7.14570986 5.79006073 -5.33649682 4.47905334 -3.71252630 2.95077504 -2.74111891 1.82728870 -2.40123736 
4.53366509 15.60999040 -11.43672330 9.39054849 -8.14132701 6.84244765 -6.40824168 5.53916935 -4.73587069 3.91776822 -3.63662521 2.64045763 -3.12474762 
4.53366509 15.60999040 -11.43672330 9.39054849 -8.14132701 6.84244765 -6.40824168 5.53916935 -4.73587069 3.91776822 -3.63662521 2.64045763 -3.12474762 
4.53366509 15.60999040 -11.43672330 9.39054849 -8.14132701 6.84244765 -6.40824168 5.53916935 -4.73587069 3.91776822 -3.63662521 2.64045763 -3.12474762 
4.53366509 15.60999040 -11.43672330 9.39054849 -8.14132701 6.84244765 -6.40824168 5.53916935 -4.73587069 3.91776822 -3.63662521 2.64045763 -3.12474762 
4.53366509 15.60999040 -11.43672330 9.39054849 -8.14132701 6.84244765 -6.40824168 5.53916935 -4.73587069 3.91776822 -3.63662521 2.64045763 -3.12474762 
4.63733456 15.05725036 -10.65806362 8.45143177 -7.09730551 5.73973222 -5.28605082 4.42991256 -3.66578145 2.90721538 -2.70130971 1.79158842 -2.36984812 
4.64014347 15.08690923 -10.69911474 8.50011493 -7.15055225 5.79510011 -5.34155231 4.48398210 -3.71721846 2.95515075 -2.74512072 1.83087985 -2.40439687 
4.53988594 15.60999040 -11.43672330 9.39054849 -8.14132701 6.84244765 -6.40824168 5.53916935 -4.73587069 3.91776822 -3.63662521 2.64045763 -3.12474762 
4.64323448 15.06005688 -10.66194457 8.45603022 -7.10233076 5.74495343 -5.29128054 4.43500353 -3.67062106 2.91172245 -2.70542633 1.79527811 -2.37309058 
4.64603556 15.08957935 -10.70281457 8.50450725 -7.15536120 5.80010549 -5.34657446 4.48887909 -3.72188104 2.95949947 -2.74909835 1.83444975 -2.40753803 
4.54608749 15.60999040 -11.43672330 9.39054849 -8.14132701 6.84244765 -6.40824168 5.53916935 -4.73587069 3.91776822 -3.63662521 2.64045763 -3.12474762 
4.54608749 15.60999040 -11.43672330 9.39054849 -8.14132701 6.84244765 -6.40824168 5.53916935 -4.73587069 3.91776822 -3.63662521 2.64045763 -3.12474762 
4.44308626 14.95758870 -10.52073216 8.28925630 -6.92065040 5.55675597 -5.10332195 4.25254091 -3.49762927 2.75102349 -2.55899952 1.66433202 -2.25826290 
4.43965382 14.98858977 -10.56334993 8.33947010 -6.97522789 5.61316787 -5.15954352 4.30700771 -3.54916826 2.79881158 -2.60246696 1.70313956 -2.29223990 
4.53988594 15.60999040 -11.43672330 9.39054849 -8.14132701 6.84244765 -6.40824168 5.53916935 -4.73587069 3.91776822 -3.63662521 2.64045763 -3.12474762 
4.53988594 15.60999040 -11.43672330 9.39054849 -8.14132701 6.84244765 -6.40824168 5.53916935 -4.73587069 3.91776822 -3.63662521 2.64045763 -3.12474762 
4.43656611 14.95398956 -10.51579027 8.28344024 -6.91433588 5.55023611 -5.09683073 4.24625847 -3.49169014 2.74552152 -2.55399925 1.65987137 -2.25436045 
4.43312191 14.98513271 -10.55859292 8.33386013 -6.96912506 5.60685462 -5.15324647 4.30090245 -3.54338687 2.79344716 -2.59758427 1.69877756 -2.28841856 
4.53366509 15.60999040 -11.43672330 9.39054849 -8.14132701 6.84244765 -6.40824168 5.53916935 -4.73587069 3.91776822 -3.63662521 2.64045763 -3.12474762 
4.53366509 15.60999040 -11.43672330 9.39054849 -8.14132701 6.84244765 -6.40824168 5.53916935 -4.73587069 3.91776822 -3.63662521 2.64045763 -3.12474762 
4.53366509 15.60999040 -11.43672330 9.39054849 -8.14132701 6.84244765 -6.40824168 5.53916935 -4.73587069 3.91776822 -3.63662521 2.64045763 -3.12474762 
4.43002469 14.95036149 -10.51080990 8.27758028 -6.90797517 5.54367003 -5.09029487 4.23993413 -3.48571259 2.73998499 -2.54896845 1.65538423 -2.25043546 
4.42656865 14.98164762 -10.55379849 8.32820733 -6.96297699 5.60049591 -5.14690538 4.29475570 -3.53756728 2.78804825 -2.59267103 1.69438897 -2.28457451 
4.52742484 15.60999040 -11.43672330 9.39054849 -8.14132701 6.84244765 -6.40824168 5.53916935 -4.73587069 3.91776822 -3.63662521 2.64045763 -3.12474762 
4.52742484 15.60999040 -11.43672330 9.39054849 -8.14132701 6.84244765 -6.40824168 5.53916935 -4.73587069 3.91776822 -3.63662521 2.64045763 -3.12474762 
4.52742484 15.60999040 -11.43672330 9.39054849 -8.14132701 6.84244765 -6.40824168 5.53916935 -4.73587069 3.91776822 -3.63662521 2.64045763 -3.12474762 
4.52742484 15.60999040 -11.43672330 9.39054849 -8.14132701 6.84244765 -6.40824168 5.53916935 -4.73587069 3.91776822 -3.63662521 2.64045763 -3.12474762 
4.52742484 15.60999040 -11.43672330 9.39054849 -8.14132701 6.84244765 -6.40824168 5.53916935 -4.73587069 3.91776822 -3.63662521 2.64045763 -3.12474762 
4.52742484 15.60999040 -11.43672330 9.39054849 -8.14132701 6.84244765 -6.40824168 5.53916935 -4.73587069 3.91776822 -3.63662521 2.64045763 -3.12474762 
4.52742484 15.60999040 -11.43672330 9.39054849 -8.14132701 6.84244765 -6.40824168 5.53916935 -4.73587069 3.91776822 -3.63662521 2.64045763 -3.12474762 
4.52742484 15.60999040 -11.43672330 9.39054849 -8.14132701 6.84244765 -6.40824168 5.53916935 -4.73587069 3.91776822 -3.63662521 2.64045763 -3.12474762 
4.63141723 15.05442295 -10.65415453 8.44680085 -7.09224566 5.73447597 -5.28078686 4.42478908 -3.66091166 2.90268086 -2.69716857 1.78787722 -2.36658717 
4.63423401 15.08421912 -10.69538789 8.49569132 -7.14570986 5.79006073 -5.33649682 4.47905334 -3.71252630 2.95077504 -2.74111891 1.82728870 -2.40123736 
4.53366509 15.60999040 -11.43672330 9.39054849 -8.14132701 6.84244765 -6.40824168 5.53916935 -4.73587069 3.91776822 -3.63662521 2.64045763 -3.12474762 
4.53366509 15.60999040 -11.43672330 9.39054849 -8.14132701 6.84244765 -6.40824168 5.53916935 -4.73587069 3.91776822 -3.63662521 2.64045763 -3.12474762 
4.53366509 15.60999040 -11.43672330 9.39054849 -8.14132701 6.84244765 -6.40824168 5.53916935 -4.73587069 3.91776822 -3.63662521 2.64045763 -3.12474762 
4.53366509 15.60999040 -11.43672330 9.39054849 -8.14132701 6.84244765 -6.40824168 5.53916935 -4.73587069 3.91776822 -3.63662521 2.64045763 -3.12474762 
4.53366509 15.60999040 -11.43672330 9.39054849 -8.14132701 6.84244765 -6.40824168 5.53916935 -4.73587069 3.91776822 -3.63662521 2.64045763 -3.12474762 
4.53366509 15.60999040 -11.43672330 9.39054849 -8.14132701 6.84244765 -6.40824168 5.53916935 -4.73587069 3.91776822 -3.63662521 2.64045763 -3.12474762 
4.43002469 14.95036149 -10.51080990 8.27758028 -6.90797517 5.54367003 -5.09029487 4.23993413 -3.48571259 2.73998499 -2.54896845 1.65538423 -2.25043546 
4.42656865 14.98164762 -10.55379849 8.32820733 -6.96297699 5.60049591 -5.14690538 4.29475570 -3.53756728 2.78804825 -2.59267103 1.69438897 -2.28457451 
4.52742484 15.60999040 -11.43672330 9.39054849 -8.14132701 6.84244765 -6.40824168 5.53916935 -4.73587069 3.91776822 -3.63662521 2.64045763 -3.12474762 
4.52742484 15.60999040 -11.43672330 9.39054849 -8.14132701 6.84244765 -6.40824168 5.53916935 -4.73587069 3.91776822 -3.63662521 2.64045763 -3.12474762 
4.52742484 15.60999040 -11.43672330 9.39054849 -8.14132701 6.84244765 -6.40824168 5.53916935 -4.73587069 3.91776822 -3.63662521 2.64045763 -3.12474762 
4.52742484 15.60999040 -11.43672330 9.39054849 -8.14132701 6.84244765 -6.40824168 5.53916935 -4.73587069 3.91776822 -3.63662521 2.64045763 -3.12474762 
4.52742484 15.60999040 -11.43672330 9.39054849 -8.14132701 6.84244765 -6.40824168 5.53916935 -4.73587069 3.91776822 -3.63662521 2.64045763 -3.12474762 
4.52742484 15.60999040 -11.43672330 9.39054849 -8.14132701 6.84244765 -6.40824168 5.53916935 -4.73587069 3.91776822 -3.63662521 2.64045763 -3.12474762 
4.42346188 14.94670419 -10.50579066 8.27167602 -6.90156786 5.53705730 -5.08371400 4.23356756 -3.47969631 2.73441364 -2.54390692 1.65087045 -2.24648780 
4.41999392 14.97813420 -10.54896626 8.32251126 -6.95678324 5.59409134 -5.14051987 4.28856711 -3.53170919 2.78261461 -2.58772703 1.68997361 -2.28070760 
4.52116505 15.60999040 -11.43672330 9.39054849 -8.14132701 6.84244765 -6.40824168 5.53916935 -4.73587069 3.91776822 -3.63662521 2.64045763 -3.12474762 
4.41687752 14.94301734 -10.50073216 8.26572701 -6.89511351 5.53039753 -5.07708775 4.22715842 -3.47364102 2.72880723 -2.53881446 1.64632985 -2.24251732 
4.41339756 14.97459215 -10.54409584 8.31677152 -6.95054340 5.58764048 -5.13408955 4.28233634 -3.52581231 2.77714597 -2.58275204 1.68553130 -2.27681769 
4.41027149 14.93930062 -10.49563399 8.25973282 -6.88861169 5.52369028 -5.07041573 4.22070638 -3.46754643 2.72316551 -2.53369086 1.64176228 -2.23852390 
4.28990778 15.60915790 -11.43552913 9.38908354 -8.13967184 6.84067247 -6.40640861 5.53733212 -4.73407489 3.91605129 -3.63501758 2.63898267 -3.12342249 
4.40013940 14.96742093 -10.53423884 8.30515925 -6.93792368 5.57459827 -5.12109295 4.26974689 -3.51390096 2.76610270 -2.57270826 1.67656513 -2.26896831 
4.39699379 14.93177635 -10.48531705 8.24760715 -6.87546384 5.51013172 -5.05693286 4.20767221 -3.45523815 2.71177515 -2.52334941 1.63254550 -2.23046770 
4.27578181 15.60914606 -11.43551214 9.38906271 -8.13964831 6.84064723 -6.40638255 5.53730600 -4.73404936 3.91602688 -3.63499472 2.63896170 -3.12340365 
4.26868123 15.60914005 -11.43550352 9.38905213 -8.13963635 6.84063440 -6.40636930 5.53729272 -4.73403638 3.91601447 -3.63498311 2.63895104 -3.12339408 
4.14312495 14.73232020 -10.21379285 7.93066485 -6.53407550 5.16030665 -4.71118317 3.87539091 -3.14322802 2.42457140 -2.26390954 1.40241897 -2.03022740 
4.13104109 14.84654690 -10.36882981 8.11111802 -6.72790780 5.35839866 -4.90646052 4.06259143 -3.31858409 2.58561562 -2.40906815 1.53091098 -2.14181211 
4.24002412 15.60911533 -11.43546807 9.38900864 -8.13958722 6.84058171 -6.40631489 5.53723819 -4.73398308 3.91596351 -3.63493539 2.63890727 -3.12335475 
4.11266290 14.71050767 -10.18432822 7.89652649 -6.49756850 5.12315615 -4.67471144 3.84056682 -3.11073222 2.39483619 -2.23720000 1.37885313 -2.00982601 
4.10038258 14.82702229 -10.34224173 8.08007312 -6.69445899 5.32411440 -4.87256761 4.03001165 -3.28798573 2.55744488 -2.38361648 1.50833170 -2.12216254 
4.21095042 15.60908952 -11.43543105 9.38896323 -8.13953591 6.84052668 -6.40625808 5.53718125 -4.73392742 3.91591030 -3.63488556 2.63886155 -3.12331368 
3.96218386 12.93171081 -7.93222992 5.44158139 -4.02045120 2.73636601 -2.44994593 1.81814063 -1.30901304 0.81535881 -0.87380397 0.21910423 -1.03974055 
3.62216919 15.59544491 -11.41586794 9.36497475 -8.11244404 6.81148185 -6.37627755 5.50714350 -4.70457714 3.88785800 -3.60862701 2.61477702 -3.10168152 
3.27126935 11.36954460 -6.19522076 3.77096309 -2.52868336 1.45718607 -1.38473049 0.94948441 -0.61168385 0.25960872 -0.43441196 -0.12659823 -0.77134161 
2.25904091 8.00686840 -3.20134161 1.42462067 -0.79987321 0.20587801 -0.49197625 0.31678434 -0.16519668 -0.06465732 -0.19554700 -0.30889781 -0.63502397 
1.62570969 12.06229064 -6.93808315 4.46023458 -3.12241825 1.94890797 -1.78046186 1.26163257 -0.85432947 0.44755855 -0.57929312 -0.01491389 -0.85637918 
2.58551600 10.26223721 -5.09772305 2.82619810 -1.77175918 0.87071740 -0.94141732 0.61967230 -0.36889539 0.07941733 -0.30013976 -0.22808825 -0.69554669 
3.60204617 10.54763988 -5.37005903 3.05211363 -1.94624386 1.00138857 -1.03704986 0.68869194 -0.41827459 0.11531599 -0.32649320 -0.20826283 -0.71026725 
4.11472742 14.79528019 -10.29909349 8.02977842 -6.64035961 5.26875196 -4.81792122 3.97756029 -3.23879443 2.51221742 -2.34280678 1.47217134 -2.09073024 
3.87963933 11.07943643 -5.89701779 3.50535018 -2.30885568 1.28181785 -1.24855329 0.84564913 -0.53350738 0.20062241 -0.38991717 -0.16040489 -0.74595379 
3.05777010 -13.12932621 -7.21740968 -4.78009035 -3.35769344 -2.50080546 -1.84069498 -0.99825388 -0.95763121 -0.79590688 -0.62629375 -0.73259427 -0.81678503 
4.81055964 4.33343811 -1.07710977 0.28881295 -0.21431087 -0.12351579 -0.30064452 0.20121619 -0.09809026 -0.11712832 -0.15546749 -0.34882317 -0.60370872 
6.22479542 9.49935934 -4.40555180 2.27868915 -1.36781012 0.58020336 -0.73651965 0.47663544 -0.26962907 0.00852872 -0.24862726 -0.26702631 -0.66662289 
6.80319288 14.67537797 -10.13696958 7.84176103 -6.43911217 5.06377570 -4.61651667 3.78509376 -3.05905105 2.34761738 -2.19484712 1.34153601 -1.97756181 
6.84023880 15.10371380 -10.72241109 8.52778432 -7.18085963 5.82665887 -5.37322982 4.51488228 -3.74665062 2.98261147 -2.77024664 1.85343737 -2.42425130 
6.40711466 11.39173610 -6.21834418 3.79182908 -2.54617176 1.47130092 -1.39581211 0.95802157 -0.61817338 0.26454260 -0.43815630 -0.12374307 -0.77349321 
5.26742397 4.30572956 -1.06560635 0.28427123 -0.21258677 -0.12442331 -0.30012899 0.20089560 -0.09794218 -0.11730083 -0.15533835 -0.34900320 -0.60356862 
2.76572971 -11.56134908 -5.56378376 -3.26987486 -2.07804963 -1.46099816 -1.02135409 -0.36105508 -0.46696660 -0.42082774 -0.34306619 -0.52113991 -0.66223703 
3.60121090 6.53903478 -2.20966434 0.82756605 -0.46042304 0.00697998 -0.37381663 0.24493044 -0.12174215 -0.09620210 -0.17180536 -0.33022937 -0.61837992 
4.05674824 14.92306932 -10.47338509 8.23359086 -6.86027388 5.49447506 -5.04137108 4.19263527 -3.44104496 2.69864597 -2.51143403 1.62192995 -2.22119220 
3.54999547 10.39853582 -5.22687055 2.93261162 -1.85340747 0.93149932 -0.98565378 0.65143518 -0.39151205 0.09580825 -0.31214796 -0.21905476 -0.70225143 
2.46872587 9.39848900 -4.31792021 2.21219788 -1.32070840 0.54752320 -0.71421410 0.46151486 -0.25941606 0.00133016 -0.24342482 -0.27100207 -0.66365788 
1.24269307 9.63094824 -4.52123439 2.36745594 -1.43137861 0.62472527 -0.76716548 0.49756461 -0.28386201 0.01858861 -0.25590329 -0.26148679 -0.67074794 
0.43470656 15.45990219 -11.22246463 9.12889354 -7.84696971 6.52803273 -6.08483701 5.21623018 -4.42132344 3.61802856 -3.35684000 2.38451195 -2.89543293 
1.74318869 6.70041599 -2.30937392 0.88276479 -0.48932146 0.02302917 -0.38299520 0.25038800 -0.12491923 -0.09377004 -0.17368565 -0.32838907 -0.61983267 
2.29870355 15.60999040 -11.43672330 9.39054849 -8.14132701 6.84244765 -6.40824168 5.53916935 -4.73587069 3.91776822 -3.63662521 2.64045763 -3.12474762 
2.61194433 13.04385673 -8.06551219 5.57808593 -4.14989485 2.85374212 -2.55298749 1.90644778 -1.38327726 0.87700519 -0.92432923 0.26006128 -1.07244107 
2.85734416 15.60650564 -11.43172506 9.38441739 -8.13440035 6.83501926 -6.40057160 5.53148236 -4.72835752 3.91058542 -3.62990003 2.63428780 -3.11920481 
3.10885521 13.69993706 -8.86856368 6.42442970 -4.97534492 3.62277193 -3.24613491 2.51587560 -1.90860755 1.32319529 -1.29793249 0.56884558 -1.32359596 
3.31657441 15.60119899 -11.42411582 9.37508598 -8.12386077 6.82371894 -6.38890628 5.51979385 -4.71693567 3.89966793 -3.61967996 2.62491330 -3.11078437 
3.15067248 13.98097738 -9.22482608 6.81274072 -5.36664540 3.99887773 -3.59549589 2.83207943 -2.18885899 1.56746107 -1.50746132 0.74589878 -1.47067513 
2.94196208 15.60678809 -11.43213015 9.38491425 -8.13496162 6.83562113 -6.40119300 5.53210508 -4.72896611 3.91116721 -3.63044472 2.63478748 -3.11965368 
2.72853388 13.32815068 -8.40859026 5.93468790 -4.49297362 3.16917183 -2.83363601 2.15010324 -1.59075365 1.05121761 -1.06863803 0.37816135 -1.16759320 
2.44555848 15.60999040 -11.43672330 9.39054849 -8.14132701 6.84244765 -6.40824168 5.53916935 -4.73587069 3.91776822 -3.63662521 2.64045763 -3.12474762 
2.15590500 12.18697060 -7.07640868 4.59281428 -3.24026246 2.04940051 -1.86361309 1.32896209 -0.90797016 0.48998144 -0.61258032 0.01108994 -0.87642765 
1.73393340 15.59929817 -11.42139085 9.37174501 -8.12008801 6.81967466 -6.38473215 5.51561218 -4.71285009 3.89576338 -3.61602539 2.62156156 -3.10777414 
1.30388592 9.82592384 -4.69548306 2.50326441 -1.53011545 0.69479612 -0.81597592 0.53125335 -0.30699520 0.03501203 -0.26780170 -0.25246763 -0.67745287 
1.24542731 10.20683505 -5.04570335 2.78370619 -1.73943014 0.84683232 -0.92415559 0.60735713 -0.36017804 0.07312320 -0.29553930 -0.23155024 -0.69297785 
1.63024283 15.59813436 -11.41972260 9.36969982 -8.11777871 6.81719937 -6.38217759 5.51305319 -4.71035008 3.89337431 -3.61378941 2.61951100 -3.10593261 
1.60345792 15.59781374 -11.41926305 9.36913646 -8.11714262 6.81651759 -6.38147399 5.51234840 -4.70966157 3.89271636 -3.61317365 2.61894631 -3.10542550 
2.01856830 12.02412095 -6.89601879 4.42017700 -3.08703658 1.91891491 -1.75578577 1.24176032 -0.83857908 0.43515778 -0.56960092 -0.02246195 -0.85057673 
2.00974746 11.87035481 -6.72790410 4.26130002 -2.94774409 1.80165796 -1.65995707 1.16507532 -0.77816323 0.38783491 -0.53277861 -0.05103977 -0.82867892 
1.99689001 11.97685512 -6.84411372 4.37091582 -3.04366949 1.88226703 -1.72572448 1.21761999 -0.81949731 0.42016896 -0.55790953 -0.03155264 -0.84359873 
2.29870355 15.60999040 -11.43672330 9.39054849 -8.14132701 6.84244765 -6.40824168 5.53916935 -4.73587069 3.91776822 -3.63662521 2.64045763 -3.12474762 
