11.17053871 0.24831468 -0.10932149 -0.01439641 -0.12505343 -0.19082200 -0.26150323 0.17377892 -0.09212050 -0.13501624 -0.14693071 -0.36869274 -0.58936628 
4.45315626 15.60716375 -11.43266892 9.38557508 -8.13570815 6.83642168 -6.40201954 5.53293339 -4.72977564 3.91194110 -3.63116927 2.63545216 -3.12025079 
4.54843733 15.07364930 -10.68075125 8.47832573 -7.12670823 5.77029400 -5.31667452 4.45973510 -3.69414190 2.93363626 -2.72544962 1.81323152 -2.38887335 
4.63786277 15.60940250 -11.43587999 9.38951395 -8.14015813 6.84119401 -6.40694715 5.53787187 -4.73460246 3.91655569 -3.63548986 2.63941597 -3.12381177 
4.73052024 15.12656347 -10.75413074 8.56550679 -7.22222995 5.86978864 -5.41657151 4.55720697 -3.78700707 3.02030233 -2.80476554 1.88445533 -2.45157547 
4.81778886 15.60999040 -11.43672330 9.39054849 -8.14132701 6.84244765 -6.40824168 5.53916935 -4.73587069 3.91776822 -3.63662521 2.64045763 -3.12474762 
4.81778886 15.60999040 -11.43672330 9.39054849 -8.14132701 6.84244765 -6.40824168 5.53916935 -4.73587069 3.91776822 -3.63662521 2.64045763 -3.12474762 
4.81778886 15.60999040 -11.43672330 9.39054849 -8.14132701 6.84244765 -6.40824168 5.53916935 -4.73587069 3.91776822 -3.63662521 2.64045763 -3.12474762 
4.81778886 15.60999040 -11.43672330 9.39054849 -8.14132701 6.84244765 -6.40824168 5.53916935 -4.73587069 3.91776822 -3.63662521 2.64045763 -3.12474762 
4.90776502 15.17366359 -10.81967046 8.64362667 -7.30809173 5.95948940 -5.50689465 4.64558147 -3.87142803 3.09928554 -2.87722198 1.94966511 -2.50910506 
4.91023545 15.19756300 -10.85300666 8.68345284 -7.35196148 6.00541735 -5.55323516 4.69101058 -3.91490571 3.14003443 -2.91466601 1.98341717 -2.53892630 
4.82318697 15.60999040 -11.43672330 9.39054849 -8.14132701 6.84244765 -6.40824168 5.53916935 -4.73587069 3.91776822 -3.63662521 2.64045763 -3.12474762 
4.73346903 15.10144703 -10.71926708 8.52404837 -7.17676563 5.82239398 -5.36894708 4.51070294 -3.74266830 2.97889453 -2.76684455 1.85038205 -2.42156127 
4.73052024 15.12656347 -10.75413074 8.56550679 -7.22222995 5.86978864 -5.41657151 4.55720697 -3.78700707 3.02030233 -2.80476554 1.88445533 -2.45157547 
4.72782916 15.09894292 -10.71579445 8.51992257 -7.17224509 5.81768540 -5.36421945 4.50609008 -3.73827345 2.97479305 -2.76309091 1.84701138 -2.41859389 
4.62599920 15.60939549 -11.43586992 9.38950161 -8.14014418 6.84117905 -6.40693171 5.53785639 -4.73458733 3.91654122 -3.63547631 2.63940354 -3.12380061 
4.71920716 15.12175000 -10.74744463 8.55755070 -7.21349956 5.86068205 -5.40741542 4.54826126 -3.77847330 3.01232862 -2.79745975 1.87788785 -2.44578787 
4.71650159 15.09388055 -10.70877591 8.51158596 -7.16311304 5.80817567 -5.35467333 4.49677764 -3.72940291 2.96651623 -2.75551742 1.84021172 -2.41260876 
4.71352658 15.11931705 -10.74406599 8.55353126 -7.20908995 5.85608342 -5.40279276 4.54374572 -3.77416651 3.00830522 -2.79377400 1.87457512 -2.44286897 
4.80150654 15.60999040 -11.43672330 9.39054849 -8.14132701 6.84244765 -6.40824168 5.53916935 -4.73587069 3.91776822 -3.63662521 2.64045763 -3.12474762 
4.71081371 15.09132195 -10.70522956 8.50737465 -7.15850102 5.80337400 -5.34985434 4.49207762 -3.72492683 2.96234054 -2.75169726 1.83678248 -2.40959080 
4.70782986 15.11686641 -10.74066335 8.54948390 -7.20465038 5.85145422 -5.39814002 4.53920142 -3.76983287 3.00425721 -2.79006615 1.87124289 -2.43993319 
4.79604951 15.60999040 -11.43672330 9.39054849 -8.14132701 6.84244765 -6.40824168 5.53916935 -4.73587069 3.91776822 -3.63662521 2.64045763 -3.12474762 
4.79604951 15.60999040 -11.43672330 9.39054849 -8.14132701 6.84244765 -6.40824168 5.53916935 -4.73587069 3.91776822 -3.63662521 2.64045763 -3.12474762 
4.70510965 15.08874485 -10.70165818 8.50313434 -7.15385798 5.79854078 -5.34500442 4.48734810 -3.72042327 2.95813976 -2.74785461 1.83333346 -2.40655576 
4.70211690 15.11439789 -10.73723647 8.54540837 -7.20018060 5.84679421 -5.39345698 4.53462814 -3.76547215 3.00018443 -2.78633603 1.86789101 -2.43698042 
4.69938931 15.08614907 -10.69806155 8.49886476 -7.14918365 5.79367575 -5.34012331 4.48258885 -3.71589203 2.95391371 -2.74398934 1.82986452 -2.40350354 
4.59602867 15.60937739 -11.43584397 9.38946976 -8.14010821 6.84114047 -6.40689186 5.53781646 -4.73454830 3.91650390 -3.63544137 2.63937148 -3.12377181 
4.69064190 15.10940658 -10.73030911 8.53717177 -7.19114934 5.83738068 -5.38399897 4.52539372 -3.75666868 2.99196378 -2.77880838 1.86112781 -2.43102344 
4.68789942 15.08090074 -10.69079160 8.49023678 -7.13974008 5.78384923 -5.33026654 4.47298027 -3.70674568 2.94538509 -2.73619025 1.82286639 -2.39734711 
4.58391357 15.60936992 -11.43583325 9.38945662 -8.14009335 6.84112454 -6.40687541 5.53779998 -4.73453219 3.91648850 -3.63542695 2.63935825 -3.12375992 
4.57782839 15.60936613 -11.43582782 9.38944995 -8.14008583 6.84111646 -6.40686708 5.53779162 -4.73452402 3.91648069 -3.63541964 2.63935154 -3.12375389 
4.67330527 15.10178127 -10.71973065 8.52459918 -7.17736919 5.82302270 -5.36957839 4.51131898 -3.74325527 2.97944236 -2.76734595 1.85083232 -2.42195769 
4.67054015 15.07288364 -10.67969140 8.47706875 -7.12533331 5.76886422 -5.31524119 4.45833866 -3.69281337 2.93239809 -2.72431792 1.81221652 -2.38798082 
4.66749291 15.09920190 -10.71615357 8.52034921 -7.17271252 5.81817224 -5.36470823 4.50656696 -3.73872776 2.97521701 -2.76347890 1.84735976 -2.41890058 
4.66472016 15.07017197 -10.67593830 8.47261804 -7.12046557 5.76380273 -5.31016766 4.45339618 -3.68811167 2.92801660 -2.72031353 1.80862531 -2.38482317 
4.66166365 15.09660343 -10.71255064 8.51606924 -7.16802374 5.81328910 -5.35980598 4.50178432 -3.73417171 2.97096559 -2.75958847 1.84386661 -2.41582567 
4.75184882 15.60999040 -11.43672330 9.39054849 -8.14132701 6.84244765 -6.40824168 5.53916935 -4.73587069 3.91776822 -3.63662521 2.64045763 -3.12474762 
4.75184882 15.60999040 -11.43672330 9.39054849 -8.14132701 6.84244765 -6.40824168 5.53916935 -4.73587069 3.91776822 -3.63662521 2.64045763 -3.12474762 
4.75184882 15.60999040 -11.43672330 9.39054849 -8.14132701 6.84244765 -6.40824168 5.53916935 -4.73587069 3.91776822 -3.63662521 2.64045763 -3.12474762 
4.65888323 15.06744034 -10.67215826 8.46813620 -7.11556460 5.75870754 -5.30506115 4.44842233 -3.68338083 2.92360855 -2.71628538 1.80501326 -2.38164756 
4.65581738 15.09398567 -10.70892162 8.51175900 -7.16330257 5.80837300 -5.35487139 4.49697082 -3.72958690 2.96668788 -2.75567447 1.84035271 -2.41273285 
4.74625441 15.60999040 -11.43672330 9.39054849 -8.14132701 6.84244765 -6.40824168 5.53916935 -4.73587069 3.91776822 -3.63662521 2.64045763 -3.12474762 
4.74625441 15.60999040 -11.43672330 9.39054849 -8.14132701 6.84244765 -6.40824168 5.53916935 -4.73587069 3.91776822 -3.63662521 2.64045763 -3.12474762 
4.65302925 15.06468854 -10.66835104 8.46362293 -7.11063013 5.75357836 -5.29992139 4.44341687 -3.67862061 2.91917375 -2.71223333 1.80138021 -2.37845387 
4.64995402 15.09134843 -10.70526624 8.50741821 -7.15854872 5.80342366 -5.34990418 4.49212622 -3.72497311 2.96238371 -2.75173676 1.83681793 -2.40962200 
4.64715813 15.06191638 -10.66451638 8.45907796 -7.10566186 5.74841491 -5.29474813 4.43837956 -3.67383081 2.91471201 -2.70815720 1.79772604 -2.37524199 
4.54092327 15.60934267 -11.43579416 9.38940867 -8.14003918 6.84106643 -6.40681541 5.53773984 -4.73447341 3.91643230 -3.63537433 2.63930997 -3.12371655 
4.53470567 15.60933863 -11.43578837 9.38940156 -8.14003115 6.84105782 -6.40680652 5.53773093 -4.73446470 3.91642397 -3.63536653 2.63930282 -3.12371012 
4.52846867 15.60933455 -11.43578252 9.38939438 -8.14002304 6.84104913 -6.40679755 5.53772193 -4.73445590 3.91641556 -3.63535866 2.63929560 -3.12370363 
4.52221216 15.60933044 -11.43577662 9.38938714 -8.14001486 6.84104035 -6.40678848 5.53771285 -4.73444703 3.91640708 -3.63535071 2.63928831 -3.12369708 
4.51593602 15.60932628 -11.43577066 9.38937983 -8.14000660 6.84103149 -6.40677934 5.53770368 -4.73443807 3.91639851 -3.63534269 2.63928095 -3.12369047 
4.50964013 15.60932209 -11.43576464 9.38937245 -8.13999826 6.84102255 -6.40677011 5.53769443 -4.73442902 3.91638986 -3.63533459 2.63927352 -3.12368379 
4.50332435 15.60931786 -11.43575857 9.38936501 -8.13998985 6.84101353 -6.40676078 5.53768509 -4.73441989 3.91638113 -3.63532642 2.63926602 -3.12367706 
4.49698856 15.60931358 -11.43575244 9.38935749 -8.13998135 6.84100441 -6.40675138 5.53767566 -4.73441067 3.91637232 -3.63531817 2.63925845 -3.12367025 
4.49063264 15.60930927 -11.43574625 9.38934989 -8.13997277 6.84099521 -6.40674188 5.53766614 -4.73440137 3.91636342 -3.63530984 2.63925080 -3.12366339 
4.48425646 15.60930491 -11.43574000 9.38934223 -8.13996411 6.84098593 -6.40673229 5.53765652 -4.73439197 3.91635444 -3.63530143 2.63924309 -3.12365645 
4.47785988 15.60930052 -11.43573369 9.38933449 -8.13995537 6.84097655 -6.40672260 5.53764682 -4.73438249 3.91634537 -3.63529293 2.63923530 -3.12364946 
4.36473292 14.87800156 -10.41174008 8.16130638 -6.78207150 5.41400292 -4.96151402 4.11558987 -3.36842971 2.63156811 -2.45063807 1.56783370 -2.17398077 
4.35398301 14.97642957 -10.54662220 8.31974864 -6.95377974 5.59098609 -5.13742434 4.28556749 -3.52887017 2.77998164 -2.58533162 1.68783459 -2.27883450 
4.45206700 15.60928249 -11.43570784 9.38930278 -8.13991954 6.84093812 -6.40668292 5.53760705 -4.73434361 3.91630821 -3.63525814 2.63920337 -3.12362077 
4.33747596 14.86127236 -10.38890650 8.13458686 -6.75322190 5.38437256 -4.93216427 4.08732375 -3.34183431 2.60704048 -2.42844159 1.54811184 -2.15679261 
4.32657063 14.96156257 -10.52619002 8.29568122 -6.92762763 5.56396176 -5.11049771 4.25948736 -3.50419748 2.75710942 -2.56453154 1.66926789 -2.26258181 
4.31678753 14.84835832 -10.37129840 8.11400245 -6.73101773 5.36158837 -4.90961583 4.06562636 -3.32143613 2.58824286 -2.41144306 1.53301892 -2.14364742 
4.18269617 15.60628692 -11.43141139 9.38403267 -8.13396575 6.83455323 -6.40009045 5.53100020 -4.72788630 3.91013496 -3.62947830 2.63390092 -3.11885727 
4.16778948 15.60623137 -11.43133172 9.38393496 -8.13385537 6.83443487 -6.39996825 5.53087773 -4.72776661 3.91002055 -3.62937118 2.63380266 -3.11876900 
4.15277084 15.60617455 -11.43125024 9.38383503 -8.13374249 6.83431382 -6.39984328 5.53075250 -4.72764422 3.90990355 -3.62926165 2.63370218 -3.11867874 
4.13763858 15.60611644 -11.43116691 9.38373281 -8.13362703 6.83419001 -6.39971545 5.53062440 -4.72751904 3.90978388 -3.62914961 2.63359940 -3.11858642 
4.12239095 15.60605700 -11.43108165 9.38362825 -8.13350891 6.83406335 -6.39958469 5.53049337 -4.72739098 3.90966146 -3.62903500 2.63349427 -3.11849197 
4.10702619 15.60599617 -11.43099442 9.38352126 -8.13338806 6.83393376 -6.39945090 5.53035929 -4.72725995 3.90953621 -3.62891774 2.63338670 -3.11839534 
4.09154247 15.60593392 -11.43090515 9.38341178 -8.13326438 6.83380114 -6.39931398 5.53022209 -4.72712586 3.90940803 -3.62879774 2.63327662 -3.11829646 
4.07593795 15.60587021 -11.43081378 9.38329972 -8.13313779 6.83366540 -6.39917384 5.53008166 -4.72698862 3.90927684 -3.62867492 2.63316395 -3.11819525 
4.06021072 15.60580499 -11.43072025 9.38318500 -8.13300820 6.83352644 -6.39903038 5.52993790 -4.72684813 3.90914254 -3.62854919 2.63304861 -3.11809164 
4.04435884 15.60573820 -11.43062447 9.38306753 -8.13287552 6.83338416 -6.39888349 5.52979070 -4.72670428 3.90900502 -3.62842045 2.63293052 -3.11798556 
4.02838031 15.60566981 -11.43052639 9.38294723 -8.13273963 6.83323845 -6.39873306 5.52963996 -4.72655696 3.90886420 -3.62828861 2.63280958 -3.11787692 
3.87857901 14.47801274 -9.87307735 7.53898895 -6.11838988 4.74035674 -4.30178814 3.48712296 -2.78326035 2.09719647 -1.97154852 1.14587233 -1.80928139 
3.69928314 15.59651981 -11.41740847 9.36686305 -8.11457585 6.81376656 -6.37863509 5.50950480 -4.70688371 3.89006196 -3.61068950 2.61666829 -3.10337982 
3.67071268 15.59613112 -11.41685138 9.36618019 -8.11380491 6.81294031 -6.37778249 5.50865082 -4.70604951 3.88926486 -3.60994356 2.61598426 -3.10276558 
3.64172819 15.59572537 -11.41626988 9.36546742 -8.11300022 6.81207791 -6.37689260 5.50775952 -4.70517887 3.88843295 -3.60916505 2.61527038 -3.10212454 
3.61231749 15.59530158 -11.41566252 9.36472297 -8.11215979 6.81117723 -6.37596324 5.50682869 -4.70426963 3.88756418 -3.60835206 2.61452490 -3.10145513 
3.58246785 15.59485864 -11.41502775 9.36394495 -8.11128148 6.81023597 -6.37499202 5.50585596 -4.70331949 3.88665635 -3.60750253 2.61374593 -3.10075566 
3.55216598 15.59439540 -11.41436389 9.36313130 -8.11036297 6.80925166 -6.37397640 5.50483879 -4.70232596 3.88570708 -3.60661424 2.61293142 -3.10002430 
3.35169700 13.86635139 -9.07862661 6.65244970 -5.20419580 3.84188155 -3.44889243 2.69871361 -2.07007902 1.46345935 -1.41786612 0.66988893 -1.40729363 
3.30835015 14.29359390 -9.62983091 7.26353323 -5.83029155 4.45336696 -4.02580061 3.22880800 -2.54679813 1.88471969 -1.78395616 0.98302449 -1.67046923 
3.44771001 15.59268769 -11.41191680 9.36013223 -8.10697762 6.80562399 -6.37023357 5.50109044 -4.69866489 3.88220927 -3.60334129 2.60993047 -3.09732978 
3.41527900 15.59212056 -11.41110420 9.35913640 -8.10585359 6.80441959 -6.36899100 5.49984611 -4.69744960 3.88104823 -3.60225494 2.60893445 -3.09643550 
3.38231346 15.59152515 -11.41025109 9.35809097 -8.10467363 6.80315528 -6.36768667 5.49853996 -4.69617398 3.87982959 -3.60111472 2.60788906 -3.09549692 
3.34879548 15.59089954 -11.40935475 9.35699260 -8.10343395 6.80182704 -6.36631643 5.49716786 -4.69483397 3.87854947 -3.59991701 2.60679098 -3.09451105 
3.31470622 15.59024165 -11.40841221 9.35583766 -8.10213047 6.80043049 -6.36487577 5.49572528 -4.69342519 3.87720369 -3.59865789 2.60563664 -3.09347470 
3.28002587 15.58954924 -11.40742024 9.35462221 -8.10075875 6.79896088 -6.36335979 5.49420735 -4.69194286 3.87578768 -3.59733312 2.60442214 -3.09238436 
3.24473359 15.58881985 -11.40637534 9.35334196 -8.09931396 6.79741305 -6.36176318 5.49260872 -4.69038179 3.87429651 -3.59593806 2.60314323 -3.09123623 
3.20880738 15.58805080 -11.40527369 9.35199223 -8.09779083 6.79578135 -6.36008013 5.49092362 -4.68873632 3.87272478 -3.59446768 2.60179532 -3.09002618 
2.97111055 13.34234256 -8.42591265 5.95289122 -4.51067408 3.18561189 -2.84840742 2.16304917 -1.60187734 1.06063598 -1.07650016 0.38464052 -1.17284805 
2.91768849 13.85892637 -9.06919887 6.64215802 -5.19380961 3.83188487 -3.43959440 2.69028756 -2.06260224 1.45693559 -1.41226453 0.66515127 -1.40335470 
2.87430859 13.19125479 -8.24245524 5.76106828 -4.32505918 3.01401687 -2.69492347 2.02911692 -1.48727606 0.96397707 -0.99610113 0.31859833 -1.11945038 
2.81794116 13.73149015 -8.90819389 6.46723997 -5.01810835 3.66352901 -3.28368359 2.54959025 -1.93825910 1.34885227 -1.31979013 0.58719776 -1.33874807 
2.99205479 15.58278611 -11.39773353 9.34275582 -8.08736961 6.78461917 -6.34856846 5.47939961 -4.67748499 3.86197907 -3.58441615 2.59258207 -3.08175620 
2.72751046 12.94733618 -7.95073075 5.46046102 -4.03829097 2.75248800 -2.46405272 1.83019206 -1.31911733 0.82372306 -0.88064178 0.22463456 -1.04414649 
2.66633762 13.52394624 -8.64922536 6.18924936 -4.74212038 3.40202978 -3.04413464 2.33567722 -1.75111346 1.18771223 -1.18314306 0.47295144 -1.24480401 
2.85264079 15.57875630 -11.39196370 9.33568997 -8.07939953 6.77608458 -6.33976879 5.47059255 -4.66888821 3.85377030 -3.57673919 2.58554663 -3.07544215 
2.56932865 12.66361850 -7.61829824 5.12461518 -3.72402990 2.47111088 -2.22003714 1.62350826 -1.14723757 0.68249267 -0.76596304 0.13243114 -0.97109947 
2.17468798 15.50318322 -11.28403669 9.20383991 -7.93101897 6.61754163 -6.17664250 5.30765364 -4.51013995 3.70245657 -3.43546506 2.45628129 -2.95960271 
1.75989275 10.67875954 -5.49762507 3.15990747 -2.03099984 1.06589532 -1.08497250 0.72375742 -0.44368175 0.13394554 -0.34024786 -0.19790865 -0.71796670 
1.07296196 15.15772657 -10.79747064 8.61713900 -7.27895082 5.92901737 -5.47618386 4.61550754 -3.84267601 3.07236469 -2.85250765 1.92740724 -2.48945581 
0.88917331 15.07883905 -10.68793647 8.48684911 -7.13603303 5.77999270 -5.32639896 4.46921084 -3.70315829 2.94204060 -2.73313238 1.82012301 -2.39493407 
0.68681870 14.97821258 -10.54907406 8.32263832 -6.95692138 5.59423416 -5.14066225 4.28870509 -3.53183979 2.78273573 -2.58783723 1.69007202 -2.28079378 
0.46173480 14.84729184 -10.36984496 8.11230414 -6.72918660 5.35971022 -4.90775790 4.06383927 -3.31975670 2.58669578 -2.41004454 1.53177759 -2.14256662 
0.20818552 14.67288518 -10.13361348 7.83788498 -6.43498000 5.05958317 -4.61241258 3.78118595 -3.05541423 2.34429794 -2.19187261 1.33891754 -1.97529986 
0.83578550 9.55713774 -4.45615578 2.31738097 -1.39542282 0.59948457 -0.74975554 0.48565307 -0.27574805 0.01284957 -0.25175147 -0.26464503 -0.66839692 
1.20265788 15.34140523 -11.05478309 8.92581188 -7.62031374 6.28775365 -5.83946744 4.97289920 -4.18586827 3.39504415 -3.14991442 2.19625484 -2.72763641 
1.62003407 11.56056803 -6.39572338 3.95316679 -2.68244449 1.58208279 -1.48338638 1.02592653 -0.67010665 0.30422243 -0.46839147 -0.10062752 -0.79095626 
1.91137234 15.53112518 -11.32387952 9.25244345 -7.98564002 6.67582646 -6.23653650 5.36740666 -4.56828934 3.75782270 -3.48710488 2.50348624 -3.00186654 
1.84079877 15.52550756 -11.31586346 9.24265813 -7.97463601 6.66407707 -6.22445557 5.35534737 -4.55654739 3.74663711 -3.47666714 2.49394064 -2.99331651 
2.16771005 12.58708820 -7.52989270 5.03652044 -3.64269768 2.39921708 -2.15845820 1.57196990 -1.10486558 0.64803563 -0.73824723 0.11032956 -0.95372572 
2.41592093 15.58844046 -11.40583186 9.35267609 -8.09856254 6.79660806 -6.36093284 5.49177736 -4.68956998 3.87352107 -3.59521262 2.60247821 -3.09063922 
2.37966914 15.58765051 -11.40470029 9.35128974 -8.09699811 6.79493216 -6.35920424 5.49004668 -4.68788003 3.87190688 -3.59370254 2.60109393 -3.08939654 
2.34274816 15.58681642 -11.40350556 9.34982608 -8.09534653 6.79316297 -6.35737948 5.48821980 -4.68609623 3.87020310 -3.59210871 2.59963291 -3.08808502 
2.30513282 15.58593485 -11.40224289 9.34827926 -8.09360120 6.79129345 -6.35545133 5.48628949 -4.68421151 3.86840300 -3.59042483 2.59808941 -3.08669949 
2.26679651 15.58500215 -11.40090705 9.34664291 -8.09175493 6.78931590 -6.35341186 5.48424784 -4.68221816 3.86649922 -3.58864403 2.59645712 -3.08523432 
2.22771105 15.58401428 -11.39949230 9.34490997 -8.08979981 6.78722187 -6.35125237 5.48208613 -4.68010769 3.86448368 -3.58675877 2.59472915 -3.08368331 
2.18784658 15.58296682 -11.39799230 9.34307275 -8.08772714 6.78500207 -6.34896330 5.47979482 -4.67787081 3.86234750 -3.58476075 2.59289789 -3.08203966 
1.81828355 11.12944956 -5.94788501 3.55019847 -2.34560501 1.31086458 -1.27091135 0.86255677 -0.54613866 0.21009519 -0.39702845 -0.15501641 -0.74998968 
1.74542566 11.69774611 -6.54174507 4.08766219 -2.79744315 1.67664213 -1.55895155 1.08512275 -0.71581712 0.33942507 -0.49539128 -0.07989361 -0.80668608 
1.69653735 10.80720606 -5.62408760 3.26799205 -2.11692913 1.13195677 -1.13451406 0.76032416 -0.47039090 0.15364178 -0.35484889 -0.18690515 -0.72616070 
1.05996871 15.43089661 -11.18129849 9.07889748 -7.79102105 6.46857088 -6.02396812 5.15572722 -4.36264972 3.56234703 -3.30506727 2.33732346 -2.85330008 
1.53819266 11.19366884 -6.01353159 3.60835810 -2.39348678 1.34887531 -1.30028963 0.88485883 -0.56285986 0.22267014 -0.40648907 -0.14783937 -0.75537136 
1.48591219 10.20741991 -5.04625107 2.78415247 -1.73976886 0.84708203 -0.92433570 0.60748539 -0.36026868 0.07318858 -0.29558705 -0.23151430 -0.69300452 
1.39742926 10.82363461 -5.64036935 3.28199551 -2.12813031 1.14061617 -1.14104192 0.76516568 -0.47394308 0.15626975 -0.35680158 -0.18543241 -0.72725843 
1.73825849 15.56782916 -11.37632589 9.31654830 -8.05781757 6.75298346 -6.31595948 5.44677211 -4.64564475 3.83158334 -3.55599611 2.56654255 -3.05839140 
1.68720021 15.56565114 -11.37321024 9.31273607 -8.05352096 6.74838607 -6.31122277 5.44203475 -4.64102358 3.82717351 -3.55187439 2.56276735 -3.05500507 
1.63480446 15.56330073 -11.36984849 9.30862326 -8.04888620 6.74342748 -6.30611453 5.43692636 -4.63604102 3.82241930 -3.54743122 2.55869810 -3.05135527 
2.02025394 12.16199305 -7.04858411 4.56604069 -3.21637358 2.02895572 -1.84663799 1.31517181 -0.89694944 0.48124191 -0.60570662 0.00571012 -0.87227256 
1.99372314 11.69904169 -6.54313230 4.08894714 -2.79854787 1.67755515 -1.55968473 1.08569975 -0.71626460 0.33977092 -0.49565734 -0.07968886 -0.80684172 
1.95451200 12.02146511 -6.89309688 4.41739901 -3.08458674 1.91684128 -1.75408218 1.24039025 -0.83749458 0.43430487 -0.56893495 -0.02298020 -0.85017862 
2.24401773 15.60356159 -11.42750325 9.37923971 -8.12855190 6.82874827 -6.39409765 5.52499517 -4.72201797 3.90452549 -3.62422694 2.62908384 -3.11453026 
2.54797395 13.03873956 -8.05940533 5.57180644 -4.14391697 2.84830140 -2.54819409 1.90232563 -1.37979918 0.87410933 -0.92194919 0.25812719 -1.07089325 
2.54079667 12.92249273 -7.92132602 5.43046461 -4.00995626 2.72688985 -2.44166123 1.81106873 -1.30308833 0.81045784 -0.86980000 0.21586774 -1.03716349 
2.53124597 13.01055137 -8.02580871 5.53730290 -4.11111047 2.81847735 -2.52194776 1.87977906 -1.36079506 0.85830141 -0.90896837 0.24758684 -1.06246423 
2.77148110 15.60999040 -11.43672330 9.39054849 -8.14132701 6.84244765 -6.40824168 5.53916935 -4.73587069 3.91776822 -3.63662521 2.64045763 -3.12474762 
2.52401959 12.89323743 -7.88677223 5.39528706 -3.97679323 2.69698631 -2.41555143 1.78880901 -1.28446186 0.79506669 -0.85723842 0.20572291 -1.02909242 
2.51437963 12.98188808 -7.99172094 5.50236920 -4.07796374 2.78840358 -2.49553227 1.85712900 -1.34173742 0.84247461 -0.89599141 0.23706359 -1.05405950 
2.50710352 12.86349080 -7.85171888 5.35968002 -3.94329795 2.66684549 -2.38928693 1.76646037 -1.26579534 0.77966829 -0.84469022 0.19560260 -1.02105119 
2.16414222 15.60302820 -11.42673845 9.37830184 -8.12749264 6.82761259 -6.39292532 5.52382054 -4.72087017 3.90342841 -3.62319996 2.62814185 -3.11368416 
2.14366476 15.60288449 -11.42653239 9.37804916 -8.12720725 6.82730662 -6.39260949 5.52350409 -4.72056096 3.90313286 -3.62292330 2.62788809 -3.11345623 
2.12297547 15.60273628 -11.42631989 9.37778858 -8.12691296 6.82699110 -6.39228380 5.52317777 -4.72024209 3.90282809 -3.62263801 2.62762641 -3.11322119 
2.10206993 15.60258339 -11.42610068 9.37751978 -8.12660937 6.82666562 -6.39194783 5.52284115 -4.71991318 3.90251371 -3.62234373 2.62735649 -3.11297875 
2.08094356 15.60242563 -11.42587448 9.37724240 -8.12629610 6.82632977 -6.39160115 5.52249381 -4.71957378 3.90218932 -3.62204008 2.62707798 -3.11272860 
2.41014531 12.79927529 -7.77632486 5.28336579 -3.87175724 2.60268088 -2.33355176 1.71917971 -1.22641984 0.74727287 -0.81835521 0.17440831 -1.00424505 
2.92535985 13.52872616 -8.65514449 6.19555674 -4.74833746 3.40787988 -3.04945777 2.34039981 -1.75521921 1.19122670 -1.18610689 0.47541679 -1.24682137 
3.13905584 15.60736046 -11.43295104 9.38592113 -8.13609908 6.83684091 -6.40245238 5.53336717 -4.73019959 3.91234639 -3.63154872 2.63580026 -3.12056350 
3.15152977 15.60739304 -11.43299776 9.38597843 -8.13616382 6.83691033 -6.40252406 5.53343900 -4.73026980 3.91241351 -3.63161156 2.63585791 -3.12061529 
3.16392639 15.60742501 -11.43304362 9.38603468 -8.13622736 6.83697847 -6.40259442 5.53350951 -4.73033871 3.91247939 -3.63167324 2.63591450 -3.12066612 
3.17624664 15.60745640 -11.43308864 9.38608990 -8.13628974 6.83704537 -6.40266349 5.53357873 -4.73040636 3.91254406 -3.63173379 2.63597005 -3.12071603 
2.98590971 13.69606282 -8.86370410 6.41918684 -4.97011430 3.61779265 -3.24155290 2.51176606 -1.90499716 1.32007444 -1.29527631 0.56661735 -1.32175782 
2.74117749 15.60999040 -11.43672330 9.39054849 -8.14132701 6.84244765 -6.40824168 5.53916935 -4.73587069 3.91776822 -3.63662521 2.64045763 -3.12474762 
2.49004619 12.83324121 -7.81615628 5.32363727 -3.90946752 2.63646704 -2.36286911 1.74402519 -1.24709157 0.76426542 -0.83215792 0.18550896 -1.01304158 
2.14366476 15.60288449 -11.42653239 9.37804916 -8.12720725 6.82730662 -6.39260949 5.52350409 -4.72056096 3.90313286 -3.62292330 2.62788809 -3.11345623 
2.12297547 15.60273628 -11.42631989 9.37778858 -8.12691296 6.82699110 -6.39228380 5.52317777 -4.72024209 3.90282809 -3.62263801 2.62762641 -3.11322119 
2.10206993 15.60258339 -11.42610068 9.37751978 -8.12660937 6.82666562 -6.39194783 5.52284115 -4.71991318 3.90251371 -3.62234373 2.62735649 -3.11297875 
2.08094356 15.60242563 -11.42587448 9.37724240 -8.12629610 6.82632977 -6.39160115 5.52249381 -4.71957378 3.90218932 -3.62204008 2.62707798 -3.11272860 
2.41014531 12.79927529 -7.77632486 5.28336579 -3.87175724 2.60268088 -2.33355176 1.71917971 -1.22641984 0.74727287 -0.81835521 0.17440831 -1.00424505 
2.92535985 13.52872616 -8.65514449 6.19555674 -4.74833746 3.40787988 -3.04945777 2.34039981 -1.75521921 1.19122670 -1.18610689 0.47541679 -1.24682137 
2.93147252 13.62242870 -8.77160886 6.32010405 -4.87153047 3.52418989 -3.15563527 2.43489536 -1.83762160 1.26196213 -1.24591835 0.52529044 -1.28772776 
2.67915702 15.60999040 -11.43672330 9.39054849 -8.14132701 6.84244765 -6.40824168 5.53916935 -4.73587069 3.91776822 -3.63662521 2.64045763 -3.12474762 
2.67915702 15.60999040 -11.43672330 9.39054849 -8.14132701 6.84244765 -6.40824168 5.53916935 -4.73587069 3.91776822 -3.63662521 2.64045763 -3.12474762 
2.42035691 12.70696751 -7.66861192 5.17498176 -3.77073803 2.51257404 -2.25569688 1.65347095 -1.17196365 0.70266789 -0.78224077 0.14544573 -0.98135551 
2.41014531 12.79927529 -7.77632486 5.28336579 -3.87175724 2.60268088 -2.33355176 1.71917971 -1.22641984 0.74727287 -0.81835521 0.17440831 -1.00424505 
2.40255726 12.67401535 -7.63034979 5.13666425 -3.73519006 2.48100627 -2.22853792 1.63064321 -1.15311944 0.68728749 -0.76982831 0.13551929 -0.97353137 
2.03800934 15.60209460 -11.42539986 9.37666042 -8.12563884 6.82562512 -6.39087380 5.52176507 -4.71886172 3.90150875 -3.62140303 2.62649367 -3.11220379 
2.01619159 15.60192088 -11.42515080 9.37635503 -8.12529393 6.82525536 -6.39049213 5.52138268 -4.71848809 3.90115164 -3.62106876 2.62618708 -3.11192842 
2.35596414 12.70055804 -7.66116182 5.16751333 -3.76380258 2.50640937 -2.25038838 1.64900516 -1.16827410 0.69965428 -0.77980704 0.14349830 -0.97981967 
2.34821092 12.57161478 -7.51208347 5.01883630 -3.62642717 2.38488174 -2.14621832 1.56175680 -1.09649322 0.64124491 -0.73279790 0.10599283 -0.95032318 
2.33758019 12.66646136 -7.62159257 5.12790788 -3.72707882 2.47381355 -2.22235831 1.62545600 -1.14884286 0.68380100 -0.76701752 0.13327348 -0.97176270 
2.32977048 12.53624993 -7.47146237 4.97857908 -3.58945845 2.35236876 -2.11850621 1.53867205 -1.07759921 0.62594205 -0.72053364 0.09624326 -0.94268170 
2.31902970 12.63174379 -7.58141231 5.08779626 -3.68998087 2.44096569 -2.19417777 1.60183381 -1.12939330 0.66796355 -0.75426324 0.12309229 -0.96375163 
2.31116277 12.50024318 -7.43022156 4.93781969 -3.55212869 2.31962159 -2.09066276 1.51553231 -1.05870254 0.61066767 -0.70831427 0.08654422 -0.93509081 
1.55960872 10.58724225 -5.40842542 3.08440230 -1.97153180 1.02056591 -1.05124912 0.69904950 -0.42575775 0.12079196 -0.33053064 -0.20522445 -0.71252562 
0.90641494 15.51472946 -11.30049186 9.22390318 -7.95355540 6.64157875 -6.20133247 5.33227524 -4.53409127 3.72525296 -3.45671969 2.47570413 -2.97698706 
0.82851258 15.50725263 -11.28983482 9.21090777 -7.93895633 6.62600576 -6.18533479 5.31632021 -4.51856906 3.71047787 -3.44294266 2.46311341 -2.96571691 
0.74745372 15.49886981 -11.27789258 9.19635223 -7.92261222 6.60857904 -6.16744038 5.29848071 -4.50122016 3.69396996 -3.42755512 2.44905536 -2.95313712 
0.66297184 15.48943018 -11.26445262 9.17998021 -7.90423804 6.58899752 -6.14734291 5.27845400 -4.48175261 3.67545365 -3.41030211 2.43329870 -2.93904213 
1.27640821 10.29854981 -5.13196781 2.85428720 -1.79321649 0.88662770 -0.95295412 0.62792815 -0.37475570 0.08365602 -0.30324119 -0.22575482 -0.69727828 
1.65667378 15.59844249 -11.42016427 9.37024127 -8.11839007 6.81785466 -6.38285385 5.51373061 -4.71101187 3.89400672 -3.61438129 2.62005378 -3.10642006 
2.06125433 12.11580472 -6.99728074 4.51681335 -3.17257012 1.99156403 -1.81566875 1.29007224 -0.87693557 0.46540168 -0.59326947 -0.00401072 -0.86477438 
2.05257165 11.96536558 -6.83152714 4.35899832 -3.03320187 1.87344025 -1.71849901 1.21182905 -0.81492834 0.41658575 -0.55511846 -0.03372051 -0.84193635 
2.04002158 12.07042837 -6.94706836 4.46880686 -3.13000345 1.95534879 -1.78576947 1.26591349 -0.85772740 0.45023721 -0.58138901 -0.01328026 -0.85763602 
2.03127027 11.91834131 -6.78013789 4.31045436 -2.99066070 1.83764425 -1.68925685 1.18843814 -0.79650720 0.40216174 -0.54389848 -0.04242621 -0.83526714 
0.90334836 1.27662645 -0.21492681 0.01334580 -0.12892874 -0.18019415 -0.26705730 0.17850304 -0.09148655 -0.13119923 -0.14746915 -0.36457616 -0.59203598 
-3.89570185 8.73076648 -3.76068714 1.80497199 -1.04240750 0.36017874 -0.58969073 0.37899787 -0.20482802 -0.03691779 -0.21577668 -0.29247395 -0.64754295 
-0.68118117 -1.83414699 -0.17974053 -0.05788640 -0.12994516 -0.21084956 -0.25555808 0.16535064 -0.09636582 -0.14328105 -0.14856122 -0.37631984 -0.58538412 
0.12363532 14.91285914 -10.45940240 8.21717590 -6.84249518 5.47616076 -5.02317798 4.17506525 -3.42446941 2.68332057 -2.49753195 1.60954988 -2.21037943 
1.14684674 8.73076648 -3.76068714 1.80497199 -1.04240750 0.36017874 -0.58969073 0.37899787 -0.20482802 -0.03691779 -0.21577668 -0.29247395 -0.64754295 
1.68376706 15.34992408 -11.06679404 8.94030836 -7.63643945 6.30479465 -5.85681677 4.99005449 -4.20242235 3.41068044 -3.16438872 2.20939265 -2.73932056 
1.40060115 11.19067473 -6.01046267 3.60563216 -2.39123692 1.34708512 -1.29890298 0.88380401 -0.56206749 0.22207336 -0.40603956 -0.14818060 -0.75511533 
0.34293901 7.48349518 -2.82588050 1.18637280 -0.65774016 0.11994179 -0.43976236 0.28457553 -0.14533814 -0.07875907 -0.18508370 -0.31788424 -0.62806835 
-0.69115035 14.76079319 -10.25232253 7.97538180 -6.58197365 5.20912595 -4.75918363 3.92129039 -3.18611939 2.46387172 -2.29925591 1.43364256 -2.05728921 
0.96479938 -6.50633494 -1.72393500 -0.63058272 -0.34480689 -0.32592231 -0.29258438 0.12884476 -0.12672031 -0.17535272 -0.16897901 -0.39726782 -0.58502762 
2.40048396 9.06376522 -4.03362348 2.00102215 -1.17414279 0.44759037 -0.64705245 0.41659276 -0.22944405 -0.01970904 -0.22822630 -0.28271603 -0.65489229 
3.55112812 10.04132354 -4.89193325 2.65935776 -1.64573930 0.77821139 -0.87495816 0.57251135 -0.33567590 0.05550313 -0.28269097 -0.24122695 -0.68579780 
