9.19854088 2.29703171 -0.41147320 0.06385276 -0.14043536 -0.16753594 -0.27463478 0.18413168 -0.09200389 -0.12722413 -0.14895204 -0.36004546 -0.59522135 
5.57748378 11.42264128 -6.25062131 3.82101948 -2.57068971 1.49112886 -1.41140861 0.97005841 -0.62733852 0.27152011 -0.44345736 -0.11969808 -0.77654347 
4.64019921 9.48343600 -4.39165801 2.26810372 -1.36028173 0.57496215 -0.73293138 0.47419650 -0.26797768 0.00736365 -0.24778506 -0.26766900 -0.66614386 
3.44473332 9.96034564 -4.81759274 2.59992105 -1.60144798 0.74608898 -0.85213531 0.55647794 -0.32448626 0.04749145 -0.27686313 -0.24562220 -0.68253579 
2.09319769 3.90113811 -0.90532884 0.22322598 -0.19019376 -0.13639205 -0.29326722 0.19657820 -0.09603406 -0.11967418 -0.15360040 -0.35152937 -0.60161261 
-0.85766719 -4.89591708 -0.97485841 -0.30341866 -0.20662207 -0.25847267 -0.26453184 0.14864475 -0.11092713 -0.16051500 -0.15841039 -0.38840126 -0.58327624 
-2.31227841 10.53487088 -5.35771856 3.04175211 -1.93814716 0.99526090 -1.03252146 0.68539453 -0.41589613 0.11357743 -0.32521234 -0.20922662 -0.70955104 
-1.69628489 -14.54590976 -8.90286842 -6.50795368 -4.99647837 -3.98446979 -3.13988218 -2.11157432 -1.89476939 -1.57257878 -1.25969145 -1.24128018 -1.21822724 
1.05880283 3.41543159 -0.73192819 0.16209926 -0.16939850 -0.14808522 -0.28641529 0.19215055 -0.09429007 -0.12222014 -0.15184568 -0.35433477 -0.59946638 
2.82249389 7.75827384 -3.01997782 1.30776315 -0.72914491 0.16266768 -0.46551033 0.30036483 -0.15500829 -0.07185776 -0.19022710 -0.31340803 -0.63154346 
3.71217010 12.47085554 -7.39664993 4.90472349 -3.52189175 2.29315836 -2.06821277 1.49691506 -1.04353028 0.59842623 -0.69853735 0.07879467 -0.92903363 
4.26749711 13.33382891 -8.41551878 5.94196649 -4.50004899 3.17574146 -2.83953716 2.15527370 -1.59519516 1.05497730 -1.07177578 0.38074663 -1.16968954 
4.60937728 14.89260895 -10.43169937 8.18468680 -6.80734129 5.43998171 -4.98727083 4.14041806 -3.39181058 2.65314881 -2.47018291 1.58521228 -2.18913726 
4.73508984 15.59089954 -11.40935475 9.35699260 -8.10343395 6.80182704 -6.36631643 5.49716786 -4.69483397 3.87854947 -3.59991701 2.60679098 -3.09451105 
4.67557728 15.23332619 -10.90299184 8.74328396 -7.41798914 6.07466482 -5.62322331 4.75973404 -3.98077961 3.20186491 -2.97156114 2.03476984 -2.58435488 
4.40775587 13.86392681 -9.07554749 6.64908781 -5.20080245 3.83861492 -3.44585361 2.69595934 -2.06763467 1.46132626 -1.41603431 0.66833945 -1.40600523 
4.06770238 14.84751149 -10.37014430 8.11265390 -6.72956371 5.36009701 -4.90814051 4.06420728 -3.32010254 2.58701435 -2.41033251 1.53203319 -2.14278916 
4.08847902 14.64983212 -10.10260459 7.80210288 -6.39686546 5.02094308 -4.57461693 3.74522494 -3.02197127 2.31379439 -2.16455654 1.31488587 -1.95455230 
3.98716731 13.17683204 -8.22505295 5.74298339 -4.30766390 2.99802738 -2.68070088 2.01677260 -1.47676788 0.95515637 -0.98879680 0.31262242 -1.11463714 
4.00550363 13.00592445 -8.02030103 5.53165347 -4.10574533 2.81360553 -2.51766511 1.87610403 -1.35770060 0.85572979 -0.90685848 0.24587494 -1.06109624 
4.13714736 14.89016486 -10.42835840 8.18077159 -6.80310803 5.43562805 -4.98295281 4.13625426 -3.38788820 2.64952727 -2.46690203 1.58229421 -2.18659162 
4.02302564 15.60564664 -11.43049317 9.38290649 -8.13269361 6.83318910 -6.39868211 5.52958891 -4.72650707 3.90881651 -3.62824396 2.63276862 -3.11784012 
4.17213317 14.71198973 -10.18632877 7.89884278 -6.50004385 5.12567353 -4.67718130 3.84292370 -3.11293025 2.39684641 -2.23900473 1.38044467 -2.01120320 
4.18954612 14.92098343 -10.47052769 8.23023552 -6.85663884 5.49072957 -5.03764948 4.18904030 -3.43765271 2.69550890 -2.50858774 1.61939480 -2.21897759 
4.07854717 15.60588093 -11.43082916 9.38331858 -8.13315910 6.83368825 -6.39919743 5.53010529 -4.72701172 3.90929892 -3.62869559 2.63318291 -3.11821228 
4.22360927 14.74853893 -10.23573062 7.95611499 -6.56132528 5.18806981 -4.73847052 3.90147453 -3.16759379 2.44688985 -2.28397633 1.42013998 -2.04558209 
4.24061117 14.94992096 -10.51020525 8.27686894 -6.90720315 5.54287317 -5.08950178 4.23916680 -3.48498741 2.73931338 -2.54835825 1.65484003 -2.24995948 
4.25958652 14.77333524 -10.26931887 7.99513471 -6.60316006 5.23074749 -4.78046888 3.94166835 -3.20518374 2.48135896 -2.31500006 1.44756388 -2.06936619 
4.38834796 15.60321314 -11.42700362 9.37862702 -8.12785989 6.82800634 -6.39333178 5.52422779 -4.72126812 3.90380876 -3.62355601 2.62846843 -3.11397749 
4.40834763 15.60334705 -11.42719563 9.37886248 -8.12812583 6.82829146 -6.39362610 5.52452269 -4.72155628 3.90408420 -3.62381384 2.62870493 -3.11418992 
4.42814929 15.60347704 -11.42738201 9.37909104 -8.12838398 6.82856823 -6.39391181 5.52480896 -4.72183601 3.90435157 -3.62406413 2.62893450 -3.11439612 
4.33899940 15.00272941 -10.58281826 8.36244252 -7.00023256 5.63904853 -5.18537109 4.33206113 -3.57290399 2.82084542 -2.62253071 1.72107096 -2.30795478 
4.23642273 15.60648043 -11.43168891 9.38437305 -8.13435026 6.83496555 -6.40051614 5.53142678 -4.72830320 3.91053350 -3.62985142 2.63424320 -3.11916475 
4.13104109 14.84654690 -10.36882981 8.11111802 -6.72790780 5.35839866 -4.90646052 4.06259143 -3.31858409 2.58561562 -2.40906815 1.53091098 -2.14181211 
4.00821364 15.60888712 -11.43514073 9.38860709 -8.13913354 6.84009515 -6.40581249 5.53673466 -4.73349092 3.91549298 -3.63449482 2.63850306 -3.12299162 
4.01629987 15.60889600 -11.43515347 9.38862272 -8.13915120 6.84011409 -6.40583204 5.53675426 -4.73351007 3.91551129 -3.63451196 2.63851879 -3.12300575 
4.02435354 15.60890478 -11.43516605 9.38863816 -8.13916864 6.84013280 -6.40585136 5.53677362 -4.73352900 3.91552938 -3.63452890 2.63853434 -3.12301971 
3.89908571 14.64067745 -10.09030456 7.78792498 -6.38177936 5.00566451 -4.55968697 3.73103320 -3.00878534 2.30177785 -2.15380453 1.30543400 -1.94639814 
3.90364864 14.59647424 -10.03102593 7.71971967 -6.30933230 4.93241674 -4.48822718 3.66321374 -2.94586785 2.24452244 -2.10264407 1.26051758 -1.90769608 
4.17313188 14.75337159 -10.24227219 7.96370928 -6.56946216 5.19636546 -4.74662919 3.90927809 -3.17488772 2.45357466 -2.28998991 1.42545325 -2.05018807 
4.18359181 14.87905087 -10.41317318 8.16298436 -6.78388428 5.41586578 -4.96336022 4.11736882 -3.37010433 2.63311324 -2.45203697 1.56907716 -2.17506490 
4.06414249 15.60894711 -11.43522678 9.38871265 -8.13925280 6.84022305 -6.40594456 5.53686702 -4.73362029 3.91561667 -3.63461063 2.63860932 -3.12308707 
3.94132133 14.67274612 -10.13342628 7.83766880 -6.43474955 5.05934938 -4.61218373 3.78096806 -3.05521147 2.34411289 -2.19170680 1.33877158 -1.97517378 
3.94578331 14.62967689 -10.07553495 7.77091208 -6.36368867 4.98735468 -4.54180594 3.71404644 -2.99301152 2.28741073 -2.14095593 1.29414454 -1.93666321 
3.94966295 14.67897413 -10.14181220 7.84735507 -6.44507704 5.06982884 -4.62244325 3.79073791 -3.06430468 2.35241333 -2.19914538 1.34532033 -1.98083135 
4.10050897 13.21081353 -8.26608526 5.78565605 -4.34873838 3.03580798 -2.71432860 2.04597783 -1.50164412 0.97604952 -1.00610721 0.32679126 -1.12605440 
4.56343632 13.78910899 -8.98080231 6.54592572 -5.09695341 3.73890027 -3.35332377 2.61229575 -1.99355738 1.39682272 -1.36075495 0.62166910 -1.36726906 
5.04065447 13.29049971 -8.36272455 5.88658117 -4.44628251 3.12588239 -2.79480726 2.11612947 -1.56160848 1.02657699 -1.04809719 0.36125484 -1.15389769 
5.42209307 14.54131578 -9.95731581 7.63519581 -6.21984588 4.84222599 -4.40050616 3.58020657 -2.86907865 2.17483134 -2.04053056 1.20611590 -1.86092859 
5.57584143 15.59145717 -11.41015369 9.35797161 -8.10453890 6.80301094 -6.36753776 5.49839085 -4.69602835 3.87969046 -3.60098455 2.60776971 -3.09538977 
5.66995658 15.27186021 -10.95698472 8.80806617 -7.48964443 6.14997868 -5.69950270 4.83478602 -4.05285821 3.26964247 -3.03403618 2.09125033 -2.63439653 
5.64564754 15.03149926 -10.62248891 8.40931954 -7.05132609 5.69200108 -5.23828158 4.38344788 -3.62164465 2.86614109 -2.66381948 1.75800793 -2.34035622 
5.36667327 14.05219921 -9.31628705 6.91367776 -5.46959826 4.09898785 -3.68953805 2.91812496 -2.26592099 1.63528919 -1.56618325 0.79594670 -1.51259237 
5.01819954 14.50039198 -9.90281440 7.57290336 -6.15410594 4.77617125 -4.33645060 3.51976681 -2.81332059 2.12435965 -1.99565841 1.16690685 -1.82729705 
4.68730729 14.11555740 -9.39805064 7.00434099 -5.56249977 4.18972574 -3.77514377 2.99677845 -2.33664613 1.69777591 -1.62047503 0.84237401 -1.55160195 
4.48850950 15.60930782 -11.43574418 9.38934735 -8.13996990 6.84099213 -6.40673869 5.53766294 -4.73439824 3.91636044 -3.63530704 2.63924824 -3.12366108 
4.38902360 14.96135469 -10.52590448 8.29534504 -6.92726251 5.56358464 -5.11012211 4.25912373 -3.50385361 2.75679077 -2.56424187 1.66900941 -2.26235562 
4.27459699 15.60999040 -11.43672330 9.39054849 -8.14132701 6.84244765 -6.40824168 5.53916935 -4.73587069 3.91776822 -3.63662521 2.64045763 -3.12474762 
4.39254829 14.92924098 -10.48184189 8.24352409 -6.87103801 5.50556905 -5.05239701 4.20328856 -3.45109978 2.70794640 -2.51987411 1.62944887 -2.22776160 
4.50121465 15.60931644 -11.43575653 9.38936251 -8.13998702 6.84101050 -6.40675766 5.53768195 -4.73441683 3.91637821 -3.63532368 2.63926350 -3.12367480 
4.50753708 15.60932068 -11.43576262 9.38936998 -8.13999547 6.84101955 -6.40676701 5.53769132 -4.73442599 3.91638696 -3.63533188 2.63927103 -3.12368155 
4.51383959 15.60932489 -11.43576866 9.38937738 -8.14000383 6.84102852 -6.40677627 5.53770061 -4.73443506 3.91639564 -3.63534000 2.63927848 -3.12368825 
4.52012231 15.60932906 -11.43577464 9.38938471 -8.14001211 6.84103741 -6.40678545 5.53770980 -4.73444405 3.91640423 -3.63534805 2.63928586 -3.12369488 
4.52638534 15.60933319 -11.43578056 9.38939198 -8.14002032 6.84104621 -6.40679453 5.53771891 -4.73445295 3.91641274 -3.63535602 2.63929317 -3.12370145 
4.53262883 15.60933728 -11.43578642 9.38939918 -8.14002845 6.84105493 -6.40680354 5.53772794 -4.73446177 3.91642118 -3.63536391 2.63930042 -3.12370796 
4.53885289 15.60934133 -11.43579224 9.38940630 -8.14003651 6.84106357 -6.40681246 5.53773688 -4.73447051 3.91642953 -3.63537174 2.63930760 -3.12371441 
4.54505763 15.60934534 -11.43579799 9.38941337 -8.14004449 6.84107213 -6.40682130 5.53774574 -4.73447917 3.91643781 -3.63537949 2.63931471 -3.12372080 
4.44833008 14.99315609 -10.56963504 8.34688413 -6.98329535 5.62151551 -5.16787170 4.31508407 -3.55681786 2.80591095 -2.60893005 1.70891449 -2.29729992 
4.45174696 14.96234306 -10.52726215 8.29694351 -6.92899865 5.56537789 -5.11190813 4.26085290 -3.50548883 2.75830610 -2.56561943 1.67023866 -2.26343132 
4.45481272 14.99654888 -10.57430619 8.35239574 -6.98929423 5.62772425 -5.17406741 4.32109380 -3.56251125 2.81119589 -2.61374226 1.71321511 -2.30106880 
4.34429045 15.60999040 -11.43672330 9.39054849 -8.14132701 6.84244765 -6.40824168 5.53916935 -4.73587069 3.91776822 -3.63662521 2.64045763 -3.12474762 
4.34429045 15.60999040 -11.43672330 9.39054849 -8.14132701 6.84244765 -6.40824168 5.53916935 -4.73587069 3.91776822 -3.63662521 2.64045763 -3.12474762 
4.23040532 14.83105062 -10.34772443 8.08647154 -6.70134941 5.33117353 -4.87954291 4.03671370 -3.29427746 2.56323507 -2.38884577 1.51296913 -2.12619685 
4.22656679 14.86690995 -10.39659825 8.14358430 -6.76293314 5.39434320 -4.94203721 4.09682913 -3.35077512 2.61528375 -2.43589934 1.55473642 -2.16256469 
4.22315484 14.82639220 -10.34138429 8.07907263 -6.69338173 5.32301093 -4.87147740 4.02896429 -3.28700261 2.55654024 -2.38279958 1.50760733 -2.12153244 
3.96130506 14.59530632 -10.02946222 7.71792326 -6.30742702 4.93049317 -4.48635318 3.66143760 -2.94422223 2.24302675 -2.10130917 1.25934689 -1.90668842 
3.94799767 14.72359605 -10.20200273 7.91699854 -6.51945473 5.14542206 -4.69656474 3.86142753 -3.13019342 2.41263996 -2.25318862 1.39295695 -2.02203351 
4.06676716 15.60894985 -11.43523070 9.38871746 -8.13925824 6.84022888 -6.40595058 5.53687306 -4.73362619 3.91562230 -3.63461591 2.63861416 -3.12309142 
3.92793421 14.56832898 -9.99337841 7.67650932 -6.26354417 4.88622869 -4.44326667 3.62063522 -2.90644851 2.20872079 -2.07071310 1.23253286 -1.88362351 
3.91438847 14.69930459 -10.16921252 7.87903259 -6.47888100 5.10415896 -4.65608005 3.82279435 -3.09416342 2.37968834 -2.22360491 1.36686765 -1.99945778 
4.03504157 15.60891632 -11.43518260 9.38865846 -8.13919158 6.84015740 -6.40587676 5.53679908 -4.73355388 3.91555317 -3.63455118 2.63855477 -3.12303807 
3.89400012 14.54029254 -9.95595115 7.63363395 -6.21819540 4.84056550 -4.39889393 3.57868354 -2.86767198 2.17355666 -2.03939613 1.20512368 -1.86007673 
3.88020742 14.67403201 -10.13515740 7.83966802 -6.43688077 5.06151162 -4.61430027 3.78298329 -3.05708687 2.34582456 -2.19324055 1.34012170 -1.97634003 
3.86816839 14.51853664 -9.92695946 7.60047849 -6.18318512 4.80536839 -4.36474407 3.54644492 -2.83791599 2.14660929 -2.01542786 1.18417164 -1.84209801 
3.69767857 15.60397961 -11.42810265 9.37997476 -8.12938212 6.82963841 -6.39501655 5.52591588 -4.72291768 3.90538547 -3.62503198 2.62982227 -3.11519354 
3.67866142 15.60386443 -11.42793750 9.37977223 -8.12915336 6.82939314 -6.39476335 5.52566219 -4.72266977 3.90514850 -3.62481015 2.62961879 -3.11501077 
3.65946172 15.60374591 -11.42776755 9.37956383 -8.12891797 6.82914076 -6.39450283 5.52540114 -4.72241468 3.90490468 -3.62458190 2.62940943 -3.11482271 
3.64007591 15.60362393 -11.42759264 9.37934932 -8.12867570 6.82888101 -6.39423468 5.52513246 -4.72215213 3.90465373 -3.62434698 2.62919395 -3.11462916 
3.45834923 14.05852892 -9.32443856 6.92269841 -5.47882354 4.10798133 -3.69800736 2.92589269 -2.27289380 1.64143984 -1.57151910 0.80050311 -1.51641556 
3.23282974 15.58856805 -11.40601463 9.35290001 -8.09881523 6.79687876 -6.36121207 5.49205693 -4.68984297 3.87378183 -3.59545656 2.60270184 -3.09083998 
3.19668713 15.58778515 -11.40489315 9.35152602 -8.09726473 6.79521777 -6.35949883 5.49034162 -4.68816803 3.87218196 -3.59395988 2.60132982 -3.08960830 
2.95756074 13.32164883 -8.40066045 5.92636113 -4.48488287 3.16166253 -2.82689354 2.14419793 -1.58568280 1.04692668 -1.06505809 0.37521261 -1.16520279 
2.64232720 15.54225212 -11.33976568 9.27184586 -8.00746950 6.69914544 -6.26052410 5.39136144 -4.59162312 3.78005930 -3.50786218 2.52247575 -3.01888089 
2.84694583 13.76927630 -8.95577511 6.51876712 -5.06970401 3.71281854 -3.32919574 2.59054464 -1.97435381 1.38014611 -1.34649949 0.60966216 -1.35732589 
2.80223125 13.07376288 -8.10125063 5.61488272 -4.18496891 2.88570338 -2.58117935 1.93071932 -1.40377880 0.89409194 -0.93838540 0.27149311 -1.08159693 
2.45763277 15.52885413 -11.32063850 9.24848668 -7.98119002 6.67107460 -6.23165011 5.36252862 -4.56353928 3.75329737 -3.48288180 2.49962386 -2.99840677 
2.68201870 13.54621052 -8.67681403 6.21866629 -4.77113412 3.42934713 -3.06900559 2.35775456 -1.77031747 1.20415885 -1.19701937 0.48449890 -1.25425702 
2.63407739 12.78244234 -7.75662435 5.26348585 -3.85317653 2.58606340 -2.31915711 1.70700096 -1.21630305 0.73896867 -0.81161875 0.16899683 -0.99996150 
2.56961693 13.38243529 -8.47495011 6.00452506 -4.56097910 3.23242182 -2.89054208 2.20004115 -1.63371570 1.08763529 -1.09907093 0.40326559 -1.18797273 
2.51938703 12.56936262 -7.50949316 5.01626592 -3.62406384 2.38280080 -2.14444265 1.56027603 -1.09528000 0.64026138 -0.73200900 0.10536524 -0.94983096 
2.11295966 15.49661552 -11.27468222 9.19244063 -7.91822133 6.60389870 -6.16263579 5.29369216 -4.49656450 3.68954106 -3.42342775 2.44528541 -2.94976428 
2.37937168 13.08232265 -8.11149491 5.62544547 -4.19505122 2.89490315 -2.58930461 1.93772340 -1.40970203 0.89903398 -0.94245500 0.27480590 -1.08425245 
2.32511411 12.18038043 -7.06906183 4.58573981 -3.23394578 2.04399091 -1.85911869 1.32530869 -0.90504880 0.48766361 -0.61075652 0.00966201 -0.87532442 
2.24834602 12.85802863 -7.84529111 5.35315939 -3.93717197 2.66133981 -2.38449505 1.76238761 -1.26239734 0.77686802 -0.84241036 0.19376534 -1.01959250 
2.19121316 11.89072513 -6.75005187 4.28211895 -2.96590142 1.81686770 -1.67232868 1.17493096 -0.78589488 0.39386890 -0.53745893 -0.04741611 -0.83144927 
2.10833763 12.60165289 -7.54667605 5.05320513 -3.65806588 2.41277188 -2.17004354 1.58164640 -1.11280552 0.65448106 -0.74342342 0.11445161 -0.95696182 
2.34595922 15.55848045 -11.36295571 9.30019242 -8.03938737 6.73326694 -6.29564932 5.42646276 -4.62583688 3.81268438 -3.53833459 2.55036816 -3.04388498 
2.60066340 13.32789446 -8.40827771 5.93435962 -4.49265457 3.16887565 -2.83337002 2.14987023 -1.59055353 1.05104824 -1.06849670 0.37804492 -1.16749880 
2.56534186 12.75903707 -7.72927514 5.23592959 -3.82745944 2.56309610 -2.29928919 1.69021358 -1.20237543 0.72754942 -0.80236494 0.16156987 -0.99408759 
2.51773687 13.19829568 -8.25095766 5.76991122 -4.33357151 3.02184707 -2.70189340 2.03517057 -1.49243269 0.96830826 -0.99968979 0.32153582 -1.12181751 
2.48119306 12.60288586 -7.54809774 5.05461931 -3.65936925 2.41392211 -2.17102717 1.58246839 -1.11348033 0.65502910 -0.74386371 0.11480236 -0.95723727 
2.43128652 13.05717188 -8.08141387 5.59444840 -4.16548185 2.86793759 -2.56550180 1.91721606 -1.39236825 0.88457837 -0.93055646 0.26512389 -1.07649424 
2.39344094 12.43309897 -7.35363374 4.86242626 -3.48334631 2.25950438 -2.03972838 1.47334582 -1.02436279 0.58299033 -0.68622982 0.06905306 -0.92142961 
1.97954095 15.53620437 -11.33112977 9.26129684 -7.99559913 6.68646333 -6.24747661 5.37833014 -4.57892809 3.76795982 -3.49656640 2.51214093 -3.00962014 
1.54848865 10.22753203 -5.06510456 2.79952891 -1.75145006 0.85570057 -0.93055653 0.61191852 -0.36340340 0.07545045 -0.29723963 -0.23027056 -0.69392736 
0.80307112 15.22342950 -10.88914744 8.72669879 -7.39967168 6.05543949 -5.60377812 4.74062683 -3.96245239 3.18465173 -2.95571243 2.02045697 -2.57168638 
0.63543634 15.16121228 -10.80232409 8.62292755 -7.28531674 5.93567161 -5.48288785 4.62207026 -3.84894820 3.07823560 -2.85789578 1.93225848 -2.49373736 
1.18442880 10.41497325 -5.24255806 2.94562648 -1.86345990 0.93902748 -0.99116301 0.65541092 -0.39435613 0.09787562 -0.31366544 -0.21791330 -0.70309891 
1.97840319 12.21018328 -7.10231819 4.61779242 -3.26259059 2.06854292 -1.87953349 1.34191625 -0.91833840 0.49821446 -0.61906322 0.01616867 -0.88035366 
2.24734925 15.58451537 -11.40020992 9.34578898 -8.09079150 6.78828401 -6.35234770 5.48318256 -4.68117813 3.86550596 -3.58771496 2.59560555 -3.08446996 
2.20787813 15.58349829 -11.39875337 9.34400491 -8.08877875 6.78612831 -6.35012467 5.48095731 -4.67900567 3.86343126 -3.58577440 2.59382693 -3.08287352 
2.16761239 15.58241924 -11.39720818 9.34211240 -8.08664377 6.78384184 -6.34776691 5.47859732 -4.67670179 3.86123115 -3.58371664 2.59194096 -3.08118079 
2.12651940 15.58127310 -11.39556704 9.34010249 -8.08437652 6.78141386 -6.34526338 5.47609154 -4.67425572 3.85889537 -3.58153208 2.58993888 -3.07938392 
1.74608264 10.94044080 -5.75683157 3.38274143 -2.20916984 1.20359001 -1.18874509 0.80070551 -0.50012785 0.17570171 -0.37127340 -0.17450766 -0.73540937 
0.51195042 -3.12710688 -0.41503755 -0.11832767 -0.14536009 -0.22534546 -0.25576398 0.15967991 -0.10102855 -0.14947876 -0.15148711 -0.38105534 -0.58386511 
-1.61130587 -9.57637589 -3.78581664 -1.87785577 -1.06138350 -0.74149118 -0.52588288 -0.01676343 -0.22507277 -0.24812691 -0.22059400 -0.43460021 -0.60442803 
-1.15573835 -16.53428244 -11.58138217 -9.60452281 -8.30152127 -7.34139544 -6.43054484 -5.25308862 -4.82781339 -4.25721203 -3.67088070 -3.36743860 -3.05783250 
-0.00731399 -8.07522188 -2.67353812 -1.14911609 -0.61337423 -0.46936139 -0.36543145 0.08411595 -0.15780971 -0.20001730 -0.18678638 -0.41063642 -0.59069313 
0.44347528 15.29199424 -10.98525164 8.84204513 -7.52729600 6.18962056 -5.73971895 4.87441764 -4.09097713 3.30553788 -3.06716795 2.12124106 -2.66100020 
1.08436393 9.91411665 -4.77541582 2.56639847 -1.57661017 0.72816652 -0.83946052 0.54761089 -0.31832172 0.04308709 -0.27366288 -0.24803802 -0.68074240 
1.46884243 15.55501601 -11.35800304 9.29413612 -8.03256553 6.72597156 -6.28813681 5.41895296 -4.61851474 3.80570023 -3.53180951 2.54439403 -3.03852820 
1.41031421 15.55176227 -11.35335259 9.28845055 -8.02616252 6.71912533 -6.28108808 5.41190795 -4.61164689 3.79915039 -3.52569106 2.53879293 -3.03350655 
1.35002184 15.54821278 -11.34828054 9.28225083 -8.01918186 6.71166288 -6.27340627 5.40423152 -4.60416469 3.79201575 -3.51902728 2.53269345 -3.02803876 
0.81077621 7.87285632 -3.10289187 1.36078141 -0.76099922 0.18202186 -0.47731276 0.30766343 -0.15952131 -0.06866130 -0.19259388 -0.31138814 -0.63310475 
-0.90578894 -4.79505100 -0.93553818 -0.28859169 -0.20115378 -0.25579732 -0.26360708 0.14946624 -0.11021039 -0.15977350 -0.15790577 -0.38793426 -0.58325180 
-1.41491891 -6.25480690 -1.59188622 -0.56716803 -0.31574255 -0.31146811 -0.28604385 0.13306573 -0.12354813 -0.17256336 -0.16695541 -0.39566007 -0.58455233 
-1.16647821 -11.93106719 -5.93379072 -3.59081943 -2.33631655 -1.66056335 -1.17088565 -0.47215593 -0.54910188 -0.48145656 -0.38736559 -0.55321868 -0.68483222 
-1.63754607 -16.38288060 -11.36453884 -9.33907861 -8.00243838 -7.02170928 -6.10165217 -4.92459972 -4.50787026 -3.95252039 -3.38680345 -3.10799104 -2.82580137 
-1.79156769 13.66588672 -8.82590126 6.37845228 -4.92952320 3.57919625 -3.20607533 2.47998083 -1.87710148 1.29598449 -1.27479181 0.54944765 -1.30760530 
-0.13392768 4.91139789 -1.33245476 0.39487812 -0.25660466 -0.10150578 -0.31301758 0.20879417 -0.10178126 -0.11317576 -0.15849488 -0.34483388 -0.60683119 
-0.18423980 2.79184917 -0.53970044 0.10076210 -0.15053811 -0.15992869 -0.27928822 0.18737586 -0.09275752 -0.12512643 -0.15005238 -0.35763202 -0.59699082 
0.82334802 1.59512714 -0.26646189 0.02599439 -0.13146133 -0.17655973 -0.26917379 0.18013500 -0.09151359 -0.12999334 -0.14782536 -0.36321799 -0.59296850 
1.04814274 8.97593242 -3.96067521 1.94797306 -1.13807316 0.42342205 -0.63105815 0.40603562 -0.22248611 -0.02457787 -0.22470730 -0.28545596 -0.65283381 
0.98015495 9.36930398 -4.29273477 2.19320897 -1.30733911 0.53829621 -0.70794602 0.45728338 -0.25656879 -0.00067385 -0.24197693 -0.27211116 -0.66282998 
1.40519245 15.59515612 -11.41545405 9.36446746 -8.11187134 6.81086810 -6.37564427 5.50650922 -4.70395758 3.88726602 -3.60807305 2.61426906 -3.10122540 
1.37519357 15.59470655 -11.41480978 9.36367780 -8.11097990 6.80991278 -6.37465854 5.50552197 -4.70299326 3.88634465 -3.60721086 2.61347848 -3.10051551 
1.83843819 11.61662493 -6.45518832 4.00775581 -2.72896866 1.62022169 -1.51377585 1.04966750 -0.68839152 0.31827363 -0.47914905 -0.09237689 -0.79720815 
1.56490233 5.55806001 -1.65301312 0.54138264 -0.32058339 -0.06822676 -0.33153540 0.21988147 -0.10762119 -0.10772409 -0.16277613 -0.33973982 -0.61085175 
0.79643856 8.73076648 -3.76068714 1.80497199 -1.04240750 0.36017874 -0.58969073 0.37899787 -0.20482802 -0.03691779 -0.21577668 -0.29247395 -0.64754295 
0.75929266 7.89649153 -3.12013948 1.37189632 -0.76772718 0.18613221 -0.47983020 0.30922515 -0.16049032 -0.06797653 -0.19309979 -0.31095924 -0.63343573 
-0.39166564 15.28489653 -10.97528254 8.83005656 -7.51400636 6.17562309 -5.72551349 4.86041380 -4.07750332 3.29284601 -3.05544975 2.11063083 -2.65158575 
-1.05021841 -6.40765373 -1.67146407 -0.60510965 -0.33301625 -0.32003383 -0.28989457 0.13056788 -0.12543472 -0.17423158 -0.16816497 -0.39662448 -0.58483036 
-2.28626393 12.90304323 -7.89834520 5.40706033 -3.98788435 2.70698051 -2.42427195 1.79623891 -1.29067527 0.80019802 -0.86142425 0.20910190 -1.03177955 
-1.79156769 13.66588672 -8.82590126 6.37845228 -4.92952320 3.57919625 -3.20607533 2.47998083 -1.87710148 1.29598449 -1.27479181 0.54944765 -1.30760530 
-1.39426589 14.14654085 -9.43817228 7.04897708 -5.60838540 4.23468169 -3.81768456 3.03597818 -2.37199333 1.72908832 -1.64774905 0.86575184 -1.57128871 
-1.06248850 14.47043376 -9.86301733 7.52752751 -6.10633161 4.72827684 -4.29010768 3.47613263 -2.77314861 2.08806676 -1.96345135 1.13881319 -1.80323961 
0.02139469 -9.11776476 -3.42483813 -1.62828874 -0.90017083 -0.63955935 -0.46329319 0.02332175 -0.19828642 -0.22925220 -0.20741051 -0.42534654 -0.59883676 
0.47418348 15.57262296 -11.38318494 9.32494265 -8.06728040 6.76311068 -6.32639548 5.45721139 -4.65582969 3.84130401 -3.56508300 2.57486663 -3.06585904 
1.18115266 9.81743733 -4.68782805 2.49724558 -1.52570239 0.69164103 -0.81376337 0.52971713 -0.30593456 0.03425702 -0.26725408 -0.25288188 -0.67714515 
1.59891303 15.60999040 -11.43672330 9.39054849 -8.14132701 6.84244765 -6.40824168 5.53916935 -4.73587069 3.91776822 -3.63662521 2.64045763 -3.12474762 
1.59891303 15.60999040 -11.43672330 9.39054849 -8.14132701 6.84244765 -6.40824168 5.53916935 -4.73587069 3.91776822 -3.63662521 2.64045763 -3.12474762 
1.59891303 15.60999040 -11.43672330 9.39054849 -8.14132701 6.84244765 -6.40824168 5.53916935 -4.73587069 3.91776822 -3.63662521 2.64045763 -3.12474762 
1.16967101 9.58592622 -4.48148072 2.33682520 -1.40935530 0.60924724 -0.75647833 0.49024598 -0.27887249 0.01505821 -0.25334896 -0.26342903 -0.66930236 
1.14883774 9.71499419 -4.59592960 2.42536556 -1.47326455 0.65431646 -0.78769372 0.51168121 -0.29352289 0.02543621 -0.26086088 -0.25772375 -0.67354684 
1.13726656 9.47995369 -4.38862257 2.26579324 -1.35864001 0.57382009 -0.73215004 0.47366575 -0.26761852 0.00711031 -0.24760194 -0.26780879 -0.66603966 
-0.32342557 2.23458901 -0.39681973 0.05984442 -0.13940886 -0.16841110 -0.27409911 0.18375004 -0.09193424 -0.12747887 -0.14883184 -0.36033887 -0.59500920 
-4.02465818 10.86716731 -5.68363040 3.31929994 -2.15804513 1.16379630 -1.15855417 0.77818021 -0.48350963 0.16335699 -0.36207302 -0.18145508 -0.73022423 
-0.60160403 1.54263989 -0.25735635 0.02373841 -0.13098776 -0.17717454 -0.26881075 0.17985922 -0.09150123 -0.13019367 -0.14776023 -0.36344500 -0.59281115 
0.94423788 9.03234485 -4.00744888 1.98193353 -1.16112840 0.43885019 -0.64125675 0.41276079 -0.22691454 -0.02147962 -0.22694679 -0.28371082 -0.65414533 
1.88337896 11.57882894 -6.41506326 3.97089333 -2.69752932 1.59443135 -1.49321260 1.03359323 -0.67600433 0.30875008 -0.47185497 -0.09797265 -0.79296690 
3.12937985 8.70203691 -3.73760150 1.78869698 -1.03166798 0.35315894 -0.58514386 0.37605026 -0.20291769 -0.03825198 -0.21480960 -0.29324044 -0.64696329 
3.94613266 12.74902014 -7.71758566 5.22416652 -3.81649504 2.55331560 -2.29083816 1.68308070 -1.19646383 0.72270710 -0.79844425 0.15842555 -0.99160255 
4.34654235 14.68264027 -10.14675034 7.85306083 -6.45116249 5.07600577 -4.62849235 3.79649998 -3.06966919 2.35731145 -2.20353601 1.34918665 -1.98417229 
4.49499322 15.57709844 -11.38959044 9.33278413 -8.07612236 6.77257584 -6.33615160 5.46697284 -4.66535540 3.85039737 -3.57358515 2.58265648 -3.07284862 
4.33080955 13.85024126 -9.05817770 6.63013378 -5.18168174 3.82021807 -3.42874864 2.68046388 -2.05388951 1.44933690 -1.40574277 0.65963758 -1.39877231 
3.63495961 8.79781475 -3.81484916 1.84334524 -1.06785052 0.37687470 -0.60054156 0.38605184 -0.20941170 -0.03371616 -0.21809596 -0.29064135 -0.64892733 
2.25790780 8.66418191 -3.70729513 1.76740522 -1.01766474 0.34403068 -0.57924505 0.37223357 -0.20044858 -0.03997638 -0.21355910 -0.29423373 -0.64621154 
0.91048241 -10.35851072 -4.44450929 -2.36317526 -1.39481399 -0.96418000 -0.67041665 -0.11267855 -0.29030505 -0.29396079 -0.25262187 -0.45699816 -0.61870100 
0.28614094 15.00223615 -10.58213879 8.36164039 -6.99935909 5.63814408 -5.18446814 4.33118491 -3.57207355 2.82007425 -2.62182826 1.72044297 -2.30740425 
1.24125786 9.06519152 -4.03481374 2.00189162 -1.17473652 0.44798965 -0.64731752 0.41676820 -0.22955996 -0.01962789 -0.22828494 -0.28267048 -0.65492648 
1.04405167 3.52343676 -0.76869389 0.17461528 -0.17350898 -0.14570082 -0.28782677 0.19307401 -0.09463203 -0.12167852 -0.15220698 -0.35373043 -0.59992600 
-1.27749531 14.26805246 -9.59639555 7.22594517 -5.79125625 4.41474669 -3.98890666 3.19449795 -2.51558499 1.85683717 -1.75947638 0.96188520 -1.65254053 
0.06240337 -7.91792430 -2.56852868 -1.08674542 -0.57852414 -0.44979214 -0.35485027 0.09057219 -0.15346555 -0.19675795 -0.18445689 -0.40893936 -0.58984889 
0.56685171 15.57589481 -11.38786757 9.33067483 -8.07374371 6.77002930 -6.33352656 5.46434615 -4.66279195 3.84795009 -3.57129682 2.58055973 -3.07096716 
1.83443802 6.96987800 -2.48098912 0.98041120 -0.54179875 0.05261757 -0.40008149 0.26059374 -0.13092880 -0.08926025 -0.17714580 -0.32509383 -0.62242736 
2.68951576 13.07462989 -8.10228796 5.61595198 -4.18598926 2.88663416 -2.58200121 1.93142759 -1.40437764 0.89459147 -0.93879666 0.27182783 -1.08186519 
3.16964791 13.70442012 -8.87418868 6.43050016 -4.98140300 3.62854052 -3.25144470 2.52063914 -1.91279356 1.32681457 -1.30101358 0.57143079 -1.32572902 
3.38231346 15.59152515 -11.41025109 9.35809097 -8.10467363 6.80315528 -6.36768667 5.49853996 -4.69617398 3.87982959 -3.60111472 2.60788906 -3.09549692 
3.41527900 15.59212056 -11.41110420 9.35913640 -8.10585359 6.80441959 -6.36899100 5.49984611 -4.69744960 3.88104823 -3.60225494 2.60893445 -3.09643550 
3.26836141 14.18422985 -9.48709909 7.10354006 -5.66460726 4.28988858 -3.87003985 3.08432373 -2.41567646 1.76785970 -1.68158169 0.89480095 -1.59579133 
3.08625805 15.59893001 -11.42086311 9.37109801 -8.11935744 6.81889156 -6.38392396 5.51480257 -4.71205913 3.89500750 -3.61531793 2.62091276 -3.10719147 
2.70215437 10.22944873 -5.06690321 2.80099731 -1.75256666 0.85652513 -0.93115217 0.61234330 -0.36370397 0.07566742 -0.29739819 -0.23015124 -0.69401590 
2.39060427 12.65172539 -7.60452445 5.11085593 -3.71129629 2.45982926 -2.21035286 1.61538592 -1.14054639 0.67704153 -0.76157119 0.12892401 -0.96833891 
2.16386547 8.31452502 -3.43338049 1.57881854 -0.89601191 0.26595039 -0.52944541 0.34035228 -0.18003104 -0.05424639 -0.20317741 -0.30259116 -0.63985772 
1.69230484 11.26055095 -6.08229551 3.66961726 -2.44419232 1.38932837 -1.33170294 0.90881109 -0.58089241 0.23627512 -0.41675064 -0.14004359 -0.76122519 
2.03436000 15.60999040 -11.43672330 9.39054849 -8.14132701 6.84244765 -6.40824168 5.53916935 -4.73587069 3.91776822 -3.63662521 2.64045763 -3.12474762 
2.03436000 15.60999040 -11.43672330 9.39054849 -8.14132701 6.84244765 -6.40824168 5.53916935 -4.73587069 3.91776822 -3.63662521 2.64045763 -3.12474762 
2.03436000 15.60999040 -11.43672330 9.39054849 -8.14132701 6.84244765 -6.40824168 5.53916935 -4.73587069 3.91776822 -3.63662521 2.64045763 -3.12474762 
2.39060427 12.65172539 -7.60452445 5.11085593 -3.71129629 2.45982926 -2.21035286 1.61538592 -1.14054639 0.67704153 -0.76157119 0.12892401 -0.96833891 
