8.73071146 0.34475700 -0.11528201 -0.01239855 -0.12520256 -0.18987316 -0.26194728 0.17419433 -0.09201742 -0.13465830 -0.14694281 -0.36832121 -0.58959578 
2.40984325 15.60999040 -11.43672330 9.39054849 -8.14132701 6.84244765 -6.40824168 5.53916935 -4.73587069 3.91776822 -3.63662521 2.64045763 -3.12474762 
2.40984325 15.60999040 -11.43672330 9.39054849 -8.14132701 6.84244765 -6.40824168 5.53916935 -4.73587069 3.91776822 -3.63662521 2.64045763 -3.12474762 
2.11519005 12.10093182 -6.98080210 4.50103963 -3.15856735 1.97963744 -1.80581172 1.28209967 -0.87059066 0.46038834 -0.58933897 -0.00707919 -0.86241011 
2.10307541 12.20386853 -7.09526493 4.61098820 -3.25650431 2.06332183 -1.87518865 1.33837896 -0.91550572 0.49596409 -0.61729049 0.01477945 -0.87927942 
2.39174358 15.60999040 -11.43672330 9.39054849 -8.14132701 6.84244765 -6.40824168 5.53916935 -4.73587069 3.91776822 -3.63662521 2.64045763 -3.12474762 
2.39174358 15.60999040 -11.43672330 9.39054849 -8.14132701 6.84244765 -6.40824168 5.53916935 -4.73587069 3.91776822 -3.63662521 2.64045763 -3.12474762 
2.39174358 15.60999040 -11.43672330 9.39054849 -8.14132701 6.84244765 -6.40824168 5.53916935 -4.73587069 3.91776822 -3.63662521 2.64045763 -3.12474762 
2.69106563 13.17378385 -8.22137751 5.73916624 -4.30399462 2.99465667 -2.67770439 2.01417331 -1.47455641 0.95330096 -0.98726106 0.31136651 -1.11362598 
2.69781273 13.28079216 -8.35092028 5.87422167 -4.43430707 3.11479746 -2.78488023 2.10745690 -1.55417939 1.02030463 -1.04287504 0.35696157 -1.15042363 
2.70652751 13.19856592 -8.25128409 5.77025081 -4.33389849 3.02214793 -2.70216127 2.03540328 -1.49263097 0.96847483 -0.99982783 0.32164883 -1.12190859 
2.71323135 13.30465561 -8.37995360 5.90463645 -4.46379171 3.14210286 -2.80934493 2.12883979 -1.57250439 1.03578267 -1.05576638 0.36756351 -1.15900539 
2.42778059 15.60999040 -11.43672330 9.39054849 -8.14132701 6.84244765 -6.40824168 5.53916935 -4.73587069 3.91776822 -3.63662521 2.64045763 -3.12474762 
2.42778059 15.60999040 -11.43672330 9.39054849 -8.14132701 6.84244765 -6.40824168 5.53916935 -4.73587069 3.91776822 -3.63662521 2.64045763 -3.12474762 
2.42778059 15.60999040 -11.43672330 9.39054849 -8.14132701 6.84244765 -6.40824168 5.53916935 -4.73587069 3.91776822 -3.63662521 2.64045763 -3.12474762 
2.42778059 15.60999040 -11.43672330 9.39054849 -8.14132701 6.84244765 -6.40824168 5.53916935 -4.73587069 3.91776822 -3.63662521 2.64045763 -3.12474762 
2.42778059 15.60999040 -11.43672330 9.39054849 -8.14132701 6.84244765 -6.40824168 5.53916935 -4.73587069 3.91776822 -3.63662521 2.64045763 -3.12474762 
2.72187277 13.22296689 -8.28078625 5.80097079 -4.36350407 3.04941117 -2.72645516 2.05652523 -1.51064093 0.98361573 -1.01238362 0.33193425 -1.13020298 
2.72853388 13.32815068 -8.40859026 5.93468790 -4.49297362 3.16917183 -2.83363601 2.15010324 -1.59075365 1.05121761 -1.06863803 0.37816135 -1.16759320 
2.73710314 13.24699487 -8.30989127 5.83133141 -4.39281438 3.07644757 -2.75058587 2.07753804 -1.52858468 0.99872184 -1.02492667 0.34222115 -1.13850772 
2.74372202 13.35128520 -8.43683749 5.96438137 -4.52185606 3.19600586 -2.85775358 2.17124639 -1.60892576 1.06660779 -1.08148829 0.38875352 -1.17618564 
2.46317974 15.60999040 -11.43672330 9.39054849 -8.14132701 6.84244765 -6.40824168 5.53916935 -4.73587069 3.91776822 -3.63662521 2.64045763 -3.12474762 
2.46317974 15.60999040 -11.43672330 9.39054849 -8.14132701 6.84244765 -6.40824168 5.53916935 -4.73587069 3.91776822 -3.63662521 2.64045763 -3.12474762 
2.46317974 15.60999040 -11.43672330 9.39054849 -8.14132701 6.84244765 -6.40824168 5.53916935 -4.73587069 3.91776822 -3.63662521 2.64045763 -3.12474762 
2.46317974 15.60999040 -11.43672330 9.39054849 -8.14132701 6.84244765 -6.40824168 5.53916935 -4.73587069 3.91776822 -3.63662521 2.64045763 -3.12474762 
2.46317974 15.60999040 -11.43672330 9.39054849 -8.14132701 6.84244765 -6.40824168 5.53916935 -4.73587069 3.91776822 -3.63662521 2.64045763 -3.12474762 
2.17596494 12.22875873 -7.12308707 4.63784763 -3.28054678 2.08396046 -1.89237459 1.35237934 -0.92672386 0.50488071 -0.62431772 0.02028845 -0.88354083 
2.16425751 12.32960865 -7.23639464 4.74777523 -3.37942027 2.16922333 -1.96368522 1.41071581 -0.97365385 0.54231328 -0.65390998 0.04354594 -0.90157420 
2.44555848 15.60999040 -11.43672330 9.39054849 -8.14132701 6.84244765 -6.40824168 5.53916935 -4.73587069 3.91776822 -3.63662521 2.64045763 -3.12474762 
2.15590500 12.18697060 -7.07640868 4.59281428 -3.24026246 2.04940051 -1.86361309 1.32896209 -0.90797016 0.48998144 -0.61258032 0.01108994 -0.87642765 
2.14406480 12.28851158 -7.19010899 4.70276559 -3.33884482 2.13415840 -1.93429797 1.38662808 -0.95423991 0.52680289 -0.64163053 0.03388371 -0.89407398 
2.42778059 15.60999040 -11.43672330 9.39054849 -8.14132701 6.84244765 -6.40824168 5.53916935 -4.73587069 3.91776822 -3.63662521 2.64045763 -3.12474762 
2.13564796 12.14436916 -7.02898558 4.54721405 -3.19960288 2.01462504 -1.83475700 1.30553355 -0.88925721 0.47514905 -0.60091947 0.00196645 -0.86938340 
1.70851036 15.59902381 -11.42099757 9.37126285 -8.11954357 6.81909108 -6.38412986 5.51500883 -4.71226064 3.89520007 -3.61549817 2.62107805 -3.10733991 
1.68276000 15.59873877 -11.42058898 9.37076193 -8.11897796 6.81848481 -6.38350417 5.51438205 -4.71164830 3.89461490 -3.61495049 2.62057579 -3.10688884 
1.65667378 15.59844249 -11.42016427 9.37024127 -8.11839007 6.81785466 -6.38285385 5.51373061 -4.71101187 3.89400672 -3.61438129 2.62005378 -3.10642006 
2.06125433 12.11580472 -6.99728074 4.51681335 -3.17257012 1.99156403 -1.81566875 1.29007224 -0.87693557 0.46540168 -0.59326947 -0.00401072 -0.86477438 
2.35504530 15.60999040 -11.43672330 9.39054849 -8.14132701 6.84244765 -6.40824168 5.53916935 -4.73587069 3.91776822 -3.63662521 2.64045763 -3.12474762 
2.05257165 11.96536558 -6.83152714 4.35899832 -3.03320187 1.87344025 -1.71849901 1.21182905 -0.81492834 0.41658575 -0.55511846 -0.03372051 -0.84193635 
2.04002158 12.07042837 -6.94706836 4.46880686 -3.13000345 1.95534879 -1.78576947 1.26591349 -0.85772740 0.45023721 -0.58138901 -0.01328026 -0.85763602 
2.33644051 15.60999040 -11.43672330 9.39054849 -8.14132701 6.84244765 -6.40824168 5.53916935 -4.73587069 3.91776822 -3.63662521 2.64045763 -3.12474762 
2.03127027 11.91834131 -6.78013789 4.31045436 -2.99066070 1.83764425 -1.68925685 1.18843814 -0.79650720 0.40216174 -0.54389848 -0.04242621 -0.83526714 
2.01856830 12.02412095 -6.89601879 4.42017700 -3.08703658 1.91891491 -1.75578577 1.24176032 -0.83857908 0.43515778 -0.56960092 -0.02246195 -0.85057673 
2.31766103 15.60999040 -11.43672330 9.39054849 -8.14132701 6.84244765 -6.40824168 5.53916935 -4.73587069 3.91776822 -3.63662521 2.64045763 -3.12474762 
2.00974746 11.87035481 -6.72790410 4.26130002 -2.94774409 1.80165796 -1.65995707 1.16507532 -0.77816323 0.38783491 -0.53277861 -0.05103977 -0.82867892 
1.99689001 11.97685512 -6.84411372 4.37091582 -3.04366949 1.88226703 -1.72572448 1.21761999 -0.81949731 0.42016896 -0.55790953 -0.03155264 -0.84359873 
1.98799875 11.82137785 -6.67480771 4.21152819 -2.90445305 1.76548687 -1.63060703 1.14174808 -0.75990311 0.37361063 -0.52176293 -0.05955833 -0.82217361 
1.52088129 15.59676994 -11.41776696 9.36730249 -8.11507199 6.81429829 -6.37918380 5.51005440 -4.70742060 3.89057497 -3.61116960 2.61710854 -3.10377516 
1.95283991 11.87933351 -6.73766161 4.27046789 -2.95573632 1.80834996 -1.66539817 1.16940823 -0.78156113 0.39048591 -0.53483434 -0.04944847 -0.82989526 
2.26024082 15.60999040 -11.43672330 9.39054849 -8.14132701 6.84244765 -6.40824168 5.53916935 -4.73587069 3.91776822 -3.63662521 2.64045763 -3.12474762 
1.94380509 11.72033407 -6.56595264 4.11010430 -2.81675367 1.69261445 -1.57178737 1.09523160 -0.72366208 0.34549179 -0.50006055 -0.07629913 -0.80941936 
1.93045849 11.82901751 -6.68307562 4.21926551 -2.91117196 1.77109218 -1.63514868 1.14535276 -0.76272109 0.37580334 -0.52345941 -0.05824735 -0.82317409 
1.92135052 11.66820508 -6.51015563 4.05843860 -2.77234931 1.65592631 -1.54233434 1.07205869 -0.70569541 0.33160843 -0.48938211 -0.08451573 -0.80317411 
1.90783286 11.77762256 -6.62755623 4.16740059 -2.86621089 1.73364330 -1.60485267 1.12134203 -0.74397633 0.36123470 -0.51219890 -0.06694272 -0.81654276 
1.89865082 11.61496117 -6.45341931 4.00612823 -2.72757854 1.61907981 -1.51286423 1.04895404 -0.68784108 0.31785004 -0.47882437 -0.09262611 -0.79701916 
1.88495784 11.72511543 -6.57108277 4.11486557 -2.82085499 1.69601021 -1.57451894 1.09738482 -0.72533453 0.34678607 -0.50105731 -0.07553148 -0.81000333 
1.87570082 11.56056803 -6.39572338 3.95316679 -2.68244449 1.58208279 -1.48338638 1.02592653 -0.67010665 0.30422243 -0.46839147 -0.10062752 -0.79095626 
1.86182811 11.67146156 -6.51363404 4.06165306 -2.77510663 1.65820035 -1.54415676 1.07349017 -0.70680357 0.33246362 -0.49003918 -0.08401055 -0.80355781 
1.85249518 11.50498996 -6.33704708 3.89954805 -2.63695080 1.54494362 -1.45391054 1.00298536 -0.65249984 0.29073145 -0.45808758 -0.10851726 -0.78498708 
1.83843819 11.61662493 -6.45518832 4.00775581 -2.72896866 1.62022169 -1.51377585 1.04966750 -0.68839152 0.31827363 -0.47914905 -0.09237689 -0.79720815 
2.16071780 15.60999040 -11.43672330 9.39054849 -8.14132701 6.84244765 -6.40824168 5.53916935 -4.73587069 3.91776822 -3.63662521 2.64045763 -3.12474762 
2.16071780 15.60999040 -11.43672330 9.39054849 -8.14132701 6.84244765 -6.40824168 5.53916935 -4.73587069 3.91776822 -3.63662521 2.64045763 -3.12474762 
2.16071780 15.60999040 -11.43672330 9.39054849 -8.14132701 6.84244765 -6.40824168 5.53916935 -4.73587069 3.91776822 -3.63662521 2.64045763 -3.12474762 
2.16071780 15.60999040 -11.43672330 9.39054849 -8.14132701 6.84244765 -6.40824168 5.53916935 -4.73587069 3.91776822 -3.63662521 2.64045763 -3.12474762 
1.82902841 11.44818979 -6.27736914 3.84526606 -2.59110164 1.50767123 -1.42444692 0.98014001 -0.63502854 0.27738303 -0.44791684 -0.11629270 -0.77911324 
1.81478240 11.56056803 -6.39572338 3.95316679 -2.68244449 1.58208279 -1.48338638 1.02592653 -0.67010665 0.30422243 -0.46839147 -0.10062752 -0.79095626 
2.14020480 15.60999040 -11.43672330 9.39054849 -8.14132701 6.84244765 -6.40824168 5.53916935 -4.73587069 3.91776822 -3.63662521 2.64045763 -3.12474762 
2.14020480 15.60999040 -11.43672330 9.39054849 -8.14132701 6.84244765 -6.40824168 5.53916935 -4.73587069 3.91776822 -3.63662521 2.64045763 -3.12474762 
2.14020480 15.60999040 -11.43672330 9.39054849 -8.14132701 6.84244765 -6.40824168 5.53916935 -4.73587069 3.91776822 -3.63662521 2.64045763 -3.12474762 
2.14020480 15.60999040 -11.43672330 9.39054849 -8.14132701 6.84244765 -6.40824168 5.53916935 -4.73587069 3.91776822 -3.63662521 2.64045763 -3.12474762 
2.14020480 15.60999040 -11.43672330 9.39054849 -8.14132701 6.84244765 -6.40824168 5.53916935 -4.73587069 3.91776822 -3.63662521 2.64045763 -3.12474762 
1.80529486 11.39012878 -6.21666786 3.79031512 -2.54490181 1.47027515 -1.39500618 0.95740026 -0.61770079 0.26418311 -0.43788337 -0.12395124 -0.77333629 
1.79085493 11.50325176 -6.33521649 3.89787919 -2.63553808 1.54379281 -1.45299906 1.00227732 -0.65195742 0.29031645 -0.45777101 -0.10875946 -0.78480398 
1.78128870 11.33076658 -6.15492105 3.73468983 -2.49835668 1.43276553 -1.36559948 0.93477621 -0.60052479 0.25113772 -0.42799127 -0.13149037 -0.76765771 
1.76664974 11.44463537 -6.27364434 3.84188650 -2.58825405 1.50536156 -1.42262506 0.97873026 -0.63395247 0.27656217 -0.44729219 -0.11676984 -0.77875308 
2.09853663 15.60999040 -11.43672330 9.39054849 -8.14132701 6.84244765 -6.40824168 5.53916935 -4.73587069 3.91776822 -3.63662521 2.64045763 -3.12474762 
2.09853663 15.60999040 -11.43672330 9.39054849 -8.14132701 6.84244765 -6.40824168 5.53916935 -4.73587069 3.91776822 -3.63662521 2.64045763 -3.12474762 
2.09853663 15.60999040 -11.43672330 9.39054849 -8.14132701 6.84244765 -6.40824168 5.53916935 -4.73587069 3.91776822 -3.63662521 2.64045763 -3.12474762 
1.75700390 11.27006110 -6.09210602 3.67838513 -2.45147234 1.39515316 -1.33623845 0.91227823 -0.58350890 0.23825289 -0.41824462 -0.13890763 -0.76207890 
1.74216063 11.38467634 -6.21098313 3.78518247 -2.54059763 1.46679950 -1.39227612 0.95529610 -0.61610063 0.26296612 -0.43695953 -0.12465582 -0.77280525 
2.07737241 15.60999040 -11.43672330 9.39054849 -8.14132701 6.84244765 -6.40824168 5.53916935 -4.73587069 3.91776822 -3.63662521 2.64045763 -3.12474762 
2.07737241 15.60999040 -11.43672330 9.39054849 -8.14132701 6.84244765 -6.40824168 5.53916935 -4.73587069 3.91776822 -3.63662521 2.64045763 -3.12474762 
2.07737241 15.60999040 -11.43672330 9.39054849 -8.14132701 6.84244765 -6.40824168 5.53916935 -4.73587069 3.91776822 -3.63662521 2.64045763 -3.12474762 
2.07737241 15.60999040 -11.43672330 9.39054849 -8.14132701 6.84244765 -6.40824168 5.53916935 -4.73587069 3.91776822 -3.63662521 2.64045763 -3.12474762 
2.07737241 15.60999040 -11.43672330 9.39054849 -8.14132701 6.84244765 -6.40824168 5.53916935 -4.73587069 3.91776822 -3.63662521 2.64045763 -3.12474762 
2.07737241 15.60999040 -11.43672330 9.39054849 -8.14132701 6.84244765 -6.40824168 5.53916935 -4.73587069 3.91776822 -3.63662521 2.64045763 -3.12474762 
2.42625590 12.71782491 -7.68124071 5.18764993 -3.78250968 2.52304384 -2.26471790 1.66106419 -1.17824042 0.70779725 -0.78638497 0.14876313 -0.98397273 
2.43377256 12.84150371 -7.82586165 5.33346552 -3.91868503 2.64473762 -2.37005603 1.75012426 -1.25217275 0.76844723 -0.83555844 0.18824639 -1.01521278 
2.09853663 15.60999040 -11.43672330 9.39054849 -8.14132701 6.84244765 -6.40824168 5.53916935 -4.73587069 3.91776822 -3.63662521 2.64045763 -3.12474762 
2.09853663 15.60999040 -11.43672330 9.39054849 -8.14132701 6.84244765 -6.40824168 5.53916935 -4.73587069 3.91776822 -3.63662521 2.64045763 -3.12474762 
2.09853663 15.60999040 -11.43672330 9.39054849 -8.14132701 6.84244765 -6.40824168 5.53916935 -4.73587069 3.91776822 -3.63662521 2.64045763 -3.12474762 
2.09853663 15.60999040 -11.43672330 9.39054849 -8.14132701 6.84244765 -6.40824168 5.53916935 -4.73587069 3.91776822 -3.63662521 2.64045763 -3.12474762 
2.44385151 12.75002427 -7.71875704 5.22534487 -3.81759302 2.55429471 -2.29168392 1.68379433 -1.19705511 0.72319130 -0.79883621 0.15873983 -0.99185088 
2.45131541 12.87253886 -7.86237247 5.37049346 -3.95346233 2.67598529 -2.39724570 1.77322796 -1.27144426 0.78432545 -0.84848330 0.19866032 -1.02347965 
1.78128870 11.33076658 -6.15492105 3.73468983 -2.49835668 1.43276553 -1.36559948 0.93477621 -0.60052479 0.25113772 -0.42799127 -0.13149037 -0.76765771 
1.76664974 11.44463537 -6.27364434 3.84188650 -2.58825405 1.50536156 -1.42262506 0.97873026 -0.63395247 0.27656217 -0.44729219 -0.11676984 -0.77875308 
1.75700390 11.27006110 -6.09210602 3.67838513 -2.45147234 1.39515316 -1.33623845 0.91227823 -0.58350890 0.23825289 -0.41824462 -0.13890763 -0.76207890 
1.74216063 11.38467634 -6.21098313 3.78518247 -2.54059763 1.46679950 -1.39227612 0.95529610 -0.61610063 0.26296612 -0.43695953 -0.12465582 -0.77280525 
2.07737241 15.60999040 -11.43672330 9.39054849 -8.14132701 6.84244765 -6.40824168 5.53916935 -4.73587069 3.91776822 -3.63662521 2.64045763 -3.12474762 
2.42625590 12.71782491 -7.68124071 5.18764993 -3.78250968 2.52304384 -2.26471790 1.66106419 -1.17824042 0.70779725 -0.78638497 0.14876313 -0.98397273 
2.43377256 12.84150371 -7.82586165 5.33346552 -3.91868503 2.64473762 -2.37005603 1.75012426 -1.25217275 0.76844723 -0.83555844 0.18824639 -1.01521278 
2.44385151 12.75002427 -7.71875704 5.22534487 -3.81759302 2.55429471 -2.29168392 1.68379433 -1.19705511 0.72319130 -0.79883621 0.15873983 -0.99185088 
2.45131541 12.87253886 -7.86237247 5.37049346 -3.95346233 2.67598529 -2.39724570 1.77322796 -1.27144426 0.78432545 -0.84848330 0.19866032 -1.02347965 
2.11947923 15.60999040 -11.43672330 9.39054849 -8.14132701 6.84244765 -6.40824168 5.53916935 -4.73587069 3.91776822 -3.63662521 2.64045763 -3.12474762 
2.46129705 12.78167478 -7.75572665 5.26258059 -3.85233098 2.58530765 -2.31850285 1.70644773 -1.21584374 0.73859184 -0.81131320 0.16875148 -0.99976736 
2.46870887 12.90304323 -7.89834520 5.40706033 -3.98788435 2.70698051 -2.42427195 1.79623891 -1.29067527 0.80019802 -0.86142425 0.20910190 -1.03177955 
2.14020480 15.60999040 -11.43672330 9.39054849 -8.14132701 6.84244765 -6.40824168 5.53916935 -4.73587069 3.91776822 -3.63662521 2.64045763 -3.12474762 
2.47859501 12.81278949 -7.79216009 5.29936359 -3.88672629 2.61608260 -2.34517278 1.72902155 -1.23460311 0.75399576 -0.82381318 0.17879576 -1.00772028 
2.48595540 12.93302944 -7.93379034 5.44317291 -4.02195427 2.73772367 -2.45113332 1.81915455 -1.30986276 0.81606191 -0.87437854 0.21956878 -1.04011054 
2.49574780 12.84338103 -7.82806767 5.33570032 -3.92078174 2.64661961 -2.37169199 1.75151305 -1.25333012 0.76940003 -0.83633343 0.18887040 -1.01570783 
2.50305741 12.96250974 -7.96871817 5.47883792 -4.05567530 2.76821529 -2.47782846 1.84197247 -1.32900385 0.83191423 -0.88734348 0.23005867 -1.04847073 
2.18102255 15.60999040 -11.43672330 9.39054849 -8.14132701 6.84244765 -6.40824168 5.53916935 -4.73587069 3.91776822 -3.63662521 2.64045763 -3.12474762 
2.51275779 12.87346165 -7.86345943 5.37159714 -3.95450014 2.67691882 -2.39805887 1.77391965 -1.27202179 0.78480173 -0.84887131 0.19897318 -1.02372818 
2.52001726 12.99149599 -8.00313869 5.51406196 -4.08905066 2.79845597 -2.50435617 1.86469040 -1.34809576 0.84775214 -0.90031648 0.24056930 -1.05685826 
2.20112322 15.60999040 -11.43672330 9.39054849 -8.14132701 6.84244765 -6.40824168 5.53916935 -4.73587069 3.91776822 -3.63662521 2.64045763 -3.12474762 
2.52962728 12.90304323 -7.89834520 5.40706033 -3.98788435 2.70698051 -2.42427195 1.79623891 -1.29067527 0.80019802 -0.86142425 0.20910190 -1.03177955 
2.78398729 15.60624071 -11.43134512 9.38395139 -8.13387394 6.83445478 -6.39998881 5.53089833 -4.72778675 3.91003979 -3.62938920 2.63381919 -3.11878385 
2.79887549 15.60629606 -11.43142450 9.38404875 -8.13398391 6.83457270 -6.40011056 5.53102034 -4.72790599 3.91015378 -3.62949592 2.63391709 -3.11887179 
2.81365368 15.60635019 -11.43150213 9.38414396 -8.13409147 6.83468804 -6.40022964 5.53113967 -4.72802261 3.91026526 -3.62960029 2.63401283 -3.11895780 
2.58648010 13.10272519 -8.13593983 5.65067749 -4.21916090 2.91692456 -2.60877290 1.95452106 -1.42392028 0.91090680 -0.95223935 0.28277611 -1.09064550 
2.59574456 13.01660434 -8.03301688 5.54469953 -4.11813763 2.82486074 -2.52756120 1.88459775 -1.36485385 0.86167543 -0.91173737 0.24983408 -1.06426044 
2.84288646 15.60645495 -11.43165236 9.38432823 -8.13429962 6.83491125 -6.40046008 5.53137061 -4.72824830 3.91048101 -3.62980228 2.63419813 -3.11912426 
2.85734416 15.60650564 -11.43172506 9.38441739 -8.13440035 6.83501926 -6.40057160 5.53148236 -4.72835752 3.91058542 -3.62990003 2.63428780 -3.11920481 
2.87169811 15.60655524 -11.43179621 9.38450466 -8.13449893 6.83512497 -6.40068074 5.53159173 -4.72846440 3.91068760 -3.62999569 2.63437555 -3.11928364 
2.65084265 13.20690964 -8.26136593 5.78074260 -4.34400382 3.03144859 -2.71044451 2.04260128 -1.49876540 0.97362965 -1.00410071 0.32514773 -1.12472914 
2.65978499 13.12304283 -8.16032122 5.67588202 -4.24327989 2.93898559 -2.62830285 1.97139413 -1.43822042 0.92286187 -0.96210206 0.29081788 -1.09710187 
2.90010059 15.60665134 -11.43193402 9.38467369 -8.13468987 6.83532973 -6.40089214 5.53180358 -4.72867145 3.91088552 -3.63018099 2.63454554 -3.11943635 
2.68227627 13.25655225 -8.32148296 5.84343813 -4.40451640 3.08725421 -2.76024189 2.08595549 -1.53578016 1.00478522 -1.02996576 0.34635717 -1.14184934 
2.69106563 13.17378385 -8.22137751 5.73916624 -4.30399462 2.99465667 -2.67770439 2.01417331 -1.47455641 0.95330096 -0.98726106 0.31136651 -1.11362598 
2.69781273 13.28079216 -8.35092028 5.87422167 -4.43430707 3.11479746 -2.78488023 2.10745690 -1.55417939 1.02030463 -1.04287504 0.35696157 -1.15042363 
2.70652751 13.19856592 -8.25128409 5.77025081 -4.33389849 3.02214793 -2.70216127 2.03540328 -1.49263097 0.96847483 -0.99982783 0.32164883 -1.12190859 
2.94196208 15.60678809 -11.43213015 9.38491425 -8.13496162 6.83562113 -6.40119300 5.53210508 -4.72896611 3.91116721 -3.63044472 2.63478748 -3.11965368 
2.95572344 15.60683181 -11.43219285 9.38499116 -8.13504850 6.83571430 -6.40128920 5.53220148 -4.72906033 3.91125728 -3.63052904 2.63486483 -3.11972317 
2.74372202 13.35128520 -8.43683749 5.96438137 -4.52185606 3.19600586 -2.85775358 2.17124639 -1.60892576 1.06660779 -1.08148829 0.38875352 -1.17618564 
2.75222028 13.27065772 -8.33860625 5.86133781 -4.42183245 3.10325835 -2.77455327 2.09844069 -1.54646066 1.01379141 -1.03745522 0.35250793 -1.14682143 
2.75879744 13.37406681 -8.46470230 5.99372213 -4.55044229 3.22260646 -2.88169778 2.19226846 -1.62701937 1.08195159 -1.09431550 0.39933847 -1.18478134 
2.76722586 13.29396312 -8.36693813 5.89099508 -4.45056128 3.12984477 -2.79835730 2.11923222 -1.56426742 1.02882278 -1.04996761 0.36279305 -1.15514276 
2.77376178 13.39650291 -8.49219158 6.02271536 -4.57873554 3.24897516 -2.90546884 2.21316875 -1.64503321 1.09724750 -1.10711809 0.40991469 -1.19337897 
2.49796323 15.60999040 -11.43672330 9.39054849 -8.14132701 6.84244765 -6.40824168 5.53916935 -4.73587069 3.91776822 -3.63662521 2.64045763 -3.12474762 
2.49796323 15.60999040 -11.43672330 9.39054849 -8.14132701 6.84244765 -6.40824168 5.53916935 -4.73587069 3.91776822 -3.63662521 2.64045763 -3.12474762 
2.49796323 15.60999040 -11.43672330 9.39054849 -8.14132701 6.84244765 -6.40824168 5.53916935 -4.73587069 3.91776822 -3.63662521 2.64045763 -3.12474762 
2.49796323 15.60999040 -11.43672330 9.39054849 -8.14132701 6.84244765 -6.40824168 5.53916935 -4.73587069 3.91776822 -3.63662521 2.64045763 -3.12474762 
2.49796323 15.60999040 -11.43672330 9.39054849 -8.14132701 6.84244765 -6.40824168 5.53916935 -4.73587069 3.91776822 -3.63662521 2.64045763 -3.12474762 
2.49796323 15.60999040 -11.43672330 9.39054849 -8.14132701 6.84244765 -6.40824168 5.53916935 -4.73587069 3.91776822 -3.63662521 2.64045763 -3.12474762 
2.78212146 13.31691852 -8.39489371 5.92030820 -4.47900388 3.15620814 -2.82199796 2.13991174 -1.58200355 1.04381432 -1.06246221 0.37307500 -1.16347038 
2.78861663 13.41860073 -8.51931205 6.05136616 -4.60673903 3.27511354 -2.92906702 2.23394661 -1.66296606 1.11249402 -1.11989451 0.42048075 -1.20197721 
2.79690867 13.33953117 -8.42247962 5.94928210 -4.50716323 3.18234977 -2.84547529 2.16047846 -1.59966771 1.05876449 -1.07493743 0.38335232 -1.17180300 
3.24319847 13.87221189 -9.08607149 6.66058066 -5.21240519 3.84978658 -3.45624815 2.70538228 -2.07599878 1.46862649 -1.42230443 0.67364395 -1.41041659 
3.25913725 14.10433759 -9.38354398 6.98822591 -5.54595743 4.17354102 -3.75984913 2.98270337 -2.32397027 1.68656028 -1.61071686 0.83401861 -1.54457285 
3.27833972 13.91518241 -9.14075738 6.72040984 -5.27291392 3.90814686 -3.51063893 2.75476828 -2.11990330 1.50700239 -1.45531060 0.70160286 -1.43369643 
3.29403410 14.14239959 -9.43280437 7.04299957 -5.60223493 4.22865053 -3.81197255 3.03071043 -2.36723952 1.72487398 -1.64407562 0.86260109 -1.56863373 
2.88966258 13.56438004 -8.69936289 6.24274466 -4.79491640 3.45176960 -3.08944717 2.37592338 -1.78614121 1.21772619 -1.20847876 0.49404455 -1.26207872 
2.63134598 15.60999040 -11.43672330 9.39054849 -8.14132701 6.84244765 -6.40824168 5.53916935 -4.73587069 3.91776822 -3.63662521 2.64045763 -3.12474762 
2.63134598 15.60999040 -11.43672330 9.39054849 -8.14132701 6.84244765 -6.40824168 5.53916935 -4.73587069 3.91776822 -3.63662521 2.64045763 -3.12474762 
2.89750959 13.48879247 -8.60575864 6.14299852 -4.69659602 3.35925056 -3.00525998 2.30123207 -1.72120385 1.16213907 -1.16159958 0.45504880 -1.23016818 
2.90369529 13.58400917 -8.72375770 6.26882981 -4.82071520 3.47612443 -3.11167798 2.39570625 -1.80339057 1.23253184 -1.22099672 0.50448167 -1.27063850 
2.91148253 13.50890208 -8.63060958 6.16942676 -4.72259526 3.38366953 -3.02743915 2.32087463 -1.73825210 1.17670928 -1.17386894 0.46524086 -1.23849747 
2.91763150 13.60335688 -8.74783789 6.29461484 -4.84625223 3.50026395 -3.13374045 2.41536360 -1.82055091 1.24727746 -1.23347693 0.51489733 -1.27918852 
2.92535985 13.52872616 -8.65514449 6.19555674 -4.74833746 3.40787988 -3.04945777 2.34039981 -1.75521921 1.19122670 -1.18610689 0.47541679 -1.24682137 
2.93147252 13.62242870 -8.77160886 6.32010405 -4.87153047 3.52418989 -3.15563527 2.43489536 -1.83762160 1.26196213 -1.24591835 0.52529044 -1.28772776 
3.18760729 11.38032656 -6.20644994 3.78109121 -2.53716811 1.46403115 -1.39010239 0.95362128 -0.61482736 0.26199799 -0.43622476 -0.12521613 -0.77238299 
3.53338662 15.60290875 -11.42656717 9.37809181 -8.12725543 6.82735827 -6.39266280 5.52355751 -4.72061315 3.90318274 -3.62297000 2.62793092 -3.11349470 
3.55382920 15.60305173 -11.42677218 9.37834321 -8.12753936 6.82766268 -6.39297703 5.52387235 -4.72092080 3.90347679 -3.62324525 2.62818340 -3.11372147 
3.57406494 15.60319043 -11.42697105 9.37858708 -8.12781479 6.82795798 -6.39328186 5.52417777 -4.72121924 3.90376205 -3.62351228 2.62842832 -3.11394147 
3.59409799 15.60332501 -11.42716403 9.37882372 -8.12808206 6.82824453 -6.39357766 5.52447415 -4.72150885 3.90403886 -3.62377140 2.62866600 -3.11415495 
3.61393238 15.60345564 -11.42735133 9.37905341 -8.12834148 6.82852267 -6.39386478 5.52476183 -4.72178996 3.90430756 -3.62402293 2.62889671 -3.11436218 
3.47058721 14.32331205 -9.66881141 7.30743920 -5.87597317 4.49864405 -4.06912917 3.26916992 -2.58357652 1.91762408 -1.81288707 1.00804169 -1.69171464 
3.29544669 15.60774094 -11.43349674 9.38659048 -8.13685525 6.83765183 -6.40328966 5.53420626 -4.73101968 3.91313040 -3.63228275 2.63647367 -3.12116845 
3.30698509 15.60776673 -11.43353373 9.38663585 -8.13690651 6.83770679 -6.40334641 5.53426313 -4.73107527 3.91318354 -3.63233251 2.63651931 -3.12120946 
3.31845730 15.60779207 -11.43357008 9.38668044 -8.13695689 6.83776082 -6.40340219 5.53431904 -4.73112991 3.91323578 -3.63238141 2.63656418 -3.12124977 
3.32986409 15.60781699 -11.43360582 9.38672428 -8.13700641 6.83781392 -6.40345703 5.53437399 -4.73118362 3.91328712 -3.63242949 2.63660828 -3.12128939 
3.15334936 13.90917577 -9.13310270 6.71202424 -5.26442224 3.89994663 -3.50298735 2.74781276 -2.11371293 1.50158589 -1.45064742 0.69764915 -1.43040151 
3.16014984 13.84245910 -9.04830836 6.61937251 -5.17083393 3.80978840 -3.41905811 2.67169108 -2.04611270 1.44255762 -1.39992686 0.65472264 -1.39468914 
3.53940690 14.20864446 -9.51886494 7.13904210 -5.70126599 4.32595866 -3.90431425 3.11603353 -2.44438086 1.79338082 -1.70388854 0.91398341 -1.61199540 
3.55338096 14.40170159 -9.77203347 7.42414010 -5.99783688 4.61985271 -4.18551671 3.37794616 -2.68301018 2.00685177 -1.89156386 1.07625788 -1.74979479 
3.74894219 12.54221742 -7.47830878 4.98535648 -3.59567537 2.35783064 -2.12315689 1.54254241 -1.08076402 0.62850321 -0.72258471 0.09787274 -0.94395808 
3.89566281 14.73251638 -10.21405806 7.93097234 -6.53440457 5.16064175 -4.71151237 3.87570544 -3.14352171 2.42484029 -2.26415120 1.40263230 -2.03041218 
3.76590076 15.60437530 -11.42867004 9.38067058 -8.13016804 6.83048108 -6.39588644 5.52678752 -4.72376945 3.90619964 -3.62579414 2.63052139 -3.11582151 
3.78410992 15.60447644 -11.42881508 9.38084845 -8.13036895 6.83069649 -6.39610882 5.52701035 -4.72398719 3.90640777 -3.62598899 2.63070011 -3.11598205 
3.65230239 14.49021843 -9.88929012 7.55747279 -6.13784904 4.75986318 -4.32066115 3.50489144 -2.79961772 2.11197327 -1.98466085 1.15730924 -1.81907455 
3.31938743 14.10149012 -9.37986423 6.98414017 -5.54176539 4.16944150 -3.75597679 2.97914136 -2.32076371 1.68372422 -1.60825027 0.83190734 -1.54279731 
2.90683557 13.50223088 -8.62236131 6.16065069 -4.71395755 3.37555313 -3.02006396 2.31434014 -1.73257833 1.17185836 -1.16978259 0.46184525 -1.23572159 
2.63404856 15.60563499 -11.43047646 9.38288599 -8.13267045 6.83316428 -6.39865648 5.52956322 -4.72648197 3.90879251 -3.62822150 2.63274801 -3.11782162 
2.88496333 13.55777349 -8.69116043 6.23398215 -4.78625811 3.44360317 -3.08199937 2.36930123 -1.78037175 1.21277781 -1.20429791 0.49056092 -1.25922346 
3.09049486 15.60999040 -11.43672330 9.39054849 -8.14132701 6.84244765 -6.40824168 5.53916935 -4.73587069 3.91776822 -3.63662521 2.64045763 -3.12474762 
3.50832627 12.11550524 -6.99694873 4.51649535 -3.17228767 1.99132333 -1.81546971 1.28991118 -0.87680734 0.46530031 -0.59318997 -0.00407280 -0.86472653 
3.66193221 14.49854418 -9.90035728 7.57009911 -6.15115069 4.77320591 -4.33357882 3.51706061 -2.81082710 2.12210520 -1.99365632 1.16515925 -1.82579956 
2.85056520 -4.09387835 -0.68693371 -0.20099428 -0.17067439 -0.24035523 -0.25884730 0.15439944 -0.10580381 -0.15503929 -0.15479262 -0.38487616 -0.58329279 
3.81123868 2.16704614 -0.38135489 0.05566050 -0.13835431 -0.16933943 -0.27353151 0.18334351 -0.09186492 -0.12775226 -0.14870636 -0.36065362 -0.59478240 
5.31822960 9.21106131 -4.15749954 2.09217685 -1.23683255 0.49000099 -0.67535736 0.43541088 -0.24192957 -0.01095904 -0.23454746 -0.27782313 -0.65855988 
5.85863956 15.14878700 -10.78502859 8.60230572 -7.26264434 5.91197864 -5.45902386 4.59871489 -3.82663198 3.05735179 -2.83873334 1.91500886 -2.47851626 
5.77479834 14.10214785 -9.38071414 6.98508378 -5.54273347 4.17038815 -3.75687092 2.97996378 -2.32150401 1.68437894 -1.60881967 0.83239469 -1.54320714 
4.99723483 6.19146121 -2.00272432 0.71672290 -0.40417899 -0.02375077 -0.35640834 0.23461369 -0.11582001 -0.10085871 -0.16817730 -0.33389932 -0.61547701 
2.92443851 -6.54875006 -1.74675179 -0.64177103 -0.35003345 -0.32854362 -0.29379228 0.12807583 -0.12729017 -0.17584585 -0.16933727 -0.39754959 -0.58511688 
3.53319896 4.32954658 -1.07549010 0.28817220 -0.21406717 -0.12364398 -0.30057173 0.20117095 -0.09806932 -0.11715263 -0.15544927 -0.34884851 -0.60368899 
4.55448697 12.36098594 -7.27183712 4.78233808 -3.41066406 2.19629438 -1.98642986 1.42940356 -0.98874992 0.55439827 -0.66349468 0.05109888 -0.90744525 
4.76875146 15.33000966 -11.03872683 8.90644513 -7.59878336 6.26501429 -5.81632941 4.95003200 -4.16381356 3.37422210 -3.13064840 2.17877514 -2.71209700 
4.07037171 4.45829225 -1.12978179 0.30987535 -0.22240493 -0.11927210 -0.30304807 0.20270492 -0.09878780 -0.11633337 -0.15606657 -0.34799995 -0.60435033 
4.21587808 -4.54188798 -0.84079065 -0.25393163 -0.18870493 -0.24963083 -0.26157471 0.15139186 -0.10850947 -0.15798344 -0.15670460 -0.38679445 -0.58322556 
