8.69532854 -0.98724404 -0.10517935 -0.03707402 -0.12599871 -0.20263780 -0.25713183 0.16873564 -0.09417864 -0.13974608 -0.14745959 -0.37327579 -0.58678229 
2.58766220 -7.98640678 -2.61397779 -1.11359521 -0.59345016 -0.45814113 -0.35934444 0.08783174 -0.15531228 -0.19814825 -0.18545153 -0.40966526 -0.59020671 
3.00264886 5.88893825 -1.83128322 0.62882874 -0.36139910 -0.04668233 -0.34354565 0.22700241 -0.11153794 -0.10436506 -0.16542407 -0.33681074 -0.61317109 
3.76821135 14.32478541 -9.67074615 7.30962077 -5.87824535 4.50089838 -4.07128859 3.27118340 -2.58541291 1.91926846 -1.81433406 1.00929390 -1.69277883 
3.93819377 15.59116401 -11.40973366 9.35745692 -8.10395799 6.80238852 -6.36689565 5.49774787 -4.69540041 3.87909058 -3.60042328 2.60725514 -3.09492777 
3.56966368 10.45527467 -5.28112333 2.97770286 -1.88829625 0.95766861 -1.00483312 0.66529471 -0.40143893 0.10303011 -0.31745178 -0.21506512 -0.70521386 
2.94196208 15.60678809 -11.43213015 9.38491425 -8.13496162 6.83562113 -6.40119300 5.53210508 -4.72896611 3.91116721 -3.63044472 2.63478748 -3.11965368 
3.18323706 13.79690581 -8.99065133 6.55662406 -5.10769786 3.74919381 -3.36285480 2.62089532 -2.00115609 1.40342671 -1.36640433 0.62643066 -1.37121479 
3.38412091 15.60177171 -11.42493692 9.37609278 -8.12499776 6.82493785 -6.39016440 5.52105433 -4.71816725 3.90084500 -3.62078173 2.62592382 -3.11169197 
3.40613881 15.60195023 -11.42519288 9.37640662 -8.12535220 6.82531783 -6.39055661 5.52144728 -4.71855121 3.90121197 -3.62112523 2.62623888 -3.11197494 
3.24736951 14.09132610 -9.36673560 6.96956976 -5.52682251 4.15483466 -3.74218518 2.96646006 -2.30935228 1.67363503 -1.59947848 0.82440159 -1.53648706 
3.04948955 15.60711426 -11.43259794 9.38548802 -8.13560980 6.83631621 -6.40191065 5.53282426 -4.72966899 3.91183914 -3.63107381 2.63536459 -3.12017212 
3.06253294 15.60715150 -11.43265134 9.38555352 -8.13568380 6.83639557 -6.40199258 5.53290637 -4.72974924 3.91191586 -3.63114563 2.63543048 -3.12023131 
3.07549181 15.60718802 -11.43270372 9.38561777 -8.13575637 6.83647340 -6.40207294 5.53298690 -4.72982794 3.91199110 -3.63121607 2.63549510 -3.12028936 
3.08836726 15.60722384 -11.43275509 9.38568078 -8.13582756 6.83654973 -6.40215175 5.53306589 -4.72990514 3.91206490 -3.63128517 2.63555849 -3.12034630 
3.31288022 13.95659351 -9.19362251 6.77842032 -5.33175471 3.96505775 -3.56382343 2.80318636 -2.16305671 1.54481196 -1.48790310 0.72926939 -1.45677917 
3.50232557 15.60268585 -11.42624758 9.37769991 -8.12681281 6.82688373 -6.39217297 5.52306673 -4.72013359 3.90272438 -3.62254094 2.62753737 -3.11314122 
3.35088620 14.20275452 -9.51119639 7.13046606 -5.69240497 4.31723465 -3.89601969 3.10835526 -2.43742653 1.78719452 -1.69847873 0.90932919 -1.60806209 
2.95887402 13.65976609 -8.81824405 6.37021200 -4.92132240 3.57140797 -3.19892488 2.47358193 -1.87149182 1.29114516 -1.27068076 0.54600495 -1.30477002 
2.96643084 13.58654016 -8.72690580 6.27219875 -4.82404976 3.47927471 -3.11455561 2.39826880 -1.80562646 1.23445218 -1.22262130 0.50583695 -1.27175058 
2.97243699 13.67804203 -8.84111849 6.39483903 -4.94584191 3.59470361 -3.22032119 2.49273677 -1.88829032 1.30564190 -1.28299985 0.55632438 -1.31327118 
2.72585175 15.60999040 -11.43672330 9.39054849 -8.14132701 6.84244765 -6.40824168 5.53916935 -4.73587069 3.91776822 -3.63662521 2.64045763 -3.12474762 
2.72585175 15.60999040 -11.43672330 9.39054849 -8.14132701 6.84244765 -6.40824168 5.53916935 -4.73587069 3.91776822 -3.63662521 2.64045763 -3.12474762 
2.72585175 15.60999040 -11.43672330 9.39054849 -8.14132701 6.84244765 -6.40824168 5.53916935 -4.73587069 3.91776822 -3.63662521 2.64045763 -3.12474762 
2.72585175 15.60999040 -11.43672330 9.39054849 -8.14132701 6.84244765 -6.40824168 5.53916935 -4.73587069 3.91776822 -3.63662521 2.64045763 -3.12474762 
2.97993828 13.60527638 -8.75022882 6.29717700 -4.84879165 3.50266613 -3.13593747 2.41732243 -1.82226202 1.24874868 -1.23472283 0.51593767 -1.28004294 
3.39124893 14.04757351 -9.31033240 6.90709075 -5.46286434 4.09242550 -3.68336035 2.91246093 -2.26083826 1.63080713 -1.56229608 0.79262826 -1.50980866 
3.90592181 12.78025246 -7.75406333 5.26090337 -3.85076452 2.58390768 -2.31729096 1.70542307 -1.21499309 0.73789399 -0.81074738 0.16829715 -0.99940788 
4.17529838 15.59511941 -11.41540145 9.36440299 -8.11179856 6.81079011 -6.37556379 5.50642862 -4.70387885 3.88719080 -3.60800266 2.61420451 -3.10116744 
4.08181737 14.89715582 -10.43791627 8.19197396 -6.81522217 5.44808848 -4.99531292 4.14817446 -3.39911869 2.65989762 -2.47629795 1.59065199 -2.19388345 
3.57251965 10.40374463 -5.23183910 2.93673161 -1.85658812 0.93388022 -0.98739545 0.65269159 -0.39241052 0.09646120 -0.31262716 -0.21869430 -0.70251905 
2.93040944 15.60999040 -11.43672330 9.39054849 -8.14132701 6.84244765 -6.40824168 5.53916935 -4.73587069 3.91776822 -3.63662521 2.64045763 -3.12474762 
2.93040944 15.60999040 -11.43672330 9.39054849 -8.14132701 6.84244765 -6.40824168 5.53916935 -4.73587069 3.91776822 -3.63662521 2.64045763 -3.12474762 
3.16014984 13.84245910 -9.04830836 6.61937251 -5.17083393 3.80978840 -3.41905811 2.67169108 -2.04611270 1.44255762 -1.39992686 0.65472264 -1.39468914 
3.16567276 13.92408554 -9.15210948 6.73285248 -5.28552047 3.92032675 -3.52200936 2.76510917 -2.12911075 1.51506221 -1.46225224 0.70749056 -1.43860484 
2.94425033 15.60999040 -11.43672330 9.39054849 -8.14132701 6.84244765 -6.40824168 5.53916935 -4.73587069 3.91776822 -3.63662521 2.64045763 -3.12474762 
2.94425033 15.60999040 -11.43672330 9.39054849 -8.14132701 6.84244765 -6.40824168 5.53916935 -4.73587069 3.91776822 -3.63662521 2.64045763 -3.12474762 
3.17242809 13.85777420 -9.06773638 6.64056200 -5.19219942 3.83033550 -3.43815372 2.68898233 -2.06144435 1.45592554 -1.41139746 0.66441809 -1.40274524 
3.17792144 13.93880205 -9.17089035 6.75345479 -5.30641122 3.94052632 -3.54088086 2.78228458 -2.14441449 1.52846741 -1.47380497 0.71729503 -1.44678313 
3.18463221 13.87289266 -9.08693652 6.66152562 -5.21335949 3.85070570 -3.45710358 2.70615797 -2.07668749 1.46922775 -1.42282097 0.67408105 -1.41078016 
3.19009630 13.95332871 -9.18944885 6.77383426 -5.32709688 3.96054700 -3.55960286 2.79933948 -2.15962420 1.54180127 -1.48530520 0.72706205 -1.45493587 
3.19676308 13.88781793 -9.10591231 6.68226644 -5.23431648 3.87090059 -3.47590861 2.72321836 -2.09184207 1.48246395 -1.43419694 0.68371098 -1.41879335 
3.38594208 15.60793544 -11.43377571 9.38693267 -8.13724183 6.83806640 -6.40371771 5.53463524 -4.73143896 3.91353123 -3.63265804 2.63681796 -3.12147775 
3.21422805 13.98182567 -9.22591263 6.81393686 -5.36786248 4.00005845 -3.59660253 2.83308975 -2.18976191 1.56825422 -1.50814669 0.74648188 -1.47116267 
3.22080853 13.91710223 -9.14320465 6.72309154 -5.27563029 3.91077069 -3.51308783 2.75699496 -2.12188550 1.50873718 -1.45680444 0.70286967 -1.43475236 
3.22618664 13.99580239 -9.24382464 6.83366595 -5.38794709 4.01955253 -3.61488228 2.84978615 -2.20469014 1.58137297 -1.51948724 0.75613381 -1.47923578 
2.79199155 13.33203126 -8.41332499 5.93966152 -4.49780807 3.17366045 -2.83766765 2.15363547 -1.59378773 1.05378579 -1.07078127 0.37992715 -1.16902498 
2.78367708 13.41127194 -8.51031246 6.04185363 -4.59743653 3.26642624 -2.92122015 2.22703430 -1.65699751 1.10741742 -1.11563870 0.41695995 -1.19911114 
2.77716838 13.30930516 -8.38561658 5.91057509 -4.46955463 3.14744505 -2.81413589 2.13303106 -1.57609944 1.03882166 -1.05829942 0.36964812 -1.16069389 
2.76878591 13.38906215 -8.48306979 6.01308925 -4.56933681 3.24021127 -2.89756437 2.20621556 -1.63903754 1.09215428 -1.10285339 0.40639034 -1.19051296 
2.76223630 13.28623391 -8.35753631 5.88114781 -4.44101696 3.12100748 -2.79044078 2.11231411 -1.55833962 1.02381667 -1.04579871 0.35936495 -1.15236822 
2.46612076 15.60483990 -11.42933627 9.38148764 -8.13109092 6.83147061 -6.39690798 5.52781113 -4.72476974 3.90715579 -3.62668924 2.63134245 -3.11655904 
2.73867191 13.34361328 -8.42746458 5.95452299 -4.51226165 3.18708720 -2.84973366 2.16421209 -1.60287705 1.06148280 -1.07720735 0.38522352 -1.17332106 
2.95799609 15.60999040 -11.43672330 9.39054849 -8.14132701 6.84244765 -6.40824168 5.53916935 -4.73587069 3.91776822 -3.63662521 2.64045763 -3.12474762 
3.18463221 13.87289266 -9.08693652 6.66152562 -5.21335949 3.85070570 -3.45710358 2.70615797 -2.07668749 1.46922775 -1.42282097 0.67408105 -1.41078016 
3.37485157 15.60791254 -11.43374286 9.38689237 -8.13719631 6.83801758 -6.40366730 5.53458473 -4.73138959 3.91348403 -3.63261385 2.63677742 -3.12144133 
3.20219822 13.96766883 -9.20778848 6.79399395 -5.34757985 3.98039049 -3.57817640 2.81627437 -2.17473997 1.55506360 -1.49675256 0.73679115 -1.46306255 
3.20882157 13.90255336 -9.12466722 6.70278742 -5.25507265 3.89092174 -3.49456972 2.74016389 -2.10690807 1.49563385 -1.44552490 0.69330735 -1.42678426 
3.21422805 13.98182567 -9.22591263 6.81393686 -5.36786248 4.00005845 -3.59660253 2.83308975 -2.18976191 1.56825422 -1.50814669 0.74648188 -1.47116267 
2.99867546 15.60999040 -11.43672330 9.39054849 -8.14132701 6.84244765 -6.40824168 5.53916935 -4.73587069 3.91776822 -3.63662521 2.64045763 -3.12474762 
2.99867546 15.60999040 -11.43672330 9.39054849 -8.14132701 6.84244765 -6.40824168 5.53916935 -4.73587069 3.91776822 -3.63662521 2.64045763 -3.12474762 
2.99867546 15.60999040 -11.43672330 9.39054849 -8.14132701 6.84244765 -6.40824168 5.53916935 -4.73587069 3.91776822 -3.63662521 2.64045763 -3.12474762 
2.99867546 15.60999040 -11.43672330 9.39054849 -8.14132701 6.84244765 -6.40824168 5.53916935 -4.73587069 3.91776822 -3.63662521 2.64045763 -3.12474762 
2.99867546 15.60999040 -11.43672330 9.39054849 -8.14132701 6.84244765 -6.40824168 5.53916935 -4.73587069 3.91776822 -3.63662521 2.64045763 -3.12474762 
2.99867546 15.60999040 -11.43672330 9.39054849 -8.14132701 6.84244765 -6.40824168 5.53916935 -4.73587069 3.91776822 -3.63662521 2.64045763 -3.12474762 
2.99867546 15.60999040 -11.43672330 9.39054849 -8.14132701 6.84244765 -6.40824168 5.53916935 -4.73587069 3.91776822 -3.63662521 2.64045763 -3.12474762 
2.99867546 15.60999040 -11.43672330 9.39054849 -8.14132701 6.84244765 -6.40824168 5.53916935 -4.73587069 3.91776822 -3.63662521 2.64045763 -3.12474762 
3.22080853 13.91710223 -9.14320465 6.72309154 -5.27563029 3.91077069 -3.51308783 2.75699496 -2.12188550 1.50873718 -1.45680444 0.70286967 -1.43475236 
3.22618664 13.99580239 -9.24382464 6.83366595 -5.38794709 4.01955253 -3.61488228 2.84978615 -2.20469014 1.58137297 -1.51948724 0.75613381 -1.47923578 
3.01205343 15.60999040 -11.43672330 9.39054849 -8.14132701 6.84244765 -6.40824168 5.53916935 -4.73587069 3.91776822 -3.63662521 2.64045763 -3.12474762 
3.01205343 15.60999040 -11.43672330 9.39054849 -8.14132701 6.84244765 -6.40824168 5.53916935 -4.73587069 3.91776822 -3.63662521 2.64045763 -3.12474762 
3.23272480 13.93146773 -9.16152793 6.74318168 -5.29599163 3.93044900 -3.53146386 2.77371197 -2.13677438 1.52177371 -1.46803514 0.71239744 -1.44269715 
3.23807482 14.00960209 -9.26152781 6.85318413 -5.40783598 4.03887440 -3.63301670 2.86636411 -2.21952481 1.59441972 -1.53077392 0.76574653 -1.48728141 
3.24457118 13.94565302 -9.17964033 6.76306070 -5.31615888 3.94995821 -3.54969875 2.79031537 -2.15157476 1.53474322 -1.47921664 0.72189022 -1.45061813 
3.24989340 14.02322781 -9.27902532 6.87249425 -5.42753143 4.05802568 -3.65100683 2.88282418 -2.23426608 1.60739436 -1.54200644 0.77531966 -1.49529914 
3.03854389 15.60999040 -11.43672330 9.39054849 -8.14132701 6.84244765 -6.40824168 5.53916935 -4.73587069 3.91776822 -3.63662521 2.64045763 -3.12474762 
3.25634850 13.95966115 -9.19754505 6.78273142 -5.33613422 3.96929987 -3.56779345 2.80680559 -2.16628671 1.54764552 -1.49034858 0.73134755 -1.45851485 
3.44049051 15.60804446 -11.43393208 9.38712448 -8.13745853 6.83829879 -6.40395766 5.53487572 -4.73167399 3.91375593 -3.63286842 2.63701096 -3.12165114 
3.62920577 14.29958842 -9.63768705 7.27237477 -5.83948329 4.46247029 -4.03450566 3.23691116 -2.55417670 1.89131669 -1.78975289 0.98803410 -1.67472115 
3.49625822 12.21820809 -7.11128673 4.62644919 -3.27033819 2.07519263 -1.88506992 1.34642583 -0.92195132 0.50108581 -0.62132590 0.01794235 -0.88172556 
3.30278271 14.01398110 -9.26714923 6.85938587 -5.41415947 4.04502129 -3.63878919 2.87164413 -2.22425217 1.59857946 -1.53437424 0.76881426 -1.48985014 
3.30797003 14.08884823 -9.36353647 6.96602088 -5.52318448 4.15127993 -3.73883019 2.96337638 -2.30657843 1.67118346 -1.59734774 0.82257896 -1.53495519 
3.10327446 15.60999040 -11.43672330 9.39054849 -8.14132701 6.84244765 -6.40824168 5.53916935 -4.73587069 3.91776822 -3.63662521 2.64045763 -3.12474762 
3.31422630 14.02714715 -9.28406159 6.87805567 -5.43320724 4.06354788 -3.65619713 2.88757563 -2.23852360 1.61114351 -1.54525369 0.77808840 -1.49761900 
3.31938743 14.10149012 -9.37986423 6.98414017 -5.54176539 4.16944150 -3.75597679 2.97914136 -2.32076371 1.68372422 -1.60825027 0.83190734 -1.54279731 
3.32560538 14.04015308 -9.30078427 6.89653312 -5.45207572 4.08191594 -3.67347061 2.90339690 -2.25270739 1.62363961 -1.55608186 0.78732484 -1.50536110 
3.50404352 15.60816422 -11.43410384 9.38733517 -8.13769656 6.83855405 -6.40422123 5.53513987 -4.73193217 3.91400275 -3.63309952 2.63722297 -3.12184160 
3.34203019 14.12631287 -9.41196806 7.01981340 -5.57839433 4.20528792 -3.78986040 3.01033079 -2.34885920 1.70858872 -1.62988823 0.85043843 -1.55838981 
3.34817287 14.06569507 -9.33367178 6.93292097 -5.48928283 4.11818235 -3.70761797 2.93471085 -2.28081274 1.64842772 -1.57758346 0.80568335 -1.52076359 
3.52478687 15.60820169 -11.43415758 9.38740109 -8.13777103 6.83863393 -6.40430370 5.53522252 -4.73201295 3.91407998 -3.63317182 2.63728931 -3.12190120 
3.36442159 14.15053761 -9.44335442 7.05474937 -5.61432635 4.24050895 -3.82320490 3.04107044 -2.37658989 1.73316418 -1.65130253 0.86880034 -1.57385801 
3.37049077 14.09062749 -9.36583358 6.96856907 -5.52579662 4.15383220 -3.74123899 2.96559034 -2.30856990 1.67294352 -1.59887744 0.82388744 -1.53605491 
3.54531728 15.60823801 -11.43420969 9.38746501 -8.13784324 6.83871137 -6.40438366 5.53530266 -4.73209127 3.91415486 -3.63324193 2.63735363 -3.12195898 
3.55550399 15.60825577 -11.43423515 9.38749624 -8.13787853 6.83874920 -6.40442273 5.53534181 -4.73212954 3.91419145 -3.63327619 2.63738506 -3.12198722 
3.56563908 15.60827325 -11.43426022 9.38752700 -8.13791328 6.83878647 -6.40446121 5.53538038 -4.73216724 3.91422748 -3.63330993 2.63741601 -3.12201502 
3.57572308 15.60829047 -11.43428492 9.38755729 -8.13794750 6.83882318 -6.40449911 5.53541836 -4.73220436 3.91426297 -3.63334316 2.63744650 -3.12204241 
3.58575648 15.60830743 -11.43430925 9.38758713 -8.13798122 6.83885934 -6.40453644 5.53545578 -4.73224093 3.91429794 -3.63337590 2.63747653 -3.12206939 
3.43014142 14.21981300 -9.53341506 7.15532374 -5.71809842 4.34254005 -3.92008793 3.13064286 -2.45761945 1.80516296 -1.71419647 0.92285539 -1.61949618 
3.43600020 14.16195878 -9.45817122 7.07126245 -5.63133087 4.25719647 -3.83902125 3.05566722 -2.38977179 1.74485788 -1.66150170 0.87755347 -1.58123795 
3.77050852 14.43298089 -9.81338382 7.47106705 -6.04702022 4.66894468 -4.23281761 3.42230026 -2.72368416 2.04346114 -1.92393673 1.10440209 -1.77381876 
3.78309629 14.59902686 -10.03444408 7.72364700 -6.31349813 4.93662305 -4.49232556 3.66709852 -2.94946755 2.24779449 -2.10556467 1.26307914 -1.90990110 
3.79761660 14.45726043 -9.84554455 7.50763483 -6.08541755 4.70733918 -4.26987541 3.45710761 -2.75565501 2.07228106 -1.94945852 1.12662039 -1.79280910 
3.94929839 15.60531478 -11.43001726 9.38232281 -8.13203430 6.83248215 -6.39795226 5.52885754 -4.72579233 3.90813328 -3.62760434 2.63218188 -3.11731307 
3.96591870 15.60539174 -11.43012762 9.38245816 -8.13218718 6.83264608 -6.39812150 5.52902713 -4.72595807 3.90829171 -3.62775265 2.63231793 -3.11743528 
4.11930321 14.67313961 -10.13395599 7.83828053 -6.43540165 5.06001095 -4.61283130 3.78158462 -3.05578524 2.34463655 -2.19217602 1.33918461 -1.97553056 
4.25681623 15.60226277 -11.42564098 9.37695608 -8.12597274 6.82598309 -6.39124330 5.52213528 -4.71922345 3.90185448 -3.62172665 2.62679050 -3.11247039 
4.15977173 14.90361326 -10.44674886 8.20233087 -6.82642687 5.45961827 -5.00675445 4.15921303 -3.40952242 2.66950788 -2.48500811 1.59840221 -2.20064723 
3.91438847 14.69930459 -10.16921252 7.87903259 -6.47888100 5.10415896 -4.65608005 3.82279435 -3.09416342 2.37968834 -2.22360491 1.36686765 -1.99945778 
3.62514813 14.40992371 -9.78289391 7.43645542 -6.01073439 4.63271669 -4.19790243 3.38955216 -2.69364606 2.01641870 -1.90001857 1.08360403 -1.75606207 
3.63042651 14.35797269 -9.71438031 7.35888061 -5.92961120 4.55191809 -4.12021376 3.31685009 -2.62710546 1.95663754 -1.84724747 1.03780120 -1.71702585 
3.63490663 14.41885176 -9.79469404 7.44984421 -6.02476416 4.64671773 -4.21139015 3.40219733 -2.70524004 2.02685236 -1.90924339 1.09162268 -1.76290585 
3.46366677 15.60999040 -11.43672330 9.39054849 -8.14132701 6.84244765 -6.40824168 5.53916935 -4.73587069 3.91776822 -3.63662521 2.64045763 -3.12474762 
3.64015760 14.36718800 -9.72651493 7.37259982 -5.94393734 4.56616720 -4.13389606 3.32963755 -2.63879454 1.96712676 -1.85649629 1.04582024 -1.72385329 
3.79464062 15.60862455 -11.43476411 9.38814509 -8.13861158 6.83953537 -6.40523448 5.53615536 -4.73292470 3.91495165 -3.63398796 2.63803806 -3.12257386 
3.95301413 14.58865835 -10.02056374 7.70770328 -6.29659050 4.91955536 -4.47569980 3.65134290 -2.93487140 2.23452970 -2.09372704 1.25269874 -1.90096712 
4.22360927 14.74853893 -10.23573062 7.95611499 -6.56132528 5.18806981 -4.73847052 3.90147453 -3.16759379 2.44688985 -2.28397633 1.42013998 -2.04558209 
4.35456424 15.60298078 -11.42667046 9.37821847 -8.12739848 6.82751163 -6.39282112 5.52371613 -4.72076815 3.90333089 -3.62310868 2.62805812 -3.11360895 
4.37490288 15.60312160 -11.42687237 9.37846607 -8.12767812 6.82781145 -6.39313060 5.52402622 -4.72107115 3.90362050 -3.62337978 2.62830678 -3.11383230 
4.39503676 15.60325822 -11.42706826 9.37870629 -8.12794943 6.82810233 -6.39343087 5.52432707 -4.72136513 3.90390149 -3.62364281 2.62854805 -3.11404901 
4.41496999 15.60339081 -11.42725837 9.37893942 -8.12821273 6.82838463 -6.39372228 5.52461906 -4.72165045 3.90417420 -3.62389810 2.62878221 -3.11425933 
4.32523600 14.99556988 -10.57295820 8.35080509 -6.98756282 5.62593214 -5.17227893 4.31935889 -3.56086755 2.80967002 -2.61235280 1.71197329 -2.29998047 
4.22191258 15.60642918 -11.43161542 9.38428291 -8.13424844 6.83485636 -6.40040341 5.53131382 -4.72819280 3.91042796 -3.62975261 2.63415256 -3.11908332 
4.23642273 15.60648043 -11.43168891 9.38437305 -8.13435026 6.83496555 -6.40051614 5.53142678 -4.72830320 3.91053350 -3.62985142 2.63424320 -3.11916475 
4.13104109 14.84654690 -10.36882981 8.11111802 -6.72790780 5.35839866 -4.90646052 4.06259143 -3.31858409 2.58561562 -2.40906815 1.53091098 -2.14181211 
4.14312495 14.73232020 -10.21379285 7.93066485 -6.53407550 5.16030665 -4.71118317 3.87539091 -3.14322802 2.42457140 -2.26390954 1.40241897 -2.03022740 
4.27224413 15.60660380 -11.43186584 9.38459007 -8.13459541 6.83522843 -6.40078756 5.53169878 -4.72856902 3.91078761 -3.63008932 2.63446145 -3.11936080 
4.28639495 15.60665134 -11.43193402 9.38467369 -8.13468987 6.83532973 -6.40089214 5.53180358 -4.72867145 3.91088552 -3.63018099 2.63454554 -3.11943635 
4.18359181 14.87905087 -10.41317318 8.16298436 -6.78388428 5.41586578 -4.96336022 4.11736882 -3.37010433 2.63311324 -2.45203697 1.56907716 -2.17506490 
4.19534647 14.76868156 -10.26301069 7.98780150 -6.59529264 5.22271651 -4.77256093 3.93409574 -3.19809772 2.47485777 -2.30914573 1.44238639 -2.06487383 
4.09183102 13.29277043 -8.36548698 5.88947481 -4.44908744 3.12847980 -2.79713428 2.11816322 -1.56335126 1.02804893 -1.04932307 0.36226295 -1.15471366 
3.95410528 14.63612688 -10.08419346 7.78088416 -6.37429090 4.99808379 -4.55228233 3.72399754 -3.00225086 2.29582508 -2.14848005 1.30075491 -1.94236275 
4.08764137 15.60897134 -11.43526152 9.38875527 -8.13930095 6.84027470 -6.40599788 5.53692047 -4.73367253 3.91566661 -3.63465739 2.63865222 -3.12312561 
4.09541337 15.60897922 -11.43527283 9.38876914 -8.13931663 6.84029151 -6.40601525 5.53693787 -4.73368954 3.91568287 -3.63467262 2.63866619 -3.12313816 
4.23183324 14.79332760 -10.29644240 8.02669172 -6.63704304 5.26536151 -4.81457801 3.97435451 -3.23579074 2.50945823 -2.34031921 1.46996893 -2.08881726 
4.24201160 14.91379144 -10.46067876 8.21867382 -6.84411707 5.47783102 -5.02483674 4.17666677 -3.42597990 2.68471680 -2.49879822 1.61067728 -2.21136389 
4.12620283 15.60900987 -11.43531680 9.38882307 -8.13937756 6.84035686 -6.40608272 5.53700550 -4.73375564 3.91574607 -3.63473179 2.63872047 -3.12318694 
4.13382670 15.60901732 -11.43532748 9.38883617 -8.13939236 6.84037273 -6.40609911 5.53702192 -4.73377169 3.91576142 -3.63474616 2.63873366 -3.12319878 
4.01517767 14.72669834 -10.20619446 7.92185638 -6.52465089 5.15071105 -4.70175827 3.86638752 -3.13482276 2.41687686 -2.25699512 1.39631602 -2.02494202 
3.87561827 15.60999040 -11.43672330 9.39054849 -8.14132701 6.84244765 -6.40824168 5.53916935 -4.73587069 3.91776822 -3.63662521 2.64045763 -3.12474762 
3.73187620 14.45136678 -9.83773268 7.49874687 -6.07607918 4.69799599 -4.26085235 3.44862782 -2.74786211 2.06525266 -1.94323147 1.12119692 -1.78817158 
3.72687634 14.50036313 -9.90277603 7.57285958 -6.15405980 4.77612494 -4.33640576 3.51972454 -2.81328164 2.12432444 -1.99562714 1.16687955 -1.82727366 
4.01141363 14.67959361 -10.14264653 7.84831899 -6.44610500 5.07087216 -4.62346488 3.79171098 -3.06521054 2.35324036 -2.19988666 1.34597304 -1.98139533 
4.14142162 15.60902468 -11.43533803 9.38884913 -8.13940700 6.84038843 -6.40611531 5.53703816 -4.73378757 3.91577659 -3.63476037 2.63874670 -3.12321049 
4.02321879 14.73241223 -10.21391726 7.93080910 -6.53422987 5.16046385 -4.71133760 3.87553846 -3.14336579 2.42469753 -2.26402290 1.40251904 -2.03031408 
4.02749164 14.69149382 -10.15868094 7.86685188 -6.46587729 5.09094766 -4.64313062 3.81044879 -3.08266018 2.36917698 -2.21417559 1.35855852 -1.99227296 
4.03122784 14.73807250 -10.22157066 7.93968475 -6.54372992 5.17013974 -4.72084467 3.88462338 -3.15184991 2.43246663 -2.27100635 1.40868461 -2.03565508 
3.89285975 15.60999040 -11.43672330 9.39054849 -8.14132701 6.84244765 -6.40824168 5.53916935 -4.73587069 3.91776822 -3.63662521 2.64045763 -3.12474762 
3.89285975 15.60999040 -11.43672330 9.39054849 -8.14132701 6.84244765 -6.40824168 5.53916935 -4.73587069 3.91776822 -3.63662521 2.64045763 -3.12474762 
3.75034157 14.46773812 -9.85944056 7.52345391 -6.10204736 4.72398631 -4.28596035 3.47223154 -2.76956045 2.08482798 -1.96057964 1.13631025 -1.80109791 
3.57907314 15.60829615 -11.43429307 9.38756729 -8.13795880 6.83883529 -6.40451161 5.53543089 -4.73221661 3.91427469 -3.63335413 2.63745656 -3.12205145 
3.40220017 14.05996298 -9.32628588 6.92474327 -5.48091534 4.11002109 -3.69992871 2.92765530 -2.27447640 1.64283614 -1.57273068 0.80153791 -1.51728400 
2.79327688 10.14302244 -4.98612723 2.73530532 -1.70279868 0.81989572 -0.90477288 0.59358326 -0.35046346 0.06612464 -0.29043076 -0.23539603 -0.69012439 
1.73550109 10.61071163 -5.43122876 3.10364683 -1.98664460 1.03205500 -1.05977535 0.70528202 -0.43026942 0.12409793 -0.33297039 -0.20338808 -0.71389094 
1.03752786 15.14338165 -10.77750911 8.59334525 -7.25279835 5.90169491 -5.44867119 4.58858784 -3.81696006 3.04830471 -2.83043547 1.90754226 -2.47193019 
0.85030324 15.06067773 -10.66280321 8.45704772 -7.10344282 5.74610897 -5.29243807 4.43613046 -3.67169245 2.91272032 -2.70633782 1.79609514 -2.37380862 
1.31121743 10.95826341 -5.77470963 3.39829665 -2.22175288 1.21341843 -1.19622625 0.80630420 -0.50427004 0.17878523 -0.37357515 -0.17276836 -0.73670842 
1.61756759 15.42785752 -11.17698980 9.07366981 -7.78517653 6.46236501 -6.01762092 5.14942341 -4.35654133 3.55655448 -3.29968515 2.33242114 -2.84892572 
0.87015844 0.29984702 -0.11240484 -0.01333950 -0.12512857 -0.19031586 -0.26173861 0.17400032 -0.09206435 -0.13482489 -0.14693621 -0.36849454 -0.58948839 
0.81438431 -0.71313622 -0.09453314 -0.03190113 -0.12534945 -0.20003792 -0.25789243 0.16982620 -0.09360621 -0.13866350 -0.14723294 -0.37228073 -0.58729961 
2.81402397 6.90164460 -2.43692594 0.95502582 -0.52799432 0.04477928 -0.39553413 0.25787113 -0.12931755 -0.09045947 -0.17622897 -0.32595641 -0.62174905 
3.60784229 13.68357899 -8.84805479 6.40231317 -4.95328964 3.60178526 -3.22683053 2.49856857 -1.89340843 1.31006170 -1.28675812 0.55947446 -1.31586767 
4.42789821 10.53768688 -5.36043880 3.04403511 -1.93993038 0.99660994 -1.03351805 0.68611997 -0.41641923 0.11395971 -0.32549395 -0.20901473 -0.70970849 
5.11956460 13.06648992 -8.09255171 5.60591864 -4.17641748 2.87790477 -2.57429526 1.92478818 -1.39876542 0.88991091 -0.93494389 0.26869266 -1.07935289 
5.05737277 12.02647819 -6.89861271 4.42264367 -3.08921228 1.92075684 -1.75729928 1.24297773 -0.83954289 0.43591587 -0.57019292 -0.02200122 -0.85093069 
4.04800549 -6.45803451 -1.69814538 -0.61801780 -0.33897193 -0.32300392 -0.29124712 0.12969945 -0.12608417 -0.17479948 -0.16857722 -0.39695083 -0.58492928 
5.07173561 3.39897453 -0.72641610 0.16024395 -0.16879612 -0.14843876 -0.28620533 0.19201262 -0.09424011 -0.12230156 -0.15179201 -0.35442593 -0.59939719 
5.41366883 11.79253339 -6.64363899 4.18240258 -2.87919724 1.74444527 -1.61358015 1.12825042 -0.74936335 0.36541746 -0.51542918 -0.06444983 -0.81844281 
4.55074880 -10.61701786 -4.67417554 -2.54105475 -1.52301653 -1.05356520 -0.73094726 -0.15408377 -0.31900537 -0.31424856 -0.26688270 -0.46699991 -0.62528771 
5.14718573 6.96421621 -2.47731725 0.97828759 -0.54063967 0.05195794 -0.39969822 0.26036408 -0.13079267 -0.08936132 -0.17706862 -0.32516617 -0.62237050 
5.49796472 13.72429786 -8.89915229 6.45746432 -5.00833508 3.65420666 -3.27508829 2.54186668 -1.93146133 1.34296620 -1.31477242 0.58298224 -1.33526561 
4.61942155 4.15069552 -1.00248881 0.25972904 -0.20340541 -0.12928378 -0.29735752 0.19916363 -0.09715643 -0.11824136 -0.15464037 -0.34999339 -0.60279967 
1.73811727 -2.87318610 -0.35724221 -0.10263667 -0.14103843 -0.22215793 -0.25542919 0.16088176 -0.09997326 -0.14816539 -0.15078576 -0.38010258 -0.58410037 
0.13711748 5.96574277 -1.87404415 0.65040902 -0.37174556 -0.04117044 -0.34662869 0.22882712 -0.11255654 -0.10351756 -0.16609090 -0.33609414 -0.61373873 
0.10143362 4.84450432 -1.30139649 0.38145462 -0.25104936 -0.10438333 -0.31141031 0.20782027 -0.10128956 -0.11367159 -0.15810962 -0.34532014 -0.60644899 
-0.01855149 5.17991846 -1.46109208 0.45195373 -0.28082452 -0.08895411 -0.32000996 0.21300507 -0.10395220 -0.11106658 -0.16014411 -0.34280939 -0.60842594 
0.13127991 -9.52407529 -3.74370800 -1.84812807 -1.04179369 -0.72888983 -0.51800950 -0.01166974 -0.22165566 -0.24572623 -0.21891909 -0.43342743 -0.60370629 
-0.60812949 14.81642385 -10.32782423 8.06325583 -6.67635713 5.30557776 -4.85425911 4.01242782 -3.27148512 2.54226545 -2.36991253 1.49618296 -2.11159727 
1.49063770 4.70252085 -1.23677975 0.35398248 -0.23985612 -0.11018662 -0.30816146 0.20584332 -0.10030548 -0.11468835 -0.15732359 -0.34632991 -0.60565659 
2.50522393 12.33067013 -7.23759217 4.74894165 -3.38047347 2.17013487 -1.96445028 1.41134378 -0.97416065 0.54271865 -0.65423124 0.04379894 -0.90177075 
2.35529295 9.54668748 -4.44698109 2.31035000 -1.39039408 0.59596644 -0.74733634 0.48400238 -0.27462642 0.01205709 -0.25117836 -0.26508153 -0.66807183 
0.97891101 -5.81540987 -1.37458317 -0.46794260 -0.27230301 -0.29021975 -0.27685998 0.13924312 -0.11874289 -0.16817559 -0.16379204 -0.39308012 -0.58392238 
1.32363912 4.43103720 -1.11816674 0.30519335 -0.22059188 -0.12022053 -0.30251186 0.20237362 -0.09863121 -0.11650942 -0.15593336 -0.34818136 -0.60420880 
2.98159168 8.14856381 -3.30716739 1.49430164 -0.84293251 0.23259824 -0.50854804 0.32716209 -0.17169966 -0.06008573 -0.19890523 -0.30610145 -0.63717179 
3.49892632 15.58087518 -11.39499730 9.33940476 -8.08358948 6.78057107 -6.34439439 5.47522182 -4.67340674 3.85808471 -3.58077392 2.58924407 -3.07876034 
3.36854268 14.35205617 -9.70659372 7.35008183 -5.92042782 4.54278856 -4.11145155 3.30866470 -2.61962646 1.94992906 -1.84133465 1.03267649 -1.71266421 
2.81530234 10.64498343 -5.46461677 3.13189595 -2.00888366 1.04899967 -1.07237663 0.71451117 -0.43696231 0.12900834 -0.33659734 -0.20065759 -0.71592160 
1.89261088 11.74274349 -6.59001457 4.13245216 -2.83601736 1.70857459 -1.58463381 1.10536406 -0.73153654 0.35158857 -0.50475768 -0.07268059 -0.81217281 
1.90624494 11.63283511 -6.47243703 4.02363705 -2.74254266 1.63137910 -1.52268893 1.05664746 -0.69377958 0.32242193 -0.48232995 -0.08993462 -0.79906067 
1.91540218 11.79487611 -6.64616767 4.18476298 -2.88124189 1.74614708 -1.61495597 1.12934010 -0.75021353 0.36607788 -0.51593941 -0.06405596 -0.81874310 
1.39141725 -16.19560565 -11.09920804 -9.01760145 -7.64378761 -6.64197174 -5.71453006 -4.54130193 -4.13763075 -3.60271183 -3.06312310 -2.81450015 -2.56512242 
1.38107657 15.38246259 -11.11273352 8.99582622 -7.69827353 6.37021565 -5.92349699 5.05606051 -4.26618113 3.47096321 -3.22024324 2.26013388 -2.78448452 
1.02839783 9.94845339 -4.80672462 2.59126918 -1.59502766 0.74144988 -0.84885043 0.55417733 -0.32288518 0.04634690 -0.27603125 -0.24625001 -0.68206977 
0.79156023 -12.29198822 -6.30681864 -3.92451016 -2.61304032 -1.88058011 -1.34041475 -0.60123442 -0.64655417 -0.55463532 -0.44168305 -0.59311362 -0.71345229 
1.66547349 11.03525159 -5.85226587 3.46605133 -2.27677887 1.25655520 -1.22917371 0.83104024 -0.52262564 0.19248021 -0.38381548 -0.16502420 -0.74249713 
1.40267725 4.86776090 -1.31214971 0.38608625 -0.25295988 -0.10339361 -0.31196336 0.20815567 -0.10145841 -0.11350047 -0.15824246 -0.34515187 -0.60658121 
-0.55778178 15.50725263 -11.28983482 9.21090777 -7.93895633 6.62600576 -6.18533479 5.31632021 -4.51856906 3.71047787 -3.44294266 2.46311341 -2.96571691 
-0.63884064 15.49886981 -11.27789258 9.19635223 -7.92261222 6.60857904 -6.16744038 5.29848071 -4.50122016 3.69396996 -3.42755512 2.44905536 -2.95313712 
-0.72332252 15.48943018 -11.26445262 9.17998021 -7.90423804 6.58899752 -6.14734291 5.27845400 -4.48175261 3.67545365 -3.41030211 2.43329870 -2.93904213 
2.40564558 2.44719248 -0.44811326 0.07406356 -0.14311760 -0.16536005 -0.27596772 0.18507341 -0.09219390 -0.12660314 -0.14925783 -0.35933004 -0.59574148 
