10.06144438 -0.41111975 -0.09043887 -0.02654588 -0.12492671 -0.19717249 -0.25886853 0.17103978 -0.09305139 -0.13749677 -0.14705550 -0.37117277 -0.58790620 
1.72974086 -15.55006424 -10.20954178 -7.96761599 -6.50167276 -5.46174062 -4.53920326 -3.40326189 -3.06152290 -2.60644293 -2.15904466 -2.00984180 -1.86300535 
2.73801287 7.58204523 -2.89472513 1.22898750 -0.68255935 0.13468733 -0.44860000 0.28997439 -0.14862972 -0.07640046 -0.18684716 -0.31633492 -0.62927355 
3.82020008 10.97632519 -5.79285677 3.41411033 -2.23456415 1.22343890 -1.20386346 0.81202658 -0.50850850 0.18194307 -0.37593387 -0.17098549 -0.73804042 
4.30889573 14.80634132 -10.31411845 8.04727977 -6.65917227 5.28799144 -4.83690003 3.99576582 -3.25585855 2.52789792 -2.35694827 1.48469558 -2.10161181 
4.32523600 14.99556988 -10.57295820 8.35080509 -6.98756282 5.62593214 -5.17227893 4.31935889 -3.56086755 2.80967002 -2.61235280 1.71197329 -2.29998047 
4.22191258 15.60642918 -11.43161542 9.38428291 -8.13424844 6.83485636 -6.40040341 5.53131382 -4.72819280 3.91042796 -3.62975261 2.63415256 -3.11908332 
4.11577037 14.83687418 -10.35565323 8.09572766 -6.71132044 5.34139181 -4.88964284 4.04642073 -3.30339271 2.57162588 -2.39642561 1.51969264 -2.13204723 
3.99194243 15.60886903 -11.43511478 9.38857525 -8.13909758 6.84005658 -6.40577266 5.53669474 -4.73345190 3.91545567 -3.63445989 2.63847102 -3.12296283 
3.86464625 14.61385861 -10.05431708 7.74649378 -6.33774633 4.96112037 -4.51620706 3.68974709 -2.97046448 2.26688927 -2.12261609 1.27804062 -1.92278533 
3.71336718 15.60999040 -11.43672330 9.39054849 -8.14132701 6.84244765 -6.40824168 5.53916935 -4.73587069 3.91776822 -3.63662521 2.64045763 -3.12474762 
3.71336718 15.60999040 -11.43672330 9.39054849 -8.14132701 6.84244765 -6.40824168 5.53916935 -4.73587069 3.91776822 -3.63662521 2.64045763 -3.12474762 
3.86929324 14.56871843 -9.99389883 7.67710607 -6.26417594 4.88686542 -4.44388595 3.62122119 -2.90699058 2.20921274 -2.07115155 1.23291687 -1.88395362 
3.87331160 14.62066374 -10.06344224 7.75699213 -6.34889661 4.97239292 -4.52720353 3.70018253 -2.98014490 2.27569787 -2.13048643 1.28494994 -1.92873833 
3.87793729 14.57576034 -10.00331141 7.68790199 -6.27560821 4.89839008 -4.45509729 3.63183214 -2.91680850 2.21812470 -2.07909582 1.23987589 -1.88993696 
3.88193975 14.62740134 -10.07248117 7.76739606 -6.35995153 4.98357387 -4.53811517 3.71054163 -2.98975820 2.28444860 -2.13830778 1.29181849 -1.93465806 
3.73205890 15.60999040 -11.43672330 9.39054849 -8.14132701 6.84244765 -6.40824168 5.53916935 -4.73587069 3.91776822 -3.63662521 2.64045763 -3.12474762 
3.73205890 15.60999040 -11.43672330 9.39054849 -8.14132701 6.84244765 -6.40824168 5.53916935 -4.73587069 3.91776822 -3.63662521 2.64045763 -3.12474762 
3.57771791 14.30709041 -9.64752358 7.28345029 -5.85100275 4.47388394 -4.04542458 3.24707930 -2.56343927 1.89960123 -1.79703503 0.99432953 -1.68006613 
3.57228843 14.36061130 -9.71785397 7.36280699 -5.93371037 4.55599435 -4.12412707 3.32050673 -2.63044737 1.95963587 -1.84989078 1.04009266 -1.71897650 
3.72273488 15.60999040 -11.43672330 9.39054849 -8.14132701 6.84244765 -6.40824168 5.53916935 -4.73587069 3.91776822 -3.63662521 2.64045763 -3.12474762 
3.72273488 15.60999040 -11.43672330 9.39054849 -8.14132701 6.84244765 -6.40824168 5.53916935 -4.73587069 3.91776822 -3.63662521 2.64045763 -3.12474762 
3.72273488 15.60999040 -11.43672330 9.39054849 -8.14132701 6.84244765 -6.40824168 5.53916935 -4.73587069 3.91776822 -3.63662521 2.64045763 -3.12474762 
3.72273488 15.60999040 -11.43672330 9.39054849 -8.14132701 6.84244765 -6.40824168 5.53916935 -4.73587069 3.91776822 -3.63662521 2.64045763 -3.12474762 
3.56767962 14.29721297 -9.63457348 7.26887022 -5.83583949 4.45886112 -4.03105400 3.23369780 -2.55125037 1.88870006 -1.78745346 0.98604673 -1.67303422 
3.37855524 15.60792021 -11.43375387 9.38690588 -8.13721157 6.83803394 -6.40368420 5.53460166 -4.73140614 3.91349985 -3.63262866 2.63679100 -3.12145354 
3.36742358 15.60789705 -11.43372065 9.38686514 -8.13716554 6.83798458 -6.40363323 5.53455058 -4.73135621 3.91345213 -3.63258398 2.63675001 -3.12141671 
3.35622961 15.60787351 -11.43368688 9.38682371 -8.13711874 6.83793439 -6.40358141 5.53449864 -4.73130545 3.91340359 -3.63253854 2.63670832 -3.12137926 
3.34497263 15.60784956 -11.43365253 9.38678157 -8.13707114 6.83788334 -6.40352870 5.53444582 -4.73125382 3.91335424 -3.63249233 2.63666593 -3.12134118 
3.33365193 15.60782520 -11.43361759 9.38673872 -8.13702273 6.83783143 -6.40347510 5.53439210 -4.73120132 3.91330405 -3.63244533 2.63662282 -3.12130244 
3.32226680 15.60780043 -11.43358206 9.38669514 -8.13697349 6.83777862 -6.40342057 5.53433746 -4.73114791 3.91325299 -3.63239753 2.63657896 -3.12126305 
3.31081648 15.60777522 -11.43354591 9.38665080 -8.13692340 6.83772490 -6.40336511 5.53428188 -4.73109359 3.91320105 -3.63234890 2.63653435 -3.12122297 
3.29930023 15.60774958 -11.43350914 9.38660569 -8.13687244 6.83767025 -6.40330869 5.53422533 -4.73103832 3.91314821 -3.63229943 2.63648897 -3.12118220 
3.47981535 14.27039951 -9.59946541 7.22939354 -5.79483458 4.41828430 -3.99228367 3.19763622 -2.51843804 1.85938415 -1.76171115 0.96381391 -1.65417541 
3.63680280 15.60999040 -11.43672330 9.39054849 -8.14132701 6.84244765 -6.40824168 5.53916935 -4.73587069 3.91776822 -3.63662521 2.64045763 -3.12474762 
3.63680280 15.60999040 -11.43672330 9.39054849 -8.14132701 6.84244765 -6.40824168 5.53916935 -4.73587069 3.91776822 -3.63662521 2.64045763 -3.12474762 
3.79876966 14.50977722 -9.91529942 7.58715774 -6.16913342 4.79125546 -4.35106398 3.53354225 -2.82601739 2.13584276 -2.00585916 1.17581332 -1.83493093 
3.94231915 15.60881200 -11.43503298 9.38847491 -8.13898421 6.83993500 -6.40564712 5.53656892 -4.73332892 3.91533810 -3.63434980 2.63837002 -3.12287209 
3.95067567 15.60882180 -11.43504704 9.38849216 -8.13900369 6.83995589 -6.40566870 5.53659055 -4.73335006 3.91535831 -3.63436872 2.63838738 -3.12288769 
3.82075016 14.57878788 -10.00735962 7.69254675 -6.28052839 4.90335161 -4.45992543 3.63640309 -2.92103905 2.22196592 -2.08252084 1.24287686 -1.89251780 
3.82550666 14.53243765 -9.94547863 7.62165168 -6.20553697 4.82783388 -4.38653582 3.56701224 -2.85689516 2.16379336 -2.03070907 1.19752725 -1.85355621 
3.82960639 14.58594450 -10.01693240 7.70353397 -6.29217104 4.91509592 -4.47135757 3.64722952 -2.93106217 2.23106914 -2.09063984 1.24999244 -1.89863863 
3.83434059 14.53983982 -9.95534740 7.63294298 -6.21746526 4.83983096 -4.39818079 3.57800988 -2.86704982 2.17299290 -2.03889442 1.20468488 -1.85970001 
3.83842378 14.59302893 -10.02641340 7.71442114 -6.30371309 4.92674401 -4.48270102 3.65797652 -2.94101579 2.24011273 -2.09870863 1.25706645 -1.90472570 
3.68499791 15.60999040 -11.43672330 9.39054849 -8.14132701 6.84244765 -6.40824168 5.53916935 -4.73587069 3.91776822 -3.63662521 2.64045763 -3.12474762 
3.68499791 15.60999040 -11.43672330 9.39054849 -8.14132701 6.84244765 -6.40824168 5.53916935 -4.73587069 3.91776822 -3.63662521 2.64045763 -3.12474762 
3.68499791 15.60999040 -11.43672330 9.39054849 -8.14132701 6.84244765 -6.40824168 5.53916935 -4.73587069 3.91776822 -3.63662521 2.64045763 -3.12474762 
3.52701863 14.25658308 -9.58140145 7.20911047 -5.77379523 4.39749209 -3.97244259 3.17920425 -2.50168689 1.84443488 -1.74859827 0.95250013 -1.64458783 
3.33365193 15.60782520 -11.43361759 9.38673872 -8.13702273 6.83783143 -6.40347510 5.53439210 -4.73120132 3.91330405 -3.63244533 2.63662282 -3.12130244 
3.32226680 15.60780043 -11.43358206 9.38669514 -8.13697349 6.83777862 -6.40342057 5.53433746 -4.73114791 3.91325299 -3.63239753 2.63657896 -3.12126305 
3.31081648 15.60777522 -11.43354591 9.38665080 -8.13692340 6.83772490 -6.40336511 5.53428188 -4.73109359 3.91320105 -3.63234890 2.63653435 -3.12122297 
3.29930023 15.60774958 -11.43350914 9.38660569 -8.13687244 6.83767025 -6.40330869 5.53422533 -4.73103832 3.91314821 -3.63229943 2.63648897 -3.12118220 
3.47981535 14.27039951 -9.59946541 7.22939354 -5.79483458 4.41828430 -3.99228367 3.19763622 -2.51843804 1.85938415 -1.76171115 0.96381391 -1.65417541 
3.79876966 14.50977722 -9.91529942 7.58715774 -6.16913342 4.79125546 -4.35106398 3.53354225 -2.82601739 2.13584276 -2.00585916 1.17581332 -1.83493093 
3.80291979 14.56425413 -9.98793406 7.67026737 -6.25693690 4.87957053 -4.43679190 3.61450936 -2.90078240 2.20357920 -2.06613121 1.22852037 -1.88017453 
3.80772155 14.51740737 -9.92545583 7.59876025 -6.18137215 4.80354707 -4.36297819 3.54477902 -2.83637939 2.14521860 -2.01419164 1.18309159 -1.84117173 
4.08950934 14.69362676 -10.16155629 7.87017684 -6.46942625 5.09455262 -4.64666352 3.81381638 -3.08579750 2.37204334 -2.21674651 1.36082371 -1.99423139 
4.10038258 14.82702229 -10.34224173 8.08007312 -6.69445899 5.32411440 -4.87256761 4.03001165 -3.28798573 2.55744488 -2.38361648 1.50833170 -2.12216254 
4.11266290 14.71050767 -10.18432822 7.89652649 -6.49756850 5.12315615 -4.67471144 3.84056682 -3.11073222 2.39483619 -2.23720000 1.37885313 -2.00982601 
4.00521010 13.15565845 -8.19954004 5.71650460 -4.28222750 2.97467532 -2.65995400 1.99878627 -1.46147375 0.94233131 -0.97818649 0.30394914 -1.10765696 
3.70395540 15.60999040 -11.43672330 9.39054849 -8.14132701 6.84244765 -6.40824168 5.53916935 -4.73587069 3.91776822 -3.63662521 2.64045763 -3.12474762 
3.70395540 15.60999040 -11.43672330 9.39054849 -8.14132701 6.84244765 -6.40824168 5.53916935 -4.73587069 3.91776822 -3.63662521 2.64045763 -3.12474762 
3.54745170 14.27712542 -9.60826557 7.23928183 -5.80509870 4.42843462 -4.00197595 3.20664580 -2.52663098 1.86669996 -1.76813176 0.96935642 -1.65887456 
3.54193340 14.33155820 -9.67964245 7.31965488 -5.88869914 4.51127284 -4.08122888 3.28045420 -2.59387036 1.92684332 -1.82100109 1.01506464 -1.69768409 
3.53726107 14.26691196 -9.59490400 7.22426993 -5.78951808 4.41302848 -3.98726665 3.19297403 -2.51419972 1.85560064 -1.75839151 0.96094900 -1.65174702 
3.53171252 14.32165346 -9.66663368 7.30498392 -5.87341618 4.49610740 -4.06669954 3.26690471 -2.58151074 1.91577446 -1.81125961 1.00663342 -1.69051789 
3.68499791 15.60999040 -11.43672330 9.39054849 -8.14132701 6.84244765 -6.40824168 5.53916935 -4.73587069 3.91776822 -3.63662521 2.64045763 -3.12474762 
3.52701863 14.25658308 -9.58140145 7.20911047 -5.77379523 4.39749209 -3.97244259 3.17920425 -2.50168689 1.84443488 -1.74859827 0.95250013 -1.64458783 
3.52143950 14.31163572 -9.65348593 7.29016645 -5.85799095 4.48081065 -4.05205357 3.25325475 -2.56906673 1.90463617 -1.80146216 0.99815793 -1.68331746 
3.51672386 14.24613702 -9.56775596 7.19380158 -5.75792857 4.38182419 -3.95750286 3.16533582 -2.48909213 1.83320250 -1.73875201 0.94400989 -1.63739713 
3.69515651 12.55416117 -7.49202144 4.99894031 -3.60814418 2.36879212 -2.13249610 1.55031920 -1.08712673 0.63365489 -0.72671224 0.10115313 -0.94652856 
3.82960639 14.58594450 -10.01693240 7.70353397 -6.29217104 4.91509592 -4.47135757 3.64722952 -2.93106217 2.23106914 -2.09063984 1.24999244 -1.89863863 
3.83434059 14.53983982 -9.95534740 7.63294298 -6.21746526 4.83983096 -4.39818079 3.57800988 -2.86704982 2.17299290 -2.03889442 1.20468488 -1.85970001 
3.83842378 14.59302893 -10.02641340 7.71442114 -6.30371309 4.92674401 -4.48270102 3.65797652 -2.94101579 2.24011273 -2.09870863 1.25706645 -1.90472570 
3.68499791 15.60999040 -11.43672330 9.39054849 -8.14132701 6.84244765 -6.40824168 5.53916935 -4.73587069 3.91776822 -3.63662521 2.64045763 -3.12474762 
3.68499791 15.60999040 -11.43672330 9.39054849 -8.14132701 6.84244765 -6.40824168 5.53916935 -4.73587069 3.91776822 -3.63662521 2.64045763 -3.12474762 
3.68499791 15.60999040 -11.43672330 9.39054849 -8.14132701 6.84244765 -6.40824168 5.53916935 -4.73587069 3.91776822 -3.63662521 2.64045763 -3.12474762 
3.68499791 15.60999040 -11.43672330 9.39054849 -8.14132701 6.84244765 -6.40824168 5.53916935 -4.73587069 3.91776822 -3.63662521 2.64045763 -3.12474762 
3.84313588 14.54716801 -9.96512266 7.64413292 -6.22929225 4.85173175 -4.40973753 3.58892901 -2.87713625 2.18213429 -2.04703113 1.21180252 -1.86581158 
3.84720267 14.60004213 -10.03580376 7.72520940 -6.31515562 4.93829683 -4.49395657 3.66864470 -2.95090040 2.24909706 -2.10672743 1.26409904 -1.91077912 
3.69449911 15.60999040 -11.43672330 9.39054849 -8.14132701 6.84244765 -6.40824168 5.53916935 -4.73587069 3.91776822 -3.63662521 2.64045763 -3.12474762 
3.53726107 14.26691196 -9.59490400 7.22426993 -5.78951808 4.41302848 -3.98726665 3.19297403 -2.51419972 1.85560064 -1.75839151 0.96094900 -1.65174702 
3.53171252 14.32165346 -9.66663368 7.30498392 -5.87341618 4.49610740 -4.06669954 3.26690471 -2.58151074 1.91577446 -1.81125961 1.00663342 -1.69051789 
3.68499791 15.60999040 -11.43672330 9.39054849 -8.14132701 6.84244765 -6.40824168 5.53916935 -4.73587069 3.91776822 -3.63662521 2.64045763 -3.12474762 
3.52701863 14.25658308 -9.58140145 7.20911047 -5.77379523 4.39749209 -3.97244259 3.17920425 -2.50168689 1.84443488 -1.74859827 0.95250013 -1.64458783 
3.52143950 14.31163572 -9.65348593 7.29016645 -5.85799095 4.48081065 -4.05205357 3.25325475 -2.56906673 1.90463617 -1.80146216 0.99815793 -1.68331746 
3.51672386 14.24613702 -9.56775596 7.19380158 -5.75792857 4.38182419 -3.95750286 3.16533582 -2.48909213 1.83320250 -1.73875201 0.94400989 -1.63739713 
3.32226680 15.60780043 -11.43358206 9.38669514 -8.13697349 6.83777862 -6.40342057 5.53433746 -4.73114791 3.91325299 -3.63239753 2.63657896 -3.12126305 
3.50073494 14.29125426 -9.62676561 7.26008444 -5.82670717 4.44981802 -4.02240784 3.22565061 -2.54392378 1.88215039 -1.78169904 0.98107426 -1.66881429 
3.49597519 14.22488615 -9.54002813 7.16272798 -5.72575736 4.35008876 -3.92727262 3.13730052 -2.46365533 1.81053723 -1.71890032 0.92690560 -1.62292174 
3.49030230 14.28088696 -9.61318903 7.24481608 -5.81084532 4.43411947 -4.00740606 3.21169504 -2.53122397 1.87080244 -1.77173322 0.97246615 -1.66151176 
3.64653518 15.60999040 -11.43672330 9.39054849 -8.14132701 6.84244765 -6.40824168 5.53916935 -4.73587069 3.91776822 -3.63662521 2.64045763 -3.12474762 
3.64653518 15.60999040 -11.43672330 9.39054849 -8.14132701 6.84244765 -6.40824168 5.53916935 -4.73587069 3.91776822 -3.63662521 2.64045763 -3.12474762 
3.64653518 15.60999040 -11.43672330 9.39054849 -8.14132701 6.84244765 -6.40824168 5.53916935 -4.73587069 3.91776822 -3.63662521 2.64045763 -3.12474762 
3.48552020 14.21407763 -9.52594168 7.14695941 -5.70944954 4.33401865 -3.91198023 3.12313239 -2.45081257 1.79910402 -1.70889488 0.91829173 -1.61563735 
3.66688191 12.49956681 -7.42944801 4.93705625 -3.55143045 2.31900987 -2.09014330 1.51510113 -1.05835083 0.61038367 -0.70808728 0.08636420 -0.93495001 
3.80291979 14.56425413 -9.98793406 7.67026737 -6.25693690 4.87957053 -4.43679190 3.61450936 -2.90078240 2.20357920 -2.06613121 1.22852037 -1.88017453 
3.64653518 15.60999040 -11.43672330 9.39054849 -8.14132701 6.84244765 -6.40824168 5.53916935 -4.73587069 3.91776822 -3.63662521 2.64045763 -3.12474762 
3.80772155 14.51740737 -9.92545583 7.59876025 -6.18137215 4.80354707 -4.36297819 3.54477902 -2.83637939 2.14521860 -2.01419164 1.18309159 -1.84117173 
3.81185474 14.57155809 -9.99769390 7.68145828 -6.26878404 4.89151014 -4.44840381 3.62549657 -2.91094595 2.21280272 -2.07435137 1.23571956 -1.88636313 
3.65622043 15.60999040 -11.43672330 9.39054849 -8.14132701 6.84244765 -6.40824168 5.53916935 -4.73587069 3.91776822 -3.63662521 2.64045763 -3.12474762 
3.65622043 15.60999040 -11.43672330 9.39054849 -8.14132701 6.84244765 -6.40824168 5.53916935 -4.73587069 3.91776822 -3.63662521 2.64045763 -3.12474762 
3.81663377 14.52496050 -9.93551517 7.61025783 -6.19350629 4.81573956 -4.37480188 3.55593548 -2.84667183 2.15453536 -2.02247487 1.19032953 -1.84738014 
3.82075016 14.57878788 -10.00735962 7.69254675 -6.28052839 4.90335161 -4.45992543 3.63640309 -2.92103905 2.22196592 -2.08252084 1.24287686 -1.89251780 
3.66585901 15.60999040 -11.43672330 9.39054849 -8.14132701 6.84244765 -6.40824168 5.53916935 -4.73587069 3.91776822 -3.63662521 2.64045763 -3.12474762 
3.66585901 15.60999040 -11.43672330 9.39054849 -8.14132701 6.84244765 -6.40824168 5.53916935 -4.73587069 3.91776822 -3.63662521 2.64045763 -3.12474762 
3.66585901 15.60999040 -11.43672330 9.39054849 -8.14132701 6.84244765 -6.40824168 5.53916935 -4.73587069 3.91776822 -3.63662521 2.64045763 -3.12474762 
3.66585901 15.60999040 -11.43672330 9.39054849 -8.14132701 6.84244765 -6.40824168 5.53916935 -4.73587069 3.91776822 -3.63662521 2.64045763 -3.12474762 
3.66585901 15.60999040 -11.43672330 9.39054849 -8.14132701 6.84244765 -6.40824168 5.53916935 -4.73587069 3.91776822 -3.63662521 2.64045763 -3.12474762 
3.66585901 15.60999040 -11.43672330 9.39054849 -8.14132701 6.84244765 -6.40824168 5.53916935 -4.73587069 3.91776822 -3.63662521 2.64045763 -3.12474762 
3.66585901 15.60999040 -11.43672330 9.39054849 -8.14132701 6.84244765 -6.40824168 5.53916935 -4.73587069 3.91776822 -3.63662521 2.64045763 -3.12474762 
3.66585901 15.60999040 -11.43672330 9.39054849 -8.14132701 6.84244765 -6.40824168 5.53916935 -4.73587069 3.91776822 -3.63662521 2.64045763 -3.12474762 
3.66585901 15.60999040 -11.43672330 9.39054849 -8.14132701 6.84244765 -6.40824168 5.53916935 -4.73587069 3.91776822 -3.63662521 2.64045763 -3.12474762 
3.66585901 15.60999040 -11.43672330 9.39054849 -8.14132701 6.84244765 -6.40824168 5.53916935 -4.73587069 3.91776822 -3.63662521 2.64045763 -3.12474762 
3.82550666 14.53243765 -9.94547863 7.62165168 -6.20553697 4.82783388 -4.38653582 3.56701224 -2.85689516 2.16379336 -2.03070907 1.19752725 -1.85355621 
3.96728469 15.60884104 -11.43507464 9.38852602 -8.13904195 6.83999692 -6.40571105 5.53663300 -4.73339155 3.91539798 -3.63440587 2.63842146 -3.12291830 
3.97553776 15.60885049 -11.43508818 9.38854263 -8.13906072 6.84001705 -6.40573184 5.53665383 -4.73341192 3.91541745 -3.63442410 2.63843818 -3.12293333 
3.98375691 15.60885982 -11.43510156 9.38855904 -8.13907926 6.84003694 -6.40575238 5.53667441 -4.73343203 3.91543668 -3.63444210 2.63845470 -3.12294817 
3.99194243 15.60886903 -11.43511478 9.38857525 -8.13909758 6.84005658 -6.40577266 5.53669474 -4.73345190 3.91545567 -3.63445989 2.63847102 -3.12296283 
4.00009458 15.60887813 -11.43512783 9.38859127 -8.13911567 6.84007598 -6.40579270 5.53671482 -4.73347153 3.91547444 -3.63447746 2.63848714 -3.12297731 
4.00821364 15.60888712 -11.43514073 9.38860709 -8.13913354 6.84009515 -6.40581249 5.53673466 -4.73349092 3.91549298 -3.63449482 2.63850306 -3.12299162 
4.01629987 15.60889600 -11.43515347 9.38862272 -8.13915120 6.84011409 -6.40583204 5.53675426 -4.73351007 3.91551129 -3.63451196 2.63851879 -3.12300575 
3.89053101 14.63407228 -10.08143493 7.77770666 -6.37091212 4.99466410 -4.54894274 3.72082498 -2.99930486 2.29314181 -2.14608040 1.29864645 -1.94054463 
3.74133966 15.60999040 -11.43672330 9.39054849 -8.14132701 6.84244765 -6.40824168 5.53916935 -4.73587069 3.91776822 -3.63662521 2.64045763 -3.12474762 
3.74133966 15.60999040 -11.43672330 9.39054849 -8.14132701 6.84244765 -6.40824168 5.53916935 -4.73587069 3.91776822 -3.63662521 2.64045763 -3.12474762 
3.74133966 15.60999040 -11.43672330 9.39054849 -8.14132701 6.84244765 -6.40824168 5.53916935 -4.73587069 3.91776822 -3.63662521 2.64045763 -3.12474762 
3.74133966 15.60999040 -11.43672330 9.39054849 -8.14132701 6.84244765 -6.40824168 5.53916935 -4.73587069 3.91776822 -3.63662521 2.64045763 -3.12474762 
3.74133966 15.60999040 -11.43672330 9.39054849 -8.14132701 6.84244765 -6.40824168 5.53916935 -4.73587069 3.91776822 -3.63662521 2.64045763 -3.12474762 
3.74133966 15.60999040 -11.43672330 9.39054849 -8.14132701 6.84244765 -6.40824168 5.53916935 -4.73587069 3.91776822 -3.63662521 2.64045763 -3.12474762 
3.89511467 14.58963735 -10.02187390 7.70920771 -6.29818539 4.92116487 -4.47726718 3.65282784 -2.93624670 2.23577923 -2.09484186 1.25367610 -1.90180811 
3.89908571 14.64067745 -10.09030456 7.78792498 -6.38177936 5.00566451 -4.55968697 3.73103320 -3.00878534 2.30177785 -2.15380453 1.30543400 -1.94639814 
3.90364864 14.59647424 -10.03102593 7.71971967 -6.30933230 4.93241674 -4.48822718 3.66321374 -2.94586785 2.24452244 -2.10264407 1.26051758 -1.90769608 
4.04036424 15.60892202 -11.43519078 9.38866849 -8.13920291 6.84016955 -6.40588931 5.53681165 -4.73356617 3.91556492 -3.63456218 2.63856487 -3.12304714 
3.91608663 14.65369387 -10.10779555 7.80808899 -6.40323775 5.02739932 -4.58092837 3.75122661 -3.02754966 2.31887984 -2.16910834 1.31888853 -1.95800643 
3.92060864 14.60994912 -10.04907675 7.74046705 -6.33134762 4.95465368 -4.50990082 3.68376449 -2.96491643 2.26184234 -2.11810797 1.27408401 -1.91937720 
4.05624778 15.60893885 -11.43521492 9.38869810 -8.13923637 6.84020543 -6.40592636 5.53684878 -4.73360247 3.91559962 -3.63459467 2.63859467 -3.12307392 
4.06414249 15.60894711 -11.43522678 9.38871265 -8.13925280 6.84022305 -6.40594456 5.53686702 -4.73362029 3.91561667 -3.63461063 2.63860932 -3.12308707 
4.20269706 14.77369649 -10.26980865 7.99570417 -6.60377110 5.23137133 -4.78108326 3.94225676 -3.20573442 2.48186425 -2.31545514 1.44796639 -2.06971547 
4.32825644 15.60678809 -11.43213015 9.38491425 -8.13496162 6.83562113 -6.40119300 5.53210508 -4.72896611 3.91116721 -3.63044472 2.63478748 -3.11965368 
4.11482824 13.32815068 -8.40859026 5.93468790 -4.49297362 3.16917183 -2.83363601 2.15010324 -1.59075365 1.05121761 -1.06863803 0.37816135 -1.16759320 
3.83185284 15.60999040 -11.43672330 9.39054849 -8.14132701 6.84244765 -6.40824168 5.53916935 -4.73587069 3.91776822 -3.63662521 2.64045763 -3.12474762 
3.83185284 15.60999040 -11.43672330 9.39054849 -8.14132701 6.84244765 -6.40824168 5.53916935 -4.73587069 3.91776822 -3.63662521 2.64045763 -3.12474762 
3.83185284 15.60999040 -11.43672330 9.39054849 -8.14132701 6.84244765 -6.40824168 5.53916935 -4.73587069 3.91776822 -3.63662521 2.64045763 -3.12474762 
3.83185284 15.60999040 -11.43672330 9.39054849 -8.14132701 6.84244765 -6.40824168 5.53916935 -4.73587069 3.91776822 -3.63662521 2.64045763 -3.12474762 
3.83185284 15.60999040 -11.43672330 9.39054849 -8.14132701 6.84244765 -6.40824168 5.53916935 -4.73587069 3.91776822 -3.63662521 2.64045763 -3.12474762 
3.83185284 15.60999040 -11.43672330 9.39054849 -8.14132701 6.84244765 -6.40824168 5.53916935 -4.73587069 3.91776822 -3.63662521 2.64045763 -3.12474762 
3.83185284 15.60999040 -11.43672330 9.39054849 -8.14132701 6.84244765 -6.40824168 5.53916935 -4.73587069 3.91776822 -3.63662521 2.64045763 -3.12474762 
3.83185284 15.60999040 -11.43672330 9.39054849 -8.14132701 6.84244765 -6.40824168 5.53916935 -4.73587069 3.91776822 -3.63662521 2.64045763 -3.12474762 
3.54219936 12.18697060 -7.07640868 4.59281428 -3.24026246 2.04940051 -1.86361309 1.32896209 -0.90797016 0.48998144 -0.61258032 0.01108994 -0.87642765 
2.91316848 13.33910764 -8.42196252 5.94873853 -4.50663453 3.18185858 -2.84503384 2.16009146 -1.59933510 1.05848280 -1.07470224 0.38315846 -1.17164574 
2.11382695 7.65199917 -2.94411502 1.25985986 -0.70070855 0.14554165 -0.45513830 0.29398245 -0.15108357 -0.07464892 -0.18815281 -0.31519796 -0.63015638 
0.37107327 5.10803710 -1.42603431 0.43616577 -0.27403052 -0.09247804 -0.31804906 0.21182797 -0.10333860 -0.11165083 -0.15968590 -0.34336315 -0.60798922 
-0.03671504 6.43693106 -2.14776719 0.79388018 -0.44307200 -0.00257163 -0.36838303 0.24170632 -0.11987881 -0.09764791 -0.17068275 -0.33134708 -0.61749653 
1.15328325 10.52453178 -5.34773715 3.03337993 -1.93161147 0.99031909 -1.02887248 0.68273953 -0.41398241 0.11217926 -0.32418260 -0.21000142 -0.70897533 
1.47905059 15.40242995 -11.14097349 9.03001048 -7.73640705 6.41062195 -5.96474039 5.09694321 -4.30572385 3.50839653 -3.25496745 2.29171396 -2.81262272 
1.84357488 12.06677926 -6.94303848 4.46496150 -3.12660029 1.95245859 -1.78338740 1.26399191 -0.85620196 0.44903452 -0.58044788 -0.01401388 -0.85707156 
2.10928201 15.54500262 -11.34369440 9.27664619 -8.01287249 6.70491931 -6.26646570 5.39729699 -4.59740672 3.78557266 -3.51301029 2.52718672 -3.02310296 
1.44908671 4.47152187 -1.13544331 0.31216511 -0.22329445 -0.11880719 -0.30331072 0.20286704 -0.09886469 -0.11624740 -0.15613172 -0.34791155 -0.60441932 
2.30994274 -3.20070130 -0.43284724 -0.12329654 -0.14676550 -0.22631486 -0.25589283 0.15932017 -0.10134852 -0.14986968 -0.15170270 -0.38133463 -0.58380313 
4.36632698 6.57676824 -2.23277199 0.84025628 -0.46701613 0.01062609 -0.37589644 0.24616576 -0.12245884 -0.09565003 -0.17223307 -0.32980737 -0.61871325 
5.30414240 12.46193651 -7.38647669 4.89470914 -3.51275577 2.28517353 -2.06144780 1.49131211 -1.03896962 0.59475050 -0.69560446 0.07647184 -0.92721947 
5.43217462 14.42846081 -9.80740268 7.46427302 -6.03989314 4.66182472 -4.22595170 3.41585690 -2.71777083 2.03813483 -1.91922350 1.10030184 -1.77031659 
4.81957121 9.31703986 -4.24782276 2.15948149 -1.28368418 0.52202417 -0.69692453 0.44986196 -0.25158678 -0.00417749 -0.23944590 -0.27405296 -0.66137957 
3.31504184 -0.86177187 -0.09948762 -0.03465087 -0.12566893 -0.20144679 -0.25746512 0.16923405 -0.09390848 -0.13924744 -0.14734807 -0.37282135 -0.58701518 
2.60307475 0.74569658 -0.14881274 -0.00298409 -0.12624715 -0.18584144 -0.26395938 0.17597579 -0.09168314 -0.13317455 -0.14707734 -0.36674699 -0.59059520 
2.93054875 10.87526427 -5.69169563 3.32627020 -2.16364678 1.16814548 -1.16184604 0.78063085 -0.48531391 0.16469525 -0.36306928 -0.18070315 -0.73078515 
1.66737009 1.14317787 -0.19598122 0.00873451 -0.12809089 -0.18165562 -0.26622986 0.17784689 -0.09150838 -0.13169870 -0.14734727 -0.36513212 -0.59166079 
-0.93758170 -5.33032132 -1.15443009 -0.37430348 -0.23385252 -0.27165343 -0.26938837 0.14468466 -0.11430400 -0.16391494 -0.16076702 -0.39050839 -0.58348056 
-1.01304150 -0.84011634 -0.09864510 -0.03424298 -0.12561766 -0.20124144 -0.25752519 0.16932018 -0.09386324 -0.13916192 -0.14733015 -0.37274275 -0.58705604 
2.50551900 -0.08919479 -0.09488915 -0.02084108 -0.12480327 -0.19409630 -0.26006797 0.17235771 -0.09254828 -0.13627683 -0.14694950 -0.36997409 -0.58859546 
3.79266415 10.74116084 -5.55887736 3.21210709 -2.07238268 1.09762801 -1.10871231 0.74124050 -0.45642515 0.14332884 -0.34719628 -0.19267407 -0.72186312 
4.18153064 15.58695864 -11.40370927 9.35007563 -8.09562811 6.79346460 -6.35769058 5.48853126 -4.68640034 3.87049357 -3.59238042 2.59988198 -3.08830860 
3.97525131 13.25919118 -8.32468508 5.84678403 -4.40775187 3.09024337 -2.76291386 2.08828565 -1.53777280 1.00646494 -1.03136217 0.34750366 -1.14277589 
3.24614132 9.38908620 -4.30979770 2.20606789 -1.31638851 0.54453939 -0.71218569 0.46014466 -0.25849355 0.00068074 -0.24295560 -0.27136137 -0.66338971 
1.90781051 7.15738311 -2.60419392 1.05252194 -0.58160946 0.07543789 -0.41340717 0.26860136 -0.13569874 -0.08574463 -0.17982058 -0.32261597 -0.62437200 
1.30694725 10.38775894 -5.21659848 2.92409997 -1.84684101 0.92658702 -0.98206244 0.64884583 -0.38966129 0.09446367 -0.31116136 -0.21979688 -0.70170048 
1.68276000 15.59873877 -11.42058898 9.37076193 -8.11897796 6.81848481 -6.38350417 5.51438205 -4.71164830 3.89461490 -3.61495049 2.62057579 -3.10688884 
2.46872587 9.39848900 -4.31792021 2.21219788 -1.32070840 0.54752320 -0.71421410 0.46151486 -0.25941606 0.00133016 -0.24342482 -0.27100207 -0.66365788 
2.68227627 13.25655225 -8.32148296 5.84343813 -4.40451640 3.08725421 -2.76024189 2.08595549 -1.53578016 1.00478522 -1.02996576 0.34635717 -1.14184934 
2.39174358 15.60999040 -11.43672330 9.39054849 -8.14132701 6.84244765 -6.40824168 5.53916935 -4.73587069 3.91776822 -3.63662521 2.64045763 -3.12474762 
2.39174358 15.60999040 -11.43672330 9.39054849 -8.14132701 6.84244765 -6.40824168 5.53916935 -4.73587069 3.91776822 -3.63662521 2.64045763 -3.12474762 
2.09452737 12.05663513 -6.93184221 4.45428372 -3.11715542 1.94444138 -1.77678292 1.25866663 -0.85197632 0.44570420 -0.57784269 -0.01604414 -0.85550983 
1.65667378 15.59844249 -11.42016427 9.37024127 -8.11839007 6.81785466 -6.38285385 5.51373061 -4.71101187 3.89400672 -3.61438129 2.62005378 -3.10642006 
2.06125433 12.11580472 -6.99728074 4.51681335 -3.17257012 1.99156403 -1.81566875 1.29007224 -0.87693557 0.46540168 -0.59326947 -0.00401072 -0.86477438 
2.05257165 11.96536558 -6.83152714 4.35899832 -3.03320187 1.87344025 -1.71849901 1.21182905 -0.81492834 0.41658575 -0.55511846 -0.03372051 -0.84193635 
1.60345792 15.59781374 -11.41926305 9.36913646 -8.11714262 6.81651759 -6.38147399 5.51234840 -4.70966157 3.89271636 -3.61317365 2.61894631 -3.10542550 
2.41786857 9.22737592 -4.17133897 2.10244363 -1.24394873 0.49484711 -0.67861054 0.43758454 -0.24337839 -0.00994244 -0.23528176 -0.27725687 -0.65898371 
2.63494180 13.18148961 -8.23067061 5.74881929 -4.31327529 3.00318354 -2.68528577 2.02075075 -1.48015328 0.95799732 -0.99114875 0.31454618 -1.11618627 
2.33644051 15.60999040 -11.43672330 9.39054849 -8.14132701 6.84244765 -6.40824168 5.53916935 -4.73587069 3.91776822 -3.63662521 2.64045763 -3.12474762 
2.33644051 15.60999040 -11.43672330 9.39054849 -8.14132701 6.84244765 -6.40824168 5.53916935 -4.73587069 3.91776822 -3.63662521 2.64045763 -3.12474762 
2.33644051 15.60999040 -11.43672330 9.39054849 -8.14132701 6.84244765 -6.40824168 5.53916935 -4.73587069 3.91776822 -3.63662521 2.64045763 -3.12474762 
2.33644051 15.60999040 -11.43672330 9.39054849 -8.14132701 6.84244765 -6.40824168 5.53916935 -4.73587069 3.91776822 -3.63662521 2.64045763 -3.12474762 
2.64396261 13.09706649 -8.12915611 5.64367151 -4.21246297 2.91080365 -2.60335896 1.94984757 -1.41996264 0.90760062 -0.94951368 0.28055504 -1.08886336 
2.65084265 13.20690964 -8.26136593 5.78074260 -4.34400382 3.03144859 -2.71044451 2.04260128 -1.49876540 0.97362965 -1.00410071 0.32514773 -1.12472914 
2.65978499 13.12304283 -8.16032122 5.67588202 -4.24327989 2.93898559 -2.62830285 1.97139413 -1.43822042 0.92286187 -0.96210206 0.29081788 -1.09710187 
2.66662018 13.23192760 -8.29163408 5.81228031 -4.37441642 3.05947171 -2.73542994 2.06433659 -1.51730827 0.98922627 -1.01704036 0.33575198 -1.13328401 
2.37347861 15.60999040 -11.43672330 9.39054849 -8.14132701 6.84244765 -6.40824168 5.53916935 -4.73587069 3.91776822 -3.63662521 2.64045763 -3.12474762 
2.37347861 15.60999040 -11.43672330 9.39054849 -8.14132701 6.84244765 -6.40824168 5.53916935 -4.73587069 3.91776822 -3.63662521 2.64045763 -3.12474762 
1.82082216 6.77553950 -2.35657370 0.90929085 -0.50340902 0.03091632 -0.38752872 0.25308965 -0.12650183 -0.09257203 -0.17460814 -0.32749961 -0.62053392 
