8.60719378 1.38960067 -0.23218752 0.01755482 -0.12973656 -0.17893029 -0.26778468 0.17907082 -0.09148316 -0.13077400 -0.14758486 -0.36409961 -0.59236069 
4.33505558 15.10077695 -10.71833778 8.52294421 -7.17555575 5.82113371 -5.36768164 4.50946816 -3.74149182 2.97779653 -2.76583963 1.84947962 -2.42076678 
4.13419335 14.96642747 -10.53287370 8.30355144 -6.93617684 5.57279340 -5.11929482 4.26800549 -3.51225372 2.76457584 -2.57131987 1.67532593 -2.26788366 
3.77121259 12.86625427 -7.85497191 5.36298108 -3.94640015 2.66963437 -2.39171492 1.76852454 -1.26751797 0.78108823 -0.84584652 0.19653459 -1.02179129 
3.44946053 15.60229027 -11.42568041 9.37700444 -8.12602735 6.82604164 -6.39130374 5.52219583 -4.71928262 3.90191103 -3.62177959 2.62683905 -3.11251400 
3.29403410 14.14239959 -9.43280437 7.04299957 -5.60223493 4.22865053 -3.81197255 3.03071043 -2.36723952 1.72487398 -1.64407562 0.86260109 -1.56863373 
3.10116035 15.60725897 -11.43280549 9.38574259 -8.13589739 6.83662462 -6.40222907 5.53314337 -4.72998086 3.91213729 -3.63135295 2.63562066 -3.12040216 
3.11387213 15.60729345 -11.43285493 9.38580323 -8.13596589 6.83669808 -6.40230492 5.53321939 -4.73005516 3.91220831 -3.63141944 2.63568167 -3.12045696 
2.91763150 13.60335688 -8.74783789 6.29461484 -4.84625223 3.50026395 -3.13374045 2.41536360 -1.82055091 1.24727746 -1.23347693 0.51489733 -1.27918852 
2.66334666 15.60999040 -11.43672330 9.39054849 -8.14132701 6.84244765 -6.40824168 5.53916935 -4.73587069 3.91776822 -3.63662521 2.64045763 -3.12474762 
2.92535985 13.52872616 -8.65514449 6.19555674 -4.74833746 3.40787988 -3.04945777 2.34039981 -1.75521921 1.19122670 -1.18610689 0.47541679 -1.24682137 
2.93147252 13.62242870 -8.77160886 6.32010405 -4.87153047 3.52418989 -3.15563527 2.43489536 -1.83762160 1.26196213 -1.24591835 0.52529044 -1.28772776 
2.93914285 13.54827028 -8.67936870 6.22139265 -4.77382542 3.43188316 -3.07131635 2.35980735 -1.77210443 1.20569029 -1.19831231 0.48557549 -1.25513884 
2.94521961 13.64123002 -8.79507586 6.34530171 -4.89655289 3.54790398 -3.17736317 2.45430147 -1.85460208 1.27658497 -1.25831995 0.53565998 -1.29625524 
2.69484337 15.60999040 -11.43672330 9.39054849 -8.14132701 6.84244765 -6.40824168 5.53916935 -4.73587069 3.91776822 -3.63662521 2.64045763 -3.12474762 
2.69484337 15.60999040 -11.43672330 9.39054849 -8.14132701 6.84244765 -6.40824168 5.53916935 -4.73587069 3.91776822 -3.63662521 2.64045763 -3.12474762 
2.69484337 15.60999040 -11.43672330 9.39054849 -8.14132701 6.84244765 -6.40824168 5.53916935 -4.73587069 3.91776822 -3.63662521 2.64045763 -3.12474762 
2.69484337 15.60999040 -11.43672330 9.39054849 -8.14132701 6.84244765 -6.40824168 5.53916935 -4.73587069 3.91776822 -3.63662521 2.64045763 -3.12474762 
2.95283276 13.56753985 -8.70328743 6.24693863 -4.79906193 3.45568091 -3.09301544 2.37909707 -1.78890706 1.22009909 -1.21048413 0.49571589 -1.26344890 
2.95887402 13.65976609 -8.81824405 6.37021200 -4.92132240 3.57140797 -3.19892488 2.47358193 -1.87149182 1.29114516 -1.27068076 0.54600495 -1.30477002 
2.71040765 15.60999040 -11.43672330 9.39054849 -8.14132701 6.84244765 -6.40824168 5.53916935 -4.73587069 3.91776822 -3.63662521 2.64045763 -3.12474762 
2.71040765 15.60999040 -11.43672330 9.39054849 -8.14132701 6.84244765 -6.40824168 5.53916935 -4.73587069 3.91776822 -3.63662521 2.64045763 -3.12474762 
2.96643084 13.58654016 -8.72690580 6.27219875 -4.82404976 3.47927471 -3.11455561 2.39826880 -1.80562646 1.23445218 -1.22262130 0.50583695 -1.27175058 
3.17624664 15.60745640 -11.43308864 9.38608990 -8.13628974 6.83704537 -6.40266349 5.53357873 -4.73040636 3.91254406 -3.63173379 2.63597005 -3.12071603 
2.98590971 13.69606282 -8.86370410 6.41918684 -4.97011430 3.61779265 -3.24155290 2.51176606 -1.90499716 1.32007444 -1.29527631 0.56661735 -1.32175782 
2.74117749 15.60999040 -11.43672330 9.39054849 -8.14132701 6.84244765 -6.40824168 5.53916935 -4.73587069 3.91776822 -3.63662521 2.64045763 -3.12474762 
2.74117749 15.60999040 -11.43672330 9.39054849 -8.14132701 6.84244765 -6.40824168 5.53916935 -4.73587069 3.91776822 -3.63662521 2.64045763 -3.12474762 
2.74117749 15.60999040 -11.43672330 9.39054849 -8.14132701 6.84244765 -6.40824168 5.53916935 -4.73587069 3.91776822 -3.63662521 2.64045763 -3.12474762 
2.74117749 15.60999040 -11.43672330 9.39054849 -8.14132701 6.84244765 -6.40824168 5.53916935 -4.73587069 3.91776822 -3.63662521 2.64045763 -3.12474762 
2.74117749 15.60999040 -11.43672330 9.39054849 -8.14132701 6.84244765 -6.40824168 5.53916935 -4.73587069 3.91776822 -3.63662521 2.64045763 -3.12474762 
2.74117749 15.60999040 -11.43672330 9.39054849 -8.14132701 6.84244765 -6.40824168 5.53916935 -4.73587069 3.91776822 -3.63662521 2.64045763 -3.12474762 
2.99335627 13.62375354 -8.77326138 6.32187733 -4.87329034 3.52585675 -3.15716165 2.43625787 -1.83881318 1.26298775 -1.24678777 0.52601709 -1.28832507 
2.99929336 13.71383333 -8.88600573 6.44325942 -4.99414241 3.64067685 -3.26262084 2.53066991 -1.92161194 1.33444209 -1.30750929 0.57688295 -1.33022906 
2.75638669 15.60999040 -11.43672330 9.39054849 -8.14132701 6.84244765 -6.40824168 5.53916935 -4.73587069 3.91776822 -3.63662521 2.64045763 -3.12474762 
2.75638669 15.60999040 -11.43672330 9.39054849 -8.14132701 6.84244765 -6.40824168 5.53916935 -4.73587069 3.91776822 -3.63662521 2.64045763 -3.12474762 
2.75638669 15.60999040 -11.43672330 9.39054849 -8.14132701 6.84244765 -6.40824168 5.53916935 -4.73587069 3.91776822 -3.63662521 2.64045763 -3.12474762 
2.75638669 15.60999040 -11.43672330 9.39054849 -8.14132701 6.84244765 -6.40824168 5.53916935 -4.73587069 3.91776822 -3.63662521 2.64045763 -3.12474762 
2.75638669 15.60999040 -11.43672330 9.39054849 -8.14132701 6.84244765 -6.40824168 5.53916935 -4.73587069 3.91776822 -3.63662521 2.64045763 -3.12474762 
3.00668597 13.64197652 -8.79600829 6.34630361 -4.89754850 3.54884816 -3.17822882 2.45507510 -1.85527942 1.27716859 -1.25881517 0.53607426 -1.29659608 
3.01258909 13.73135831 -8.90802811 6.46706068 -5.01792906 3.66335796 -3.28352584 2.54944846 -1.93813429 1.34874417 -1.31969796 0.58712031 -1.33868408 
3.01992852 13.65995013 -8.81847424 6.37045967 -4.92156883 3.57164195 -3.19913966 2.47377410 -1.87166025 1.29129044 -1.27080416 0.54610827 -1.30485510 
3.02579805 13.74864240 -8.92977586 6.49059447 -5.04147704 3.68583773 -3.30426878 2.56810189 -1.95456389 1.36298007 -1.33184154 0.59732860 -1.34712204 
3.03308503 13.67767902 -8.84066385 6.39434924 -4.94535395 3.59423973 -3.21989488 2.49235490 -1.88795525 1.30535259 -1.28275388 0.55611825 -1.31310130 
3.03892134 13.76569009 -8.95125354 6.51386458 -5.06478910 3.70811793 -3.32485055 2.58663039 -1.97090046 1.37714918 -1.34393927 0.60750702 -1.35554217 
2.80133240 15.60999040 -11.43672330 9.39054849 -8.14132701 6.84244765 -6.40824168 5.53916935 -4.73587069 3.91776822 -3.63662521 2.64045763 -3.12474762 
2.80133240 15.60999040 -11.43672330 9.39054849 -8.14132701 6.84244765 -6.40824168 5.53916935 -4.73587069 3.91776822 -3.63662521 2.64045763 -3.12474762 
2.80133240 15.60999040 -11.43672330 9.39054849 -8.14132701 6.84244765 -6.40824168 5.53916935 -4.73587069 3.91776822 -3.63662521 2.64045763 -3.12474762 
2.80133240 15.60999040 -11.43672330 9.39054849 -8.14132701 6.84244765 -6.40824168 5.53916935 -4.73587069 3.91776822 -3.63662521 2.64045763 -3.12474762 
3.04615661 13.69516776 -8.86258161 6.41797602 -4.96890651 3.61664308 -3.24049522 2.51081758 -1.90416401 1.31935435 -1.29466351 0.56610334 -1.32133384 
3.24861569 15.60763317 -11.43334217 9.38640088 -8.13664106 6.83742213 -6.40305249 5.53396858 -4.73078738 3.91290832 -3.63207483 2.63628291 -3.12099709 
3.06491525 13.79909387 -8.99341632 6.55962856 -5.11071636 3.75208660 -3.36553417 2.62331359 -2.00329356 1.40528489 -1.36799434 0.62777113 -1.37232584 
2.83074470 15.60999040 -11.43672330 9.39054849 -8.14132701 6.84244765 -6.40824168 5.53916935 -4.73587069 3.91776822 -3.63662521 2.64045763 -3.12474762 
2.83074470 15.60999040 -11.43672330 9.39054849 -8.14132701 6.84244765 -6.40824168 5.53916935 -4.73587069 3.91776822 -3.63662521 2.64045763 -3.12474762 
3.07204925 13.72944244 -8.90561917 6.46445571 -5.01532426 3.66087292 -3.28123424 2.54738895 -1.93632136 1.34717417 -1.31835940 0.58599561 -1.33775485 
3.07778800 13.81545844 -9.01411004 6.58212971 -5.13333694 3.77377857 -3.38563788 2.64146884 -2.01934969 1.41925049 -1.37995034 0.63785536 -1.38068793 
2.84529022 15.60999040 -11.43672330 9.39054849 -8.14132701 6.84244765 -6.40824168 5.53916935 -4.73587069 3.91776822 -3.63662521 2.64045763 -3.12474762 
3.08487239 13.74623696 -8.92674754 6.48731570 -5.03819458 3.68270262 -3.30137449 2.56549793 -1.95226934 1.36099105 -1.33014418 0.59590122 -1.34594179 
3.09057932 13.83160363 -9.03455091 6.60438169 -5.15573234 3.79527795 -3.40558412 2.65950027 -2.03531199 1.43314729 -1.39185780 0.64790677 -1.38902925 
2.62267308 13.06178279 -8.08692428 5.60012226 -4.17089035 2.87286630 -2.56984943 1.92095927 -1.39553017 0.88721372 -0.93272447 0.26688717 -1.07790651 
2.90720033 10.72823088 -5.54615674 3.20124306 -2.06375183 1.09099716 -1.10374279 0.73757468 -0.45374905 0.14135621 -0.34573439 -0.19377564 -0.72104292 
3.09057932 13.83160363 -9.03455091 6.60438169 -5.15573234 3.79527795 -3.40558412 2.65950027 -2.03531199 1.43314729 -1.39185780 0.64790677 -1.38902925 
3.09761479 13.76280847 -8.94762120 6.50992710 -5.06084257 3.70434430 -3.32136298 2.58348935 -1.96812982 1.37474517 -1.34188592 0.60577883 -1.35411204 
3.29544669 15.60774094 -11.43349674 9.38659048 -8.13685525 6.83765183 -6.40328966 5.53420626 -4.73101968 3.91313040 -3.63228275 2.63647367 -3.12116845 
3.30698509 15.60776673 -11.43353373 9.38663585 -8.13690651 6.83770679 -6.40334641 5.53426313 -4.73107527 3.91318354 -3.63233251 2.63651931 -3.12120946 
3.12847477 13.87876250 -9.09439687 6.66967727 -5.22159351 3.85863790 -3.46448771 2.71285513 -2.08263489 1.47442095 -1.42728323 0.67785756 -1.41392197 
2.90243696 15.60999040 -11.43672330 9.39054849 -8.14132701 6.84244765 -6.40824168 5.53916935 -4.73587069 3.91776822 -3.63662521 2.64045763 -3.12474762 
3.13536737 13.81122492 -9.00875417 6.57630352 -5.12747735 3.76815725 -3.38042610 2.63676040 -2.01518411 1.41562603 -1.37684642 0.63523659 -1.37851576 
3.14095034 13.89406928 -9.11386640 6.69096690 -5.24311407 3.87938425 -3.48381380 2.73039490 -2.09822098 1.48803871 -1.43899093 0.68777130 -1.42217370 
3.14779658 13.82694387 -9.02864885 6.59795406 -5.14926070 3.78906285 -3.39981587 2.65428388 -2.03069259 1.42912433 -1.38840967 0.64499528 -1.38661245 
3.15334936 13.90917577 -9.13310270 6.71202424 -5.26442224 3.89994663 -3.50298735 2.74781276 -2.11371293 1.50158589 -1.45064742 0.69764915 -1.43040151 
3.16014984 13.84245910 -9.04830836 6.61937251 -5.17083393 3.80978840 -3.41905811 2.67169108 -2.04611270 1.44255762 -1.39992686 0.65472264 -1.39468914 
3.16567276 13.92408554 -9.15210948 6.73285248 -5.28552047 3.92032675 -3.52200936 2.76510917 -2.12911075 1.51506221 -1.46225224 0.70749056 -1.43860484 
3.17242809 13.85777420 -9.06773638 6.64056200 -5.19219942 3.83033550 -3.43815372 2.68898233 -2.06144435 1.45592554 -1.41139746 0.66441809 -1.40274524 
3.36369921 15.60788925 -11.43370946 9.38685140 -8.13715003 6.83796794 -6.40361605 5.53453337 -4.73133939 3.91343604 -3.63256892 2.63673619 -3.12140430 
3.19009630 13.95332871 -9.18944885 6.77383426 -5.32709688 3.96054700 -3.55960286 2.79933948 -2.15962420 1.54180127 -1.48530520 0.72706205 -1.45493587 
3.19676308 13.88781793 -9.10591231 6.68226644 -5.23431648 3.87090059 -3.47590861 2.72321836 -2.09184207 1.48246395 -1.43419694 0.68371098 -1.41879335 
3.20219822 13.96766883 -9.20778848 6.79399395 -5.34757985 3.98039049 -3.57817640 2.81627437 -2.17473997 1.55506360 -1.49675256 0.73679115 -1.46306255 
2.98520739 15.60999040 -11.43672330 9.39054849 -8.14132701 6.84244765 -6.40824168 5.53916935 -4.73587069 3.91776822 -3.63662521 2.64045763 -3.12474762 
3.20882157 13.90255336 -9.12466722 6.70278742 -5.25507265 3.89092174 -3.49456972 2.74016389 -2.10690807 1.49563385 -1.44552490 0.69330735 -1.42678426 
3.21422805 13.98182567 -9.22591263 6.81393686 -5.36786248 4.00005845 -3.59660253 2.83308975 -2.18976191 1.56825422 -1.50814669 0.74648188 -1.47116267 
3.22080853 13.91710223 -9.14320465 6.72309154 -5.27563029 3.91077069 -3.51308783 2.75699496 -2.12188550 1.50873718 -1.45680444 0.70286967 -1.43475236 
3.22618664 13.99580239 -9.24382464 6.83366595 -5.38794709 4.01955253 -3.61488228 2.84978615 -2.20469014 1.58137297 -1.51948724 0.75613381 -1.47923578 
3.23272480 13.93146773 -9.16152793 6.74318168 -5.29599163 3.93044900 -3.53146386 2.77371197 -2.13677438 1.52177371 -1.46803514 0.71239744 -1.44269715 
3.41884934 15.60800192 -11.43387106 9.38704963 -8.13737397 6.83820810 -6.40386402 5.53478188 -4.73158228 3.91366824 -3.63278632 2.63693565 -3.12158348 
3.24989340 14.02322781 -9.27902532 6.87249425 -5.42753143 4.05802568 -3.65100683 2.88282418 -2.23426608 1.60739436 -1.54200644 0.77531966 -1.49529914 
3.03854389 15.60999040 -11.43672330 9.39054849 -8.14132701 6.84244765 -6.40824168 5.53916935 -4.73587069 3.91776822 -3.63662521 2.64045763 -3.12474762 
3.25634850 13.95966115 -9.19754505 6.78273142 -5.33613422 3.96929987 -3.56779345 2.80680559 -2.16628671 1.54764552 -1.49034858 0.73134755 -1.45851485 
3.44049051 15.60804446 -11.43393208 9.38712448 -8.13745853 6.83829879 -6.40395766 5.53487572 -4.73167399 3.91375593 -3.63286842 2.63701096 -3.12165114 
3.45122392 15.60806523 -11.43396186 9.38716101 -8.13749980 6.83834304 -6.40400335 5.53492152 -4.73171875 3.91379872 -3.63290849 2.63704772 -3.12168416 
3.46190002 15.60808566 -11.43399116 9.38719695 -8.13754041 6.83838660 -6.40404832 5.53496658 -4.73176280 3.91384083 -3.63294791 2.63708389 -3.12171666 
3.64862896 14.31861803 -9.66264884 7.30049193 -5.86873884 4.49146797 -4.06225652 3.26276296 -2.57773413 1.91239347 -1.80828508 1.00405980 -1.68833109 
3.66193221 14.49854418 -9.90035728 7.57009911 -6.15115069 4.77320591 -4.33357882 3.51706061 -2.81082710 2.12210520 -1.99365632 1.16515925 -1.82579956 
3.67741696 14.34641083 -9.69916712 7.34169317 -5.91167591 4.53409122 -4.10310717 3.30087236 -2.61250899 1.94354691 -1.83571116 1.02780394 -1.70851831 
3.69054811 14.52298587 -9.93288481 7.60725082 -6.19033221 4.81254965 -4.37170793 3.55301564 -2.84397768 2.15209623 -2.02030601 1.18843411 -1.84575411 
3.53507842 15.60821999 -11.43418384 9.38743330 -8.13780742 6.83867294 -6.40434398 5.53526290 -4.73205241 3.91411771 -3.63320715 2.63732172 -3.12193031 
3.37552474 14.16243180 -9.45878514 7.07194693 -5.63203602 4.25788874 -3.83967762 3.05627320 -2.39031923 1.74534368 -1.66192554 0.87791733 -1.58154482 
3.38155783 14.10287125 -9.38164895 6.98612169 -5.54379836 4.17142951 -3.75785454 2.98086855 -2.32231848 1.68509929 -1.60944615 0.83293092 -1.54365809 
3.38656708 14.17418366 -9.47404432 7.08896737 -5.64957740 4.27511672 -3.85601873 3.07136547 -2.40395833 1.75745114 -1.67249235 0.88699141 -1.58919975 
3.39256450 14.11496987 -9.39729070 7.00349648 -5.56163255 4.18887698 -3.77434141 2.99603983 -2.33598073 1.69718698 -1.61996249 0.84193503 -1.55123256 
3.56563908 15.60827325 -11.43426022 9.38752700 -8.13791328 6.83878647 -6.40446121 5.53538038 -4.73216724 3.91422748 -3.63330993 2.63741601 -3.12201502 
3.57572308 15.60829047 -11.43428492 9.38755729 -8.13794750 6.83882318 -6.40449911 5.53541836 -4.73220436 3.91426297 -3.63334316 2.63744650 -3.12204241 
3.75223144 14.41637672 -9.79142204 7.44613088 -6.02087221 4.64283295 -4.20764704 3.39868737 -2.70202125 2.02395519 -1.90668146 1.08939538 -1.76100460 
3.90713314 15.60511373 -11.42972894 9.38196922 -8.13163489 6.83205388 -6.39751012 5.52841450 -4.72535937 3.90771941 -3.62721689 2.63182646 -3.11699381 
3.92410606 15.60519568 -11.42984646 9.38211334 -8.13179768 6.83222843 -6.39769033 5.52859508 -4.72553584 3.90788810 -3.62737481 2.63197132 -3.11712393 
3.80110545 14.61330057 -10.05356900 7.74563333 -6.33683268 4.96019691 -4.51530642 3.68889258 -2.96967197 2.26616828 -2.12197201 1.27747529 -1.92229833 
3.49378585 14.28435599 -9.61773079 7.24992257 -5.81614906 4.43936744 -4.01242000 3.21635834 -2.53546679 1.87459289 -1.77506141 0.97534042 -1.66394970 
3.49944817 14.22846163 -9.54469039 7.16794959 -5.73116018 4.35541532 -3.93234370 3.14200086 -2.46791779 1.81433338 -1.72222367 0.92976775 -1.62534297 
3.50420051 14.29468365 -9.63125883 7.26513998 -5.83196166 4.45502075 -4.02738180 3.23027964 -2.54813798 1.88591745 -1.78500849 0.98393382 -1.67124093 
3.50983134 14.23910700 -9.55857857 7.18351171 -5.74727010 4.37130524 -3.94747831 3.15603509 -2.48064992 1.82567716 -1.73215836 0.93832678 -1.63258589 
3.83320177 14.48850977 -9.88701966 7.55488336 -6.13512202 4.75712862 -4.31801452 3.50239892 -2.79732245 2.10989920 -1.98281990 1.15570311 -1.81769892 
3.84543480 14.64772523 -10.09977311 7.79883833 -6.39339098 5.01742349 -4.57117691 3.74195433 -3.01893185 2.31102400 -2.16207723 1.31270600 -1.95267141 
3.70238802 15.60849261 -11.43457487 9.38791296 -8.13834932 6.83925410 -6.40494406 5.53586429 -4.73264022 3.91467966 -3.63373331 2.63780443 -3.12236397 
3.86816839 14.51853664 -9.92695946 7.60047849 -6.18318512 4.80536839 -4.36474407 3.54644492 -2.83791599 2.14660929 -2.01542786 1.18417164 -1.84209801 
4.01496666 15.60561154 -11.43044283 9.38284476 -8.13262387 6.83311433 -6.39860491 5.52951155 -4.72643147 3.90874424 -3.62817631 2.63270656 -3.11778438 
4.03105228 15.60568132 -11.43054290 9.38296748 -8.13276250 6.83326298 -6.39875838 5.52966534 -4.72658176 3.90888791 -3.62831080 2.63282993 -3.11789521 
4.17956816 14.71734761 -10.19356282 7.90722050 -6.50899890 5.13478256 -4.68612024 3.85145543 -3.12088854 2.40412598 -2.24554134 1.38621006 -2.01619286 
4.19692119 14.92522892 -10.47634390 8.23706577 -6.86403898 5.49835506 -5.04522682 4.19636027 -3.44456032 2.70189724 -2.51438424 1.62455793 -2.22348810 
4.08635448 15.60591285 -11.43087493 9.38337472 -8.13322251 6.83375625 -6.39926763 5.53017565 -4.72708047 3.90936464 -3.62875712 2.63323935 -3.11826298 
3.97284059 14.74120079 -10.22580181 7.94459308 -6.54898506 5.17549361 -4.72610653 3.88965289 -3.15654796 2.43676975 -2.27487518 1.41210105 -2.03861521 
3.83921877 15.60868408 -11.43484949 9.38824983 -8.13872991 6.83966227 -6.40536551 5.53628668 -4.73305306 3.91507436 -3.63410286 2.63814347 -3.12266856 
3.84801640 15.60869551 -11.43486589 9.38826995 -8.13875265 6.83968665 -6.40539069 5.53631192 -4.73307772 3.91509794 -3.63412494 2.63816372 -3.12268676 
4.00225438 14.62761826 -10.07277226 7.76773119 -6.36030772 4.98393419 -4.53846689 3.71087561 -2.99006819 2.28473083 -2.13856009 1.29204009 -1.93484908 
4.14016859 15.60612622 -11.43118093 9.38375001 -8.13364645 6.83421084 -6.39973696 5.53064596 -4.72754010 3.90980401 -3.62916846 2.63361669 -3.11860195 
4.15528179 15.60618411 -11.43126395 9.38385184 -8.13376148 6.83433418 -6.39986430 5.53077357 -4.72766481 3.90992323 -3.62928007 2.63371908 -3.11869393 
4.29493052 14.79710702 -10.30157418 8.03266708 -6.64346378 5.27192565 -4.82105103 3.98056177 -3.24160701 2.51480131 -2.34513653 1.47423420 -2.09252217 
4.42157049 15.60343414 -11.42732050 9.37901560 -8.12829878 6.82847688 -6.39381751 5.52471447 -4.72174369 3.90426332 -3.62398152 2.62885873 -3.11432806 
4.33212951 14.99916490 -10.57790862 8.35664719 -6.99392243 5.63251523 -5.17884917 4.32573281 -3.56690680 2.81527673 -2.61745862 1.71653683 -2.30398020 
4.22918082 15.60645495 -11.43165236 9.38432823 -8.13429962 6.83491125 -6.40046008 5.53137061 -4.72824830 3.91048101 -3.62980228 2.63419813 -3.11912426 
4.12342025 14.84173266 -10.36227055 8.10345550 -6.71964803 5.34992873 -4.89808358 4.05453563 -3.31101514 2.57864448 -2.40276757 1.52531953 -2.13694456 
4.13555264 14.72693982 -10.20652077 7.92223459 -6.52505549 5.15112292 -4.70216275 3.86677385 -3.13518337 2.41720693 -2.25729169 1.39657775 -2.02516865 
4.14619651 14.85604472 -10.38177678 8.12624986 -6.74422664 5.37514013 -4.92302527 4.07852774 -3.33356324 2.59941687 -2.42154630 1.54198844 -2.15145852 
4.02435354 15.60890478 -11.43516605 9.38863816 -8.13916864 6.84013280 -6.40585136 5.53677362 -4.73352900 3.91552938 -3.63452890 2.63853434 -3.12301971 
4.03237491 15.60891345 -11.43517849 9.38865341 -8.13918588 6.84015128 -6.40587045 5.53679275 -4.73354769 3.91554726 -3.63454564 2.63854969 -3.12303351 
4.04036424 15.60892202 -11.43519078 9.38866849 -8.13920291 6.84016955 -6.40588931 5.53681165 -4.73356617 3.91556492 -3.63456218 2.63856487 -3.12304714 
4.04832177 15.60893048 -11.43520292 9.38868338 -8.13921974 6.84018760 -6.40590794 5.53683033 -4.73358443 3.91558238 -3.63457852 2.63857986 -3.12306061 
3.92453346 14.66010679 -10.11641891 7.81803675 -6.41383084 5.03813545 -4.59142700 3.76121300 -3.03683442 2.32734650 -2.17668854 1.32555587 -1.96376144 
3.77803794 15.60999040 -11.43672330 9.39054849 -8.14132701 6.84244765 -6.40824168 5.53916935 -4.73587069 3.91776822 -3.63662521 2.64045763 -3.12474762 
3.77803794 15.60999040 -11.43672330 9.39054849 -8.14132701 6.84244765 -6.40824168 5.53916935 -4.73587069 3.91776822 -3.63662521 2.64045763 -3.12474762 
3.62717234 14.35487866 -9.71030792 7.35427839 -5.92480736 4.54714199 -4.11562942 3.31256717 -2.62319182 1.95312683 -1.84415292 1.03511893 -1.71474282 
3.26669374 13.90103608 -9.12273512 6.70067239 -5.25293240 3.88885637 -3.49264383 2.73841434 -2.10535195 1.49427306 -1.44435402 0.69231513 -1.42595777 
3.02979633 15.59828994 -11.41994562 9.36997321 -8.11808740 6.81753024 -6.38251904 5.51339523 -4.71068423 3.89369362 -3.61408826 2.61978506 -3.10617873 
2.78404002 13.13563665 -8.17545307 5.69154385 -4.25828506 2.95272607 -2.64048030 1.98192614 -1.44715553 0.93033873 -0.96827569 0.29585560 -1.10114942 
2.45456316 15.56370519 -11.37042695 9.30933092 -8.04968362 6.74428057 -6.30699332 5.43780514 -4.63689811 3.82323707 -3.54819546 2.55939800 -3.05198300 
2.11062091 11.70752345 -6.55221780 4.09736608 -2.80578872 1.68354172 -1.56449375 1.08948563 -0.71920156 0.34204146 -0.49740442 -0.07834418 -0.80786405 
2.41871360 9.54195288 -4.44282760 2.30716933 -1.38812078 0.59437701 -0.74624398 0.48325740 -0.27412044 0.01169966 -0.25091989 -0.26527844 -0.66792516 
2.83565799 15.59579422 -11.41636855 9.36558836 -8.11313676 6.81222424 -6.37704360 5.50791075 -4.70532660 3.88857410 -3.60929714 2.61539151 -3.10223331 
3.04911132 13.85831365 -9.06842111 6.64130923 -5.19295327 3.83106086 -3.43882818 2.68959337 -2.06198640 1.45639837 -1.41180335 0.66476130 -1.40303053 
3.80276303 10.93004314 -5.74641476 3.37368903 -2.20185574 1.19788326 -1.18440568 0.79746108 -0.49772958 0.17391759 -0.36994226 -0.17551330 -0.73465845 
4.53823641 12.48123495 -7.40849805 4.91639526 -3.53254752 2.30247791 -2.07611380 1.50346309 -1.04886345 0.60272689 -0.70197053 0.08151484 -0.93115895 
4.91437358 15.05606458 -10.65642411 8.44948941 -7.09518314 5.73752736 -5.28384262 4.42776319 -3.66373841 2.90531292 -2.69957223 1.79003127 -2.36847984 
4.94130424 15.31413231 -11.01637611 8.87950935 -7.56886313 6.23343886 -5.78422468 4.91832606 -4.13325528 3.34539058 -3.10398790 2.15460061 -2.69061770 
4.79481659 15.24906399 -10.92502634 8.76970233 -7.44718989 6.10533594 -5.65426765 4.79025999 -4.01007890 3.22940049 -2.99692909 2.05769230 -2.60465457 
4.35705758 10.98243266 -5.79899976 3.41946896 -2.23890976 1.22684101 -1.20645867 0.81397269 -0.50995104 0.18301843 -0.37673746 -0.17037797 -0.73849439 
3.50148441 12.10093182 -6.98080210 4.50103963 -3.15856735 1.97963744 -1.80581172 1.28209967 -0.87059066 0.46038834 -0.58933897 -0.00707919 -0.86241011 
3.06905436 15.59873877 -11.42058898 9.37076193 -8.11897796 6.81848481 -6.38350417 5.51438205 -4.71164830 3.89461490 -3.61495049 2.62057579 -3.10688884 
3.25913725 14.10433759 -9.38354398 6.98822591 -5.54595743 4.17354102 -3.75984913 2.98270337 -2.32397027 1.68656028 -1.61071686 0.83401861 -1.54457285 
3.07222363 11.01079823 -5.82757425 3.44443182 -2.25918263 1.24273329 -1.21859678 0.82308545 -0.51671309 0.18806344 -0.38050977 -0.16752523 -0.74062677 
2.00649288 -8.36363475 -2.87175937 -1.27001916 -0.68265613 -0.50902836 -0.38735739 0.07068039 -0.16679410 -0.20665222 -0.19150534 -0.41404524 -0.59246276 
3.20275133 3.98422076 -0.93706720 0.23497711 -0.19438650 -0.13411782 -0.29458123 0.19741291 -0.09638917 -0.11920761 -0.15393557 -0.35102563 -0.60200108 
4.04621718 14.10953315 -9.39026011 6.99568511 -5.55361282 4.18102943 -3.76692435 2.98921322 -2.32983192 1.69174580 -1.61522780 0.83788051 -1.54782126 
3.52732840 1.19135100 -0.20264003 0.01035587 -0.12837941 -0.18113175 -0.26652465 0.17808200 -0.09149830 -0.13151871 -0.14738943 -0.36493228 -0.59179520 
3.95738024 -1.32208925 -0.12713340 -0.04420239 -0.12717136 -0.20583623 -0.25636673 0.16740651 -0.09496707 -0.14110569 -0.14782191 -0.37448222 -0.58619316 
5.39796177 9.68995631 -4.57361143 2.40801423 -1.46068036 0.64540511 -0.78149848 0.50741290 -0.29059676 0.02336051 -0.25935762 -0.25886394 -0.67269902 
5.89778964 15.28608689 -10.97695413 8.83206639 -7.51623391 6.17796888 -5.72789374 4.86275990 -4.07976028 3.29497168 -3.05741209 2.11240740 -2.65316191 
5.73852614 13.18031428 -8.22925281 5.74734622 -4.31185871 3.00188173 -2.68412805 2.01974612 -1.47929825 0.95727973 -0.99055462 0.31406018 -1.11579488 
5.19668575 12.96232688 -7.96850126 5.47861619 -4.05546543 2.76802533 -2.47766199 1.84183004 -1.32888426 0.83181510 -0.88726235 0.22999298 -1.04841835 
4.54570988 11.49792706 -6.32961046 3.89276995 -2.63121426 1.54027152 -1.45021076 1.00011187 -0.65029887 0.28904773 -0.45680334 -0.10949973 -0.78424441 
3.92453346 14.66010679 -10.11641891 7.81803675 -6.41383084 5.03813545 -4.59142700 3.76121300 -3.03683442 2.32734650 -2.17668854 1.32555587 -1.96376144 
3.62717234 14.35487866 -9.71030792 7.35427839 -5.92480736 4.54714199 -4.11562942 3.31256717 -2.62319182 1.95312683 -1.84415292 1.03511893 -1.71474282 
3.09732235 11.07641121 -5.89394814 3.50264985 -2.30664784 1.28007630 -1.24721533 0.84463914 -0.53275411 0.20005822 -0.38949405 -0.16072533 -0.74571391 
1.87379901 2.23458901 -0.39681973 0.05984442 -0.13940886 -0.16841110 -0.27409911 0.18375004 -0.09193424 -0.12747887 -0.14883184 -0.36033887 -0.59500920 
-1.01719721 -12.52024771 -6.54877893 -4.14625772 -2.80132591 -2.03368494 -1.46100742 -0.69486665 -0.71847101 -0.60943298 -0.48291175 -0.62377363 -0.73577179 
2.15671262 -3.30963444 -0.46008228 -0.13101775 -0.14898243 -0.22779204 -0.25611155 0.15877722 -0.10183425 -0.15045723 -0.15203221 -0.38175092 -0.58371663 
4.67471143 5.05520349 -1.40055657 0.42480089 -0.26918394 -0.09498998 -0.31665041 0.21098670 -0.10290312 -0.11207085 -0.15935706 -0.34376454 -0.60767288 
5.91514749 10.49531175 -5.31957987 3.00980368 -1.91323817 0.97644794 -1.01864488 0.67530773 -0.40863212 0.10827356 -0.32130768 -0.21216439 -0.70736839 
5.79950234 8.09107976 -3.26402058 1.46576021 -0.82521732 0.22156813 -0.50168855 0.32285755 -0.16899660 -0.06198421 -0.19751224 -0.30725710 -0.63628506 
5.64121790 -9.45224010 -3.68626704 -1.80783527 -1.01540503 -0.71200656 -0.50751839 -0.00490507 -0.21712411 -0.24254042 -0.21669592 -0.43186978 -0.60275300 
7.73000842 5.74076259 -1.75025611 0.58857332 -0.34238390 -0.05675771 -0.33792201 0.22367148 -0.10969339 -0.10592527 -0.16419480 -0.33815304 -0.61210794 
8.50804765 14.25113018 -9.57427714 7.20111630 -5.76550840 4.38930775 -3.96463738 3.17195764 -2.49510484 1.83856399 -1.74345119 0.94806136 -1.64082803 
8.32585465 11.28769799 -6.11032152 3.69468327 -2.46501978 1.40600370 -1.34469552 0.91874905 -0.58839632 0.24194974 -0.42103865 -0.13678246 -0.76367652 
7.11889347 -1.67987929 -0.16146878 -0.05332608 -0.12896691 -0.20931683 -0.25575430 0.16597542 -0.09591942 -0.14261206 -0.14831456 -0.37576617 -0.58561604 
6.75474476 1.57483618 -0.26291312 0.02511380 -0.13127546 -0.17679822 -0.26903276 0.18002805 -0.09150843 -0.13007087 -0.14779988 -0.36330590 -0.59290750 
7.61325202 14.38279630 -9.74708611 7.39587720 -5.96826479 4.59038324 -4.15716690 3.35140281 -2.65870472 1.98500545 -1.87227100 1.05950583 -1.73551207 
7.31903336 9.30258648 -4.23544553 2.15021699 -1.27720702 0.51758065 -0.69392208 0.44784447 -0.25023505 -0.00512749 -0.23875967 -0.27458014 -0.66098560 
5.82876905 2.24329298 -0.39884176 0.06039499 -0.13954893 -0.16829010 -0.27417314 0.18380290 -0.09194362 -0.12744347 -0.14884835 -0.36029811 -0.59503862 
3.06215491 -11.56453530 -5.56692019 -3.27255254 -2.08017109 -1.46261337 -1.02254685 -0.36193019 -0.46760672 -0.42129633 -0.34340597 -0.52138430 -0.66240753 
3.11372939 11.88766467 -6.74672195 4.27898665 -2.96316772 1.81457632 -1.67046374 1.17344443 -0.78472808 0.39295787 -0.53675200 -0.04796360 -0.83103058 
2.22114913 -9.75188756 -3.92889978 -1.98005792 -1.12949714 -0.78574547 -0.55381362 -0.03494822 -0.23730848 -0.25671594 -0.22658550 -0.43879171 -0.60703307 
2.66767994 7.02320454 -2.51571234 1.00056664 -0.55283801 0.05891363 -0.40374513 0.26279086 -0.13223307 -0.08829410 -0.17788276 -0.32440554 -0.62296812 
3.42263793 14.01780676 -9.27206178 6.86480712 -5.41968870 4.05039757 -3.64383933 2.87626460 -2.22839003 1.60222132 -1.53752701 0.77150120 -1.49210046 
3.44712209 14.36301466 -9.72101852 7.36638459 -5.93744605 4.55970976 -4.12769451 3.32384070 -2.63349483 1.96237040 -1.85230183 1.04218305 -1.72075621 
3.08779746 13.90587148 -9.12889325 6.70741437 -5.25975555 3.89544151 -3.49878492 2.74399373 -2.11031497 1.49861350 -1.44808906 0.69548053 -1.42859464 
2.87169811 15.60655524 -11.43179621 9.38450466 -8.13449893 6.83512497 -6.40068074 5.53159173 -4.72846440 3.91068760 -3.62999569 2.63437555 -3.11928364 
2.88594977 15.60660380 -11.43186584 9.38459007 -8.13459541 6.83522843 -6.40078756 5.53169878 -4.72856902 3.91078761 -3.63008932 2.63446145 -3.11936080 
2.66662018 13.23192760 -8.29163408 5.81228031 -4.37441642 3.05947171 -2.73542994 2.06433659 -1.51730827 0.98922627 -1.01704036 0.33575198 -1.13328401 
2.37347861 15.60999040 -11.43672330 9.39054849 -8.14132701 6.84244765 -6.40824168 5.53916935 -4.73587069 3.91776822 -3.63662521 2.64045763 -3.12474762 
1.68712590 1.29690725 -0.21794289 0.01408015 -0.12906688 -0.17996914 -0.26718604 0.17860411 -0.09148491 -0.13112307 -0.14748907 -0.36449102 -0.59209379 
1.39335051 -1.93857562 -0.19329516 -0.06122405 -0.13068667 -0.21190154 -0.25544927 0.16492394 -0.09668050 -0.14374117 -0.14874008 -0.37669509 -0.58523300 
3.58675625 6.14043510 -1.97324160 0.70134937 -0.39657591 -0.02785384 -0.35409953 0.23324746 -0.11504526 -0.10148288 -0.16768838 -0.33440758 -0.61507456 
