9.60664001 0.34475700 -0.11528201 -0.01239855 -0.12520256 -0.18987316 -0.26194728 0.17419433 -0.09201742 -0.13465830 -0.14694281 -0.36832121 -0.58959578 
3.28577180 15.60999040 -11.43672330 9.39054849 -8.14132701 6.84244765 -6.40824168 5.53916935 -4.73587069 3.91776822 -3.63662521 2.64045763 -3.12474762 
3.09337623 13.75730916 -8.94069136 6.50241738 -5.05331779 3.69715120 -3.31471696 2.57750526 -1.96285273 1.37016747 -1.33797683 0.60248945 -1.35139052 
3.08632453 13.82624603 -9.02776513 6.59699183 -5.14829206 3.78813278 -3.39895281 2.65350353 -2.03000165 1.42852270 -1.38789408 0.64455999 -1.38625116 
3.08060703 13.74066377 -8.91973326 6.47972350 -5.03059597 3.67544702 -3.29467798 2.55947468 -1.94696306 1.35639237 -1.32622067 0.59260243 -1.34321462 
2.83318960 15.60642053 -11.43160301 9.38426770 -8.13423125 6.83483793 -6.40038439 5.53129475 -4.72817416 3.91041014 -3.62973593 2.63413726 -3.11906958 
2.81855558 15.60636797 -11.43152763 9.38417524 -8.13412680 6.83472593 -6.40026875 5.53117887 -4.72806091 3.91030188 -3.62963457 2.63404428 -3.11898605 
2.80381370 15.60631424 -11.43145056 9.38408072 -8.13402003 6.83461143 -6.40015054 5.53106041 -4.72794515 3.91019121 -3.62953096 2.63394924 -3.11890067 
3.03455636 13.76003352 -8.94412405 6.50613694 -5.05704445 3.70071327 -3.31800781 2.58046809 -1.96546529 1.37243360 -1.33991183 0.60411758 -1.35273749 
3.02870902 13.67179630 -8.83329774 6.38641543 -4.93745155 3.58672882 -3.21299372 2.48617443 -1.88253315 1.30067188 -1.27877506 0.55278432 -1.31035404 
3.02140464 13.74290752 -8.92255684 6.48277936 -5.03365406 3.67836674 -3.29737242 2.56189797 -1.94909768 1.35824216 -1.32779874 0.59392912 -1.34431133 
3.21475842 15.60999040 -11.43672330 9.39054849 -8.14132701 6.84244765 -6.40824168 5.53916935 -4.73587069 3.91776822 -3.63662521 2.64045763 -3.12474762 
3.01552395 13.65398634 -8.81101652 6.36243744 -4.91358831 3.56406588 -3.19218671 2.46755423 -1.86620949 1.28658975 -1.26681215 0.54276623 -1.30210348 
2.75892466 15.60614566 -11.43120881 9.38378421 -8.13368508 6.83425226 -6.39977973 5.53068881 -4.72758199 3.90984405 -3.62920595 2.63365108 -3.11863284 
2.99484197 13.70793734 -8.87860312 6.43526557 -4.98616001 3.63307143 -3.25561634 2.52438256 -1.91608393 1.32966013 -1.30343651 0.57346418 -1.32740708 
2.98889347 13.61762296 -8.76561583 6.31367453 -4.86515096 3.51814875 -3.15010440 2.42995919 -1.83330554 1.25824782 -1.24277025 0.52265971 -1.28556556 
2.72842896 15.60602676 -11.43103829 9.38357507 -8.13344883 6.83399893 -6.39951818 5.53042672 -4.72732584 3.90959919 -3.62897671 2.63344079 -3.11844394 
2.71300495 15.60596523 -11.43095005 9.38346684 -8.13332658 6.83386783 -6.39938283 5.53029109 -4.72719330 3.90947249 -3.62885809 2.63333198 -3.11834619 
2.95433277 13.65361655 -8.81055421 6.36194025 -4.91309381 3.56359654 -3.19175606 2.46716907 -1.86587202 1.28629877 -1.26656508 0.54255942 -1.30193323 
2.94827972 13.56114683 -8.69534814 6.23845527 -4.79067752 3.44777106 -3.08580009 2.37268027 -1.78331540 1.21530230 -1.20643065 0.49233785 -1.26067976 
2.94064760 13.63499264 -8.78728698 6.33693463 -4.88824033 3.54002271 -3.17013904 2.44784672 -1.84895198 1.27171761 -1.25419057 0.53220615 -1.29341411 
3.14113048 15.60999040 -11.43672330 9.39054849 -8.14132701 6.84244765 -6.40824168 5.53916935 -4.73587069 3.91776822 -3.63662521 2.64045763 -3.12474762 
2.93455892 13.54178634 -8.67132816 6.21281310 -4.76535751 3.42390498 -3.06404791 2.35335125 -1.76648516 1.20087513 -1.19424752 0.48219124 -1.25236712 
2.92686934 13.61610174 -8.76371923 6.31164025 -4.86313296 3.51623820 -3.14835558 2.42839873 -1.83194137 1.25707406 -1.24177558 0.52182864 -1.28488260 
3.12859125 15.60999040 -11.43672330 9.39054849 -8.14132701 6.84244765 -6.40824168 5.53916935 -4.73587069 3.91776822 -3.63662521 2.64045763 -3.12474762 
3.12859125 15.60999040 -11.43672330 9.39054849 -8.14132701 6.84244765 -6.40824168 5.53916935 -4.73587069 3.91776822 -3.63662521 2.64045763 -3.12474762 
3.12859125 15.60999040 -11.43672330 9.39054849 -8.14132701 6.84244765 -6.40824168 5.53916935 -4.73587069 3.91776822 -3.63662521 2.64045763 -3.12474762 
3.12859125 15.60999040 -11.43672330 9.39054849 -8.14132701 6.84244765 -6.40824168 5.53916935 -4.73587069 3.91776822 -3.63662521 2.64045763 -3.12474762 
3.12859125 15.60999040 -11.43672330 9.39054849 -8.14132701 6.84244765 -6.40824168 5.53916935 -4.73587069 3.91776822 -3.63662521 2.64045763 -3.12474762 
2.92074462 13.52214952 -8.64700097 6.18687962 -4.73978511 3.39983285 -3.04213604 2.33390447 -1.74957257 1.18639349 -1.18203113 0.47202668 -1.24404740 
2.91299674 13.59693856 -8.73984578 6.28605291 -4.83776879 3.49224126 -3.12640496 2.40882510 -1.81484073 1.24236898 -1.22932112 0.51142790 -1.27633966 
3.11597291 15.60999040 -11.43672330 9.39054849 -8.14132701 6.84244765 -6.40824168 5.53916935 -4.73587069 3.91776822 -3.63662521 2.64045763 -3.12474762 
3.11597291 15.60999040 -11.43672330 9.39054849 -8.14132701 6.84244765 -6.40824168 5.53916935 -4.73587069 3.91776822 -3.63662521 2.64045763 -3.12474762 
2.90683557 13.50223088 -8.62236131 6.16065069 -4.71395755 3.37555313 -3.02006396 2.31434014 -1.73257833 1.17185836 -1.16978259 0.46184525 -1.23572159 
2.89902850 13.57749767 -8.71566132 6.26016832 -4.81214484 3.46803016 -3.10428645 2.38912590 -1.79765064 1.22760325 -1.21682820 0.50100496 -1.26778628 
3.10327446 15.60999040 -11.43672330 9.39054849 -8.14132701 6.84244765 -6.40824168 5.53916935 -4.73587069 3.91776822 -3.63662521 2.64045763 -3.12474762 
3.31422630 14.02714715 -9.28406159 6.87805567 -5.43320724 4.06354788 -3.65619713 2.88757563 -2.23852360 1.61114351 -1.54525369 0.77808840 -1.49761900 
3.31938743 14.10149012 -9.37986423 6.98414017 -5.54176539 4.16944150 -3.75597679 2.97914136 -2.32076371 1.68372422 -1.60825027 0.83190734 -1.54279731 
3.11597291 15.60999040 -11.43672330 9.39054849 -8.14132701 6.84244765 -6.40824168 5.53916935 -4.73587069 3.91776822 -3.63662521 2.64045763 -3.12474762 
3.11597291 15.60999040 -11.43672330 9.39054849 -8.14132701 6.84244765 -6.40824168 5.53916935 -4.73587069 3.91776822 -3.63662521 2.64045763 -3.12474762 
3.32560538 14.04015308 -9.30078427 6.89653312 -5.45207572 4.08191594 -3.67347061 2.90339690 -2.25270739 1.62363961 -1.55608186 0.78732484 -1.50536110 
3.33074058 14.11397748 -9.39600717 7.00207018 -5.56016799 4.18744365 -3.77298651 2.99479262 -2.33485720 1.69619263 -1.61909715 0.84119392 -1.55060895 
3.12859125 15.60999040 -11.43672330 9.39054849 -8.14132701 6.84244765 -6.40824168 5.53916935 -4.73587069 3.91776822 -3.63662521 2.64045763 -3.12474762 
3.12859125 15.60999040 -11.43672330 9.39054849 -8.14132701 6.84244765 -6.40824168 5.53916935 -4.73587069 3.91776822 -3.63662521 2.64045763 -3.12474762 
3.12859125 15.60999040 -11.43672330 9.39054849 -8.14132701 6.84244765 -6.40824168 5.53916935 -4.73587069 3.91776822 -3.63662521 2.64045763 -3.12474762 
3.33692067 14.05300153 -9.31732008 6.91482072 -5.47076692 4.10012694 -3.69061056 2.91910846 -2.26680370 1.63606769 -1.56685852 0.79652325 -1.51307608 
3.34203019 14.12631287 -9.41196806 7.01981340 -5.57839433 4.20528792 -3.78986040 3.01033079 -2.34885920 1.70858872 -1.62988823 0.85043843 -1.55838981 
3.34817287 14.06569507 -9.33367178 6.93292097 -5.48928283 4.11818235 -3.70761797 2.93471085 -2.28081274 1.64842772 -1.57758346 0.80568335 -1.52076359 
3.35325696 14.13849876 -9.42774959 7.03737232 -5.59644645 4.22297584 -3.80659951 3.02575652 -2.36276999 1.72091255 -1.64062339 0.85964064 -1.56613959 
3.35936268 14.07823624 -9.34984206 6.95083628 -5.50762541 4.13608363 -3.72449379 2.95020463 -2.29473474 1.66071967 -1.58825649 0.81480483 -1.52842331 
3.36442159 14.15053761 -9.44335442 7.05474937 -5.61432635 4.24050895 -3.82320490 3.04107044 -2.37658989 1.73316418 -1.65130253 0.86880034 -1.57385801 
3.37049077 14.09062749 -9.36583358 6.96856907 -5.52579662 4.15383220 -3.74123899 2.96559034 -2.30856990 1.67294352 -1.59887744 0.82388744 -1.53605491 
3.37552474 14.16243180 -9.45878514 7.07194693 -5.63203602 4.25788874 -3.83967762 3.05627320 -2.39031923 1.74534368 -1.66192554 0.87791733 -1.58154482 
3.17828325 15.60999040 -11.43672330 9.39054849 -8.14132701 6.84244765 -6.40824168 5.53916935 -4.73587069 3.91776822 -3.63662521 2.64045763 -3.12474762 
3.38155783 14.10287125 -9.38164895 6.98612169 -5.54379836 4.17142951 -3.75785454 2.98086855 -2.32231848 1.68509929 -1.60944615 0.83293092 -1.54365809 
3.38656708 14.17418366 -9.47404432 7.08896737 -5.64957740 4.27511672 -3.85601873 3.07136547 -2.40395833 1.75745114 -1.67249235 0.88699141 -1.58919975 
3.39256450 14.11496987 -9.39729070 7.00349648 -5.56163255 4.18887698 -3.77434141 2.99603983 -2.33598073 1.69718698 -1.61996249 0.84193503 -1.55123256 
3.39754928 14.18579549 -9.48913447 7.10581301 -5.66695244 4.29219438 -3.87222927 3.08634790 -2.41750755 1.76948668 -1.68300289 0.89602241 -1.59682257 
3.59853609 12.30332985 -7.20678033 4.71896070 -3.35342982 2.14675067 -1.94484169 1.39526286 -0.96119349 0.53235425 -0.64602264 0.03733785 -0.89675387 
3.74658660 14.56957115 -9.99503837 7.67841282 -6.26555943 4.88825981 -4.44524217 3.62250455 -2.90817781 2.21029024 -2.07211190 1.23375799 -1.88467670 
3.59573980 15.60832414 -11.43433322 9.38761653 -8.13801443 6.83889495 -6.40457322 5.53549264 -4.73227696 3.91433238 -3.63340814 2.63750611 -3.12209597 
3.60567353 15.60834060 -11.43435683 9.38764550 -8.13804715 6.83893005 -6.40460945 5.53552895 -4.73231245 3.91436631 -3.63343991 2.63753526 -3.12212216 
3.45158036 14.24183110 -9.56213421 7.18749776 -5.75139834 4.37537886 -3.95135994 3.15963598 -2.48391801 1.82858996 -1.73471025 0.94052603 -1.63444755 
3.45737217 14.18464055 -9.48763299 7.10413625 -5.66522237 4.29049333 -3.87061406 3.08485458 -2.41615666 1.76828636 -1.68195437 0.89512125 -1.59606174 
3.30466592 11.73139373 -6.57782218 4.12112322 -2.82624764 1.70047698 -1.57811344 1.10021930 -0.72753689 0.34849095 -0.50237060 -0.07451986 -0.81077302 
3.07350618 13.81002816 -9.00724043 6.57465718 -5.12582189 3.76656939 -3.37895419 2.63543086 -2.01400806 1.41460291 -1.37597037 0.63449756 -1.37790284 
3.26237972 15.60999040 -11.43672330 9.39054849 -8.14132701 6.84244765 -6.40824168 5.53916935 -4.73587069 3.91776822 -3.63662521 2.64045763 -3.12474762 
3.26237972 15.60999040 -11.43672330 9.39054849 -8.14132701 6.84244765 -6.40824168 5.53916935 -4.73587069 3.91776822 -3.63662521 2.64045763 -3.12474762 
3.26237972 15.60999040 -11.43672330 9.39054849 -8.14132701 6.84244765 -6.40824168 5.53916935 -4.73587069 3.91776822 -3.63662521 2.64045763 -3.12474762 
3.26237972 15.60999040 -11.43672330 9.39054849 -8.14132701 6.84244765 -6.40824168 5.53916935 -4.73587069 3.91776822 -3.63662521 2.64045763 -3.12474762 
3.45737217 14.18464055 -9.48763299 7.10413625 -5.66522237 4.29049333 -3.87061406 3.08485458 -2.41615666 1.76828636 -1.68195437 0.89512125 -1.59606174 
3.46221490 14.25264827 -9.57626028 7.20334127 -5.76781451 4.39158505 -3.96680892 3.17397352 -2.49693564 1.84019680 -1.74488255 0.94929562 -1.64187340 
3.27410996 15.60999040 -11.43672330 9.39054849 -8.14132701 6.84244765 -6.40824168 5.53916935 -4.73587069 3.91776822 -3.63662521 2.64045763 -3.12474762 
3.27410996 15.60999040 -11.43672330 9.39054849 -8.14132701 6.84244765 -6.40824168 5.53916935 -4.73587069 3.91776822 -3.63662521 2.64045763 -3.12474762 
3.46797379 14.19578562 -9.50212730 7.12032830 -5.68193489 4.30693080 -3.88622705 3.09929379 -2.42922252 1.77989918 -1.69210125 0.90384421 -1.60342813 
3.63518208 15.60838855 -11.43442560 9.38772986 -8.13814246 6.83903226 -6.40471499 5.53563472 -4.73241583 3.91446514 -3.63353245 2.63762016 -3.12219842 
3.64492231 15.60840407 -11.43444786 9.38775716 -8.13817331 6.83906534 -6.40474915 5.53566895 -4.73244929 3.91449713 -3.63356240 2.63764764 -3.12222311 
3.49378585 14.28435599 -9.61773079 7.24992257 -5.81614906 4.43936744 -4.01242000 3.21635834 -2.53546679 1.87459289 -1.77506141 0.97534042 -1.66394970 
3.49944817 14.22846163 -9.54469039 7.16794959 -5.73116018 4.35541532 -3.93234370 3.14200086 -2.46791779 1.81433338 -1.72222367 0.92976775 -1.62534297 
3.66426159 15.60843444 -11.43449142 9.38781059 -8.13823367 6.83913008 -6.40481599 5.53573595 -4.73251477 3.91455973 -3.63362102 2.63770141 -3.12227142 
3.51456160 14.30489359 -9.64464258 7.28020581 -5.84762762 4.47053924 -4.04222432 3.24409861 -2.56072362 1.89717197 -1.79489940 0.99248303 -1.67849821 
3.52016129 14.24963217 -9.57232046 7.19892126 -5.76323353 4.38706152 -3.96249568 3.16996963 -2.49329951 1.83695404 -1.74203999 0.94684456 -1.63979752 
3.68341565 15.60846394 -11.43453374 9.38786251 -8.13829232 6.83919298 -6.40488094 5.53580104 -4.73257839 3.91462056 -3.63367796 2.63775365 -3.12231835 
3.53512525 14.32496751 -9.67098528 7.30989043 -5.87852623 4.50117707 -4.07155556 3.27143234 -2.58563997 1.91947178 -1.81451298 1.00944874 -1.69291043 
3.54066367 14.27032918 -9.59937343 7.22929020 -5.79472734 4.41817827 -3.99218245 3.19754215 -2.51835251 1.85930779 -1.76164415 0.96375608 -1.65412639 
3.70238802 15.60849261 -11.43457487 9.38791296 -8.13834932 6.83925410 -6.40494406 5.53586429 -4.73264022 3.91467966 -3.63373331 2.63780443 -3.12236397 
3.71180714 15.60850665 -11.43459500 9.38793765 -8.13837722 6.83928402 -6.40497495 5.53589526 -4.73267048 3.91470860 -3.63376040 2.63782928 -3.12238630 
3.72118210 15.60852049 -11.43461485 9.38796200 -8.13840473 6.83931353 -6.40500541 5.53592579 -4.73270032 3.91473712 -3.63378711 2.63785378 -3.12240831 
3.57563314 14.36377952 -9.72202575 7.36752341 -5.93863531 4.56089269 -4.12883044 3.32490240 -2.63446538 1.96324136 -1.85306983 1.04284896 -1.72132318 
3.58105292 14.31035865 -9.65181053 7.28827902 -5.85602685 4.47886363 -4.05019005 3.25151855 -2.56748444 1.90322036 -1.80021715 0.99708121 -1.68240297 
3.58563404 14.37321388 -9.73445409 7.38158043 -5.95332005 4.57550405 -4.14286578 3.33802451 -2.64646452 1.97401233 -1.86257002 1.05108836 -1.72834019 
3.59102495 14.32009152 -9.66458310 7.30267224 -5.87100900 4.49371961 -4.06441273 3.26477287 -2.57956676 1.91403405 -1.80972837 1.00530851 -1.68939208 
3.90253748 14.54740394 -9.96543746 7.64449338 -6.22967332 4.85211529 -4.41011007 3.58928107 -2.87746154 2.18242916 -2.04729365 1.21203220 -1.86600883 
3.91438847 14.69930459 -10.16921252 7.87903259 -6.47888100 5.10415896 -4.65608005 3.82279435 -3.09416342 2.37968834 -2.22360491 1.36686765 -1.99945778 
3.77652739 15.60859960 -11.43472831 9.38810119 -8.13856198 6.83948217 -6.40517955 5.53610031 -4.73287089 3.91490020 -3.63393980 2.63799387 -3.12253416 
3.78560451 15.60861216 -11.43474633 9.38812329 -8.13858695 6.83950895 -6.40520720 5.53612802 -4.73289798 3.91492610 -3.63396404 2.63801611 -3.12255414 
3.94468887 14.58194668 -10.01158427 7.69739495 -6.28566513 4.90853254 -4.46496803 3.64117795 -2.92545911 2.22597988 -2.08610046 1.24601377 -1.89521592 
3.95631283 14.72952150 -10.21000981 7.92627893 -6.52938236 5.15552794 -4.70648907 3.87090637 -3.13904108 2.42073820 -2.26046473 1.39937823 -2.02759384 
3.82150657 15.60866074 -11.43481602 9.38820877 -8.13868353 6.83961252 -6.40531414 5.53623520 -4.73300274 3.91502626 -3.63405782 2.63810215 -3.12263144 
3.83038228 15.60867249 -11.43483286 9.38822943 -8.13870687 6.83963756 -6.40534000 5.53626111 -4.73302807 3.91505047 -3.63408049 2.63812295 -3.12265012 
3.98597462 14.61487598 -10.05568102 7.74806266 -6.33941233 4.96280432 -4.51784947 3.69130544 -2.97190985 2.26820426 -2.12379084 1.27907178 -1.92367365 
3.99737997 14.75830147 -10.24894765 7.97146155 -6.57777095 5.20483895 -4.75496523 3.91725358 -3.18234439 2.46041039 -2.29614078 1.43088908 -2.05490134 
4.01034507 14.63390041 -10.08120418 7.77744088 -6.37062953 4.99437811 -4.54866347 3.72055970 -2.99905853 2.29291746 -2.14587978 1.29847019 -1.94039264 
4.02162310 14.77491693 -10.27146336 7.99762819 -6.60583572 5.23347932 -4.78315936 3.94424521 -3.20759544 2.48357197 -2.31699320 1.44932685 -2.07089608 
4.17505686 13.28118702 -8.35140026 5.87472405 -4.43479368 3.11524775 -2.78528335 2.10780897 -1.55448090 1.02055912 -1.04308687 0.35713568 -1.15056449 
4.29742256 14.98087788 -10.55273972 8.32695917 -6.96161966 5.59909226 -5.14550580 4.29339917 -3.53628310 2.78685703 -2.59158708 1.69342086 -2.28372660 
4.19257260 15.60632327 -11.43146353 9.38409662 -8.13403799 6.83463069 -6.40017043 5.53108034 -4.72796462 3.91020983 -3.62954839 2.63396522 -3.11891504 
4.32966308 14.81990932 -10.33256447 8.06878377 -6.68230595 5.31166811 -4.86027322 4.01820270 -3.27690317 2.54724875 -2.37441064 1.50016993 -2.11506402 
4.34584584 15.00626376 -10.58768753 8.36819155 -7.00649369 5.64553249 -5.19184511 4.33834423 -3.57885948 2.82637640 -2.62756932 1.72557590 -2.31190437 
4.24363852 15.60650564 -11.43172506 9.38441739 -8.13440035 6.83501926 -6.40057160 5.53148236 -4.72835752 3.91058542 -3.62990003 2.63428780 -3.11920481 
4.37730069 14.85030095 -10.37394613 8.11709660 -6.73435416 5.36501080 -4.91300174 4.06888344 -3.32449725 2.59106297 -2.41399257 1.53528203 -2.14561800 
4.60504323 14.95184064 -10.51284023 8.27996901 -6.91056785 5.54634624 -5.09295859 4.24251149 -3.48814848 2.74224104 -2.55101831 1.65721248 -2.25203459 
4.71997046 15.60134765 -11.42432895 9.37534731 -8.12415588 6.82403532 -6.38923283 5.52012101 -4.71725533 3.89997343 -3.61996592 2.62517557 -3.11101993 
4.74254759 15.60154007 -11.42460483 9.37568557 -8.12453789 6.82444484 -6.38965553 5.52054450 -4.71766911 3.90036891 -3.62033609 2.62551509 -3.11132486 
4.85772183 15.05425399 -10.65392096 8.44652417 -7.09194338 5.73416199 -5.28047245 4.42448308 -3.66062083 2.90241007 -2.69692130 1.78765563 -2.36639248 
4.88038254 15.27598067 -10.96276649 8.81501275 -7.49733806 6.15807521 -5.70771285 4.84287334 -4.06063365 3.27696152 -3.04078924 2.09736105 -2.63981535 
4.72355755 15.20051981 -10.85713473 8.68838885 -7.35740317 6.01111886 -5.55899229 4.69665862 -3.92031493 3.14510751 -2.91933058 1.98762430 -2.54264554 
4.54725991 15.10251475 -10.72074795 8.52580798 -7.17869381 5.82440258 -5.37096401 4.51267111 -3.74454363 2.98064483 -2.76844655 1.85182072 -2.42282790 
4.34716496 14.97275964 -10.54157655 8.31380308 -6.94731688 5.58430540 -5.13076561 4.27911605 -3.52276503 2.77432038 -2.58018185 1.68323658 -2.27480856 
4.35795331 14.87387058 -10.40609927 8.15470281 -6.77493860 5.40667413 -4.95425191 4.10859336 -3.36184445 2.62549285 -2.44513850 1.56294582 -2.16971964 
4.36754998 14.98367784 -10.55659132 8.33150001 -6.96655799 5.60419944 -5.15059849 4.29833548 -3.54095639 2.79119225 -2.59553211 1.69694445 -2.28681283 
4.37822382 14.88616305 -10.42288930 8.17436384 -6.79618121 5.42850562 -4.97589003 4.12944501 -3.38147487 2.64360685 -2.46153936 1.57752529 -2.18243193 
4.59987166 14.97943018 -10.55074858 8.32461204 -6.95906741 5.59645310 -5.14287445 4.29084893 -3.53386902 2.78461783 -2.58954964 1.69160125 -2.28213300 
4.61412850 15.13133400 -10.76075937 8.57339693 -7.23089056 5.87882505 -5.42565954 4.56608853 -3.79548180 3.02822278 -2.81202418 1.89098182 -2.45732811 
4.52535020 15.60736046 -11.43295104 9.38592113 -8.13609908 6.83684091 -6.40245238 5.53336717 -4.73019959 3.91234639 -3.63154872 2.63580026 -3.12056350 
4.64156893 15.00138787 -10.58097033 8.36026106 -6.99785716 5.63658895 -5.18291564 4.32967842 -3.57064582 2.81874847 -2.62062066 1.71936341 -2.30645788 
4.65554823 15.14844776 -10.78455659 8.60174317 -7.26202611 5.91133283 -5.45837361 4.59807873 -3.82602433 3.05678332 -2.83821189 1.91453959 -2.47810229 
4.56867278 15.60747187 -11.43311083 9.38611713 -8.13632050 6.83707836 -6.40269755 5.53361286 -4.73043972 3.91257596 -3.63176365 2.63599744 -3.12074063 
4.47930746 15.04069601 -10.63518685 8.42434282 -7.06772037 5.70901142 -5.25529727 4.39999118 -3.63735212 2.88075250 -2.67715058 1.76994427 -2.35083549 
4.48937553 14.95049115 -10.51098786 8.27778965 -6.90820240 5.54390457 -5.09052831 4.24015999 -3.48592604 2.74018268 -2.54914807 1.65554442 -2.25057557 
4.59905283 15.60754718 -11.43321884 9.38624961 -8.13647016 6.83723885 -6.40286326 5.53377893 -4.73060203 3.91273112 -3.63190893 2.63613072 -3.12086036 
4.61107681 15.60757636 -11.43326069 9.38630094 -8.13652815 6.83730104 -6.40292747 5.53384328 -4.73066493 3.91279125 -3.63196522 2.63618236 -3.12090676 
4.52357412 15.06199531 -10.66462554 8.45920733 -7.10580327 5.74856187 -5.29489535 4.43852290 -3.67396710 2.91483896 -2.70827317 1.79782999 -2.37533336 
4.53341219 14.97458064 -10.54408001 8.31675287 -6.95052313 5.58761953 -5.13406866 4.28231611 -3.52579316 2.77712822 -2.58273589 1.68551688 -2.27680507 
4.64082424 15.60764706 -11.43336209 9.38642532 -8.13666867 6.83745173 -6.40308306 5.53399921 -4.73081732 3.91293694 -3.63210162 2.63630750 -3.12101917 
4.65260043 15.60767447 -11.43340141 9.38647355 -8.13672315 6.83751016 -6.40314339 5.53405967 -4.73087641 3.91299343 -3.63215451 2.63635602 -3.12106276 
4.66430768 15.60770141 -11.43344004 9.38652094 -8.13677669 6.83756757 -6.40320266 5.53411907 -4.73093447 3.91304894 -3.63220648 2.63640369 -3.12110559 
4.67594680 15.60772788 -11.43347800 9.38656750 -8.13682929 6.83762399 -6.40326091 5.53417745 -4.73099153 3.91310348 -3.63225755 2.63645054 -3.12114768 
4.68751857 15.60775389 -11.43351531 9.38661326 -8.13688099 6.83767943 -6.40331816 5.53423482 -4.73104760 3.91315708 -3.63230774 2.63649659 -3.12118904 
4.69902378 15.60777945 -11.43355198 9.38665824 -8.13693181 6.83773392 -6.40337442 5.53429121 -4.73110271 3.91320977 -3.63235707 2.63654184 -3.12122970 
4.61526261 15.10389817 -10.72266684 8.52808824 -7.18119270 5.82700588 -5.37357830 4.51522236 -3.74697470 2.98291397 -2.77052353 1.85368605 -2.42447027 
4.62464144 15.02207247 -10.60948170 8.39393975 -7.03455264 5.67460714 -5.22089163 4.36654956 -3.60560813 2.85123068 -2.65022171 1.74583800 -2.32967618 
4.72750054 15.60784148 -11.43364095 9.38676737 -8.13705509 6.83786613 -6.40351093 5.53442802 -4.73123642 3.91333760 -3.63247675 2.63665164 -3.12132834 
4.64491655 15.11683152 -10.74061491 8.54942629 -7.20458719 5.85138834 -5.39807381 4.53913675 -3.76977120 3.00419962 -2.79001339 1.87119548 -2.43989143 
4.65415165 15.03675850 -10.62974936 8.41790846 -7.06069766 5.70172365 -5.24800609 4.39290137 -3.63061956 2.87448890 -2.67143510 1.76482615 -2.34634163 
4.66250058 15.12436165 -10.75107205 8.56186682 -7.21823540 5.86562164 -5.41238154 4.55311298 -3.78310133 3.01665268 -2.80142140 1.88144897 -2.44892596 
4.67165153 15.04531528 -10.64156769 8.43189558 -7.07596599 5.71757047 -5.26386246 4.40832181 -3.64526480 2.88811562 -2.68387076 1.77596324 -2.35612130 
4.77223645 15.60793544 -11.43377571 9.38693267 -8.13724183 6.83806640 -6.40371771 5.53463524 -4.73143896 3.91353123 -3.63265804 2.63681796 -3.12147775 
4.69146875 15.13654463 -10.76800197 8.58202069 -7.24035939 5.88870768 -5.43560148 4.57580729 -3.80475783 3.03689427 -2.81997299 1.89813046 -2.46363048 
4.70048279 15.05916903 -10.66071675 8.45457531 -7.10074072 5.74330129 -5.28962561 4.43339242 -3.66908942 2.91029599 -2.70412338 1.79411024 -2.37206422 
4.70865078 15.14364173 -10.77787086 8.59377624 -7.25327186 5.90218940 -5.44916891 4.58907465 -3.81742493 3.04873949 -2.83083420 1.90790100 -2.47224660 
4.71758461 15.06724508 -10.67188810 8.46781591 -7.11521439 5.75834348 -5.30469631 4.44806701 -3.68304288 2.92329369 -2.71599768 1.80475529 -2.38142077 
4.72568674 15.15058485 -10.78753022 8.60528745 -7.26592148 5.91540222 -5.46247109 4.60208766 -3.82985379 3.06036600 -2.84149841 1.91749733 -2.48071160 
4.73454177 15.07514998 -10.68282868 8.48078976 -7.12940363 5.77309717 -5.31948483 4.46247325 -3.69674706 2.93606435 -2.72766904 1.81522219 -2.39062390 
4.74257909 15.15737832 -10.79698581 8.61656082 -7.27831505 5.92835288 -5.47551448 4.61485233 -3.84204987 3.07177867 -2.85196987 1.92692308 -2.48902854 
4.75135671 15.08288843 -10.69354463 8.49350373 -7.14331548 5.78756925 -5.33399766 4.47661711 -3.71020727 2.94861262 -2.73914147 1.82551433 -2.39967640 
4.84819438 15.60808566 -11.43399116 9.38719695 -8.13754041 6.83838660 -6.40404832 5.53496658 -4.73176280 3.91384083 -3.63294791 2.63708389 -3.12171666 
4.77042037 15.16837950 -10.81230722 8.63483821 -7.29841973 5.94937239 -5.49669528 4.63559069 -3.86187372 3.09033736 -2.86900517 1.94226326 -2.50256925 
4.77907190 15.09542826 -10.71092141 8.51413409 -7.16590400 5.81108175 -5.35759023 4.49962286 -3.73211286 2.96904458 -2.75783073 1.84228850 -2.41443662 
4.78694133 15.17479396 -10.82124596 8.64550750 -7.31016206 5.96165539 -5.50907869 4.64772122 -3.87347464 3.10120261 -2.87898263 1.95125136 -2.51050591 
4.69997341 15.60943790 -11.43593076 9.38957624 -8.14022850 6.84126949 -6.40702509 5.53794999 -4.73467882 3.91662869 -3.63555821 2.63947868 -3.12386811 
4.70569859 15.60944105 -11.43593528 9.38958179 -8.14023477 6.84127621 -6.40703203 5.53795695 -4.73468562 3.91663519 -3.63556430 2.63948427 -3.12387313 
4.71140743 15.60944418 -11.43593977 9.38958729 -8.14024099 6.84128288 -6.40703892 5.53796385 -4.73469236 3.91664164 -3.63557034 2.63948980 -3.12387811 
4.62236257 15.07877814 -10.68785213 8.48674905 -7.13592355 5.77987880 -5.32628475 4.46909953 -3.70305236 2.94194185 -2.73304210 1.82004202 -2.39486283 
4.52116505 15.60999040 -11.43672330 9.39054849 -8.14132701 6.84244765 -6.40824168 5.53916935 -4.73587069 3.91776822 -3.63662521 2.64045763 -3.12474762 
4.52116505 15.60999040 -11.43672330 9.39054849 -8.14132701 6.84244765 -6.40824168 5.53916935 -4.73587069 3.91776822 -3.63662521 2.64045763 -3.12474762 
4.41687752 14.94301734 -10.50073216 8.26572701 -6.89511351 5.53039753 -5.07708775 4.22715842 -3.47364102 2.72880723 -2.53881446 1.64632985 -2.24251732 
4.29693353 15.60916373 -11.43553749 9.38909380 -8.13968343 6.84068489 -6.40642144 5.53734498 -4.73408746 3.91606331 -3.63502883 2.63899299 -3.12343177 
4.28990778 15.60915790 -11.43552913 9.38908354 -8.13967184 6.84067247 -6.40640861 5.53733212 -4.73407489 3.91605129 -3.63501758 2.63898267 -3.12342249 
4.16567207 14.74817817 -10.23524237 7.95554826 -6.56071816 5.18745095 -4.73786198 3.90089256 -3.16704991 2.44639146 -2.28352804 1.41974394 -2.04523881 
4.15373152 14.86072933 -10.38816577 8.13372057 -6.75228706 5.38341294 -4.93121423 4.08640924 -3.34097427 2.60624767 -2.42772443 1.54747489 -2.15623771 
4.14312495 14.73232020 -10.21379285 7.93066485 -6.53407550 5.16030665 -4.71118317 3.87539091 -3.14322802 2.42457140 -2.26390954 1.40241897 -2.03022740 
3.99603512 15.60552797 -11.43032299 9.38269777 -8.13245784 6.83293630 -6.39842112 5.52932737 -4.72625148 3.90857218 -3.62801523 2.63255880 -3.11765165 
3.97966423 15.60545442 -11.43021752 9.38256842 -8.13231172 6.83277962 -6.39825936 5.52916528 -4.72609308 3.90842076 -3.62787347 2.63242876 -3.11753484 
3.96315822 15.60537904 -11.43010941 9.38243584 -8.13216196 6.83261904 -6.39809358 5.52899916 -4.72593073 3.90826558 -3.62772819 2.63229549 -3.11741512 
4.08487592 14.81698685 -10.32858983 8.06414856 -6.67731774 5.30656114 -4.85523009 4.01336010 -3.27235972 2.54306981 -2.37063852 1.49682641 -2.11215673 
4.19625352 15.60907619 -11.43541192 9.38893976 -8.13950940 6.84049825 -6.40622872 5.53715182 -4.73389866 3.91588280 -3.63485982 2.63883794 -3.12329246 
4.43318153 13.73609052 -8.91397965 6.47349810 -5.02436753 3.66950177 -3.28919265 2.55454241 -1.94261924 1.35262890 -1.32301061 0.58990417 -1.34098447 
4.82700886 14.13499227 -9.42320702 7.03231661 -5.59124720 4.21788003 -3.80177572 3.02131002 -2.35875914 1.71735841 -1.63752670 0.85698557 -1.56390313 
5.08343325 15.17494272 -10.82145330 8.64575504 -7.31043454 5.96194048 -5.50936616 4.64800287 -3.87374404 3.10145497 -2.87921441 1.95146019 -2.51069033 
5.25053580 15.21653762 -10.87951191 8.71516191 -7.38693641 6.04207961 -5.59027190 4.72736141 -3.94973402 3.17271139 -2.94472287 2.01053601 -2.56290828 
5.40877922 15.25211496 -10.92930070 8.77483017 -7.45286106 6.11129597 -5.66030340 4.79619797 -4.01578103 3.23476183 -3.00187052 2.06215920 -2.60861191 
5.55915404 15.28280836 -10.97235051 8.82653160 -7.51009995 6.17150972 -5.72134008 4.85630063 -4.07354676 3.28911989 -3.05201021 2.10751711 -2.64882348 
5.58251936 15.45881371 -11.22091839 9.12701402 -7.84486467 6.52579375 -6.08254332 5.21394864 -4.41910936 3.61592604 -3.35488388 2.38272802 -2.89383926 
5.41835191 14.82479602 -10.33921235 8.07653852 -6.69065337 5.32021637 -4.86871658 4.02631216 -3.28451333 2.55424980 -2.38073137 1.50577351 -2.11993736 
5.15577710 14.58812519 -10.01985028 7.70688406 -6.29572207 4.91867901 -4.47484643 3.65053445 -2.93412269 2.23384947 -2.09312017 1.25216672 -1.90050935 
4.76308435 13.03432829 -8.05414284 5.56639710 -4.13876924 2.84361778 -2.54406903 1.89877932 -1.37680786 0.87161941 -0.91990330 0.25646502 -1.06956333 
4.12806815 11.64386159 -6.48418353 4.03446435 -2.75180698 1.63900180 -1.52878420 1.06142510 -0.69747076 0.32526582 -0.48451194 -0.08825862 -0.80033246 
3.31965432 11.41840633 -6.24619326 3.81701046 -2.56731878 1.48840002 -1.40926010 0.96839878 -0.62607377 0.27055660 -0.44272494 -0.12025715 -0.77612174 
2.77198976 15.47875061 -11.24925721 9.16148125 -7.88348911 6.56689766 -6.12467294 5.25587545 -4.45981521 3.65459780 -3.39087762 2.41556614 -2.92318573 
2.67971486 15.46660699 -11.23199155 9.14047674 -7.85994576 6.54183747 -6.09898202 5.23030310 -4.43498283 3.63100208 -3.36891219 2.39552326 -2.90527131 
3.10691458 11.63987116 -6.47993125 4.03054370 -2.74845136 1.63624007 -1.52657531 1.05969330 -0.69613249 0.32423455 -0.48372057 -0.08886654 -0.79987111 
3.76216422 12.85025222 -7.83614473 5.34388548 -3.92846361 2.65351687 -2.37768938 1.75660577 -1.25757541 0.77289578 -0.83917745 0.19116084 -1.01752524 
4.13863310 14.85131741 -10.37533167 8.11871590 -6.73610044 5.36680225 -4.91477422 4.07058863 -3.32609998 2.59253963 -2.41532763 1.53646721 -2.14665004 
4.36660547 14.94896990 -10.50889995 8.27533339 -6.90553667 5.54115317 -5.08778997 4.23751065 -3.48342230 2.73786395 -2.54704140 1.65366563 -2.24893233 
4.57736039 15.02800200 -10.61766236 8.40361149 -7.04509963 5.68554313 -5.23182399 4.37717181 -3.61568770 2.86060161 -2.65876695 1.75348533 -2.33638678 
4.67690737 15.60942501 -11.43591227 9.38955356 -8.14020288 6.84124200 -6.40699671 5.53792154 -4.73465101 3.91660210 -3.63553332 2.63945584 -3.12384760 
4.49097030 13.81063580 -9.00800900 6.57549306 -5.12666238 3.76737554 -3.37970146 2.63610584 -2.01460511 1.41512231 -1.37641510 0.63487272 -1.37821398 
4.13555264 14.72693982 -10.20652077 7.92223459 -6.52505549 5.15112292 -4.70216275 3.86677385 -3.13518337 2.41720693 -2.25729169 1.39657775 -2.02516865 
