8.88775790 -1.01640777 -0.10670021 -0.03765358 -0.12608354 -0.20291502 -0.25705797 0.16861991 -0.09424340 -0.13986278 -0.14748739 -0.37338120 -0.58672911 
2.85428428 -8.02792889 -2.64173618 -1.13010286 -0.60268452 -0.46333082 -0.36215322 0.08611776 -0.15646514 -0.19901257 -0.18606913 -0.41011501 -0.59043091 
3.38351311 5.54827257 -1.64788680 0.53892938 -0.31946503 -0.06881291 -0.33120932 0.21968767 -0.10751608 -0.10781682 -0.16270299 -0.33982281 -0.61078608 
4.26676442 13.28886330 -8.36073409 5.88449646 -4.44426200 3.12401161 -2.79313145 2.11466505 -1.56035371 1.02551735 -1.04721478 0.36052925 -1.15331044 
4.29775231 13.76600015 -8.95164441 6.51428834 -5.06521387 3.70852414 -3.32522600 2.58696858 -1.97119880 1.37740806 -1.34416041 0.60769315 -1.35569621 
3.69325798 10.80088990 -5.61783434 3.26261910 -2.11263551 1.12864036 -1.13201606 0.75847289 -0.46903360 0.15263815 -0.35410342 -0.18746731 -0.72574175 
2.90369529 13.58400917 -8.72375770 6.26882981 -4.82071520 3.47612443 -3.11167798 2.39570625 -1.80339057 1.23253184 -1.22099672 0.50448167 -1.27063850 
2.64741032 15.60999040 -11.43672330 9.39054849 -8.14132701 6.84244765 -6.40824168 5.53916935 -4.73587069 3.91776822 -3.63662521 2.64045763 -3.12474762 
2.64741032 15.60999040 -11.43672330 9.39054849 -8.14132701 6.84244765 -6.40824168 5.53916935 -4.73587069 3.91776822 -3.63662521 2.64045763 -3.12474762 
2.64741032 15.60999040 -11.43672330 9.39054849 -8.14132701 6.84244765 -6.40824168 5.53916935 -4.73587069 3.91776822 -3.63662521 2.64045763 -3.12474762 
2.91148253 13.50890208 -8.63060958 6.16942676 -4.72259526 3.38366953 -3.02743915 2.32087463 -1.73825210 1.17670928 -1.17386894 0.46524086 -1.23849747 
3.12650362 15.60732727 -11.43290344 9.38586274 -8.13603311 6.83677017 -6.40237935 5.53329397 -4.73012805 3.91227800 -3.63148469 2.63574152 -3.12051073 
3.13905584 15.60736046 -11.43295104 9.38592113 -8.13609908 6.83684091 -6.40245238 5.53336717 -4.73019959 3.91234639 -3.63154872 2.63580026 -3.12056350 
3.15152977 15.60739304 -11.43299776 9.38597843 -8.13616382 6.83691033 -6.40252406 5.53343900 -4.73026980 3.91241351 -3.63161156 2.63585791 -3.12061529 
3.56810025 12.17884988 -7.06735611 4.58409786 -3.23248016 2.04273613 -1.85807648 1.32446174 -0.90437173 0.48712653 -0.61033400 0.00933125 -0.87506891 
4.01629625 14.54783665 -9.96601483 7.64515449 -6.23037226 4.85281877 -4.41079339 3.58992685 -2.87805821 2.18297005 -2.04777519 1.21245352 -1.86637066 
3.91919628 13.11791707 -8.15416665 5.66951608 -4.23718478 2.93340761 -2.62336233 1.96712363 -1.43459942 0.91983336 -0.95960260 0.28877916 -1.09546452 
3.62377629 15.60351952 -11.42744293 9.37916574 -8.12846835 6.82865869 -6.39400519 5.52490252 -4.72192744 3.90443896 -3.62414593 2.62900954 -3.11446352 
3.32424021 11.84590779 -6.70137365 4.23640621 -2.92607091 1.78353300 -1.64523743 1.15336670 -0.76899089 0.38068517 -0.52723857 -0.05532574 -0.82540460 
3.11027743 13.77916102 -8.96824421 6.53229331 -5.08327072 3.72579957 -3.34120051 2.60136340 -1.98390257 1.38843602 -1.35358396 0.61562771 -1.36226490 
3.11592173 13.86325180 -9.07469036 6.64815208 -5.19985806 3.83770589 -3.44500806 2.69519304 -2.06695466 1.46073290 -1.41552480 0.66790850 -1.40564691 
3.12286131 13.79529855 -8.98862056 6.55441769 -5.10548150 3.74707002 -3.36088794 2.61912033 -1.99958739 1.40206312 -1.36523766 0.62544719 -1.37039970 
2.94782433 10.83908795 -5.65570675 3.29520501 -2.13871061 1.14880566 -1.14722266 0.76975465 -0.47731332 0.15876493 -0.35865659 -0.18403305 -0.72830168 
2.66137459 13.22363241 -8.28159167 5.80181023 -4.36431379 3.05015747 -2.72712073 2.05710436 -1.51113512 0.98403149 -1.01272863 0.33221704 -1.13043115 
2.44039380 9.20113502 -4.14909082 2.08594695 -1.23251986 0.48706719 -0.67338976 0.43409728 -0.24105465 -0.01157281 -0.23410413 -0.27816522 -0.65830378 
2.02025394 12.16199305 -7.04858411 4.56604069 -3.21637358 2.02895572 -1.84663799 1.31517181 -0.89694944 0.48124191 -0.60570662 0.00571012 -0.87227256 
2.30189824 15.60392243 -11.42802066 9.37987422 -8.12926855 6.82951665 -6.39489085 5.52578994 -4.72279460 3.90526783 -3.62492185 2.62972125 -3.11510280 
2.59734948 13.12056122 -8.15734121 5.67279937 -4.24032810 2.93628400 -2.62590979 1.96932543 -1.43646621 0.92139458 -0.96089101 0.28983001 -1.09630844 
2.83074470 15.60999040 -11.43672330 9.39054849 -8.14132701 6.84244765 -6.40824168 5.53916935 -4.73587069 3.91776822 -3.63662521 2.64045763 -3.12474762 
2.83074470 15.60999040 -11.43672330 9.39054849 -8.14132701 6.84244765 -6.40824168 5.53916935 -4.73587069 3.91776822 -3.63662521 2.64045763 -3.12474762 
2.59031590 13.00742186 -8.02208327 5.53348136 -4.10748104 2.81518148 -2.51905032 1.87729259 -1.35870130 0.85656133 -0.90754067 0.24642840 -1.06153848 
2.58102357 13.09373404 -8.12516252 5.63954845 -4.20852248 2.90720376 -2.60017582 1.94710058 -1.41763706 0.90565835 -0.94791282 0.27925083 -1.08781709 
2.81609262 15.60999040 -11.43672330 9.39054849 -8.14132701 6.84244765 -6.40824168 5.53916935 -4.73587069 3.91776822 -3.63662521 2.64045763 -3.12474762 
2.81609262 15.60999040 -11.43672330 9.39054849 -8.14132701 6.84244765 -6.40824168 5.53916935 -4.73587069 3.91776822 -3.63662521 2.64045763 -3.12474762 
2.57394269 12.97957416 -7.98897242 5.49955573 -4.07529721 2.78598687 -2.49341176 1.85531258 -1.34021057 0.84120772 -0.89495350 0.23622253 -1.05338822 
2.24401773 15.60356159 -11.42750325 9.37923971 -8.12855190 6.82874827 -6.39409765 5.52499517 -4.72201797 3.90452549 -3.62422694 2.62908384 -3.11453026 
2.54797395 13.03873956 -8.05940533 5.57180644 -4.14391697 2.84830140 -2.54819409 1.90232563 -1.37979918 0.87410933 -0.92194919 0.25812719 -1.07089325 
2.78646245 15.60999040 -11.43672330 9.39054849 -8.14132701 6.84244765 -6.40824168 5.53916935 -4.73587069 3.91776822 -3.63662521 2.64045763 -3.12474762 
2.54079667 12.92249273 -7.92132602 5.43046461 -4.00995626 2.72688985 -2.44166123 1.81106873 -1.30308833 0.81045784 -0.86980000 0.21586774 -1.03716349 
2.20447869 15.60330286 -11.42713226 9.37878477 -8.12803807 6.82819736 -6.39352897 5.52442537 -4.72146118 3.90399330 -3.62372875 2.62862688 -3.11411981 
2.18441214 15.60316760 -11.42693833 9.37854695 -8.12776946 6.82790938 -6.39323169 5.52412751 -4.72117013 3.90371510 -3.62346833 2.62838801 -3.11390526 
2.16414222 15.60302820 -11.42673845 9.37830184 -8.12749264 6.82761259 -6.39292532 5.52382054 -4.72087017 3.90342841 -3.62319996 2.62814185 -3.11368416 
2.14366476 15.60288449 -11.42653239 9.37804916 -8.12720725 6.82730662 -6.39260949 5.52350409 -4.72056096 3.90313286 -3.62292330 2.62788809 -3.11345623 
2.46292750 12.89293329 -7.88641342 5.39492218 -3.97644962 2.69667679 -2.41528145 1.78857906 -1.28426962 0.79490798 -0.85710899 0.20561845 -1.02900936 
2.45549839 12.77118478 -7.74346354 5.25021930 -3.84078986 2.57499645 -2.30957967 1.69890530 -1.20958396 0.73345780 -0.80715151 0.16541052 -0.99712439 
2.10206993 15.60258339 -11.42610068 9.37751978 -8.12660937 6.82666562 -6.39194783 5.52284115 -4.71991318 3.90251371 -3.62234373 2.62735649 -3.11297875 
2.42789130 12.83103848 -7.81356994 5.32101922 -3.90701310 2.63426558 -2.36095677 1.74240287 -1.24574045 0.76315377 -0.83125421 0.18478164 -1.01246484 
2.42035691 12.70696751 -7.66861192 5.17498176 -3.77073803 2.51257404 -2.25569688 1.65347095 -1.17196365 0.70266789 -0.78224077 0.14544573 -0.98135551 
2.05959165 15.60226277 -11.42564098 9.37695608 -8.12597274 6.82598309 -6.39124330 5.52213528 -4.71922345 3.90185448 -3.62172665 2.62679050 -3.11247039 
2.03800934 15.60209460 -11.42539986 9.37666042 -8.12563884 6.82562512 -6.39087380 5.52176507 -4.71886172 3.90150875 -3.62140303 2.62649367 -3.11220379 
2.01619159 15.60192088 -11.42515080 9.37635503 -8.12529393 6.82525536 -6.39049213 5.52138268 -4.71848809 3.90115164 -3.62106876 2.62618708 -3.11192842 
2.35596414 12.70055804 -7.66116182 5.16751333 -3.76380258 2.50640937 -2.25038838 1.64900516 -1.16827410 0.69965428 -0.77980704 0.14349830 -0.97981967 
2.34821092 12.57161478 -7.51208347 5.01883630 -3.62642717 2.38488174 -2.14621832 1.56175680 -1.09649322 0.64124491 -0.73279790 0.10599283 -0.95032318 
1.97182884 15.60155582 -11.42462740 9.37571325 -8.12456915 6.82447835 -6.38969012 5.52057916 -4.71770297 3.90040127 -3.62036638 2.62554287 -3.11134981 
1.94927293 15.60136393 -11.42435230 9.37537593 -8.12418821 6.82406997 -6.38926860 5.52015685 -4.71729034 3.90000690 -3.61999725 2.62520431 -3.11104573 
1.92645974 15.60116543 -11.42406771 9.37502699 -8.12379415 6.82364753 -6.38883257 5.51972001 -4.71686352 3.89959897 -3.61961542 2.62485410 -3.11073120 
2.28141718 12.56038142 -7.49916810 5.00602476 -3.61465154 2.37451652 -2.13737634 1.55438542 -1.09045547 0.63635144 -0.72887371 0.10287165 -0.94787567 
2.27343354 12.42623723 -7.34583013 4.85476632 -3.47637757 2.25342969 -2.03459473 1.46910427 -1.02091823 0.58021984 -0.68402329 0.06730819 -0.92006883 
1.88003755 15.60074733 -11.42346830 9.37429205 -8.12296419 6.82275780 -6.38791424 5.51879999 -4.71596461 3.89873987 -3.61881129 2.62411659 -3.11006882 
1.85641606 15.60052706 -11.42315252 9.37390487 -8.12252697 6.82228910 -6.38743048 5.51831534 -4.71549110 3.89828732 -3.61838771 2.62372811 -3.10971991 
2.22367261 12.44826258 -7.37089403 4.87938324 -3.49878601 2.27297385 -2.05111991 1.48276463 -1.03201710 0.58915057 -0.69113877 0.07293672 -0.92445972 
2.49796323 15.60999040 -11.43672330 9.39054849 -8.14132701 6.84244765 -6.40824168 5.53916935 -4.73587069 3.91776822 -3.63662521 2.64045763 -3.12474762 
2.49796323 15.60999040 -11.43672330 9.39054849 -8.14132701 6.84244765 -6.40824168 5.53916935 -4.73587069 3.91776822 -3.63662521 2.64045763 -3.12474762 
2.21550815 12.30998158 -7.21427040 4.72624290 -3.35999340 2.15242186 -1.94959380 1.39915737 -0.96433186 0.53486124 -0.64800716 0.03889923 -0.89796576 
2.20405780 12.40946341 -7.32677198 4.83607615 -3.45938908 2.23863327 -2.02210062 1.45878938 -1.01254772 0.57349179 -0.67866796 0.06307543 -0.91676931 
2.19583146 12.26975538 -7.16903600 4.68232140 -3.32045672 2.11830184 -1.92103644 1.37577960 -0.94551286 0.51984217 -0.63612790 0.02955914 -0.89072089 
2.18425395 12.36991889 -7.28194385 4.79220944 -3.41960113 2.20404907 -1.99295429 1.43477139 -0.99309158 0.55787783 -0.66625709 0.05327751 -0.90914006 
2.46317974 15.60999040 -11.43672330 9.39054849 -8.14132701 6.84244765 -6.40824168 5.53916935 -4.73587069 3.91776822 -3.63662521 2.64045763 -3.12474762 
2.46317974 15.60999040 -11.43672330 9.39054849 -8.14132701 6.84244765 -6.40824168 5.53916935 -4.73587069 3.91776822 -3.63662521 2.64045763 -3.12474762 
2.17596494 12.22875873 -7.12308707 4.63784763 -3.28054678 2.08396046 -1.89237459 1.35237934 -0.92672386 0.50488071 -0.62431772 0.02028845 -0.88354083 
2.16425751 12.32960865 -7.23639464 4.74777523 -3.37942027 2.16922333 -1.96368522 1.41071581 -0.97365385 0.54231328 -0.65390998 0.04354594 -0.90157420 
2.15590500 12.18697060 -7.07640868 4.59281428 -3.24026246 2.04940051 -1.86361309 1.32896209 -0.90797016 0.48998144 -0.61258032 0.01108994 -0.87642765 
1.73393340 15.59929817 -11.42139085 9.37174501 -8.12008801 6.81967466 -6.38473215 5.51561218 -4.71285009 3.89576338 -3.61602539 2.62156156 -3.10777414 
2.12367206 12.24660577 -7.14307114 4.65717257 -3.29787327 2.09885693 -1.90479740 1.36251382 -0.93485529 0.51135151 -0.62942269 0.02429386 -0.88664163 
2.11519005 12.10093182 -6.98080210 4.50103963 -3.15856735 1.97963744 -1.80581172 1.28209967 -0.87059066 0.46038834 -0.58933897 -0.00707919 -0.86241011 
2.10307541 12.20386853 -7.09526493 4.61098820 -3.25650431 2.06332183 -1.87518865 1.33837896 -0.91550572 0.49596409 -0.61729049 0.01477945 -0.87927942 
2.09452737 12.05663513 -6.93184221 4.45428372 -3.11715542 1.94444138 -1.77678292 1.25866663 -0.85197632 0.44570420 -0.57784269 -0.01604414 -0.85550983 
2.08227086 12.16027633 -7.04667380 4.56420446 -3.21473688 2.02755634 -1.84547718 1.31422962 -0.89619711 0.48064575 -0.60523804 0.00534356 -0.87198959 
2.07365594 12.01145479 -6.88208950 4.40693903 -3.07536690 1.90904087 -1.74767658 1.23524086 -0.83342016 0.43110164 -0.56643453 -0.02492553 -0.84868457 
2.06125433 12.11580472 -6.99728074 4.51681335 -3.17257012 1.99156403 -1.81566875 1.29007224 -0.87693557 0.46540168 -0.59326947 -0.00401072 -0.86477438 
2.05257165 11.96536558 -6.83152714 4.35899832 -3.03320187 1.87344025 -1.71849901 1.21182905 -0.81492834 0.41658575 -0.55511846 -0.03372051 -0.84193635 
2.04002158 12.07042837 -6.94706836 4.46880686 -3.13000345 1.95534879 -1.78576947 1.26591349 -0.85772740 0.45023721 -0.58138901 -0.01328026 -0.85763602 
2.33644051 15.60999040 -11.43672330 9.39054849 -8.14132701 6.84244765 -6.40824168 5.53916935 -4.73587069 3.91776822 -3.63662521 2.64045763 -3.12474762 
2.33644051 15.60999040 -11.43672330 9.39054849 -8.14132701 6.84244765 -6.40824168 5.53916935 -4.73587069 3.91776822 -3.63662521 2.64045763 -3.12474762 
2.33644051 15.60999040 -11.43672330 9.39054849 -8.14132701 6.84244765 -6.40824168 5.53916935 -4.73587069 3.91776822 -3.63662521 2.64045763 -3.12474762 
2.03127027 11.91834131 -6.78013789 4.31045436 -2.99066070 1.83764425 -1.68925685 1.18843814 -0.79650720 0.40216174 -0.54389848 -0.04242621 -0.83526714 
1.57630943 15.59747997 -11.41878463 9.36854998 -8.11648044 6.81580786 -6.38074158 5.51161476 -4.70894487 3.89203150 -3.61253270 2.61835854 -3.10489767 
1.54878736 15.59713229 -11.41828631 9.36793912 -8.11579075 6.81506865 -6.37997875 5.51085066 -4.70819843 3.89131823 -3.61186518 2.61774640 -3.10434796 
1.97498212 11.92860248 -6.79133441 4.32101540 -2.99990251 1.84541022 -1.69559275 1.19350002 -0.80048896 0.40527641 -0.54631919 -0.04054919 -0.83670419 
2.27956464 15.60999040 -11.43672330 9.39054849 -8.14132701 6.84244765 -6.40824168 5.53916935 -4.73587069 3.91776822 -3.63662521 2.64045763 -3.12474762 
1.96601954 11.77138109 -6.62083021 4.16113191 -2.86078899 1.72913691 -1.60121443 1.11846417 -0.74173372 0.35949441 -0.51085554 -0.06797906 -0.81575314 
1.95283991 11.87933351 -6.73766161 4.27046789 -2.95573632 1.80834996 -1.66539817 1.16940823 -0.78156113 0.39048591 -0.53483434 -0.04944847 -0.82989526 
2.26024082 15.60999040 -11.43672330 9.39054849 -8.14132701 6.84244765 -6.40824168 5.53916935 -4.73587069 3.91776822 -3.63662521 2.64045763 -3.12474762 
2.26024082 15.60999040 -11.43672330 9.39054849 -8.14132701 6.84244765 -6.40824168 5.53916935 -4.73587069 3.91776822 -3.63662521 2.64045763 -3.12474762 
2.57941505 12.98890716 -8.00006136 5.51090968 -4.08606094 2.79574457 -2.50197556 1.86264993 -1.34637957 0.84632739 -0.89914865 0.23962255 -1.05610231 
2.82832348 15.60640314 -11.43157807 9.38423710 -8.13419669 6.83480087 -6.40034612 5.53125640 -4.72813669 3.91037432 -3.62970239 2.63410649 -3.11904194 
2.60276250 13.12940684 -8.16796594 5.68379266 -4.25085715 2.94592271 -2.63444956 1.97670922 -1.44272875 0.92663374 -0.96521598 0.29335848 -1.09914283 
1.98799875 11.82137785 -6.67480771 4.21152819 -2.90445305 1.76548687 -1.63060703 1.14174808 -0.75990311 0.37361063 -0.52176293 -0.05955833 -0.82217361 
1.97498212 11.92860248 -6.79133441 4.32101540 -2.99990251 1.84541022 -1.69559275 1.19350002 -0.80048896 0.40527641 -0.54631919 -0.04054919 -0.83670419 
2.27956464 15.60999040 -11.43672330 9.39054849 -8.14132701 6.84244765 -6.40824168 5.53916935 -4.73587069 3.91776822 -3.63662521 2.64045763 -3.12474762 
2.27956464 15.60999040 -11.43672330 9.39054849 -8.14132701 6.84244765 -6.40824168 5.53916935 -4.73587069 3.91776822 -3.63662521 2.64045763 -3.12474762 
2.27956464 15.60999040 -11.43672330 9.39054849 -8.14132701 6.84244765 -6.40824168 5.53916935 -4.73587069 3.91776822 -3.63662521 2.64045763 -3.12474762 
2.27956464 15.60999040 -11.43672330 9.39054849 -8.14132701 6.84244765 -6.40824168 5.53916935 -4.73587069 3.91776822 -3.63662521 2.64045763 -3.12474762 
2.59574456 13.01660434 -8.03301688 5.54469953 -4.11813763 2.82486074 -2.52756120 1.88459775 -1.36485385 0.86167543 -0.91173737 0.24983408 -1.06426044 
2.60276250 13.12940684 -8.16796594 5.68379266 -4.25085715 2.94592271 -2.63444956 1.97670922 -1.44272875 0.92663374 -0.96521598 0.29335848 -1.09914283 
2.29870355 15.60999040 -11.43672330 9.39054849 -8.14132701 6.84244765 -6.40824168 5.53916935 -4.73587069 3.91776822 -3.63662521 2.64045763 -3.12474762 
2.29870355 15.60999040 -11.43672330 9.39054849 -8.14132701 6.84244765 -6.40824168 5.53916935 -4.73587069 3.91776822 -3.63662521 2.64045763 -3.12474762 
2.29870355 15.60999040 -11.43672330 9.39054849 -8.14132701 6.84244765 -6.40824168 5.53916935 -4.73587069 3.91776822 -3.63662521 2.64045763 -3.12474762 
2.61194433 13.04385673 -8.06551219 5.57808593 -4.14989485 2.85374212 -2.55298749 1.90644778 -1.38327726 0.87700519 -0.92432923 0.26006128 -1.07244107 
2.61891573 13.15565845 -8.19954004 5.71650460 -4.28222750 2.97467532 -2.65995400 1.99878627 -1.46147375 0.94233131 -0.97818649 0.30394914 -1.10765696 
2.62801636 13.07067423 -8.09755582 5.61107469 -4.18133563 2.88238947 -2.57825364 1.92819827 -1.40164757 0.89231434 -0.93692205 0.27030223 -1.08064257 
2.63494180 13.18148961 -8.23067061 5.74881929 -4.31327529 3.00318354 -2.68528577 2.02075075 -1.48015328 0.95799732 -0.99114875 0.31454618 -1.11618627 
2.64396261 13.09706649 -8.12915611 5.64367151 -4.21246297 2.91080365 -2.60335896 1.94984757 -1.41996264 0.90760062 -0.94951368 0.28055504 -1.08886336 
2.65084265 13.20690964 -8.26136593 5.78074260 -4.34400382 3.03144859 -2.71044451 2.04260128 -1.49876540 0.97362965 -1.00410071 0.32514773 -1.12472914 
2.35504530 15.60999040 -11.43672330 9.39054849 -8.14132701 6.84244765 -6.40824168 5.53916935 -4.73587069 3.91776822 -3.63662521 2.64045763 -3.12474762 
2.94715798 10.75496406 -5.57247367 3.22373255 -2.08162894 1.10473900 -1.11404684 0.74517911 -0.45930278 0.14545130 -0.34876987 -0.19148816 -0.72274627 
3.32799177 15.60129851 -11.42425851 9.37526094 -8.12405835 6.82393075 -6.38912490 5.52001288 -4.71714968 3.89987246 -3.61987141 2.62508889 -3.11094207 
3.16301597 13.99540834 -9.24331940 6.83310918 -5.38738002 4.01900189 -3.61436571 2.84931412 -2.20426793 1.58100180 -1.51916627 0.75586054 -1.47900713 
2.95572344 15.60683181 -11.43219285 9.38499116 -8.13504850 6.83571430 -6.40128920 5.53220148 -4.72906033 3.91125728 -3.63052904 2.63486483 -3.11972317 
2.74372202 13.35128520 -8.43683749 5.96438137 -4.52185606 3.19600586 -2.85775358 2.17124639 -1.60892576 1.06660779 -1.08148829 0.38875352 -1.17618564 
2.75222028 13.27065772 -8.33860625 5.86133781 -4.42183245 3.10325835 -2.77455327 2.09844069 -1.54646066 1.01379141 -1.03745522 0.35250793 -1.14682143 
2.75879744 13.37406681 -8.46470230 5.99372213 -4.55044229 3.22260646 -2.88169778 2.19226846 -1.62701937 1.08195159 -1.09431550 0.39933847 -1.18478134 
2.76722586 13.29396312 -8.36693813 5.89099508 -4.45056128 3.12984477 -2.79835730 2.11923222 -1.56426742 1.02882278 -1.04996761 0.36279305 -1.15514276 
3.21942687 13.84265863 -9.04856133 6.61964826 -5.17111183 3.81005552 -3.41930624 2.67191566 -2.04631173 1.44273108 -1.40007564 0.65484835 -1.39479356 
3.06171330 11.21787795 -6.03837526 3.63045061 -2.41174120 1.36341513 -1.31156300 0.89344223 -0.56931318 0.22753379 -0.41015439 -0.14505615 -0.75746029 
2.81158903 13.36180812 -8.44970237 5.97792161 -4.53504232 3.20827104 -2.86878943 2.18093162 -1.61725865 1.07367179 -1.08739176 0.39362358 -1.18013934 
3.03636055 15.60707629 -11.43254347 9.38542121 -8.13553433 6.83623529 -6.40182709 5.53274053 -4.72958715 3.91176091 -3.63100056 2.63529739 -3.12011175 
3.04948955 15.60711426 -11.43259794 9.38548802 -8.13560980 6.83631621 -6.40191065 5.53282426 -4.72966899 3.91183914 -3.63107381 2.63536459 -3.12017212 
3.06253294 15.60715150 -11.43265134 9.38555352 -8.13568380 6.83639557 -6.40199258 5.53290637 -4.72974924 3.91191586 -3.63114563 2.63543048 -3.12023131 
3.28991896 13.92915552 -9.15857738 6.73994524 -5.29271014 3.92727631 -3.52849999 2.77101467 -2.13437118 1.51966878 -1.46622120 0.71085810 -1.44141318 
3.30553348 14.15477184 -9.44884609 7.06086821 -5.62062575 4.24668946 -3.82906142 3.04647417 -2.38146880 1.73749140 -1.65507598 0.87203821 -1.57658746 
3.32426370 13.97006395 -9.21085348 6.79736513 -5.35100707 3.98371254 -3.58128753 2.81911249 -2.17727450 1.55728841 -1.49867375 0.73842465 -1.46442755 
3.51273294 15.60276130 -11.42635577 9.37783258 -8.12696264 6.82704437 -6.39233878 5.52323286 -4.72029593 3.90287954 -3.62268617 2.62767059 -3.11326087 
3.36206673 14.21438596 -9.52634337 7.14740890 -5.70991424 4.33447642 -3.91241570 3.12353572 -2.45117805 1.79942930 -1.70917946 0.91853666 -1.61584443 
3.17624664 15.60745640 -11.43308864 9.38608990 -8.13628974 6.83704537 -6.40266349 5.53357873 -4.73040636 3.91254406 -3.63173379 2.63597005 -3.12071603 
3.18849146 15.60748721 -11.43313283 9.38614411 -8.13635098 6.83711104 -6.40273130 5.53364669 -4.73047278 3.91260756 -3.63179324 2.63602458 -3.12076502 
3.20066177 15.60751747 -11.43317623 9.38619734 -8.13641111 6.83717553 -6.40279788 5.53371341 -4.73053799 3.91266990 -3.63185161 2.63607813 -3.12081312 
3.41309230 14.07220775 -9.34206722 6.94222044 -5.49880212 4.12747077 -3.71637263 2.94274705 -2.28803240 1.65480098 -1.58311644 0.81041128 -1.52473328 
3.42787787 14.28129360 -9.61372135 7.24541453 -5.81146682 4.43473438 -4.00799349 3.21224134 -2.53172097 1.87124640 -1.77212301 0.97280275 -1.66179724 
3.24861569 15.60763317 -11.43334217 9.38640088 -8.13664106 6.83742213 -6.40305249 5.53396858 -4.73078738 3.91290832 -3.63207483 2.63628291 -3.12099709 
3.45608219 14.11978471 -9.40351941 7.01041939 -5.56874262 4.19583674 -3.78092153 3.00209804 -2.34143909 1.70201857 -1.62416788 0.84553721 -1.55426402 
3.31299901 11.82052749 -6.67388776 4.21066757 -2.90370595 1.76486379 -1.63010234 1.14134763 -0.75959014 0.37336716 -0.52157459 -0.05970385 -0.82206257 
2.85973071 15.60999040 -11.43672330 9.39054849 -8.14132701 6.84244765 -6.40824168 5.53916935 -4.73587069 3.91776822 -3.63662521 2.64045763 -3.12474762 
3.09761479 13.76280847 -8.94762120 6.50992710 -5.06084257 3.70434430 -3.32136298 2.58348935 -1.96812982 1.37474517 -1.34188592 0.60577883 -1.35411204 
3.29544669 15.60774094 -11.43349674 9.38659048 -8.13685525 6.83765183 -6.40328966 5.53420626 -4.73101968 3.91313040 -3.63228275 2.63647367 -3.12116845 
3.30698509 15.60776673 -11.43353373 9.38663585 -8.13690651 6.83770679 -6.40334641 5.53426313 -4.73107527 3.91318354 -3.63233251 2.63651931 -3.12120946 
3.31845730 15.60779207 -11.43357008 9.38668044 -8.13695689 6.83776082 -6.40340219 5.53431904 -4.73112991 3.91323578 -3.63238141 2.63656418 -3.12124977 
3.32986409 15.60781699 -11.43360582 9.38672428 -8.13700641 6.83781392 -6.40345703 5.53437399 -4.73118362 3.91328712 -3.63242949 2.63660828 -3.12128939 
3.52917770 14.19797061 -9.50497028 7.12350575 -5.68521597 4.31015928 -3.88929489 3.10213215 -2.43179193 1.78218370 -1.69409809 0.90556140 -1.60487872 
3.85836456 14.46021256 -9.84945875 7.51208956 -6.09009941 4.71202478 -4.27440172 3.46136253 -2.75956627 2.07580947 -1.95258535 1.12934431 -1.79513875 
3.87848246 14.72027171 -10.19751202 7.91179532 -6.51389031 5.13975937 -4.69100534 3.85611913 -3.12523979 2.40810702 -2.24911682 1.38936431 -2.01892323 
3.74752430 15.60427135 -11.42852098 9.38048778 -8.12996157 6.83025969 -6.39565791 5.52655853 -4.72354567 3.90598573 -3.62559390 2.63033771 -3.11565653 
3.61331543 14.45598749 -9.84385703 7.50571455 -6.08339964 4.70531993 -4.26792507 3.45527444 -2.75397011 2.07076126 -1.94811183 1.12544736 -1.79180595 
3.80289292 12.64464380 -7.59632919 5.10267525 -3.70373077 2.45313092 -2.20460666 1.61056949 -1.13658098 0.67381274 -0.75897110 0.12684856 -0.96670591 
4.07726213 15.60074733 -11.42346830 9.37429205 -8.12296419 6.82275780 -6.38791424 5.51879999 -4.71596461 3.89873987 -3.61881129 2.62411659 -3.11006882 
4.10060790 15.60096000 -11.42377320 9.37466589 -8.12338636 6.82321037 -6.38838135 5.51926796 -4.71642184 3.89917685 -3.61922031 2.62449172 -3.11040573 
3.87021378 12.98309832 -7.99315868 5.50384111 -4.07935896 2.78966824 -2.49664206 1.85807974 -1.34253668 0.84313785 -0.89653484 0.23750398 -1.05441102 
3.55550399 15.60825577 -11.43423515 9.38749624 -8.13787853 6.83874920 -6.40442273 5.53534181 -4.73212954 3.91419145 -3.63327619 2.63738506 -3.12198722 
3.73378687 14.39942746 -9.76903075 7.42073637 -5.99427349 4.61629978 -4.18209700 3.37474274 -2.68007543 2.00421274 -1.88923227 1.07423253 -1.74806731 
3.89001495 15.60502966 -11.42960839 9.38182137 -8.13146789 6.83187481 -6.39732526 5.52822926 -4.72517835 3.90754637 -3.62705489 2.63167786 -3.11686033 
4.18903562 13.25722416 -8.32229819 5.84428991 -4.40534001 3.08801507 -2.76092196 2.08654853 -1.53628727 1.00521267 -1.03032109 0.34664889 -1.14208509 
4.31698374 15.02564885 -10.61441544 8.39977231 -7.04091254 5.68120114 -5.22748300 4.37295352 -3.61168454 2.85687955 -2.65537255 1.75044736 -2.33372073 
4.22071523 15.60197942 -11.42523472 9.37645793 -8.12541015 6.82537995 -6.39062074 5.52151153 -4.71861399 3.90127197 -3.62118139 2.62629039 -3.11202120 
3.88952941 11.26055095 -6.08229551 3.66961726 -2.44419232 1.38932837 -1.33170294 0.90881109 -0.58089241 0.23627512 -0.41675064 -0.14004359 -0.76122519 
3.00446421 10.91010864 -5.72647076 3.35637991 -2.18788815 1.18699787 -1.17613747 0.79128554 -0.49316895 0.17052724 -0.36741407 -0.17742284 -0.73323293 
2.41592093 15.58844046 -11.40583186 9.35267609 -8.09856254 6.79660806 -6.36093284 5.49177736 -4.68956998 3.87352107 -3.59521262 2.60247821 -3.09063922 
2.08450201 11.77582504 -6.62561880 4.16559457 -2.86464855 1.73234456 -1.60380396 1.12051238 -0.74332972 0.36073287 -0.51181149 -0.06724161 -0.81631501 
2.41838730 9.43674000 -4.35104417 2.23725441 -1.33840579 0.55977072 -0.72255442 0.46715729 -0.26322015 0.00400955 -0.24536091 -0.26952085 -0.66476302 
2.84771731 15.60647196 -11.43167677 9.38435817 -8.13433344 6.83494751 -6.40049752 5.53140813 -4.72828497 3.91051607 -3.62983510 2.63422823 -3.11915130 
2.83318960 15.60642053 -11.43160301 9.38426770 -8.13423125 6.83483793 -6.40038439 5.53129475 -4.72817416 3.91041014 -3.62973593 2.63413726 -3.11906958 
2.19861452 4.50929454 -1.15169260 0.31876463 -0.22586849 -0.11746318 -0.30406936 0.20333471 -0.09908748 -0.11600002 -0.15631956 -0.34765788 -0.60461741 
-0.55175003 -1.04781529 -0.10842157 -0.03828541 -0.12617842 -0.20321379 -0.25697996 0.16849529 -0.09431397 -0.13998880 -0.14751814 -0.37349463 -0.58667223 
1.98092671 -0.43818838 -0.09047922 -0.02702005 -0.12495248 -0.19742982 -0.25877516 0.17093026 -0.09309786 -0.13760037 -0.14706832 -0.37127266 -0.58785026 
3.82548149 7.56643673 -2.88376412 1.22216994 -0.67857046 0.13230979 -0.44717155 0.28910030 -0.14809572 -0.07678236 -0.18656204 -0.31658432 -0.62907972 
4.58633741 13.74445204 -8.92450077 6.48488348 -5.03575999 3.68037763 -3.29922839 2.56356737 -1.95056838 1.35951676 -1.32888622 0.59484346 -1.34506724 
4.79611670 15.59202334 -11.41096490 9.35896570 -8.10566092 6.80421314 -6.36877801 5.49963282 -4.69724130 3.88084923 -3.60206874 2.60876373 -3.09628223 
4.56096728 12.82869219 -7.81081555 5.31823154 -3.90440009 2.63192224 -2.35892151 1.74067653 -1.24430289 0.76197116 -0.83029293 0.18400806 -1.01185147 
3.68295627 7.06610745 -2.54383077 1.01698510 -0.56188140 0.06408968 -0.40676440 0.26460404 -0.13331203 -0.08749774 -0.17848913 -0.32384249 -0.62341015 
1.72969635 1.31976866 -0.22138604 0.01491893 -0.12922615 -0.17971454 -0.26733212 0.17871849 -0.09148360 -0.13103713 -0.14751197 -0.36439483 -0.59215921 
0.84012833 2.18046616 -0.38439569 0.05647943 -0.13855933 -0.16915645 -0.27364332 0.18342378 -0.09187820 -0.12769812 -0.14873092 -0.36059130 -0.59482724 
3.02477464 6.14307827 -1.97476317 0.70214018 -0.39696580 -0.02764372 -0.35421768 0.23331737 -0.11508484 -0.10145089 -0.16771345 -0.33438143 -0.61509527 
3.93185897 12.87879255 -7.86974025 5.37797609 -3.96049978 2.68231676 -2.40276188 1.77792088 -1.27536331 0.78755786 -0.85111703 0.20078419 -1.02516700 
4.06770238 14.84751149 -10.37014430 8.11265390 -6.72956371 5.36009701 -4.90814051 4.06420728 -3.32010254 2.58701435 -2.41033251 1.53203319 -2.14278916 
3.81004989 14.62032750 -10.06299126 7.75647317 -6.34834531 4.97183546 -4.52665961 3.69966627 -2.97966590 2.27526193 -2.13009686 1.28460788 -1.92844358 
4.27883340 10.56131952 -5.38329582 3.06324076 -1.95494872 1.00798330 -1.04192811 0.69224725 -0.42084118 0.11719310 -0.32787667 -0.20722177 -0.71104096 
4.86689396 14.05191200 -9.31591727 6.91326866 -5.46917996 4.09858016 -3.68915420 2.91777298 -2.26560509 1.63501059 -1.56594160 0.79574038 -1.51241928 
4.73962373 12.01414208 -6.88504356 4.40974537 -3.07783981 1.91113251 -1.74939377 1.23662095 -0.83451190 0.43195977 -0.56710427 -0.02440455 -0.84908465 
3.65484385 3.36948883 -0.71659976 0.15695362 -0.16773234 -0.14906595 -0.28583244 0.19176729 -0.09415198 -0.12244671 -0.15169676 -0.35458866 -0.59927377 
0.90129194 -14.95571687 -9.42482031 -7.07888891 -5.57305096 -4.53880675 -3.65434877 -2.57713561 -2.30725561 -1.93128153 -1.56602152 -1.49837738 -1.43010460 
0.19174657 7.74824327 -3.01277488 1.30318987 -0.72641586 0.16101784 -0.46450818 0.29974687 -0.15462738 -0.07212815 -0.19002648 -0.31358031 -0.63141010 
0.95806302 -5.42684132 -1.19658394 -0.39167355 -0.24078239 -0.27499319 -0.27068505 0.14369775 -0.11512560 -0.16472039 -0.16133381 -0.39100006 -0.58354939 
2.73846418 7.49825399 -2.83613590 1.19268982 -0.66140198 0.12211017 -0.44105872 0.28536612 -0.14581914 -0.07841370 -0.18534232 -0.31765599 -0.62824606 
3.26237972 15.60999040 -11.43672330 9.39054849 -8.14132701 6.84244765 -6.40824168 5.53916935 -4.73587069 3.91776822 -3.63662521 2.64045763 -3.12474762 
3.45737217 14.18464055 -9.48763299 7.10413625 -5.66522237 4.29049333 -3.87061406 3.08485458 -2.41615666 1.76828636 -1.68195437 0.89512125 -1.59606174 
3.78862109 14.44924931 -9.83492683 7.49555539 -6.07272686 4.69464281 -4.25761487 3.44558600 -2.74506733 2.06273261 -1.94099921 1.11925310 -1.78650977 
4.08069852 14.64387337 -10.09459763 7.79287247 -6.38704274 5.01099404 -4.56489395 3.73598184 -3.01338248 2.30596662 -2.15755193 1.30872779 -1.94923931 
4.22071523 15.60197942 -11.42523472 9.37645793 -8.12541015 6.82537995 -6.39062074 5.52151153 -4.71861399 3.90127197 -3.62118139 2.62629039 -3.11202120 
4.12192148 14.88099158 -10.41582395 8.16608840 -6.78723802 5.41931250 -4.96677640 4.12066084 -3.37320354 2.63597305 -2.45462631 1.57137894 -2.17707190 
3.73920595 12.69491772 -7.65460885 5.16094726 -3.75770782 2.50099425 -2.24572726 1.64508552 -1.16503700 0.69701112 -0.77767315 0.14179125 -0.97847375 
