10.09827429 0.09748140 -0.10163609 -0.01736649 -0.12489117 -0.19229326 -0.26083913 0.17313794 -0.09229889 -0.13557780 -0.14692738 -0.36926883 -0.58901562 
2.54076898 15.56747740 -11.37582268 9.31593255 -8.05712355 6.75224082 -6.31519429 5.44600678 -4.64489817 3.83087087 -3.55533016 2.56593256 -3.05784423 
3.04116865 11.24476589 -6.06602994 3.65509578 -2.43214749 1.37970042 -1.32421285 0.90309023 -0.57657857 0.23301637 -0.41429029 -0.14191381 -0.75982006 
3.56222085 14.35103546 -9.70525072 7.34856461 -5.91884467 4.54121504 -4.10994167 3.30725451 -2.61833823 1.94877377 -1.84031657 1.03179426 -1.71191347 
3.71336718 15.60999040 -11.43672330 9.39054849 -8.14132701 6.84244765 -6.40824168 5.53916935 -4.73587069 3.91776822 -3.63662521 2.64045763 -3.12474762 
3.71336718 15.60999040 -11.43672330 9.39054849 -8.14132701 6.84244765 -6.40824168 5.53916935 -4.73587069 3.91776822 -3.63662521 2.64045763 -3.12474762 
3.86929324 14.56871843 -9.99389883 7.67710607 -6.26417594 4.88686542 -4.44388595 3.62122119 -2.90699058 2.20921274 -2.07115155 1.23291687 -1.88395362 
3.87331160 14.62066374 -10.06344224 7.75699213 -6.34889661 4.97239292 -4.52720353 3.70018253 -2.98014490 2.27569787 -2.13048643 1.28494994 -1.92873833 
3.87793729 14.57576034 -10.00331141 7.68790199 -6.27560821 4.89839008 -4.45509729 3.63183214 -2.91680850 2.21812470 -2.07909582 1.23987589 -1.88993696 
3.88193975 14.62740134 -10.07248117 7.76739606 -6.35995153 4.98357387 -4.53811517 3.71054163 -2.98975820 2.28444860 -2.13830778 1.29181849 -1.93465806 
3.73205890 15.60999040 -11.43672330 9.39054849 -8.14132701 6.84244765 -6.40824168 5.53916935 -4.73587069 3.91776822 -3.63662521 2.64045763 -3.12474762 
3.73205890 15.60999040 -11.43672330 9.39054849 -8.14132701 6.84244765 -6.40824168 5.53916935 -4.73587069 3.91776822 -3.63662521 2.64045763 -3.12474762 
3.73205890 15.60999040 -11.43672330 9.39054849 -8.14132701 6.84244765 -6.40824168 5.53916935 -4.73587069 3.91776822 -3.63662521 2.64045763 -3.12474762 
3.73205890 15.60999040 -11.43672330 9.39054849 -8.14132701 6.84244765 -6.40824168 5.53916935 -4.73587069 3.91776822 -3.63662521 2.64045763 -3.12474762 
3.88654433 14.58273302 -10.01263608 7.69860217 -6.28694436 4.90982294 -4.46622413 3.64236749 -2.92656039 2.22698009 -2.08699252 1.24679559 -1.89588844 
3.89053101 14.63407228 -10.08143493 7.77770666 -6.37091212 4.99466410 -4.54894274 3.72082498 -2.99930486 2.29314181 -2.14608040 1.29864645 -1.94054463 
3.89511467 14.58963735 -10.02187390 7.70920771 -6.29818539 4.92116487 -4.47726718 3.65282784 -2.93624670 2.23577923 -2.09484186 1.25367610 -1.90180811 
4.03237491 15.60891345 -11.43517849 9.38865341 -8.13918588 6.84015128 -6.40587045 5.53679275 -4.73354769 3.91554726 -3.63454564 2.63854969 -3.12303351 
3.90760415 14.64721770 -10.09909110 7.79805208 -6.39255424 5.01657596 -4.57034860 3.74116688 -3.01820012 2.31035708 -2.16148042 1.31218130 -1.95221870 
3.75977297 15.60999040 -11.43672330 9.39054849 -8.14132701 6.84244765 -6.40824168 5.53916935 -4.73587069 3.91776822 -3.63662521 2.64045763 -3.12474762 
3.75977297 15.60999040 -11.43672330 9.39054849 -8.14132701 6.84244765 -6.40824168 5.53916935 -4.73587069 3.91776822 -3.63662521 2.64045763 -3.12474762 
3.75977297 15.60999040 -11.43672330 9.39054849 -8.14132701 6.84244765 -6.40824168 5.53916935 -4.73587069 3.91776822 -3.63662521 2.64045763 -3.12474762 
3.75977297 15.60999040 -11.43672330 9.39054849 -8.14132701 6.84244765 -6.40824168 5.53916935 -4.73587069 3.91776822 -3.63662521 2.64045763 -3.12474762 
3.75977297 15.60999040 -11.43672330 9.39054849 -8.14132701 6.84244765 -6.40824168 5.53916935 -4.73587069 3.91776822 -3.63662521 2.64045763 -3.12474762 
3.75977297 15.60999040 -11.43672330 9.39054849 -8.14132701 6.84244765 -6.40824168 5.53916935 -4.73587069 3.91776822 -3.63662521 2.64045763 -3.12474762 
3.75977297 15.60999040 -11.43672330 9.39054849 -8.14132701 6.84244765 -6.40824168 5.53916935 -4.73587069 3.91776822 -3.63662521 2.64045763 -3.12474762 
3.60753606 14.33607690 -9.68558035 7.32635483 -5.89568197 4.51820522 -4.08787350 3.28665341 -2.59952757 1.93191175 -1.82546341 1.01892814 -1.70096902 
3.60219261 14.38870682 -9.75488198 7.40470521 -5.97749769 4.59958025 -4.16601087 3.35967999 -2.66628116 1.99181290 -1.87828072 1.06472242 -1.73995835 
3.75057755 15.60999040 -11.43672330 9.39054849 -8.14132701 6.84244765 -6.40824168 5.53916935 -4.73587069 3.91776822 -3.63662521 2.64045763 -3.12474762 
3.75057755 15.60999040 -11.43672330 9.39054849 -8.14132701 6.84244765 -6.40824168 5.53916935 -4.73587069 3.91776822 -3.63662521 2.64045763 -3.12474762 
3.75057755 15.60999040 -11.43672330 9.39054849 -8.14132701 6.84244765 -6.40824168 5.53916935 -4.73587069 3.91776822 -3.63662521 2.64045763 -3.12474762 
3.75057755 15.60999040 -11.43672330 9.39054849 -8.14132701 6.84244765 -6.40824168 5.53916935 -4.73587069 3.91776822 -3.63662521 2.64045763 -3.12474762 
3.75057755 15.60999040 -11.43672330 9.39054849 -8.14132701 6.84244765 -6.40824168 5.53916935 -4.73587069 3.91776822 -3.63662521 2.64045763 -3.12474762 
3.75057755 15.60999040 -11.43672330 9.39054849 -8.14132701 6.84244765 -6.40824168 5.53916935 -4.73587069 3.91776822 -3.63662521 2.64045763 -3.12474762 
3.75057755 15.60999040 -11.43672330 9.39054849 -8.14132701 6.84244765 -6.40824168 5.53916935 -4.73587069 3.91776822 -3.63662521 2.64045763 -3.12474762 
3.75057755 15.60999040 -11.43672330 9.39054849 -8.14132701 6.84244765 -6.40824168 5.53916935 -4.73587069 3.91776822 -3.63662521 2.64045763 -3.12474762 
3.75057755 15.60999040 -11.43672330 9.39054849 -8.14132701 6.84244765 -6.40824168 5.53916935 -4.73587069 3.91776822 -3.63662521 2.64045763 -3.12474762 
3.75057755 15.60999040 -11.43672330 9.39054849 -8.14132701 6.84244765 -6.40824168 5.53916935 -4.73587069 3.91776822 -3.63662521 2.64045763 -3.12474762 
3.75057755 15.60999040 -11.43672330 9.39054849 -8.14132701 6.84244765 -6.40824168 5.53916935 -4.73587069 3.91776822 -3.63662521 2.64045763 -3.12474762 
3.75057755 15.60999040 -11.43672330 9.39054849 -8.14132701 6.84244765 -6.40824168 5.53916935 -4.73587069 3.91776822 -3.63662521 2.64045763 -3.12474762 
3.75057755 15.60999040 -11.43672330 9.39054849 -8.14132701 6.84244765 -6.40824168 5.53916935 -4.73587069 3.91776822 -3.63662521 2.64045763 -3.12474762 
3.75057755 15.60999040 -11.43672330 9.39054849 -8.14132701 6.84244765 -6.40824168 5.53916935 -4.73587069 3.91776822 -3.63662521 2.64045763 -3.12474762 
3.75057755 15.60999040 -11.43672330 9.39054849 -8.14132701 6.84244765 -6.40824168 5.53916935 -4.73587069 3.91776822 -3.63662521 2.64045763 -3.12474762 
3.75057755 15.60999040 -11.43672330 9.39054849 -8.14132701 6.84244765 -6.40824168 5.53916935 -4.73587069 3.91776822 -3.63662521 2.64045763 -3.12474762 
3.75057755 15.60999040 -11.43672330 9.39054849 -8.14132701 6.84244765 -6.40824168 5.53916935 -4.73587069 3.91776822 -3.63662521 2.64045763 -3.12474762 
3.75057755 15.60999040 -11.43672330 9.39054849 -8.14132701 6.84244765 -6.40824168 5.53916935 -4.73587069 3.91776822 -3.63662521 2.64045763 -3.12474762 
3.75057755 15.60999040 -11.43672330 9.39054849 -8.14132701 6.84244765 -6.40824168 5.53916935 -4.73587069 3.91776822 -3.63662521 2.64045763 -3.12474762 
3.90364864 14.59647424 -10.03102593 7.71971967 -6.30933230 4.93241674 -4.48822718 3.66321374 -2.94586785 2.24452244 -2.10264407 1.26051758 -1.90769608 
3.90760415 14.64721770 -10.09909110 7.79805208 -6.39255424 5.01657596 -4.57034860 3.74116688 -3.01820012 2.31035708 -2.16148042 1.31218130 -1.95221870 
3.75977297 15.60999040 -11.43672330 9.39054849 -8.14132701 6.84244765 -6.40824168 5.53916935 -4.73587069 3.91776822 -3.63662521 2.64045763 -3.12474762 
3.75977297 15.60999040 -11.43672330 9.39054849 -8.14132701 6.84244765 -6.40824168 5.53916935 -4.73587069 3.91776822 -3.63662521 2.64045763 -3.12474762 
3.75977297 15.60999040 -11.43672330 9.39054849 -8.14132701 6.84244765 -6.40824168 5.53916935 -4.73587069 3.91776822 -3.63662521 2.64045763 -3.12474762 
3.75977297 15.60999040 -11.43672330 9.39054849 -8.14132701 6.84244765 -6.40824168 5.53916935 -4.73587069 3.91776822 -3.63662521 2.64045763 -3.12474762 
3.91214653 14.60324454 -10.04009321 7.73013911 -6.32038605 4.94357939 -4.49910482 3.67352576 -2.95542428 2.25321003 -2.11039937 1.26732017 -1.91355241 
3.91608663 14.65369387 -10.10779555 7.80808899 -6.40323775 5.02739932 -4.58092837 3.75122661 -3.02754966 2.31887984 -2.16910834 1.31888853 -1.95800643 
3.76892631 15.60999040 -11.43672330 9.39054849 -8.14132701 6.84244765 -6.40824168 5.53916935 -4.73587069 3.91776822 -3.63662521 2.64045763 -3.12474762 
3.76892631 15.60999040 -11.43672330 9.39054849 -8.14132701 6.84244765 -6.40824168 5.53916935 -4.73587069 3.91776822 -3.63662521 2.64045763 -3.12474762 
3.76892631 15.60999040 -11.43672330 9.39054849 -8.14132701 6.84244765 -6.40824168 5.53916935 -4.73587069 3.91776822 -3.63662521 2.64045763 -3.12474762 
3.76892631 15.60999040 -11.43672330 9.39054849 -8.14132701 6.84244765 -6.40824168 5.53916935 -4.73587069 3.91776822 -3.63662521 2.64045763 -3.12474762 
3.92060864 14.60994912 -10.04907675 7.74046705 -6.33134762 4.95465368 -4.50990082 3.68376449 -2.96491643 2.26184234 -2.11810797 1.27408401 -1.91937720 
3.92453346 14.66010679 -10.11641891 7.81803675 -6.41383084 5.03813545 -4.59142700 3.76121300 -3.03683442 2.32734650 -2.17668854 1.32555587 -1.96376144 
3.77803794 15.60999040 -11.43672330 9.39054849 -8.14132701 6.84244765 -6.40824168 5.53916935 -4.73587069 3.91776822 -3.63662521 2.64045763 -3.12474762 
3.77803794 15.60999040 -11.43672330 9.39054849 -8.14132701 6.84244765 -6.40824168 5.53916935 -4.73587069 3.91776822 -3.63662521 2.64045763 -3.12474762 
3.77803794 15.60999040 -11.43672330 9.39054849 -8.14132701 6.84244765 -6.40824168 5.53916935 -4.73587069 3.91776822 -3.63662521 2.64045763 -3.12474762 
3.77803794 15.60999040 -11.43672330 9.39054849 -8.14132701 6.84244765 -6.40824168 5.53916935 -4.73587069 3.91776822 -3.63662521 2.64045763 -3.12474762 
3.77803794 15.60999040 -11.43672330 9.39054849 -8.14132701 6.84244765 -6.40824168 5.53916935 -4.73587069 3.91776822 -3.63662521 2.64045763 -3.12474762 
3.77803794 15.60999040 -11.43672330 9.39054849 -8.14132701 6.84244765 -6.40824168 5.53916935 -4.73587069 3.91776822 -3.63662521 2.64045763 -3.12474762 
3.77803794 15.60999040 -11.43672330 9.39054849 -8.14132701 6.84244765 -6.40824168 5.53916935 -4.73587069 3.91776822 -3.63662521 2.64045763 -3.12474762 
3.77803794 15.60999040 -11.43672330 9.39054849 -8.14132701 6.84244765 -6.40824168 5.53916935 -4.73587069 3.91776822 -3.63662521 2.64045763 -3.12474762 
3.77803794 15.60999040 -11.43672330 9.39054849 -8.14132701 6.84244765 -6.40824168 5.53916935 -4.73587069 3.91776822 -3.63662521 2.64045763 -3.12474762 
3.77803794 15.60999040 -11.43672330 9.39054849 -8.14132701 6.84244765 -6.40824168 5.53916935 -4.73587069 3.91776822 -3.63662521 2.64045763 -3.12474762 
3.77803794 15.60999040 -11.43672330 9.39054849 -8.14132701 6.84244765 -6.40824168 5.53916935 -4.73587069 3.91776822 -3.63662521 2.64045763 -3.12474762 
3.77803794 15.60999040 -11.43672330 9.39054849 -8.14132701 6.84244765 -6.40824168 5.53916935 -4.73587069 3.91776822 -3.63662521 2.64045763 -3.12474762 
3.77803794 15.60999040 -11.43672330 9.39054849 -8.14132701 6.84244765 -6.40824168 5.53916935 -4.73587069 3.91776822 -3.63662521 2.64045763 -3.12474762 
3.62717234 14.35487866 -9.71030792 7.35427839 -5.92480736 4.54714199 -4.11562942 3.31256717 -2.62319182 1.95312683 -1.84415292 1.03511893 -1.71474282 
3.62188476 14.40692593 -9.77893345 7.43196361 -6.00602941 4.62802315 -4.19338265 3.38531625 -2.68976363 2.01292597 -1.89693147 1.08092136 -1.75377310 
3.76892631 15.60999040 -11.43672330 9.39054849 -8.14132701 6.84244765 -6.40824168 5.53916935 -4.73587069 3.91776822 -3.63662521 2.64045763 -3.12474762 
3.76892631 15.60999040 -11.43672330 9.39054849 -8.14132701 6.84244765 -6.40824168 5.53916935 -4.73587069 3.91776822 -3.63662521 2.64045763 -3.12474762 
3.76892631 15.60999040 -11.43672330 9.39054849 -8.14132701 6.84244765 -6.40824168 5.53916935 -4.73587069 3.91776822 -3.63662521 2.64045763 -3.12474762 
3.76892631 15.60999040 -11.43672330 9.39054849 -8.14132701 6.84244765 -6.40824168 5.53916935 -4.73587069 3.91776822 -3.63662521 2.64045763 -3.12474762 
3.76892631 15.60999040 -11.43672330 9.39054849 -8.14132701 6.84244765 -6.40824168 5.53916935 -4.73587069 3.91776822 -3.63662521 2.64045763 -3.12474762 
3.76892631 15.60999040 -11.43672330 9.39054849 -8.14132701 6.84244765 -6.40824168 5.53916935 -4.73587069 3.91776822 -3.63662521 2.64045763 -3.12474762 
3.76892631 15.60999040 -11.43672330 9.39054849 -8.14132701 6.84244765 -6.40824168 5.53916935 -4.73587069 3.91776822 -3.63662521 2.64045763 -3.12474762 
3.92060864 14.60994912 -10.04907675 7.74046705 -6.33134762 4.95465368 -4.50990082 3.68376449 -2.96491643 2.26184234 -2.11810797 1.27408401 -1.91937720 
3.92453346 14.66010679 -10.11641891 7.81803675 -6.41383084 5.03813545 -4.59142700 3.76121300 -3.03683442 2.32734650 -2.17668854 1.32555587 -1.96376144 
3.77803794 15.60999040 -11.43672330 9.39054849 -8.14132701 6.84244765 -6.40824168 5.53916935 -4.73587069 3.91776822 -3.63662521 2.64045763 -3.12474762 
3.77803794 15.60999040 -11.43672330 9.39054849 -8.14132701 6.84244765 -6.40824168 5.53916935 -4.73587069 3.91776822 -3.63662521 2.64045763 -3.12474762 
3.77803794 15.60999040 -11.43672330 9.39054849 -8.14132701 6.84244765 -6.40824168 5.53916935 -4.73587069 3.91776822 -3.63662521 2.64045763 -3.12474762 
3.77803794 15.60999040 -11.43672330 9.39054849 -8.14132701 6.84244765 -6.40824168 5.53916935 -4.73587069 3.91776822 -3.63662521 2.64045763 -3.12474762 
3.77803794 15.60999040 -11.43672330 9.39054849 -8.14132701 6.84244765 -6.40824168 5.53916935 -4.73587069 3.91776822 -3.63662521 2.64045763 -3.12474762 
3.77803794 15.60999040 -11.43672330 9.39054849 -8.14132701 6.84244765 -6.40824168 5.53916935 -4.73587069 3.91776822 -3.63662521 2.64045763 -3.12474762 
3.77803794 15.60999040 -11.43672330 9.39054849 -8.14132701 6.84244765 -6.40824168 5.53916935 -4.73587069 3.91776822 -3.63662521 2.64045763 -3.12474762 
3.77803794 15.60999040 -11.43672330 9.39054849 -8.14132701 6.84244765 -6.40824168 5.53916935 -4.73587069 3.91776822 -3.63662521 2.64045763 -3.12474762 
3.62717234 14.35487866 -9.71030792 7.35427839 -5.92480736 4.54714199 -4.11562942 3.31256717 -2.62319182 1.95312683 -1.84415292 1.03511893 -1.71474282 
3.62188476 14.40692593 -9.77893345 7.43196361 -6.00602941 4.62802315 -4.19338265 3.38531625 -2.68976363 2.01292597 -1.89693147 1.08092136 -1.75377310 
3.76892631 15.60999040 -11.43672330 9.39054849 -8.14132701 6.84244765 -6.40824168 5.53916935 -4.73587069 3.91776822 -3.63662521 2.64045763 -3.12474762 
3.76892631 15.60999040 -11.43672330 9.39054849 -8.14132701 6.84244765 -6.40824168 5.53916935 -4.73587069 3.91776822 -3.63662521 2.64045763 -3.12474762 
3.76892631 15.60999040 -11.43672330 9.39054849 -8.14132701 6.84244765 -6.40824168 5.53916935 -4.73587069 3.91776822 -3.63662521 2.64045763 -3.12474762 
3.76892631 15.60999040 -11.43672330 9.39054849 -8.14132701 6.84244765 -6.40824168 5.53916935 -4.73587069 3.91776822 -3.63662521 2.64045763 -3.12474762 
3.76892631 15.60999040 -11.43672330 9.39054849 -8.14132701 6.84244765 -6.40824168 5.53916935 -4.73587069 3.91776822 -3.63662521 2.64045763 -3.12474762 
3.76892631 15.60999040 -11.43672330 9.39054849 -8.14132701 6.84244765 -6.40824168 5.53916935 -4.73587069 3.91776822 -3.63662521 2.64045763 -3.12474762 
3.76892631 15.60999040 -11.43672330 9.39054849 -8.14132701 6.84244765 -6.40824168 5.53916935 -4.73587069 3.91776822 -3.63662521 2.64045763 -3.12474762 
3.76892631 15.60999040 -11.43672330 9.39054849 -8.14132701 6.84244765 -6.40824168 5.53916935 -4.73587069 3.91776822 -3.63662521 2.64045763 -3.12474762 
3.61737813 14.34552902 -9.69800734 7.34038346 -5.91030978 4.53273390 -4.10180519 3.29965676 -2.61139889 1.94255166 -1.83483438 1.02704436 -1.70787211 
3.61206276 14.39786650 -9.76696996 7.41840067 -5.99182855 4.61386232 -4.17975121 3.37254558 -2.67806276 2.00240307 -1.88763359 1.07284395 -1.74688306 
3.60753606 14.33607690 -9.68558035 7.32635483 -5.89568197 4.51820522 -4.08787350 3.28665341 -2.59952757 1.93191175 -1.82546341 1.01892814 -1.70096902 
3.60219261 14.38870682 -9.75488198 7.40470521 -5.97749769 4.59958025 -4.16601087 3.35967999 -2.66628116 1.99181290 -1.87828072 1.06472242 -1.73995835 
3.59764565 14.32652079 -9.67302522 7.31219088 -5.88092251 4.50355479 -4.07383343 3.27355647 -2.58757747 1.92120686 -1.81603992 1.01077025 -1.69403361 
3.59227382 14.37944541 -9.74266782 7.39087556 -5.96303537 4.58517571 -4.15216071 3.34671878 -2.65441838 1.98115516 -1.86887272 1.05655671 -1.73299899 
3.58770643 14.31685915 -9.66034022 7.29788993 -5.86602992 4.48878143 -4.05968409 3.26036531 -2.57554817 1.91043676 -1.80656382 1.00257071 -1.68706595 
3.58230593 14.37008075 -9.73032574 7.37691006 -5.94844010 4.57064749 -4.13819976 3.33366126 -2.64247394 1.97042958 -1.85940945 1.04834681 -1.72600503 
3.73205890 15.60999040 -11.43672330 9.39054849 -8.14132701 6.84244765 -6.40824168 5.53916935 -4.73587069 3.91776822 -3.63662521 2.64045763 -3.12474762 
3.73205890 15.60999040 -11.43672330 9.39054849 -8.14132701 6.84244765 -6.40824168 5.53916935 -4.73587069 3.91776822 -3.63662521 2.64045763 -3.12474762 
3.73205890 15.60999040 -11.43672330 9.39054849 -8.14132701 6.84244765 -6.40824168 5.53916935 -4.73587069 3.91776822 -3.63662521 2.64045763 -3.12474762 
3.73205890 15.60999040 -11.43672330 9.39054849 -8.14132701 6.84244765 -6.40824168 5.53916935 -4.73587069 3.91776822 -3.63662521 2.64045763 -3.12474762 
3.73205890 15.60999040 -11.43672330 9.39054849 -8.14132701 6.84244765 -6.40824168 5.53916935 -4.73587069 3.91776822 -3.63662521 2.64045763 -3.12474762 
3.73205890 15.60999040 -11.43672330 9.39054849 -8.14132701 6.84244765 -6.40824168 5.53916935 -4.73587069 3.91776822 -3.63662521 2.64045763 -3.12474762 
3.88654433 14.58273302 -10.01263608 7.69860217 -6.28694436 4.90982294 -4.46622413 3.64236749 -2.92656039 2.22698009 -2.08699252 1.24679559 -1.89588844 
4.02435354 15.60890478 -11.43516605 9.38863816 -8.13916864 6.84013280 -6.40585136 5.53677362 -4.73352900 3.91552938 -3.63452890 2.63853434 -3.12301971 
3.89908571 14.64067745 -10.09030456 7.78792498 -6.38177936 5.00566451 -4.55968697 3.73103320 -3.00878534 2.30177785 -2.15380453 1.30543400 -1.94639814 
3.90364864 14.59647424 -10.03102593 7.71971967 -6.30933230 4.93241674 -4.48822718 3.66321374 -2.94586785 2.24452244 -2.10264407 1.26051758 -1.90769608 
3.90760415 14.64721770 -10.09909110 7.79805208 -6.39255424 5.01657596 -4.57034860 3.74116688 -3.01820012 2.31035708 -2.16148042 1.31218130 -1.95221870 
3.91214653 14.60324454 -10.04009321 7.73013911 -6.32038605 4.94357939 -4.49910482 3.67352576 -2.95542428 2.25321003 -2.11039937 1.26732017 -1.91355241 
3.91608663 14.65369387 -10.10779555 7.80808899 -6.40323775 5.02739932 -4.58092837 3.75122661 -3.02754966 2.31887984 -2.16910834 1.31888853 -1.95800643 
3.76892631 15.60999040 -11.43672330 9.39054849 -8.14132701 6.84244765 -6.40824168 5.53916935 -4.73587069 3.91776822 -3.63662521 2.64045763 -3.12474762 
3.92060864 14.60994912 -10.04907675 7.74046705 -6.33134762 4.95465368 -4.50990082 3.68376449 -2.96491643 2.26184234 -2.11810797 1.27408401 -1.91937720 
3.92453346 14.66010679 -10.11641891 7.81803675 -6.41383084 5.03813545 -4.59142700 3.76121300 -3.03683442 2.32734650 -2.17668854 1.32555587 -1.96376144 
3.77803794 15.60999040 -11.43672330 9.39054849 -8.14132701 6.84244765 -6.40824168 5.53916935 -4.73587069 3.91776822 -3.63662521 2.64045763 -3.12474762 
3.92903528 14.61658882 -10.05797756 7.75070452 -6.34221795 4.96564044 -4.52061587 3.69393047 -2.97434473 2.27041968 -2.12577012 1.28080925 -1.92517053 
3.93294492 14.66645727 -10.12496217 7.82789635 -6.42433446 5.04878519 -4.60184522 3.77112662 -3.04605487 2.33575740 -2.18422127 1.33218349 -1.96948385 
3.78710825 15.60999040 -11.43672330 9.39054849 -8.14132701 6.84244765 -6.40824168 5.53916935 -4.73587069 3.91776822 -3.63662521 2.64045763 -3.12474762 
3.78710825 15.60999040 -11.43672330 9.39054849 -8.14132701 6.84244765 -6.40824168 5.53916935 -4.73587069 3.91776822 -3.63662521 2.64045763 -3.12474762 
3.78710825 15.60999040 -11.43672330 9.39054849 -8.14132701 6.84244765 -6.40824168 5.53916935 -4.73587069 3.91776822 -3.63662521 2.64045763 -3.12474762 
3.78710825 15.60999040 -11.43672330 9.39054849 -8.14132701 6.84244765 -6.40824168 5.53916935 -4.73587069 3.91776822 -3.63662521 2.64045763 -3.12474762 
3.78710825 15.60999040 -11.43672330 9.39054849 -8.14132701 6.84244765 -6.40824168 5.53916935 -4.73587069 3.91776822 -3.63662521 2.64045763 -3.12474762 
3.78710825 15.60999040 -11.43672330 9.39054849 -8.14132701 6.84244765 -6.40824168 5.53916935 -4.73587069 3.91776822 -3.63662521 2.64045763 -3.12474762 
3.78710825 15.60999040 -11.43672330 9.39054849 -8.14132701 6.84244765 -6.40824168 5.53916935 -4.73587069 3.91776822 -3.63662521 2.64045763 -3.12474762 
3.78710825 15.60999040 -11.43672330 9.39054849 -8.14132701 6.84244765 -6.40824168 5.53916935 -4.73587069 3.91776822 -3.63662521 2.64045763 -3.12474762 
3.93742674 14.62316447 -10.06679664 7.76085253 -6.35299799 4.97654050 -4.53125069 3.70402426 -2.98370962 2.27894237 -2.13338603 1.28749604 -1.93093250 
3.94132133 14.67274612 -10.13342628 7.83766880 -6.43474955 5.05934938 -4.61218373 3.78096806 -3.05521147 2.34411289 -2.19170680 1.33877158 -1.97517378 
3.94578331 14.62967689 -10.07553495 7.77091208 -6.36368867 4.98735468 -4.54180594 3.71404644 -2.99301152 2.28741073 -2.14095593 1.29414454 -1.93666321 
3.94966295 14.67897413 -10.14181220 7.84735507 -6.44507704 5.06982884 -4.62244325 3.79073791 -3.06430468 2.35241333 -2.19914538 1.34532033 -1.98083135 
3.95410528 14.63612688 -10.08419346 7.78088416 -6.37429090 4.99808379 -4.55228233 3.72399754 -3.00225086 2.29582508 -2.14848005 1.30075491 -1.94236275 
3.95797009 14.68514207 -10.15012087 7.85695613 -6.45531784 5.08022441 -4.63262447 3.80043674 -3.07333496 2.36065906 -2.20653727 1.35182990 -1.98645668 
3.81407495 15.60999040 -11.43672330 9.39054849 -8.14132701 6.84244765 -6.40824168 5.53916935 -4.73587069 3.91776822 -3.63662521 2.64045763 -3.12474762 
3.81407495 15.60999040 -11.43672330 9.39054849 -8.14132701 6.84244765 -6.40824168 5.53916935 -4.73587069 3.91776822 -3.63662521 2.64045763 -3.12474762 
3.66587955 14.39128172 -9.75827926 7.40855339 -5.98152352 4.60359152 -4.16986920 3.36329196 -2.66958818 1.99478494 -1.88090507 1.06700090 -1.74190076 
3.66070031 14.44219005 -9.82557573 7.48492245 -6.06156150 4.68347784 -4.24683821 3.43546343 -2.73576935 2.05435074 -1.93357633 1.11279085 -1.78098623 
3.65627229 14.38232742 -9.74646781 7.39517720 -5.96753284 4.58965429 -4.15646606 3.35074702 -2.65810455 1.98446630 -1.87179510 1.05909281 -1.73516010 
3.47604675 15.60811240 -11.43402952 9.38724400 -8.13759356 6.83844360 -6.40410718 5.53502557 -4.73182045 3.91389594 -3.63299952 2.63713123 -3.12175919 
3.46544610 15.60809240 -11.43400083 9.38720881 -8.13755380 6.83840096 -6.40406315 5.53498145 -4.73177733 3.91385472 -3.63296092 2.63709582 -3.12172737 
3.45478895 15.60807207 -11.43397168 9.38717305 -8.13751341 6.83835764 -6.40401842 5.53493662 -4.73173351 3.91381283 -3.63292170 2.63705984 -3.12169505 
3.26669374 13.90103608 -9.12273512 6.70067239 -5.25293240 3.88885637 -3.49264383 2.73841434 -2.10535195 1.49427306 -1.44435402 0.69231513 -1.42595777 
3.02979633 15.59828994 -11.41994562 9.36997321 -8.11808740 6.81753024 -6.38251904 5.51339523 -4.71068423 3.89369362 -3.61408826 2.61978506 -3.10617873 
3.22362610 14.06479987 -9.33251809 6.93164338 -5.48797538 4.11690692 -3.70641612 2.93360789 -2.27982206 1.64755337 -1.57682453 0.80503496 -1.52021929 
3.20743542 13.82760070 -9.02948066 6.59885982 -5.15017253 3.78993842 -3.40062838 2.65501856 -2.03134311 1.42969079 -1.38889514 0.64540515 -1.38695265 
3.18747884 14.02370783 -9.27964207 6.87317522 -5.42822632 4.05870169 -3.65164215 2.88340571 -2.23478711 1.60785313 -1.54240376 0.77565840 -1.49558294 
3.35622961 15.60787351 -11.43368688 9.38682371 -8.13711874 6.83793439 -6.40358141 5.53449864 -4.73130545 3.91340359 -3.63253854 2.63670832 -3.12137926 
3.53171252 14.32165346 -9.66663368 7.30498392 -5.87341618 4.49610740 -4.06669954 3.26690471 -2.58151074 1.91577446 -1.81125961 1.00663342 -1.69051789 
3.52701863 14.25658308 -9.58140145 7.20911047 -5.77379523 4.39749209 -3.97244259 3.17920425 -2.50168689 1.84443488 -1.74859827 0.95250013 -1.64458783 
3.33365193 15.60782520 -11.43361759 9.38673872 -8.13702273 6.83783143 -6.40347510 5.53439210 -4.73120132 3.91330405 -3.63244533 2.63662282 -3.12130244 
2.95543082 10.69573012 -5.51424853 3.17404591 -2.04218684 1.07445845 -1.09136814 0.72846026 -0.44710477 0.13646345 -0.34211105 -0.19650532 -0.71901101 
2.02677644 11.50962474 -6.34192955 3.90400033 -2.64072068 1.54801533 -1.45634400 1.00487609 -0.65394859 0.29184007 -0.45893337 -0.10787011 -0.78547636 
1.47905059 15.40242995 -11.14097349 9.03001048 -7.73640705 6.41062195 -5.96474039 5.09694321 -4.30572385 3.50839653 -3.25496745 2.29171396 -2.81262272 
1.36089292 15.37813114 -11.10661244 8.98842234 -7.69002032 6.36147662 -5.91458285 5.04722996 -4.25764520 3.46288726 -3.21275583 2.25332788 -2.77842322 
2.92631263 5.73866836 -1.74912479 0.58801723 -0.34212387 -0.05689501 -0.33784547 0.22362611 -0.10966841 -0.10594665 -0.16417795 -0.33817165 -0.61209320 
4.01837173 11.42897817 -6.25725017 3.82702368 -2.57574041 1.49521913 -1.41463026 0.97254787 -0.62923627 0.27296626 -0.44455689 -0.11885866 -0.77717675 
4.69707284 12.74433352 -7.71211968 5.21866920 -3.81137375 2.54874966 -2.28689485 1.67975404 -1.19370803 0.72045069 -0.79661800 0.15696142 -0.99044577 
5.21866591 13.49945234 -8.61892715 6.15699803 -4.71036367 3.37217724 -3.01699731 2.31162388 -1.73022054 1.16984306 -1.16808535 0.46043523 -1.23456917 
5.44591042 15.58890280 -11.40649417 9.35348755 -8.09947826 6.79758907 -6.36194474 5.49279051 -4.69055930 3.87446608 -3.59609669 2.60328865 -3.09136678 
5.28651565 13.98506694 -9.23006488 6.81850860 -5.37251488 4.00457245 -3.60083389 2.83695330 -2.19321520 1.57128801 -1.51076850 0.74871271 -1.47302811 
4.84969231 13.30784291 -8.38383540 5.90870699 -4.46774160 3.14576420 -2.81262832 2.13171206 -1.57496795 1.03786510 -1.05750205 0.36899186 -1.16016229 
4.17909558 10.44934821 -5.27544304 2.97297107 -1.88462703 0.95491094 -1.00280832 0.66382906 -0.40038753 0.10226441 -0.31688906 -0.21548841 -0.70489951 
3.20669590 11.35392771 -6.17897472 3.75632613 -2.51643448 1.44731408 -1.37699041 0.94352911 -0.60716231 0.25617436 -0.43180763 -0.12858313 -0.76984651 
2.67140806 15.57262296 -11.38318494 9.32494265 -8.06728040 6.76311068 -6.32639548 5.45721139 -4.65582969 3.84130401 -3.56508300 2.57486663 -3.06585904 
2.88808743 13.73555879 -8.91331080 6.47277454 -5.02364375 3.66881101 -3.28855544 2.55396954 -1.94211479 1.35219191 -1.32263794 0.58959095 -1.34072562 
3.48936977 12.20386853 -7.09526493 4.61098820 -3.25650431 2.06332183 -1.87518865 1.33837896 -0.91550572 0.49596409 -0.61729049 0.01477945 -0.87927942 
3.92903528 14.61658882 -10.05797756 7.75070452 -6.34221795 4.96564044 -4.52061587 3.69393047 -2.97434473 2.27041968 -2.12577012 1.28080925 -1.92517053 
4.06414249 15.60894711 -11.43522678 9.38871265 -8.13925280 6.84022305 -6.40594456 5.53686702 -4.73362029 3.91561667 -3.63461063 2.63860932 -3.12308707 
4.07200617 15.60895528 -11.43523850 9.38872702 -8.13926904 6.84024047 -6.40596254 5.53688505 -4.73363791 3.91563351 -3.63462640 2.63862378 -3.12310007 
3.94966295 14.67897413 -10.14181220 7.84735507 -6.44507704 5.06982884 -4.62244325 3.79073791 -3.06430468 2.35241333 -2.19914538 1.34532033 -1.98083135 
3.37759121 9.62058201 -4.51206516 2.36037921 -1.42628233 0.62113861 -0.76468588 0.49586468 -0.28270189 0.01776739 -0.25530902 -0.26193843 -0.67041185 
2.59076378 15.56952437 -11.37875118 9.31951618 -8.06116292 6.75656339 -6.31964826 5.45046177 -4.64924425 3.83501852 -3.55920710 2.56948381 -3.06102989 
2.54076898 15.56747740 -11.37582268 9.31593255 -8.05712355 6.75224082 -6.31519429 5.44600678 -4.64489817 3.83087087 -3.55533016 2.56593256 -3.05784423 
2.77199290 13.57842981 -8.71682010 6.26140773 -4.81337096 3.46918795 -3.10534353 2.39006680 -1.79847124 1.22830774 -1.21742396 0.50150178 -1.26819380 
3.18747884 14.02370783 -9.27964207 6.87317522 -5.42822632 4.05870169 -3.65164215 2.88340571 -2.23478711 1.60785313 -1.54240376 0.77565840 -1.49558294 
3.54193340 14.33155820 -9.67964245 7.31965488 -5.88869914 4.51127284 -4.08122888 3.28045420 -2.59387036 1.92684332 -1.82100109 1.01506464 -1.69768409 
3.85189286 14.55442320 -9.97480556 7.65522266 -6.24101899 4.86353715 -4.42120681 3.59977021 -2.88715489 2.19121785 -2.05511942 1.21888032 -1.87189099 
4.12795167 14.72151132 -10.19918644 7.91373527 -6.51596478 5.14187035 -4.69307768 3.85809778 -3.12708610 2.40979644 -2.25063429 1.39070314 -2.02008225 
4.02123616 13.18148961 -8.23067061 5.74881929 -4.31327529 3.00318354 -2.68528577 2.02075075 -1.48015328 0.95799732 -0.99114875 0.31454618 -1.11618627 
3.87793729 14.57576034 -10.00331141 7.68790199 -6.27560821 4.89839008 -4.45509729 3.63183214 -2.91680850 2.21812470 -2.07909582 1.23987589 -1.88993696 
3.88193975 14.62740134 -10.07248117 7.76739606 -6.35995153 4.98357387 -4.53811517 3.71054163 -2.98975820 2.28444860 -2.13830778 1.29181849 -1.93465806 
3.57771791 14.30709041 -9.64752358 7.28345029 -5.85100275 4.47388394 -4.04542458 3.24707930 -2.56343927 1.89960123 -1.79703503 0.99432953 -1.68006613 
3.38962530 15.60794299 -11.43378653 9.38694595 -8.13725684 6.83808249 -6.40373432 5.53465190 -4.73145523 3.91354679 -3.63267261 2.63683132 -3.12148976 
3.37855524 15.60792021 -11.43375387 9.38690588 -8.13721157 6.83803394 -6.40368420 5.53460166 -4.73140614 3.91349985 -3.63262866 2.63679100 -3.12145354 
3.36742358 15.60789705 -11.43372065 9.38686514 -8.13716554 6.83798458 -6.40363323 5.53455058 -4.73135621 3.91345213 -3.63258398 2.63675001 -3.12141671 
3.54193340 14.33155820 -9.67964245 7.31965488 -5.88869914 4.51127284 -4.08122888 3.28045420 -2.59387036 1.92684332 -1.82100109 1.01506464 -1.69768409 
3.69449911 15.60999040 -11.43672330 9.39054849 -8.14132701 6.84244765 -6.40824168 5.53916935 -4.73587069 3.91776822 -3.63662521 2.64045763 -3.12474762 
3.85189286 14.55442320 -9.97480556 7.65522266 -6.24101899 4.86353715 -4.42120681 3.59977021 -2.88715489 2.19121785 -2.05511942 1.21888032 -1.87189099 
