11.00998825 0.24025391 -0.10886027 -0.01455964 -0.12504260 -0.19090100 -0.26146681 0.17374441 -0.09212950 -0.13504619 -0.14693005 -0.36872368 -0.58934728 
4.25560729 15.60654705 -11.43178445 9.38449024 -8.13448264 6.83510751 -6.40066271 5.53157366 -4.72844675 3.91067072 -3.62997989 2.63436106 -3.11927062 
4.36077797 14.98006886 -10.55162698 8.32564746 -6.96019328 5.59761728 -5.14403516 4.29197384 -3.53493384 2.78560550 -2.59044830 1.69240381 -2.28283586 
4.45854647 15.60928706 -11.43571440 9.38931082 -8.13992863 6.84094787 -6.40669299 5.53761714 -4.73435347 3.91631764 -3.63526696 2.63921147 -3.12362805 
4.45206700 15.60928249 -11.43570784 9.38930278 -8.13991954 6.84093812 -6.40668292 5.53760705 -4.73434361 3.91630821 -3.63525814 2.63920337 -3.12362077 
4.55372999 15.04634158 -10.64298565 8.43357427 -7.07779900 5.71947349 -5.26576715 4.41017464 -3.64702493 2.88975375 -2.68536605 1.77730267 -2.35729773 
4.55080392 15.01462513 -10.59921170 8.38180317 -7.02132337 5.66089551 -5.20718992 4.35324152 -3.59298455 2.83949861 -2.63952684 1.73626983 -2.32128245 
4.43904474 15.60927322 -11.43569454 9.38928645 -8.13990110 6.84091834 -6.40666250 5.53758658 -4.73432361 3.91628908 -3.63524023 2.63918694 -3.12360601 
4.54137065 15.04031959 -10.63466697 8.42372755 -7.06704877 5.70831440 -5.25459985 4.39931295 -3.63670800 2.88015320 -2.67660368 1.76945448 -2.35040541 
4.53842745 15.00830000 -10.59049339 8.37150497 -7.01010289 5.64927077 -5.19557827 4.34196786 -3.58229470 2.82956720 -2.63047646 1.72817546 -2.31418376 
4.53516230 15.03727345 -10.63046039 8.41874975 -7.06161578 5.70267633 -5.24895911 4.39382799 -3.63149940 2.87530738 -2.67218190 1.76549485 -2.34692872 
4.53221046 15.00510074 -10.58608511 8.36629946 -7.00443290 5.64339821 -5.18971395 4.33627578 -3.57689876 2.82455533 -2.62591026 1.72409248 -2.31060376 
4.41935098 15.60925896 -11.43567408 9.38926136 -8.13987275 6.84088794 -6.40663110 5.53755511 -4.73429285 3.91625967 -3.63521269 2.63916168 -3.12358332 
4.41274307 15.60925411 -11.43566713 9.38925283 -8.13986311 6.84087760 -6.40662043 5.53754441 -4.73428239 3.91624967 -3.63520333 2.63915309 -3.12357560 
4.40611324 15.60924921 -11.43566010 9.38924421 -8.13985337 6.84086716 -6.40660965 5.53753361 -4.73427183 3.91623958 -3.63519388 2.63914442 -3.12356781 
4.39946137 15.60924427 -11.43565301 9.38923551 -8.13984354 6.84085661 -6.40659876 5.53752270 -4.73426116 3.91622938 -3.63518433 2.63913566 -3.12355994 
4.39278730 15.60923927 -11.43564584 9.38922672 -8.13983361 6.84084596 -6.40658776 5.53751167 -4.73425039 3.91621908 -3.63517468 2.63912681 -3.12355199 
4.38609089 15.60923422 -11.43563861 9.38921784 -8.13982358 6.84083521 -6.40657665 5.53750054 -4.73423951 3.91620867 -3.63516494 2.63911787 -3.12354396 
4.37937197 15.60922913 -11.43563130 9.38920888 -8.13981345 6.84082434 -6.40656543 5.53748929 -4.73422851 3.91619817 -3.63515510 2.63910884 -3.12353585 
4.37263041 15.60922398 -11.43562391 9.38919982 -8.13980321 6.84081336 -6.40655410 5.53747793 -4.73421741 3.91618755 -3.63514516 2.63909972 -3.12352765 
4.36586605 15.60921878 -11.43561645 9.38919067 -8.13979287 6.84080227 -6.40654265 5.53746646 -4.73420619 3.91617682 -3.63513512 2.63909051 -3.12351938 
4.35907874 15.60921353 -11.43560892 9.38918142 -8.13978243 6.84079107 -6.40653108 5.53745486 -4.73419486 3.91616599 -3.63512497 2.63908120 -3.12351102 
4.46557079 15.00214354 -10.58201121 8.36148979 -6.99919510 5.63797428 -5.18429862 4.33102041 -3.57191765 2.81992948 -2.62169639 1.72032508 -2.30730091 
4.46252051 14.96821551 -10.53533077 8.30644534 -6.93932107 5.57604216 -5.12253152 4.27114014 -3.51521894 2.76732443 -2.57381924 1.67755676 -2.26983631 
4.34543461 15.60920286 -11.43559361 9.38916265 -8.13976122 6.84076832 -6.40650759 5.53743132 -4.73417185 3.91614399 -3.63510437 2.63906230 -3.12349404 
4.45265417 14.99542097 -10.57275318 8.35056316 -6.98729950 5.62565960 -5.17200695 4.31909506 -3.56061760 2.80943799 -2.61214152 1.71178447 -2.29981499 
4.55226988 15.60999040 -11.43672330 9.39054849 -8.14132701 6.84244765 -6.40824168 5.53916935 -4.73587069 3.91776822 -3.63662521 2.64045763 -3.12474762 
4.44958529 14.96115920 -10.52563596 8.29502890 -6.92691916 5.56323000 -5.10976891 4.25878179 -3.50353026 2.75649114 -2.56396948 1.66876636 -2.26214294 
4.44616453 14.99201909 -10.56806989 8.34503764 -6.98128590 5.61943606 -5.16579688 4.31307180 -3.55491174 2.80414178 -2.60731930 1.70747514 -2.29603866 
4.44308626 14.95758870 -10.52073216 8.28925630 -6.92065040 5.55675597 -5.10332195 4.25254091 -3.49762927 2.75102349 -2.55899952 1.66433202 -2.25826290 
4.32479228 15.60918643 -11.43557006 9.38913375 -8.13972857 6.84073331 -6.40647143 5.53739508 -4.73413643 3.91611013 -3.63507267 2.63903321 -3.12346790 
4.43312191 14.98513271 -10.55859292 8.33386013 -6.96912506 5.60685462 -5.15324647 4.30090245 -3.54338687 2.79344716 -2.59758427 1.69877756 -2.28841856 
4.43002469 14.95036149 -10.51080990 8.27758028 -6.90797517 5.54367003 -5.09029487 4.23993413 -3.48571259 2.73998499 -2.54896845 1.65538423 -2.25043546 
4.31091141 15.60917520 -11.43555394 9.38911398 -8.13970624 6.84070935 -6.40644670 5.53737029 -4.73411220 3.91608696 -3.63505098 2.63901331 -3.12345002 
4.30393468 15.60916949 -11.43554576 9.38910394 -8.13969489 6.84069719 -6.40643414 5.53735770 -4.73409989 3.91607520 -3.63503996 2.63900321 -3.12344094 
4.41339756 14.97459215 -10.54409584 8.31677152 -6.95054340 5.58764048 -5.13408955 4.28233634 -3.52581231 2.77714597 -2.58275204 1.68553130 -2.27681769 
4.41027149 14.93930062 -10.49563399 8.25973282 -6.88861169 5.52369028 -5.07041573 4.22070638 -3.46754643 2.72316551 -2.53369086 1.64176228 -2.23852390 
4.28990778 15.60915790 -11.43552913 9.38908354 -8.13967184 6.84067247 -6.40640861 5.53733212 -4.73407489 3.91605129 -3.63501758 2.63898267 -3.12342249 
4.28285727 15.60915201 -11.43552068 9.38907318 -8.13966014 6.84065992 -6.40639565 5.53731913 -4.73406219 3.91603915 -3.63500621 2.63897224 -3.12341312 
4.27578181 15.60914606 -11.43551214 9.38906271 -8.13964831 6.84064723 -6.40638255 5.53730600 -4.73404936 3.91602688 -3.63499472 2.63896170 -3.12340365 
4.26868123 15.60914005 -11.43550352 9.38905213 -8.13963635 6.84063440 -6.40636930 5.53729272 -4.73403638 3.91601447 -3.63498311 2.63895104 -3.12339408 
4.26155536 15.60913397 -11.43549480 9.38904143 -8.13962426 6.84062144 -6.40635592 5.53727931 -4.73402327 3.91600194 -3.63497137 2.63894027 -3.12338441 
4.37335725 14.95272117 -10.51404898 8.28139125 -6.91211163 5.54793988 -5.09454491 4.24404648 -3.48959931 2.74358483 -2.55223936 1.65830158 -2.25298725 
4.37017184 14.91635520 -10.46418909 8.22279398 -6.84857870 5.48242625 -5.02940077 4.18107377 -3.43013680 2.68855960 -2.50228362 1.61378068 -2.21407406 
4.24722699 15.60912161 -11.43547707 9.38901969 -8.13959970 6.84059509 -6.40632872 5.53725205 -4.73399662 3.91597646 -3.63494751 2.63891839 -3.12336474 
4.24002412 15.60911533 -11.43546807 9.38900864 -8.13958722 6.84058171 -6.40631489 5.53723819 -4.73398308 3.91596351 -3.63493539 2.63890727 -3.12335475 
4.23279522 15.60910898 -11.43545896 9.38899747 -8.13957460 6.84056817 -6.40630092 5.53722419 -4.73396939 3.91595043 -3.63492314 2.63889602 -3.12334465 
4.10497466 14.70493136 -10.17680292 7.88781556 -6.48826151 5.11369325 -4.66542917 3.83171100 -3.10247487 2.38728586 -2.23042266 1.37287740 -2.00465595 
4.09264422 14.82202779 -10.33544617 8.07214496 -6.68592370 5.31537259 -4.86393194 4.02171644 -3.28020032 2.55028178 -2.37714875 1.50259721 -2.11717486 
4.20361547 15.60908289 -11.43542154 9.38895156 -8.13952273 6.84051255 -6.40624348 5.53716662 -4.73391312 3.91589663 -3.63487276 2.63884981 -3.12330313 
4.19625352 15.60907619 -11.43541192 9.38893976 -8.13950940 6.84049825 -6.40622872 5.53715182 -4.73389866 3.91588280 -3.63485982 2.63883794 -3.12329246 
4.18886438 15.60906941 -11.43540220 9.38892784 -8.13949593 6.84048380 -6.40621380 5.53713687 -4.73388404 3.91586883 -3.63484673 2.63882593 -3.12328168 
4.05821690 14.67039244 -10.13025803 7.83401033 -6.43085000 5.05539351 -4.60831191 3.77728196 -3.05178150 2.34098268 -2.18890222 1.33630301 -1.97304156 
4.04557704 14.79106517 -10.29337106 8.02311624 -6.63320181 5.26143524 -4.81070694 3.97064303 -3.23231362 2.50626450 -2.33744019 1.46742020 -2.08660368 
4.15903173 15.60904153 -11.43536221 9.38887878 -8.13944050 6.84042436 -6.40615242 5.53707535 -4.73382391 3.91581134 -3.63479291 2.63877655 -3.12323731 
4.02642939 14.64629034 -10.09784498 7.79661556 -6.39102556 5.01502763 -4.56883545 3.73972842 -3.01686350 2.30913890 -2.16039035 1.31122297 -1.95139189 
3.86985676 15.60492881 -11.42946377 9.38164400 -8.13126754 6.83165999 -6.39710349 5.52800704 -4.72496118 3.90733879 -3.62686056 2.63149960 -3.11670020 
3.99737997 14.75830147 -10.24894765 7.97146155 -6.57777095 5.20483895 -4.75496523 3.91725358 -3.18234439 2.46041039 -2.29614078 1.43088908 -2.05490134 
3.98597462 14.61487598 -10.05568102 7.74806266 -6.33941233 4.96280432 -4.51784947 3.69130544 -2.97190985 2.26820426 -2.12379084 1.27907178 -1.92367365 
3.82596412 15.60470208 -11.42913864 9.38124526 -8.13081715 6.83117706 -6.39660494 5.52750747 -4.72447299 3.90687213 -3.62642370 2.63109887 -3.11634024 
3.95631283 14.72952150 -10.21000981 7.92627893 -6.52938236 5.15552794 -4.70648907 3.87090637 -3.13904108 2.42073820 -2.26046473 1.39937823 -2.02759384 
3.94468887 14.58194668 -10.01158427 7.69739495 -6.28566513 4.90853254 -4.46496803 3.64117795 -2.92545911 2.22597988 -2.08610046 1.24601377 -1.89521592 
3.78108655 15.60445977 -11.42879118 9.38081914 -8.13033584 6.83066099 -6.39607218 5.52697363 -4.72395131 3.90637348 -3.62595688 2.63067066 -3.11595560 
3.76284972 15.60435817 -11.42864548 9.38064046 -8.13013402 6.83044460 -6.39584879 5.52674979 -4.72373258 3.90616439 -3.62576115 2.63049112 -3.11579433 
3.74444507 15.60425374 -11.42849574 9.38045682 -8.12992660 6.83022220 -6.39561920 5.52651974 -4.72350777 3.90594951 -3.62555999 2.63030660 -3.11562858 
3.72586948 15.60414638 -11.42834179 9.38026803 -8.12971336 6.82999357 -6.39538318 5.52628325 -4.72327667 3.90572861 -3.62535320 2.63011691 -3.11545820 
3.70711976 15.60403598 -11.42818349 9.38007390 -8.12949409 6.82975846 -6.39514048 5.52604006 -4.72303903 3.90550146 -3.62514056 2.62992187 -3.11528300 
3.68819260 15.60392243 -11.42802066 9.37987422 -8.12926855 6.82951665 -6.39489085 5.52578994 -4.72279460 3.90526783 -3.62492185 2.62972125 -3.11510280 
3.66908461 15.60380560 -11.42785313 9.37966878 -8.12903651 6.82926786 -6.39463402 5.52553260 -4.72254314 3.90502747 -3.62469684 2.62951486 -3.11491742 
3.64979230 15.60368536 -11.42768073 9.37945735 -8.12879771 6.82901183 -6.39436972 5.52526778 -4.72228436 3.90478011 -3.62446529 2.62930247 -3.11472664 
3.63031209 15.60356159 -11.42750325 9.37923971 -8.12855190 6.82874827 -6.39409765 5.52499517 -4.72201797 3.90452549 -3.62422694 2.62908384 -3.11453026 
3.61064028 15.60343414 -11.42732050 9.37901560 -8.12829878 6.82847688 -6.39381751 5.52471447 -4.72174369 3.90426332 -3.62398152 2.62885873 -3.11432806 
3.59077305 15.60330286 -11.42713226 9.37878477 -8.12803807 6.82819736 -6.39352897 5.52442537 -4.72146118 3.90399330 -3.62372875 2.62862688 -3.11411981 
3.57070650 15.60316760 -11.42693833 9.37854695 -8.12776946 6.82790938 -6.39323169 5.52412751 -4.72117013 3.90371510 -3.62346833 2.62838801 -3.11390526 
3.55043658 15.60302820 -11.42673845 9.37830184 -8.12749264 6.82761259 -6.39292532 5.52382054 -4.72087017 3.90342841 -3.62319996 2.62814185 -3.11368416 
3.52995912 15.60288449 -11.42653239 9.37804916 -8.12720725 6.82730662 -6.39260949 5.52350409 -4.72056096 3.90313286 -3.62292330 2.62788809 -3.11345623 
3.50926983 15.60273628 -11.42631989 9.37778858 -8.12691296 6.82699110 -6.39228380 5.52317777 -4.72024209 3.90282809 -3.62263801 2.62762641 -3.11322119 
3.48836429 15.60258339 -11.42610068 9.37751978 -8.12660937 6.82666562 -6.39194783 5.52284115 -4.71991318 3.90251371 -3.62234373 2.62735649 -3.11297875 
3.46723792 15.60242563 -11.42587448 9.37724240 -8.12629610 6.82632977 -6.39160115 5.52249381 -4.71957378 3.90218932 -3.62204008 2.62707798 -3.11272860 
3.44588602 15.60226277 -11.42564098 9.37695608 -8.12597274 6.82598309 -6.39124330 5.52213528 -4.71922345 3.90185448 -3.62172665 2.62679050 -3.11247039 
3.42430370 15.60209460 -11.42539986 9.37666042 -8.12563884 6.82562512 -6.39087380 5.52176507 -4.71886172 3.90150875 -3.62140303 2.62649367 -3.11220379 
3.40248595 15.60192088 -11.42515080 9.37635503 -8.12529393 6.82525536 -6.39049213 5.52138268 -4.71848809 3.90115164 -3.62106876 2.62618708 -3.11192842 
3.56349481 14.41100533 -9.78432307 7.43807655 -6.01243268 4.63441108 -4.19953430 3.39108173 -2.69504816 2.01768020 -1.90113369 1.08457315 -1.75688905 
3.54958446 14.21919998 -9.53261612 7.15442939 -5.71717349 4.34162860 -3.91922059 3.12983929 -2.45689104 1.80451449 -1.71362898 0.92236683 -1.61908303 
3.53299952 14.38277423 -9.74705701 7.39584426 -5.96823034 4.59034894 -4.15713391 3.35137195 -2.65867647 1.98498008 -1.87224860 1.05948639 -1.73549551 
3.51889632 14.18717662 -9.49093016 7.10781851 -5.66902189 4.29422927 -3.87416164 3.08813458 -2.41912393 1.77092301 -1.68425766 0.89710089 -1.59773317 
3.31275410 15.60116543 -11.42406771 9.37502699 -8.12379415 6.82364753 -6.38883257 5.51972001 -4.71686352 3.89959897 -3.61961542 2.62485410 -3.11073120 
3.48112453 14.33351180 -9.68220938 7.32255099 -5.89171727 4.51426891 -4.08410035 3.28313298 -2.59631475 1.92903315 -1.82292892 1.01673366 -1.69910308 
3.46668802 14.13133926 -9.41847587 7.02705234 -5.58583478 4.21257655 -3.79675648 3.01668439 -2.35458760 1.71366260 -1.63430719 0.85422570 -1.56157877 
3.25455604 15.60063816 -11.42331180 9.37410017 -8.12274751 6.82252552 -6.38767449 5.51855980 -4.71572994 3.89851559 -3.61860137 2.62392406 -3.10989590 
3.23079422 15.60041396 -11.42299038 9.37370608 -8.12230248 6.82204846 -6.38718211 5.51806652 -4.71524799 3.89805498 -3.61817025 2.62352866 -3.10954078 
3.20674670 15.60018160 -11.42265728 9.37329768 -8.12184130 6.82155408 -6.38667186 5.51755534 -4.71474856 3.89757768 -3.61772350 2.62311893 -3.10917280 
2.98151277 13.44138594 -8.54732363 6.08100682 -4.63575635 3.30223972 -2.95359338 2.25557273 -1.68165678 1.12840527 -1.13324394 0.43153275 -1.21098029 
2.94372965 13.80739374 -9.00390874 6.57103413 -5.12217924 3.76307595 -3.37571622 2.63250646 -2.01142156 1.41235300 -1.37404406 0.63287271 -1.37655539 
3.12022776 15.59929817 -11.42139085 9.37174501 -8.12008801 6.81967466 -6.38473215 5.51561218 -4.71285009 3.89576338 -3.61602539 2.62156156 -3.10777414 
2.88517359 13.29614356 -8.36959142 5.89377509 -4.45325673 3.13234139 -2.80059453 2.12118791 -1.56594368 1.03023880 -1.05114713 0.36376320 -1.15592814 
2.84532814 13.67883947 -8.84211730 6.39591510 -4.94691400 3.59572284 -3.22125791 2.49357586 -1.88902662 1.30627765 -1.28354038 0.55677738 -1.31364453 
3.02979633 15.59828994 -11.41994562 9.36997321 -8.11808740 6.81753024 -6.38251904 5.51339523 -4.71068423 3.89369362 -3.61408826 2.61978506 -3.10617873 
3.00318957 15.59797565 -11.41949512 9.36942095 -8.11746384 6.81686188 -6.38182930 5.51270431 -4.71000926 3.89304861 -3.61348460 2.61923146 -3.10568158 
2.97622410 15.59764855 -11.41902626 9.36884618 -8.11681488 6.81616631 -6.38111149 5.51198529 -4.70930684 3.89237739 -3.61285641 2.61865539 -3.10516425 
2.94889010 15.59730791 -11.41853803 9.36824768 -8.11613913 6.81544204 -6.38036407 5.51123662 -4.70857547 3.89167852 -3.61220236 2.61805560 -3.10462562 
2.92117736 15.59695300 -11.41802934 9.36762411 -8.11543510 6.81468747 -6.37958540 5.51045666 -4.70781355 3.89095045 -3.61152099 2.61743077 -3.10406453 
2.89307524 15.59658301 -11.41749904 9.36697407 -8.11470119 6.81390089 -6.37877371 5.50964365 -4.70701935 3.89019156 -3.61081079 2.61677951 -3.10347969 
2.63025421 12.87514929 -7.86544751 5.37361601 -3.95639871 2.67862676 -2.39954675 1.77518536 -1.27307870 0.78567339 -0.84958148 0.19954583 -1.02418310 
2.58434650 13.30283314 -8.37773444 5.90230981 -4.46153445 3.14001086 -2.80746919 2.12719918 -1.57109744 1.03459356 -1.05477542 0.36674810 -1.15834502 
2.54878657 12.72882291 -7.69404408 5.20050389 -3.79446367 2.53368401 -2.27389254 1.66879228 -1.18463303 0.71302449 -0.79061063 0.15214738 -0.98664391 
2.50073798 13.17103695 -8.21806610 5.73572790 -4.30069016 2.99162169 -2.67500690 2.01183381 -1.47256633 0.95163157 -0.98587951 0.31023684 -1.11271658 
2.46394037 12.57007113 -7.51030799 5.01707444 -3.62480718 2.38345529 -2.14500110 1.56074171 -1.09566152 0.64057065 -0.73225706 0.10556258 -0.94998572 
2.41354730 13.02743812 -8.04592670 5.55795524 -4.13073895 2.83631437 -2.53763905 1.89325351 -1.37214844 0.86774227 -0.91671851 0.25387824 -1.06749413 
2.37543127 12.39735712 -7.31303298 4.82261750 -3.44716916 2.22800113 -2.01313177 1.45139193 -1.00655015 0.56867495 -0.67483666 0.06004905 -0.91441154 
1.95707518 15.53456683 -11.32879200 9.25844186 -7.99238726 6.68303256 -6.24394771 5.37480629 -4.57549582 3.76468912 -3.49351346 2.50934814 -3.00711796 
2.26579194 12.76921847 -7.74116599 5.24790446 -3.83862960 2.57306725 -2.30791087 1.69749531 -1.20841420 0.73249875 -0.80637435 0.16478680 -0.99663111 
2.22538213 12.08737336 -6.96579735 4.48669290 -3.14584532 1.96881290 -1.79687437 1.27487778 -0.86484833 0.45585464 -0.58578693 -0.00985071 -0.86027573 
2.16771005 12.58708820 -7.52989270 5.03652044 -3.64269768 2.39921708 -2.15845820 1.57196990 -1.10486558 0.64803563 -0.73824723 0.11032956 -0.95372572 
2.41592093 15.58844046 -11.40583186 9.35267609 -8.09856254 6.79660806 -6.36093284 5.49177736 -4.68956998 3.87352107 -3.59521262 2.60247821 -3.09063922 
2.37966914 15.58765051 -11.40470029 9.35128974 -8.09699811 6.79493216 -6.35920424 5.49004668 -4.68788003 3.87190688 -3.59370254 2.60109393 -3.08939654 
2.34274816 15.58681642 -11.40350556 9.34982608 -8.09534653 6.79316297 -6.35737948 5.48821980 -4.68609623 3.87020310 -3.59210871 2.59963291 -3.08808502 
2.61518093 13.24986704 -8.31337390 5.83496788 -4.39632845 3.07969201 -2.75348422 2.08006408 -1.53074356 1.00054071 -1.02643800 0.34346143 -1.13950963 
2.59417456 12.91251159 -7.90952831 5.41844524 -3.99861721 2.71665839 -2.43272198 1.80344287 -1.29670335 0.80517902 -0.86548950 0.21238501 -1.03439152 
2.56621376 13.17201157 -8.21924093 5.73694768 -4.30186238 2.99269824 -2.67596368 2.01266356 -1.47327212 0.95222359 -0.98636943 0.31063743 -1.11303904 
2.78896235 15.60625930 -11.43137178 9.38398409 -8.13391087 6.83449438 -6.40002969 5.53093931 -4.72782679 3.91007807 -3.62942504 2.63385206 -3.11881338 
2.52804604 12.79543454 -7.77182753 5.27882526 -3.86751142 2.59888194 -2.33025953 1.71639310 -1.22410409 0.74537133 -0.81681214 0.17316838 -1.00326329 
2.49903611 13.06197246 -8.08715099 5.60035575 -4.17111295 2.87306919 -2.57002843 1.92111341 -1.39566039 0.88732227 -0.93281378 0.26695982 -1.07796470 
2.47700679 12.70241621 -7.66332128 5.16967773 -3.76581218 2.50819534 -2.25192608 1.65029855 -1.16934253 0.70052685 -0.78051163 0.14406204 -0.98026423 
1.77042577 11.00484348 -5.82156963 3.43918112 -2.25491445 1.23938452 -1.21603702 0.82116224 -0.51528499 0.18699741 -0.37971234 -0.16812839 -0.74017583 
1.69551544 11.58062786 -6.41697010 3.97264255 -2.69901905 1.59565177 -1.49418442 1.03435199 -0.67658838 0.30919868 -0.47219829 -0.09770942 -0.79316632 
1.64580374 10.66773496 -5.48683984 3.15074577 -2.02375931 1.06035904 -1.08084176 0.72072286 -0.44147492 0.13232324 -0.33904793 -0.19881232 -0.71729433 
0.98794147 15.41826936 -11.16340177 9.05719013 -7.76675927 6.44281602 -5.99763358 5.12957922 -4.33731833 3.53833078 -3.28275738 2.31700649 -2.83517455 
1.48301144 11.05135424 -5.86855482 3.48033833 -2.28842672 1.26571882 -1.23619621 0.83632898 -0.52656159 0.19542327 -0.38601983 -0.16335582 -0.74374526 
1.42984631 10.03830229 -4.88914910 2.65712375 -1.64406875 0.77699607 -0.87409223 0.57190147 -0.33524927 0.05519727 -0.28246832 -0.24139478 -0.68567326 
1.89822222 7.50596308 -2.84150036 1.19599850 -0.66332236 0.12324833 -0.44173961 0.28578155 -0.14607203 -0.07823222 -0.18547816 -0.31753625 -0.62833927 
2.12044929 11.98456947 -6.85257139 4.37893003 -3.05071395 1.88821141 -1.73059373 1.22152501 -0.82258018 0.42258796 -0.55979460 -0.03008795 -0.84472225 
2.08396499 12.29409614 -7.19638957 4.70886455 -3.34433549 2.13889731 -1.93826467 1.38987561 -0.95685439 0.52888961 -0.64328112 0.03518156 -0.89508074 
2.66137459 13.22363241 -8.28159167 5.80181023 -4.36431379 3.05015747 -2.72712073 2.05710436 -1.51113512 0.98403149 -1.01272863 0.33221704 -1.13043115 
2.65452451 13.11442970 -8.14998071 5.66518776 -4.23304189 2.92961736 -2.62000619 1.96422345 -1.43214098 0.91777770 -0.95790642 0.28739593 -1.09435383 
2.33957512 15.60414638 -11.42834179 9.38026803 -8.12971336 6.82999357 -6.39538318 5.52628325 -4.72327667 3.90572861 -3.62535320 2.63011691 -3.11545820 
2.32082540 15.60403598 -11.42818349 9.38007390 -8.12949409 6.82975846 -6.39514048 5.52604006 -4.72303903 3.90550146 -3.62514056 2.62992187 -3.11528300 
1.99372314 11.69904169 -6.54313230 4.08894714 -2.79854787 1.67755515 -1.55968473 1.08569975 -0.71626460 0.33977092 -0.49565734 -0.07968886 -0.80684172 
1.49747667 15.55654209 -11.36018454 9.29680358 -8.03557000 6.72918441 -6.29144512 5.42225991 -4.62173891 3.80877544 -3.53468246 2.54702430 -3.04088658 
1.43979236 15.55342402 -11.35572754 9.29135399 -8.02943218 6.72262116 -6.28468716 5.41550499 -4.61515334 3.80249436 -3.52881468 2.54165234 -3.03607007 
1.38039516 15.55002666 -11.35087235 9.28541870 -8.02274859 6.71547560 -6.27733088 5.40815322 -4.60798700 3.79566036 -3.52243124 2.53580905 -3.03083160 
1.31918023 15.54631586 -11.34557043 9.27893872 -8.01545314 6.70767742 -6.26930423 5.40013292 -4.60017032 3.78820738 -3.51547067 2.52943836 -3.02512108 
1.25603284 15.54225212 -11.33976568 9.27184586 -8.00746950 6.69914544 -6.26052410 5.39136144 -4.59162312 3.78005930 -3.50786218 2.52247575 -3.01888089 
1.19082701 15.53778954 -11.33339299 9.26406105 -7.99870917 6.68978564 -6.25089423 5.38174314 -4.58225267 3.77112811 -3.49952396 2.51484664 -3.01204445 
1.66846847 11.35787504 -6.18307899 3.76002209 -2.51952597 1.44980457 -1.37894226 0.94503029 -0.60830165 0.25703950 -0.43246352 -0.12808332 -0.77022294 
1.99413321 15.60174138 -11.42489344 9.37603945 -8.12493754 6.82487329 -6.39009776 5.52098757 -4.71810202 3.90078266 -3.62072338 2.62587030 -3.11164390 
2.33758019 12.66646136 -7.62159257 5.12790788 -3.72707882 2.47381355 -2.22235831 1.62545600 -1.14884286 0.68380100 -0.76701752 0.13327348 -0.97176270 
2.32977048 12.53624993 -7.47146237 4.97857908 -3.58945845 2.35236876 -2.11850621 1.53867205 -1.07759921 0.62594205 -0.72053364 0.09624326 -0.94268170 
2.31902970 12.63174379 -7.58141231 5.08779626 -3.68998087 2.44096569 -2.19417777 1.60183381 -1.12939330 0.66796355 -0.75426324 0.12309229 -0.96375163 
2.58236394 15.60999040 -11.43672330 9.39054849 -8.14132701 6.84244765 -6.40824168 5.53916935 -4.73587069 3.91776822 -3.63662521 2.64045763 -3.12474762 
2.85500391 13.42669259 -8.52925447 6.06188117 -4.61702752 3.28472668 -2.93775459 2.24160328 -1.66958047 1.11812244 -1.12461486 0.42438732 -1.20515845 
2.86130232 13.52425472 -8.64960730 6.18965628 -4.74252141 3.40240709 -3.04447791 2.33598172 -1.75137815 1.18793877 -1.18333408 0.47311032 -1.24493400 
2.59882494 15.60999040 -11.43672330 9.39054849 -8.14132701 6.84244765 -6.40824168 5.53916935 -4.73587069 3.91776822 -3.63662521 2.64045763 -3.12474762 
2.59882494 15.60999040 -11.43672330 9.39054849 -8.14132701 6.84244765 -6.40824168 5.53916935 -4.73587069 3.91776822 -3.63662521 2.64045763 -3.12474762 
2.59882494 15.60999040 -11.43672330 9.39054849 -8.14132701 6.84244765 -6.40824168 5.53916935 -4.73587069 3.91776822 -3.63662521 2.64045763 -3.12474762 
2.59882494 15.60999040 -11.43672330 9.39054849 -8.14132701 6.84244765 -6.40824168 5.53916935 -4.73587069 3.91776822 -3.63662521 2.64045763 -3.12474762 
2.59882494 15.60999040 -11.43672330 9.39054849 -8.14132701 6.84244765 -6.40824168 5.53916935 -4.73587069 3.91776822 -3.63662521 2.64045763 -3.12474762 
2.59882494 15.60999040 -11.43672330 9.39054849 -8.14132701 6.84244765 -6.40824168 5.53916935 -4.73587069 3.91776822 -3.63662521 2.64045763 -3.12474762 
2.59882494 15.60999040 -11.43672330 9.39054849 -8.14132701 6.84244765 -6.40824168 5.53916935 -4.73587069 3.91776822 -3.63662521 2.64045763 -3.12474762 
2.59882494 15.60999040 -11.43672330 9.39054849 -8.14132701 6.84244765 -6.40824168 5.53916935 -4.73587069 3.91776822 -3.63662521 2.64045763 -3.12474762 
2.59882494 15.60999040 -11.43672330 9.39054849 -8.14132701 6.84244765 -6.40824168 5.53916935 -4.73587069 3.91776822 -3.63662521 2.64045763 -3.12474762 
2.59882494 15.60999040 -11.43672330 9.39054849 -8.14132701 6.84244765 -6.40824168 5.53916935 -4.73587069 3.91776822 -3.63662521 2.64045763 -3.12474762 
2.59882494 15.60999040 -11.43672330 9.39054849 -8.14132701 6.84244765 -6.40824168 5.53916935 -4.73587069 3.91776822 -3.63662521 2.64045763 -3.12474762 
2.59882494 15.60999040 -11.43672330 9.39054849 -8.14132701 6.84244765 -6.40824168 5.53916935 -4.73587069 3.91776822 -3.63662521 2.64045763 -3.12474762 
2.32977048 12.53624993 -7.47146237 4.97857908 -3.58945845 2.35236876 -2.11850621 1.53867205 -1.07759921 0.62594205 -0.72053364 0.09624326 -0.94268170 
2.31902970 12.63174379 -7.58141231 5.08779626 -3.68998087 2.44096569 -2.19417777 1.60183381 -1.12939330 0.66796355 -0.75426324 0.12309229 -0.96375163 
2.31116277 12.50024318 -7.43022156 4.93781969 -3.55212869 2.31962159 -2.09066276 1.51553231 -1.05870254 0.61066767 -0.70831427 0.08654422 -0.93509081 
2.30030971 12.59638934 -7.54060845 5.04717105 -3.65250599 2.40786642 -2.16584949 1.57814230 -1.10992944 0.65214573 -0.74154752 0.11295744 -0.95578857 
2.29238481 12.46357798 -7.38834844 4.89655113 -3.51443574 2.28664144 -2.06269114 1.49234164 -1.03980743 0.59542561 -0.69614304 0.07689832 -0.92755251 
2.28141718 12.56038142 -7.49916810 5.00602476 -3.61465154 2.37451652 -2.13737634 1.55438542 -1.09045547 0.63635144 -0.72887371 0.10287165 -0.94787567 
2.27343354 12.42623723 -7.34583013 4.85476632 -3.47637757 2.25342969 -2.03459473 1.46910427 -1.02091823 0.58021984 -0.68402329 0.06730819 -0.92006883 
2.26234897 12.52370291 -7.45707801 4.96434980 -3.57641500 2.34091697 -2.10876144 1.53056727 -1.07097572 0.62058470 -0.71624529 0.09283771 -0.94001511 
2.53215209 15.60999040 -11.43672330 9.39054849 -8.14132701 6.84244765 -6.40824168 5.53916935 -4.73587069 3.91776822 -3.63662521 2.64045763 -3.12474762 
2.53215209 15.60999040 -11.43672330 9.39054849 -8.14132701 6.84244765 -6.40824168 5.53916935 -4.73587069 3.91776822 -3.63662521 2.64045763 -3.12474762 
2.53215209 15.60999040 -11.43672330 9.39054849 -8.14132701 6.84244765 -6.40824168 5.53916935 -4.73587069 3.91776822 -3.63662521 2.64045763 -3.12474762 
2.53215209 15.60999040 -11.43672330 9.39054849 -8.14132701 6.84244765 -6.40824168 5.53916935 -4.73587069 3.91776822 -3.63662521 2.64045763 -3.12474762 
2.53215209 15.60999040 -11.43672330 9.39054849 -8.14132701 6.84244765 -6.40824168 5.53916935 -4.73587069 3.91776822 -3.63662521 2.64045763 -3.12474762 
2.53215209 15.60999040 -11.43672330 9.39054849 -8.14132701 6.84244765 -6.40824168 5.53916935 -4.73587069 3.91776822 -3.63662521 2.64045763 -3.12474762 
2.53215209 15.60999040 -11.43672330 9.39054849 -8.14132701 6.84244765 -6.40824168 5.53916935 -4.73587069 3.91776822 -3.63662521 2.64045763 -3.12474762 
2.53215209 15.60999040 -11.43672330 9.39054849 -8.14132701 6.84244765 -6.40824168 5.53916935 -4.73587069 3.91776822 -3.63662521 2.64045763 -3.12474762 
2.53215209 15.60999040 -11.43672330 9.39054849 -8.14132701 6.84244765 -6.40824168 5.53916935 -4.73587069 3.91776822 -3.63662521 2.64045763 -3.12474762 
2.53215209 15.60999040 -11.43672330 9.39054849 -8.14132701 6.84244765 -6.40824168 5.53916935 -4.73587069 3.91776822 -3.63662521 2.64045763 -3.12474762 
2.53215209 15.60999040 -11.43672330 9.39054849 -8.14132701 6.84244765 -6.40824168 5.53916935 -4.73587069 3.91776822 -3.63662521 2.64045763 -3.12474762 
2.53215209 15.60999040 -11.43672330 9.39054849 -8.14132701 6.84244765 -6.40824168 5.53916935 -4.73587069 3.91776822 -3.63662521 2.64045763 -3.12474762 
2.53215209 15.60999040 -11.43672330 9.39054849 -8.14132701 6.84244765 -6.40824168 5.53916935 -4.73587069 3.91776822 -3.63662521 2.64045763 -3.12474762 
2.53215209 15.60999040 -11.43672330 9.39054849 -8.14132701 6.84244765 -6.40824168 5.53916935 -4.73587069 3.91776822 -3.63662521 2.64045763 -3.12474762 
2.53215209 15.60999040 -11.43672330 9.39054849 -8.14132701 6.84244765 -6.40824168 5.53916935 -4.73587069 3.91776822 -3.63662521 2.64045763 -3.12474762 
2.53215209 15.60999040 -11.43672330 9.39054849 -8.14132701 6.84244765 -6.40824168 5.53916935 -4.73587069 3.91776822 -3.63662521 2.64045763 -3.12474762 
2.53215209 15.60999040 -11.43672330 9.39054849 -8.14132701 6.84244765 -6.40824168 5.53916935 -4.73587069 3.91776822 -3.63662521 2.64045763 -3.12474762 
2.53215209 15.60999040 -11.43672330 9.39054849 -8.14132701 6.84244765 -6.40824168 5.53916935 -4.73587069 3.91776822 -3.63662521 2.64045763 -3.12474762 
2.25430584 12.38820322 -7.30265343 4.81245813 -3.43795228 2.21998794 -2.00637712 1.44582465 -1.00203943 0.56505439 -0.67195840 0.05777649 -0.91264178 
2.24310188 12.48633608 -7.41432462 4.92213853 -3.53779392 2.30706895 -2.08000811 1.50669217 -1.05149471 0.60484966 -0.70366578 0.08285845 -0.93220906 
2.51513072 15.60999040 -11.43672330 9.39054849 -8.14132701 6.84244765 -6.40824168 5.53916935 -4.73587069 3.91776822 -3.63662521 2.64045763 -3.12474762 
2.51513072 15.60999040 -11.43672330 9.39054849 -8.14132701 6.84244765 -6.40824168 5.53916935 -4.73587069 3.91776822 -3.63662521 2.64045763 -3.12474762 
2.51513072 15.60999040 -11.43672330 9.39054849 -8.14132701 6.84244765 -6.40824168 5.53916935 -4.73587069 3.91776822 -3.63662521 2.64045763 -3.12474762 
2.23499847 12.34945766 -7.25880481 4.76961940 -3.39915809 2.18631798 -1.97804212 1.42250740 -0.98317570 0.54993344 -0.65995185 0.04830593 -0.90527341 
2.22367261 12.44826258 -7.37089403 4.87938324 -3.49878601 2.27297385 -2.05111991 1.48276463 -1.03201710 0.58915057 -0.69113877 0.07293672 -0.92445972 
2.49796323 15.60999040 -11.43672330 9.39054849 -8.14132701 6.84244765 -6.40824168 5.53916935 -4.73587069 3.91776822 -3.63662521 2.64045763 -3.12474762 
2.49796323 15.60999040 -11.43672330 9.39054849 -8.14132701 6.84244765 -6.40824168 5.53916935 -4.73587069 3.91776822 -3.63662521 2.64045763 -3.12474762 
