8.88009441 1.71396509 -0.28797170 0.03137188 -0.13262336 -0.17514158 -0.27001748 0.18077015 -0.09155345 -0.12953694 -0.14798240 -0.36269911 -0.59333027 
4.70196929 10.84547184 -5.66204901 3.30067252 -2.14309390 1.15220131 -1.14978744 0.77166030 -0.47871382 0.15980231 -0.35942810 -0.18345097 -0.72873571 
3.65646675 8.81924099 -3.83224167 1.85572392 -1.07609417 0.38230379 -0.60408094 0.38835868 -0.21091431 -0.03266644 -0.21885599 -0.29004244 -0.64937931 
2.28235496 8.64309761 -3.69047043 1.75562128 -1.00993754 0.33900569 -0.57600451 0.37014041 -0.19909662 -0.04092058 -0.21287410 -0.29477891 -0.64579865 
1.81640800 11.71190547 -6.55691428 4.10172029 -2.80953553 1.68664098 -1.56698452 1.09144732 -0.72072399 0.34321884 -0.49831062 -0.07764656 -0.80839454 
2.12297547 15.60273628 -11.42631989 9.37778858 -8.12691296 6.82699110 -6.39228380 5.52317777 -4.72024209 3.90282809 -3.62263801 2.62762641 -3.11322119 
3.05654277 8.58209905 -3.64201769 1.72183038 -0.98787070 0.32470356 -0.56680753 0.36421364 -0.19527703 -0.04358832 -0.21093745 -0.29632456 -0.64462692 
4.04092831 11.38718551 -6.21359887 3.78754389 -2.54257765 1.46839820 -1.39353174 0.95626376 -0.61683644 0.26352569 -0.43738429 -0.12433189 -0.77304939 
4.72423734 12.72365847 -7.68803049 5.19446520 -3.78884657 2.52868323 -2.26957969 1.66515874 -1.18162685 0.71056593 -0.78862285 0.15055519 -0.98538705 
5.40690615 12.05606592 -6.93121424 4.45368508 -3.11662612 1.94399227 -1.77641308 1.25836853 -0.85173986 0.44551789 -0.57769698 -0.01615766 -0.85542252 
5.78446699 15.25101559 -10.92776040 8.77298219 -7.45081715 6.10914783 -5.65812785 4.79405755 -4.01372552 3.23282908 -3.00008906 2.06054875 -2.60718511 
5.93475347 15.28438797 -10.97456843 8.82919799 -7.51305483 6.17462111 -5.72449684 4.85941179 -4.07653941 3.29193821 -3.05461174 2.10987218 -2.65091271 
5.97797857 15.55907524 -11.36380611 9.30123245 -8.04055900 6.73452005 -6.29693986 5.42775296 -4.62709496 3.81388450 -3.53945592 2.55139490 -3.04480568 
5.76790315 13.91270562 -9.13760062 6.71695121 -5.26941112 3.90476388 -3.50748193 2.75189816 -2.11734864 1.50476687 -1.45338581 0.69997077 -1.43233618 
5.43909074 14.92079107 -10.47026420 8.22992613 -6.85630368 5.49038426 -5.03730640 4.18870891 -3.43734002 2.69521976 -2.50832541 1.61916116 -2.21877351 
5.12819887 13.76296751 -8.94782164 6.51014437 -5.06106032 3.70455249 -3.32155537 2.58366260 -1.96828264 1.37487775 -1.34199916 0.60587413 -1.35419090 
4.81655321 15.25608280 -10.93486090 8.78150210 -7.46024153 6.11905395 -5.66816149 4.80393024 -4.02320752 3.24174567 -3.00830842 2.06797974 -2.61376921 
4.74815228 15.60158717 -11.42467236 9.37576838 -8.12463141 6.82454509 -6.38975901 5.52064817 -4.71777041 3.90046572 -3.62042671 2.62559820 -3.11139951 
4.86300692 15.05678058 -10.65741406 8.45066221 -7.09646461 5.73885862 -5.28517588 4.42906091 -3.66497192 2.90646154 -2.70062123 1.79097138 -2.36930592 
5.05347416 15.11910466 -10.74377107 8.55318043 -7.20870509 5.85568210 -5.40238937 4.54335171 -3.77379074 3.00795420 -2.79345246 1.87428614 -2.44261436 
5.07868300 15.34933975 -11.06596996 8.93931350 -7.63533252 6.30362462 -5.85562532 4.98887611 -4.20128504 3.40960598 -3.16339393 2.20848957 -2.73851727 
5.02394716 15.60003005 -11.42244002 9.37303130 -8.12154050 6.82123163 -6.38633906 5.51722195 -4.71442283 3.89726639 -3.61743214 2.62285171 -3.10893281 
5.04817920 15.60026777 -11.42278081 9.37344913 -8.12201232 6.82173741 -6.38686108 5.51774491 -4.71493376 3.89775468 -3.61788917 2.62327087 -3.10930926 
4.99236774 15.30843364 -11.00835980 8.86985517 -7.55814631 6.22213625 -5.77273950 4.90699005 -4.12233560 3.33509328 -3.09447066 2.14597479 -2.68295692 
4.92992839 15.60298078 -11.42667046 9.37821847 -8.12739848 6.82751163 -6.39282112 5.52371613 -4.72076815 3.90333089 -3.62310868 2.62805812 -3.11360895 
4.95026702 15.60312160 -11.42687237 9.37846607 -8.12767812 6.82781145 -6.39313060 5.52402622 -4.72107115 3.90362050 -3.62337978 2.62830678 -3.11383230 
4.97040091 15.60325822 -11.42706826 9.37870629 -8.12794943 6.82810233 -6.39343087 5.52432707 -4.72136513 3.90390149 -3.62364281 2.62854805 -3.11404901 
5.07326563 15.14943817 -10.78593463 8.60338561 -7.26383118 5.91321847 -5.46027221 4.59993623 -3.82779862 3.05844323 -2.83973454 1.91590988 -2.47931113 
5.09371997 15.33527557 -11.04614494 8.91539098 -7.60872678 6.27551419 -5.82701159 4.96058743 -4.17399236 3.38383059 -3.13953761 2.18683911 -2.71926496 
5.11558819 15.16632727 -10.80944820 8.63142661 -7.29466601 5.94544682 -5.49273857 4.63171568 -3.85816872 3.08686804 -2.86581996 1.93939443 -2.50003647 
5.13563383 15.34571507 -11.06085879 8.93314390 -7.62846876 6.29637049 -5.84823918 4.98157186 -4.19423610 3.40294726 -3.15722953 2.20289392 -2.73354039 
5.15703531 15.18232819 -10.83175008 8.65805089 -7.32397293 5.97610817 -5.52365542 4.66200573 -3.88714050 3.11400628 -2.89074398 1.96184974 -2.51986720 
5.17668821 15.35558208 -11.07477516 8.94994539 -7.64716418 6.31613273 -5.86836452 5.00147737 -4.21344885 3.42109913 -3.17403624 2.21815199 -2.74711291 
5.19764240 15.19750094 -10.85292003 8.68334926 -7.35184730 6.00529772 -5.55311439 4.69089210 -3.91479225 3.13992803 -2.91456818 1.98332895 -2.53884831 
5.14572388 14.60578909 -10.04350218 7.73405768 -6.32454446 4.94778001 -4.50319935 3.67740846 -2.95902344 2.25648280 -2.11332162 1.26988401 -1.91576009 
5.00103828 15.60631424 -11.43145056 9.38408072 -8.13402003 6.83461143 -6.40015054 5.53106041 -4.72794515 3.91019121 -3.62953096 2.63394924 -3.11890067 
5.01578016 15.60636797 -11.43152763 9.38417524 -8.13412680 6.83472593 -6.40026875 5.53117887 -4.72806091 3.91030188 -3.62963457 2.63404428 -3.11898605 
4.94918477 15.25486964 -10.93316072 8.77946180 -7.45798436 6.11668114 -5.66575787 4.80156493 -4.02093559 3.23960901 -3.00633866 2.06619877 -2.61219108 
4.87463795 15.60813534 -11.43406242 9.38728436 -8.13763915 6.83849249 -6.40415766 5.53507616 -4.73186990 3.91394322 -3.63304378 2.63717184 -3.12179567 
4.88511825 15.60815467 -11.43409014 9.38731836 -8.13767757 6.83853369 -6.40420020 5.53511880 -4.73191157 3.91398306 -3.63308108 2.63720606 -3.12182641 
4.89554392 15.60817369 -11.43411743 9.38735184 -8.13771539 6.83857426 -6.40424209 5.53516077 -4.73195260 3.91402228 -3.63311780 2.63723975 -3.12185668 
4.90591553 15.60819243 -11.43414430 9.38738480 -8.13775263 6.83861419 -6.40428332 5.53520210 -4.73199299 3.91406089 -3.63315396 2.63727292 -3.12188647 
4.91623362 15.60821087 -11.43417076 9.38741726 -8.13778930 6.83865351 -6.40432392 5.53524279 -4.73203276 3.91409891 -3.63318955 2.63730558 -3.12191581 
4.84104763 15.19522102 -10.84973756 8.67954459 -7.34765355 6.00090442 -5.54867891 4.68654131 -3.91062601 3.13602120 -2.91097641 1.98008979 -2.53598511 
4.75650084 15.60946826 -11.43597431 9.38962966 -8.14028886 6.84133422 -6.40709194 5.53801699 -4.73474430 3.91669130 -3.63561684 2.63953246 -3.12391643 
4.76206670 15.60947116 -11.43597847 9.38963476 -8.14029463 6.84134040 -6.40709832 5.53802338 -4.73475055 3.91669727 -3.63562243 2.63953760 -3.12392105 
4.76761711 15.60947403 -11.43598259 9.38963982 -8.14030034 6.84134653 -6.40710464 5.53802972 -4.73475675 3.91670320 -3.63562798 2.63954269 -3.12392562 
4.95670176 14.27029558 -9.59932947 7.22924082 -5.79467610 4.41812761 -3.99213408 3.19749720 -2.51831164 1.85927130 -1.76161213 0.96372845 -1.65410296 
5.12068963 15.60672837 -11.43204449 9.38480919 -8.13484294 6.83549387 -6.40106161 5.53197341 -4.72883743 3.91104419 -3.63032954 2.63468182 -3.11955877 
5.28827959 14.52269177 -9.93249308 7.60680303 -6.18985958 4.81207469 -4.37124729 3.55258095 -2.84357662 2.15173316 -2.01998319 1.18815200 -1.84551211 
5.43662124 15.60339081 -11.42725837 9.37893942 -8.12821273 6.82838463 -6.39372228 5.52461906 -4.72165045 3.90417420 -3.62389810 2.62878221 -3.11425933 
5.39059884 15.40165966 -11.13988337 9.02869010 -7.73493329 6.40905950 -5.96314473 5.09536071 -4.30419248 3.50694620 -3.25362152 2.29048940 -2.81153121 
5.27011473 15.36120306 -11.08270702 8.95952634 -7.65783011 6.32741233 -5.87985627 5.01284824 -4.22442827 3.43147611 -3.18364758 2.22688055 -2.75487964 
4.99076877 13.42589271 -8.52827139 6.06084119 -4.61600969 3.28377543 -2.93689472 2.24084526 -1.66892549 1.11756498 -1.12414725 0.42400026 -1.20484320 
4.62350019 15.05062024 -10.64889821 8.44057526 -7.08544488 5.72741262 -5.27371452 4.41790674 -3.65437127 2.89659177 -2.69160863 1.78289527 -2.36221026 
4.41155952 14.90599714 -10.45001056 8.20615660 -6.83056695 5.46387962 -5.01098429 4.16329493 -3.41337050 2.67306330 -2.48823123 1.60127070 -2.20315111 
4.28404342 15.60664348 -11.43192276 9.38465987 -8.13467427 6.83531299 -6.40087486 5.53178626 -4.72865453 3.91086935 -3.63016585 2.63453165 -3.11942387 
4.26987589 15.60659578 -11.43185434 9.38457596 -8.13457947 6.83521134 -6.40076991 5.53168109 -4.72855174 3.91077109 -3.63007385 2.63444726 -3.11934806 
4.37429920 14.98725683 -10.56151564 8.33730676 -6.97287434 5.61073300 -5.15711475 4.30465278 -3.54693812 2.79674217 -2.60058329 1.70145668 -2.29076554 
4.57822243 15.05811092 -10.65925355 8.45284160 -7.09884610 5.74133279 -5.28765391 4.43147303 -3.66726479 2.90859674 -2.70257134 1.79271916 -2.37084176 
4.57533002 15.02698861 -10.61626400 8.40195799 -7.04329621 5.68367292 -5.22995413 4.37535474 -3.61396323 2.85899818 -2.65730462 1.75217652 -2.33523816 
4.57212731 15.05520234 -10.65523201 8.44807721 -7.09364015 5.73592450 -5.28223743 4.42620085 -3.66225345 2.90393021 -2.69830948 1.78889963 -2.36748551 
4.56922656 15.02393299 -10.61204820 8.39697363 -7.03786065 5.67803674 -5.22431969 4.36987999 -3.60876807 2.85416816 -2.65290009 1.74823472 -2.33177914 
4.45854647 15.60928706 -11.43571440 9.38931082 -8.13992863 6.84094787 -6.40669299 5.53761714 -4.73435347 3.91631764 -3.63526696 2.63921147 -3.12362805 
4.45206700 15.60928249 -11.43570784 9.38930278 -8.13991954 6.84093812 -6.40668292 5.53760705 -4.73434361 3.91630821 -3.63525814 2.63920337 -3.12362077 
4.33747596 14.86127236 -10.38890650 8.13458686 -6.75322190 5.38437256 -4.93216427 4.08732375 -3.34183431 2.60704048 -2.42844159 1.54811184 -2.15679261 
4.32657063 14.96156257 -10.52619002 8.29568122 -6.92762763 5.56396176 -5.11049771 4.25948736 -3.50419748 2.75710942 -2.56453154 1.66926789 -2.26258181 
4.42593714 15.60926376 -11.43568097 9.38926981 -8.13988229 6.84089817 -6.40664167 5.53756570 -4.73430320 3.91626957 -3.63522196 2.63917018 -3.12359095 
4.41935098 15.60925896 -11.43567408 9.38926136 -8.13987275 6.84088794 -6.40663110 5.53755511 -4.73429285 3.91625967 -3.63521269 2.63916168 -3.12358332 
4.41274307 15.60925411 -11.43566713 9.38925283 -8.13986311 6.84087760 -6.40662043 5.53754441 -4.73428239 3.91624967 -3.63520333 2.63915309 -3.12357560 
4.51642105 15.02799156 -10.61764796 8.40359446 -7.04508106 5.68552387 -5.23180474 4.37715309 -3.61566994 2.86058510 -2.65875189 1.75347185 -2.33637495 
4.51344300 14.99535320 -10.57265987 8.35045306 -6.98717966 5.62553556 -5.17188317 4.31897499 -3.56050385 2.80933240 -2.61204537 1.71169854 -2.29973968 
4.39946137 15.60924427 -11.43565301 9.38923551 -8.13984354 6.84085661 -6.40659876 5.53752270 -4.73426116 3.91622938 -3.63518433 2.63913566 -3.12355994 
4.39278730 15.60923927 -11.43564584 9.38922672 -8.13983361 6.84084596 -6.40658776 5.53751167 -4.73425039 3.91621908 -3.63517468 2.63912681 -3.12355199 
4.38609089 15.60923422 -11.43563861 9.38921784 -8.13982358 6.84083521 -6.40657665 5.53750054 -4.73423951 3.91620867 -3.63516494 2.63911787 -3.12354396 
4.37937197 15.60922913 -11.43563130 9.38920888 -8.13981345 6.84082434 -6.40656543 5.53748929 -4.73422851 3.91619817 -3.63515510 2.63910884 -3.12353585 
4.37263041 15.60922398 -11.43562391 9.38919982 -8.13980321 6.84081336 -6.40655410 5.53747793 -4.73421741 3.91618755 -3.63514516 2.63909972 -3.12352765 
4.36586605 15.60921878 -11.43561645 9.38919067 -8.13979287 6.84080227 -6.40654265 5.53746646 -4.73420619 3.91617682 -3.63513512 2.63909051 -3.12351938 
4.35907874 15.60921353 -11.43560892 9.38918142 -8.13978243 6.84079107 -6.40653108 5.53745486 -4.73419486 3.91616599 -3.63512497 2.63908120 -3.12351102 
4.35226831 15.60920822 -11.43560130 9.38917208 -8.13977188 6.84077975 -6.40651939 5.53744315 -4.73418341 3.91615505 -3.63511473 2.63907180 -3.12350257 
4.23183324 14.79332760 -10.29644240 8.02669172 -6.63704304 5.26536151 -4.81457801 3.97435451 -3.23579074 2.50945823 -2.34031921 1.46996893 -2.08881726 
4.22030301 14.90105070 -10.44324327 8.19821976 -6.82197868 5.45504048 -5.00221117 4.15482927 -3.40539034 2.66569055 -2.48154798 1.59532314 -2.19795983 
4.32479228 15.60918643 -11.43557006 9.38913375 -8.13972857 6.84073331 -6.40647143 5.53739508 -4.73413643 3.91611013 -3.63507267 2.63903321 -3.12346790 
4.20269706 14.77369649 -10.26980865 7.99570417 -6.60377110 5.23137133 -4.78108326 3.94225676 -3.20573442 2.48186425 -2.31545514 1.44796639 -2.06971547 
4.06021072 15.60580499 -11.43072025 9.38318500 -8.13300820 6.83352644 -6.39903038 5.52993790 -4.72684813 3.90914254 -3.62854919 2.63304861 -3.11809164 
4.17616829 14.87453205 -10.40700238 8.15575995 -6.77608035 5.40784711 -4.95541409 4.10971293 -3.36289811 2.62646482 -2.44601829 1.56372769 -2.17040121 
4.16567207 14.74817817 -10.23524237 7.95554826 -6.56071816 5.18745095 -4.73786198 3.90089256 -3.16704991 2.44639146 -2.28352804 1.41974394 -2.04523881 
3.88718055 14.48551827 -9.88304525 7.55035131 -6.13034992 4.75234403 -4.31338447 3.49803909 -2.79330819 2.10627225 -1.97960101 1.15289511 -1.81529417 
3.86405240 14.70987699 -10.18347695 7.89554094 -6.49651534 5.12208518 -4.67366076 3.83956426 -3.10979728 2.39398119 -2.23643244 1.37817627 -2.00924034 
3.97966423 15.60545442 -11.43021752 9.38256842 -8.13231172 6.83277962 -6.39825936 5.52916528 -4.72609308 3.90842076 -3.62787347 2.63242876 -3.11753484 
3.82618292 14.43140306 -9.81129575 7.46869495 -6.04453159 4.66645831 -4.23041973 3.42004975 -2.72161861 2.04160048 -1.92229012 1.10296952 -1.77259507 
3.64172819 15.59572537 -11.41626988 9.36546742 -8.11300022 6.81207791 -6.37689260 5.50775952 -4.70517887 3.88843295 -3.60916505 2.61527038 -3.10212454 
3.61231749 15.59530158 -11.41566252 9.36472297 -8.11215979 6.81117723 -6.37596324 5.50682869 -4.70426963 3.88756418 -3.60835206 2.61452490 -3.10145513 
3.58246785 15.59485864 -11.41502775 9.36394495 -8.11128148 6.81023597 -6.37499202 5.50585596 -4.70331949 3.88665635 -3.60750253 2.61374593 -3.10075566 
3.71998097 14.60042542 -10.03631711 7.72579932 -6.31578147 4.93892886 -4.49457247 3.66922859 -2.95144152 2.24958899 -2.10716658 1.26448425 -1.91111075 
3.69834507 14.31109696 -9.65277911 7.28937016 -5.85716229 4.47998918 -4.05126731 3.25252219 -2.56839910 1.90403877 -1.80093682 0.99770359 -1.68293157 
3.50061982 15.59357474 -11.41318789 9.36168999 -8.10873598 6.80750817 -6.37217752 5.50303722 -4.70056630 3.88402585 -3.60504107 2.61148896 -3.09872911 
3.46904218 15.59305093 -11.41243729 9.36077010 -8.10769761 6.80639550 -6.37102953 5.50188755 -4.69944341 3.88295305 -3.60403724 2.61056857 -3.09790271 
3.43695800 15.59250168 -11.41165028 9.35980561 -8.10660894 6.80522895 -6.36982600 5.50068228 -4.69826626 3.88182843 -3.60298495 2.60960376 -3.09703644 
3.58484901 14.48797669 -9.88631137 7.55407562 -6.13427143 4.75627573 -4.31718912 3.50162164 -2.79660672 2.10925248 -1.98224591 1.15520235 -1.81727006 
3.56184048 14.17186666 -9.47103478 7.08560936 -5.64611550 4.27171562 -3.85279175 3.06838424 -2.40126339 1.75505821 -1.67040339 0.88519713 -1.58768575 
3.34879548 15.59089954 -11.40935475 9.35699260 -8.10343395 6.80182704 -6.36631643 5.49716786 -4.69483397 3.87854947 -3.59991701 2.60679098 -3.09451105 
3.31470622 15.59024165 -11.40841221 9.35583766 -8.10213047 6.80043049 -6.36487577 5.49572528 -4.69342519 3.87720369 -3.59865789 2.60563664 -3.09347470 
3.28002587 15.58954924 -11.40742024 9.35462221 -8.10075875 6.79896088 -6.36335979 5.49420735 -4.69194286 3.87578768 -3.59733312 2.60442214 -3.09238436 
3.24473359 15.58881985 -11.40637534 9.35334196 -8.09931396 6.79741305 -6.36176318 5.49260872 -4.69038179 3.87429651 -3.59593806 2.60314323 -3.09123623 
3.01122593 13.40275393 -8.49985880 6.03081054 -4.58664335 3.25635230 -2.91212554 2.21902691 -1.65008677 1.10154209 -1.11071539 0.41288850 -1.19579804 
2.95897557 13.90963045 -9.13368202 6.71265875 -5.26506465 3.90056688 -3.50356600 2.74833868 -2.11418091 1.50199531 -1.45099984 0.69794791 -1.43065046 
3.12238159 15.58608523 -11.40245827 9.34854310 -8.09389889 6.79161232 -6.35578020 5.48661872 -4.68453296 3.86871001 -3.59071201 2.59835265 -3.08693579 
3.08416736 15.58516132 -11.40113501 9.34692214 -8.09206998 6.78965334 -6.35375986 5.48459620 -4.68255828 3.86682405 -3.58894787 2.59673562 -3.08548430 
3.04520878 15.58418294 -11.39973383 9.34520582 -8.09013358 6.78757935 -6.35162102 5.48245514 -4.68046795 3.86482773 -3.58708058 2.59502410 -3.08394805 
3.00547630 15.58314573 -11.39824850 9.34338654 -8.08808114 6.78538119 -6.34935424 5.48018614 -4.67825282 3.86271231 -3.58510196 2.59321062 -3.08232035 
2.96493853 15.58204492 -11.39667218 9.34145594 -8.08590324 6.78304880 -6.34694918 5.47777884 -4.67590279 3.86046817 -3.58300304 2.59128696 -3.08059381 
2.92356217 15.58087518 -11.39499730 9.33940476 -8.08358948 6.78057107 -6.34439439 5.47522182 -4.67340674 3.85808471 -3.58077392 2.58924407 -3.07876034 
2.88131180 15.57963068 -11.39321550 9.33722281 -8.08112837 6.77793571 -6.34167725 5.47250247 -4.67075239 3.85555021 -3.57840368 2.58707193 -3.07681097 
2.60195911 12.72397277 -7.68839640 5.19483257 -3.78918823 2.52898735 -2.26984193 1.66537964 -1.18180958 0.71071535 -0.78874365 0.15065194 -0.98546341 
2.21480694 15.50725263 -11.28983482 9.21090777 -7.93895633 6.62600576 -6.18533479 5.31632021 -4.51856906 3.71047787 -3.44294266 2.46311341 -2.96571691 
1.80785015 10.81044917 -5.62729981 3.27075319 -2.11913650 1.13366237 -1.13579921 0.76127690 -0.47108963 0.15415856 -0.35523279 -0.18661563 -0.72637648 
0.66185896 6.53903478 -2.20966434 0.82756605 -0.46042304 0.00697998 -0.37381663 0.24493044 -0.12174215 -0.09620210 -0.17180536 -0.33022937 -0.61837992 
0.32460438 7.98091139 -3.18214842 1.41209999 -0.79220500 0.20115189 -0.48906127 0.31496653 -0.16406251 -0.06545628 -0.19495868 -0.30939146 -0.63464402 
1.37122677 11.11531248 -5.93348366 3.53748186 -2.33516943 1.30260504 -1.26454559 0.85773706 -0.54253395 0.20738951 -0.39499592 -0.15655708 -0.74883534 
2.08753139 12.56203256 -7.50106574 5.00790646 -3.61638047 2.37603785 -2.13867367 1.55546664 -1.09134081 0.63706879 -0.72944884 0.10332899 -0.94823423 
2.02677644 11.50962474 -6.34192955 3.90400033 -2.64072068 1.54801533 -1.45634400 1.00487609 -0.65394859 0.29184007 -0.45893337 -0.10787011 -0.78547636 
1.93566640 12.26050636 -7.15865634 4.67226248 -3.31141910 2.11051633 -1.91453139 1.37046314 -0.94123982 0.51643662 -0.63343757 0.02744597 -0.88908329 
2.19132538 15.55002666 -11.35087235 9.28541870 -8.02274859 6.71547560 -6.27733088 5.40815322 -4.60798700 3.79566036 -3.52243124 2.53580905 -3.03083160 
1.80115133 10.93844852 -5.75483487 3.38100563 -2.20776687 1.20249500 -1.18791220 0.80008261 -0.49966728 0.17535902 -0.37101768 -0.17470087 -0.73526510 
1.16945281 15.33304137 -11.04299729 8.91159472 -7.60450680 6.27105765 -5.82247730 4.95610658 -4.16967107 3.37975112 -3.13576326 2.18341494 -2.71622107 
1.03083589 15.29545824 -10.99011872 8.84790012 -7.53378851 6.19646096 -5.74666304 4.88126512 -4.09756722 3.31174710 -3.07290221 2.12643432 -2.66560916 
0.88190582 15.24990315 -10.92620190 8.77111251 -7.44874938 6.10697477 -5.65592719 4.79189255 -4.01164653 3.23087435 -2.99828744 2.05892015 -2.60574231 
0.16814108 4.28271716 -1.05610392 0.28053542 -0.21117438 -0.12516786 -0.29970561 0.20063195 -0.09782099 -0.11744306 -0.15523212 -0.34915201 -0.60345289 
-0.20355613 5.26500799 -1.50317988 0.47113433 -0.28917218 -0.08461872 -0.32242103 0.21444902 -0.10471128 -0.11035508 -0.16070316 -0.34214213 -0.60895260 
0.30341046 15.01112317 -10.59438427 8.37610041 -7.01510932 5.65445703 -5.20075816 4.34699648 -3.58706245 2.83399629 -2.63451230 1.73178469 -2.31734878 
0.08566294 14.89041727 -10.42870341 8.18117587 -6.80354513 5.43607754 -4.98339859 4.13668410 -3.38829309 2.64990109 -2.46724066 1.58259539 -2.18685434 
0.79689116 9.19587255 -4.14463646 2.08264926 -1.23023868 0.48551632 -0.67235022 0.43340358 -0.24059282 -0.01189675 -0.23387014 -0.27834583 -0.65816855 
1.72062022 11.63987116 -6.47993125 4.03054370 -2.74845136 1.63624007 -1.52657531 1.05969330 -0.69613249 0.32423455 -0.48372057 -0.08886654 -0.79987111 
2.37586986 12.85025222 -7.83614473 5.34388548 -3.92846361 2.65351687 -2.37768938 1.75660577 -1.25757541 0.77289578 -0.83917745 0.19116084 -1.01752524 
2.35272303 12.46597139 -7.39107806 4.89923779 -3.51688644 2.28878311 -2.06450541 1.49384411 -1.04103029 0.59641110 -0.69692930 0.07752099 -0.92803879 
2.32072189 12.75115593 -7.72007731 5.22667310 -3.81883075 2.55539853 -2.29263747 1.68459897 -1.19772184 0.72373733 -0.79927823 0.15909427 -0.99213097 
2.29706451 12.35539763 -7.26551822 4.77616982 -3.40508268 2.19145394 -1.98235939 1.42605628 -0.98604378 0.55223035 -0.66177419 0.04974239 -0.90639030 
1.51340571 10.28886522 -5.12282316 2.84677732 -1.78747298 0.88236451 -0.94985982 0.62571188 -0.37318123 0.08251665 -0.30240725 -0.22638222 -0.69681268 
1.42634410 10.90153639 -5.71790541 3.34895529 -2.18190400 1.18233934 -1.17260263 0.78864790 -0.49122279 0.16908143 -0.36633647 -0.17823659 -0.73262559 
2.16595650 12.45832294 -7.38235704 4.89065579 -3.50905969 2.28194462 -2.05871335 1.48904830 -1.03712765 0.59326647 -0.69442071 0.07553457 -0.92648762 
2.43077444 15.60465491 -11.42907099 9.38116231 -8.13072345 6.83107659 -6.39650122 5.52740354 -4.72437143 3.90677505 -3.62633282 2.63101550 -3.11626535 
2.70810480 13.29674245 -8.37032026 5.89453882 -4.45399730 3.13302740 -2.80120932 2.12172539 -1.56640440 1.03062802 -1.05147137 0.36402990 -1.15614406 
2.70138659 13.19034798 -8.24136053 5.75993006 -4.32396383 3.01300957 -2.69402707 2.02833857 -1.48661321 0.96342045 -0.99564003 0.31822097 -1.11914634 
2.69264709 13.27275442 -8.34115310 5.86400173 -4.42441101 3.10564288 -2.77668674 2.10030288 -1.54805448 1.01513600 -1.03857385 0.35342696 -1.14756463 
2.68588546 13.16543704 -8.21131750 5.72872279 -4.29395986 2.98544204 -2.66951593 2.00707285 -1.46851750 0.94823600 -0.98307002 0.30794005 -1.11086797 
2.37655536 15.60435817 -11.42864548 9.38064046 -8.13013402 6.83044460 -6.39584879 5.52674979 -4.72373258 3.90616439 -3.62576115 2.63049112 -3.11579433 
2.05805442 11.84607119 -6.70155079 4.23657226 -2.92621534 1.78365368 -1.64533535 1.15344453 -0.76905181 0.38073263 -0.52727532 -0.05529732 -0.82542631 
1.15791410 9.15759687 -4.11231260 2.05877070 -1.21375503 0.47432964 -0.66486351 0.42841436 -0.23727534 -0.01422296 -0.23218982 -0.27964411 -0.65719609 
1.05039273 9.80780707 -4.67914914 2.49042751 -1.52070745 0.68807252 -0.81126254 0.52798179 -0.30473709 0.03340483 -0.26663605 -0.25334947 -0.67679777 
0.99098329 8.56378454 -3.62753451 1.71177182 -0.98132835 0.32047703 -0.56409716 0.36247094 -0.19415633 -0.04437114 -0.21036879 -0.29677967 -0.64428158 
1.57514651 6.06277123 -1.92880853 0.67838131 -0.38531061 -0.03391116 -0.35069715 0.23123438 -0.11390834 -0.10240647 -0.16696391 -0.33516738 -0.61447281 
1.81176929 11.25911178 -6.08081161 3.66829167 -2.44309217 1.38844849 -1.33101808 0.90828776 -0.58049761 0.23597677 -0.41652533 -0.14021489 -0.76109647 
1.76825265 11.59926478 -6.43674234 3.99079551 -2.71449176 1.60833697 -1.50429303 1.04224974 -0.68267155 0.31387366 -0.47577763 -0.09496412 -0.79524663 
2.08094356 15.60242563 -11.42587448 9.37724240 -8.12629610 6.82632977 -6.39160115 5.52249381 -4.71957378 3.90218932 -3.62204008 2.62707798 -3.11272860 
2.05959165 15.60226277 -11.42564098 9.37695608 -8.12597274 6.82598309 -6.39124330 5.52213528 -4.71922345 3.90185448 -3.62172665 2.62679050 -3.11247039 
2.03800934 15.60209460 -11.42539986 9.37666042 -8.12563884 6.82562512 -6.39087380 5.52176507 -4.71886172 3.90150875 -3.62140303 2.62649367 -3.11220379 
1.66411521 10.87479321 -5.69122626 3.32586442 -2.16332057 1.16789213 -1.16165423 0.78048802 -0.48520873 0.16461722 -0.36301118 -0.18074700 -0.73075244 
1.61673079 11.22838086 -6.04916991 3.64006390 -2.41969571 1.36975929 -1.31648803 0.89719646 -0.57213883 0.22966520 -0.41176175 -0.14383515 -0.75837705 
1.94927293 15.60136393 -11.42435230 9.37537593 -8.12418821 6.82406997 -6.38926860 5.52015685 -4.71729034 3.90000690 -3.61999725 2.62520431 -3.11104573 
1.92645974 15.60116543 -11.42406771 9.37502699 -8.12379415 6.82364753 -6.38883257 5.51972001 -4.71686352 3.89959897 -3.61961542 2.62485410 -3.11073120 
1.53265781 10.51092876 -5.33461935 3.02238871 -1.92304010 0.98384408 -1.02409557 0.67926662 -0.41148100 0.11035264 -0.32283776 -0.21101325 -0.70822357 
2.00436461 7.81186108 -3.05860977 1.33238024 -0.74388602 0.17160210 -0.47094808 0.30372277 -0.15708141 -0.07038785 -0.19131657 -0.31247541 -0.63226486 
2.23499847 12.34945766 -7.25880481 4.76961940 -3.39915809 2.18631798 -1.97804212 1.42250740 -0.98317570 0.54993344 -0.65995185 0.04830593 -0.90527341 
1.83251224 15.60029883 -11.42282533 9.37350371 -8.12207396 6.82180348 -6.38692927 5.51781322 -4.71500051 3.89781847 -3.61794887 2.62332563 -3.10935844 
2.20405780 12.40946341 -7.32677198 4.83607615 -3.45938908 2.23863327 -2.02210062 1.45878938 -1.01254772 0.57349179 -0.67866796 0.06307543 -0.91676931 
2.19583146 12.26975538 -7.16903600 4.68232140 -3.32045672 2.11830184 -1.92103644 1.37577960 -0.94551286 0.51984217 -0.63612790 0.02955914 -0.89072089 
2.18425395 12.36991889 -7.28194385 4.79220944 -3.41960113 2.20404907 -1.99295429 1.43477139 -0.99309158 0.55787783 -0.66625709 0.05327751 -0.90914006 
1.92908116 7.24849036 -2.66518038 1.08882474 -0.60197659 0.08723437 -0.42034597 0.27278902 -0.13821049 -0.08391100 -0.18120840 -0.32135106 -0.62536238 
1.33705590 10.47455987 -5.29962927 2.99313602 -1.90027684 0.96668172 -1.01145703 0.67009346 -0.40488406 0.10554034 -0.31929721 -0.21367687 -0.70624492 
1.30388592 9.82592384 -4.69548306 2.50326441 -1.53011545 0.69479612 -0.81597592 0.53125335 -0.30699520 0.03501203 -0.26780170 -0.25246763 -0.67745287 
1.24542731 10.20683505 -5.04570335 2.78370619 -1.73943014 0.84683232 -0.92415559 0.60735713 -0.36017804 0.07312320 -0.29553930 -0.23155024 -0.69297785 
1.63024283 15.59813436 -11.41972260 9.36969982 -8.11777871 6.81719937 -6.38217759 5.51305319 -4.71035008 3.89337431 -3.61378941 2.61951100 -3.10593261 
1.60345792 15.59781374 -11.41926305 9.36913646 -8.11714262 6.81651759 -6.38147399 5.51234840 -4.70966157 3.89271636 -3.61317365 2.61894631 -3.10542550 
2.01856830 12.02412095 -6.89601879 4.42017700 -3.08703658 1.91891491 -1.75578577 1.24176032 -0.83857908 0.43515778 -0.56960092 -0.02246195 -0.85057673 
2.31766103 15.60999040 -11.43672330 9.39054849 -8.14132701 6.84244765 -6.40824168 5.53916935 -4.73587069 3.91776822 -3.63662521 2.64045763 -3.12474762 
2.31766103 15.60999040 -11.43672330 9.39054849 -8.14132701 6.84244765 -6.40824168 5.53916935 -4.73587069 3.91776822 -3.63662521 2.64045763 -3.12474762 
2.00974746 11.87035481 -6.72790410 4.26130002 -2.94774409 1.80165796 -1.65995707 1.16507532 -0.77816323 0.38783491 -0.53277861 -0.05103977 -0.82867892 
1.11491699 9.20693419 -4.15400232 2.08958506 -1.23503787 0.48877983 -0.67453820 0.43486390 -0.24156519 -0.01121467 -0.23436282 -0.27796559 -0.65845324 
1.04956715 9.59776088 -4.49191300 2.34485063 -1.41511665 0.61329090 -0.75926698 0.49215363 -0.28017177 0.01597713 -0.25401372 -0.26292332 -0.66967882 
1.46387320 15.59599781 -11.41666033 9.36594600 -8.11354053 6.81265696 -6.37749011 5.50835798 -4.70576345 3.88899152 -3.60968777 2.61574970 -3.10255495 
1.90783286 11.77762256 -6.62755623 4.16740059 -2.86621089 1.73364330 -1.60485267 1.12134203 -0.74397633 0.36123470 -0.51219890 -0.06694272 -0.81654276 
2.54635853 12.93213728 -7.93273457 5.44209608 -4.02093727 2.73680504 -2.45032989 1.81846849 -1.30928780 0.81558615 -0.87398974 0.21925443 -1.03986018 
2.79887549 15.60629606 -11.43142450 9.38404875 -8.13398391 6.83457270 -6.40011056 5.53102034 -4.72790599 3.91015378 -3.62949592 2.63391709 -3.11887179 
2.57006649 13.07560362 -8.10345305 5.61715303 -4.18713543 2.88767980 -2.58292453 1.93222336 -1.40505048 0.89515276 -0.93925879 0.27220397 -1.08216667 
1.94380509 11.72033407 -6.56595264 4.11010430 -2.81675367 1.69261445 -1.57178737 1.09523160 -0.72366208 0.34549179 -0.50006055 -0.07629913 -0.80941936 
0.78590341 0.32133550 -0.11375942 -0.01289166 -0.12516297 -0.19010423 -0.26183804 0.17409302 -0.09204166 -0.13474516 -0.14693916 -0.36841168 -0.58953966 
-6.09292642 -9.25750091 -3.53285109 -1.70170120 -0.94681410 -0.66862736 -0.48087778 0.01215505 -0.20572635 -0.23451140 -0.21108869 -0.42793464 -0.60037454 
-0.46187395 0.28648026 -0.11158268 -0.01361592 -0.12510809 -0.19044733 -0.26167714 0.17394277 -0.09207867 -0.13487450 -0.14693457 -0.36854602 -0.58945660 
-0.41769585 3.67214643 -0.82099341 0.19283650 -0.17963338 -0.14222522 -0.28987058 0.19440019 -0.09514437 -0.12091086 -0.15273088 -0.35288059 -0.60057498 
-2.48200851 12.54416369 -7.48054240 4.98756827 -3.59770484 2.35961414 -2.12467591 1.54380689 -1.08179825 0.62934036 -0.72325527 0.09840555 -0.94437550 
-1.94346256 13.45231919 -8.56078182 6.09526520 -4.64973162 3.31531919 -2.96543247 2.26602308 -1.69069801 1.13610940 -1.13971347 0.43689329 -1.21535046 
0.18476080 -5.32172269 -1.15071453 -0.37278546 -0.23325151 -0.27136373 -0.26927702 0.14477051 -0.11423216 -0.16384412 -0.16071732 -0.39046503 -0.58347487 
0.78131803 15.58241924 -11.39720818 9.34211240 -8.08664377 6.78384184 -6.34776691 5.47859732 -4.67670179 3.86123115 -3.58371664 2.59194096 -3.08118079 
0.74022504 15.58127310 -11.39556704 9.34010249 -8.08437652 6.78141386 -6.34526338 5.47609154 -4.67425572 3.85889537 -3.58153208 2.58993888 -3.07938392 
1.92118148 7.34319509 -2.72935322 1.12745265 -0.62388037 0.10001095 -0.42789975 0.27736234 -0.14096623 -0.08191093 -0.18271691 -0.31999069 -0.62642568 
2.17094461 12.34313177 -7.25165877 4.76265017 -3.39285765 2.18085861 -1.97345494 1.41873818 -0.98013072 0.54749568 -0.65801836 0.04678224 -0.90408897 
1.77968116 15.60999040 -11.43672330 9.39054849 -8.14132701 6.84244765 -6.40824168 5.53916935 -4.73587069 3.91776822 -3.63662521 2.64045763 -3.12474762 
1.77968116 15.60999040 -11.43672330 9.39054849 -8.14132701 6.84244765 -6.40824168 5.53916935 -4.73587069 3.91776822 -3.63662521 2.64045763 -3.12474762 
