10.88563908 0.40036643 -0.11908994 -0.01120594 -0.12530544 -0.18932281 -0.26221027 0.17443599 -0.09196192 -0.13445221 -0.14695334 -0.36810580 -0.58973001 
4.76206670 15.60947116 -11.43597847 9.38963476 -8.14029463 6.84134040 -6.40709832 5.53802338 -4.73475055 3.91669727 -3.63562243 2.63953760 -3.12392105 
4.85998979 15.13054499 -10.75966289 8.57209161 -7.22945760 5.87732973 -5.42415551 4.56461851 -3.79407897 3.02691156 -2.81082241 1.88990118 -2.45637552 
4.95193345 15.60827325 -11.43426022 9.38752700 -8.13791328 6.83878647 -6.40446121 5.53538038 -4.73216724 3.91422748 -3.63330993 2.63741601 -3.12201502 
4.96201744 15.60829047 -11.43428492 9.38755729 -8.13794750 6.83882318 -6.40449911 5.53541836 -4.73220436 3.91426297 -3.63334316 2.63744650 -3.12204241 
4.97205084 15.60830743 -11.43430925 9.38758713 -8.13798122 6.83885934 -6.40453644 5.53545578 -4.73224093 3.91429794 -3.63337590 2.63747653 -3.12206939 
4.98203416 15.60832414 -11.43433322 9.38761653 -8.13801443 6.83889495 -6.40457322 5.53549264 -4.73227696 3.91433238 -3.63340814 2.63750611 -3.12209597 
4.99196789 15.60834060 -11.43435683 9.38764550 -8.13804715 6.83893005 -6.40460945 5.53552895 -4.73231245 3.91436631 -3.63343991 2.63753526 -3.12212216 
4.91956223 15.22333063 -10.88900917 8.72653320 -7.39948886 6.05524765 -5.60358415 4.74043628 -3.96226966 3.18448016 -2.95555449 2.02031437 -2.57156019 
4.92756947 15.15822532 -10.79816503 8.61796709 -7.27986142 5.92996913 -5.47714265 4.61644605 -3.84357290 3.07320414 -2.85327802 1.92810080 -2.49006789 
4.85380556 14.25800977 -9.58326590 7.21120306 -5.77596493 4.39963545 -3.97448710 3.18110284 -2.50341172 1.84597364 -1.74994756 0.95366394 -1.64557379 
4.76328322 15.11450523 -10.73738547 8.54558557 -7.20037492 5.84699678 -5.39366054 4.53482692 -3.76566168 3.00036143 -2.78649813 1.86803667 -2.43710872 
4.76592940 15.14135815 -10.77469490 8.58999253 -7.24911515 5.89784882 -5.44480014 4.58480193 -3.81334500 3.04492383 -2.82733511 1.90475295 -2.46947022 
4.76882434 15.11689920 -10.74070888 8.54953805 -7.20470977 5.85151615 -5.39820226 4.53926220 -3.76989082 3.00431135 -2.79011573 1.87128744 -2.43997244 
4.77146357 15.14363369 -10.77785967 8.59376291 -7.25325722 5.90217411 -5.44915352 4.58905960 -3.81741055 3.04872605 -2.83082187 1.90788991 -2.47223681 
4.67787168 15.60999040 -11.43672330 9.39054849 -8.14132701 6.84244765 -6.40824168 5.53916935 -4.73587069 3.91776822 -3.63662521 2.64045763 -3.12474762 
4.67787168 15.60999040 -11.43672330 9.39054849 -8.14132701 6.84244765 -6.40824168 5.53916935 -4.73587069 3.91776822 -3.63662521 2.64045763 -3.12474762 
4.67787168 15.60999040 -11.43672330 9.39054849 -8.14132701 6.84244765 -6.40824168 5.53916935 -4.73587069 3.91776822 -3.63662521 2.64045763 -3.12474762 
4.67787168 15.60999040 -11.43672330 9.39054849 -8.14132701 6.84244765 -6.40824168 5.53916935 -4.73587069 3.91776822 -3.63662521 2.64045763 -3.12474762 
4.67787168 15.60999040 -11.43672330 9.39054849 -8.14132701 6.84244765 -6.40824168 5.53916935 -4.73587069 3.91776822 -3.63662521 2.64045763 -3.12474762 
4.67787168 15.60999040 -11.43672330 9.39054849 -8.14132701 6.84244765 -6.40824168 5.53916935 -4.73587069 3.91776822 -3.63662521 2.64045763 -3.12474762 
4.67787168 15.60999040 -11.43672330 9.39054849 -8.14132701 6.84244765 -6.40824168 5.53916935 -4.73587069 3.91776822 -3.63662521 2.64045763 -3.12474762 
4.67787168 15.60999040 -11.43672330 9.39054849 -8.14132701 6.84244765 -6.40824168 5.53916935 -4.73587069 3.91776822 -3.63662521 2.64045763 -3.12474762 
4.67787168 15.60999040 -11.43672330 9.39054849 -8.14132701 6.84244765 -6.40824168 5.53916935 -4.73587069 3.91776822 -3.63662521 2.64045763 -3.12474762 
4.67787168 15.60999040 -11.43672330 9.39054849 -8.14132701 6.84244765 -6.40824168 5.53916935 -4.73587069 3.91776822 -3.63662521 2.64045763 -3.12474762 
4.67787168 15.60999040 -11.43672330 9.39054849 -8.14132701 6.84244765 -6.40824168 5.53916935 -4.73587069 3.91776822 -3.63662521 2.64045763 -3.12474762 
4.58141496 15.03002111 -10.62044879 8.40690666 -7.04869389 5.68927086 -5.23555135 4.38079424 -3.61912581 2.86379865 -2.66168285 1.75609531 -2.33867746 
4.57822243 15.05811092 -10.65925355 8.45284160 -7.09884610 5.74133279 -5.28765391 4.43147303 -3.66726479 2.90859674 -2.70257134 1.79271916 -2.37084176 
4.57533002 15.02698861 -10.61626400 8.40195799 -7.04329621 5.68367292 -5.22995413 4.37535474 -3.61396323 2.85899818 -2.65730462 1.75217652 -2.33523816 
4.57212731 15.05520234 -10.65523201 8.44807721 -7.09364015 5.73592450 -5.28223743 4.42620085 -3.66225345 2.90393021 -2.69830948 1.78889963 -2.36748551 
4.56922656 15.02393299 -10.61204820 8.39697363 -7.03786065 5.67803674 -5.22431969 4.36987999 -3.60876807 2.85416816 -2.65290009 1.74823472 -2.33177914 
4.45854647 15.60928706 -11.43571440 9.38931082 -8.13992863 6.84094787 -6.40669299 5.53761714 -4.73435347 3.91631764 -3.63526696 2.63921147 -3.12362805 
4.55988121 15.04931790 -10.64709836 8.43844387 -7.08311694 5.72499517 -5.27129436 4.41555193 -3.65213377 2.89450893 -2.68970702 1.78119155 -2.36071362 
4.55696362 15.01775148 -10.60352235 8.38689656 -7.02687457 5.66664837 -5.21293789 4.35882366 -3.59827897 2.84441858 -2.64401138 1.74028153 -2.32480141 
4.44556647 15.60927788 -11.43570122 9.38929466 -8.13991036 6.84092828 -6.40667276 5.53759687 -4.73433366 3.91629869 -3.63524923 2.63919520 -3.12361343 
4.43904474 15.60927322 -11.43569454 9.38928645 -8.13990110 6.84091834 -6.40666250 5.53758658 -4.73432361 3.91628908 -3.63524023 2.63918694 -3.12360601 
4.54137065 15.04031959 -10.63466697 8.42372755 -7.06704877 5.70831440 -5.25459985 4.39931295 -3.63670800 2.88015320 -2.67660368 1.76945448 -2.35040541 
4.53842745 15.00830000 -10.59049339 8.37150497 -7.01010289 5.64927077 -5.19557827 4.34196786 -3.58229470 2.82956720 -2.63047646 1.72817546 -2.31418376 
4.42593714 15.60926376 -11.43568097 9.38926981 -8.13988229 6.84089817 -6.40664167 5.53756570 -4.73430320 3.91626957 -3.63522196 2.63917018 -3.12359095 
4.52893466 15.03420356 -10.62622191 8.41373521 -7.05614373 5.69699878 -5.24327990 4.38830655 -3.62625703 2.87043091 -2.66773280 1.76151130 -2.34343150 
4.42810315 13.68936459 -8.85530562 6.41012940 -4.96108134 3.60919680 -3.23364560 2.50467647 -1.89877069 1.31469385 -1.29069814 0.56277780 -1.31859123 
4.29877843 14.94618304 -10.50507554 8.27083492 -6.90065523 5.53611553 -5.08277688 4.23266106 -3.47883978 2.73362054 -2.54318648 1.65022803 -2.24592600 
4.28886701 14.83063016 -10.34715209 8.08580353 -6.70062995 5.33043637 -4.87881443 4.03601369 -3.29362024 2.56263018 -2.38829943 1.51248458 -2.12577528 
4.15277084 15.60617455 -11.43125024 9.38383503 -8.13374249 6.83431382 -6.39984328 5.53075250 -4.72764422 3.90990355 -3.62926165 2.63370218 -3.11867874 
4.01197519 14.58989657 -10.02222081 7.70960608 -6.29860774 4.92159110 -4.47768227 3.65322110 -2.93661094 2.23611017 -2.09513714 1.25393498 -1.90203088 
3.99033593 14.79748208 -10.30208352 8.03326022 -6.64410122 5.27257740 -4.82169382 3.98117824 -3.24218472 2.51533208 -2.34561511 1.47465798 -2.09289031 
4.09929931 15.60596523 -11.43095005 9.38346684 -8.13332658 6.83386783 -6.39938283 5.53029109 -4.72719330 3.90947249 -3.62885809 2.63333198 -3.11834619 
4.21301430 14.89672845 -10.43733184 8.19128882 -6.81448112 5.44732609 -4.99455652 4.14744485 -3.39843117 2.65926264 -2.47572255 1.59014009 -2.19343677 
4.31786389 15.60918085 -11.43556204 9.38912392 -8.13971746 6.84072139 -6.40645913 5.53738275 -4.73412438 3.91609860 -3.63506188 2.63902331 -3.12345901 
4.31091141 15.60917520 -11.43555394 9.38911398 -8.13970624 6.84070935 -6.40644670 5.53737029 -4.73411220 3.91608696 -3.63505098 2.63901331 -3.12345002 
4.30393468 15.60916949 -11.43554576 9.38910394 -8.13969489 6.84069719 -6.40643414 5.53735770 -4.73409989 3.91607520 -3.63503996 2.63900321 -3.12344094 
4.29693353 15.60916373 -11.43553749 9.38909380 -8.13968343 6.84068489 -6.40642144 5.53734498 -4.73408746 3.91606331 -3.63502883 2.63899299 -3.12343177 
4.40677943 14.97102116 -10.53918683 8.31098766 -6.94425703 5.58114293 -5.12761404 4.27606305 -3.51987633 2.77164209 -2.57774586 1.68106187 -2.27290464 
4.40364362 14.93555374 -10.49049576 8.25369302 -6.88206194 5.51693516 -5.06369757 4.21421109 -3.46141224 2.71748824 -2.52853592 1.63716755 -2.23450741 
4.28285727 15.60915201 -11.43552068 9.38907318 -8.13966014 6.84065992 -6.40639565 5.53731913 -4.73406219 3.91603915 -3.63500621 2.63897224 -3.12341312 
4.15818445 14.74293882 -10.22815298 7.94732098 -6.55190617 5.17847006 -4.72903226 3.89244982 -3.15916093 2.43916337 -2.27702749 1.41400191 -2.04026236 
4.01227310 15.60559975 -11.43042592 9.38282401 -8.13260044 6.83308920 -6.39857897 5.52948556 -4.72640607 3.90871996 -3.62815357 2.63268570 -3.11776564 
3.99603512 15.60552797 -11.43032299 9.38269777 -8.13245784 6.83293630 -6.39842112 5.52932737 -4.72625148 3.90857218 -3.62801523 2.63255880 -3.11765165 
3.84380031 14.44724650 -9.83227331 7.49253761 -6.06955744 4.69147298 -4.25455480 3.44271123 -2.74242635 2.06035151 -1.93889026 1.11741685 -1.78494007 
3.82012965 14.67761051 -10.13997580 7.84523356 -6.44281472 5.06753289 -4.62019515 3.78859680 -3.06231159 2.35059376 -2.19751454 1.34388441 -1.97959070 
3.79946423 14.40703925 -9.77908315 7.43213338 -6.00620721 4.62820051 -4.19355342 3.38547628 -2.68991030 2.01305791 -1.89704808 1.08102268 -1.75385955 
3.61231749 15.59530158 -11.41566252 9.36472297 -8.11215979 6.81117723 -6.37596324 5.50682869 -4.70426963 3.88756418 -3.60835206 2.61452490 -3.10145513 
3.74779289 14.62237299 -10.06573490 7.75963057 -6.35169968 4.97522749 -4.52996940 3.70280795 -2.98258095 2.27791504 -2.13246787 1.28668979 -1.93023766 
3.86985676 15.60492881 -11.42946377 9.38164400 -8.13126754 6.83165999 -6.39710349 5.52800704 -4.72496118 3.90733879 -3.62686056 2.63149960 -3.11670020 
3.99737997 14.75830147 -10.24894765 7.97146155 -6.57777095 5.20483895 -4.75496523 3.91725358 -3.18234439 2.46041039 -2.29614078 1.43088908 -2.05490134 
3.98597462 14.61487598 -10.05568102 7.74806266 -6.33941233 4.96280432 -4.51784947 3.69130544 -2.97190985 2.26820426 -2.12379084 1.27907178 -1.92367365 
3.97284059 14.74120079 -10.22580181 7.94459308 -6.54898506 5.17549361 -4.72610653 3.88965289 -3.15654796 2.43676975 -2.27487518 1.41210105 -2.03861521 
3.96130506 14.59530632 -10.02946222 7.71792326 -6.30742702 4.93049317 -4.48635318 3.66143760 -2.94422223 2.24302675 -2.10130917 1.25934689 -1.90668842 
3.94799767 14.72359605 -10.20200273 7.91699854 -6.51945473 5.14542206 -4.69656474 3.86142753 -3.13019342 2.41263996 -2.25318862 1.39295695 -2.02203351 
3.93632899 14.57517050 -10.00252281 7.68699730 -6.27464999 4.89742392 -4.45415721 3.63094223 -2.91598494 2.21737701 -2.07842921 1.23929186 -1.88943474 
3.77198892 15.60440932 -11.42871883 9.38073041 -8.13023562 6.83055353 -6.39596124 5.52686247 -4.72384269 3.90626965 -3.62585968 2.63058150 -3.11587551 
3.75366856 15.60430631 -11.42857112 9.38054928 -8.13003102 6.83033417 -6.39573478 5.52663556 -4.72362095 3.90605769 -3.62566126 2.63039950 -3.11571203 
3.73517884 15.60420043 -11.42841930 9.38036308 -8.12982072 6.83010868 -6.39550201 5.52640232 -4.72339302 3.90583982 -3.62545731 2.63021242 -3.11554398 
3.87157051 14.66755442 -10.12643854 7.82960063 -6.42615050 5.05062693 -4.60364733 3.77284182 -3.04765048 2.33721321 -2.18552533 1.33333106 -1.97047486 
3.85948356 14.51114101 -9.91711435 7.58923064 -6.17131954 4.79345058 -4.35319129 3.53554822 -2.82786687 2.13751593 -2.00734590 1.17711176 -1.83604412 
3.68819260 15.60392243 -11.42802066 9.37987422 -8.12926855 6.82951665 -6.39489085 5.52578994 -4.72279460 3.90526783 -3.62492185 2.62972125 -3.11510280 
3.82782022 14.63416643 -10.08156132 7.77785224 -6.37106691 4.99482076 -4.54909572 3.72097030 -2.99943979 2.29326470 -2.14619030 1.29874301 -1.94062789 
3.81548786 14.47304200 -9.86647879 7.53147050 -6.11047924 4.73243124 -4.29412409 3.47991117 -2.77662458 2.09120473 -1.96623406 1.14123887 -1.80531547 
3.64007591 15.60362393 -11.42759264 9.37934932 -8.12867570 6.82888101 -6.39423468 5.52513246 -4.72215213 3.90465373 -3.62434698 2.62919395 -3.11462916 
3.45834923 14.05852892 -9.32443856 6.92269841 -5.47882354 4.10798133 -3.69800736 2.92589269 -2.27289380 1.64143984 -1.57151910 0.80050311 -1.51641556 
3.42922425 14.34597655 -9.69859594 7.34104814 -5.91100308 4.53342272 -4.10246592 3.30027365 -2.61196223 1.94305671 -1.83527931 1.02742981 -1.70820002 
3.57070650 15.60316760 -11.42693833 9.37854695 -8.12776946 6.82790938 -6.39323169 5.52412751 -4.72117013 3.90371510 -3.62346833 2.62838801 -3.11390526 
3.38261180 13.97115811 -9.21225384 6.79890556 -5.35257329 3.98523089 -3.58270963 2.82040994 -2.17843328 1.55830568 -1.49955229 0.73917169 -1.46505185 
3.35226646 14.27055405 -9.59966756 7.22962064 -5.79507026 4.41851731 -3.99250612 3.19784296 -2.51862601 1.85955196 -1.76185840 0.96394100 -1.65428315 
3.49884438 15.60266044 -11.42621114 9.37765523 -8.12676235 6.82682963 -6.39211712 5.52301077 -4.72007892 3.90267212 -3.62249202 2.62749251 -3.11310092 
3.47782900 15.60250513 -11.42598847 9.37738219 -8.12645397 6.82649902 -6.39177585 5.52266885 -4.71974482 3.90235279 -3.62219310 2.62721833 -3.11285466 
3.28086600 13.84768272 -9.05493233 6.62659446 -5.17811331 3.81678659 -3.42555981 2.67757657 -2.05132960 1.44710501 -1.40382778 0.65801904 -1.39742751 
3.24879498 14.16347060 -9.46013345 7.07345030 -5.63358483 4.25940935 -3.84111947 3.05760442 -2.39152188 1.74641095 -1.66285674 0.87871677 -1.58221906 
3.40248595 15.60192088 -11.42515080 9.37635503 -8.12529393 6.82525536 -6.39049213 5.52138268 -4.71848809 3.90115164 -3.62106876 2.62618708 -3.11192842 
3.19803085 13.74182251 -8.92119139 6.48130151 -5.03217508 3.67695462 -3.29606921 2.56072586 -1.94806516 1.35734739 -1.32703538 0.59328734 -1.34378079 
2.93744961 15.58127310 -11.39556704 9.34010249 -8.08437652 6.78141386 -6.34526338 5.47609154 -4.67425572 3.85889537 -3.58153208 2.58993888 -3.07938392 
2.89549465 15.58005421 -11.39382187 9.33796533 -8.08196587 6.77883248 -6.34260184 5.47342778 -4.67165557 3.85641260 -3.57921016 2.58781100 -3.07747423 
2.85264079 15.57875630 -11.39196370 9.33568997 -8.07939953 6.77608458 -6.33976879 5.47059255 -4.66888821 3.85377030 -3.57673919 2.58554663 -3.07544215 
2.80884867 15.57737241 -11.38998261 9.33326430 -8.07666386 6.77315558 -6.33674925 5.46757088 -4.66593906 3.85095460 -3.57410620 2.58313393 -3.07327705 
3.01119628 13.89156007 -9.11067329 6.68747370 -5.23958142 3.87597723 -3.48063871 2.72751213 -2.09565832 1.48579888 -1.43706460 0.68613962 -1.42081516 
3.18240653 15.59994070 -11.42231193 9.37287426 -8.12136316 6.82104154 -6.38614286 5.51702540 -4.71423079 3.89708287 -3.61726037 2.62269418 -3.10879133 
3.15776650 15.59969082 -11.42195371 9.37243508 -8.12086723 6.82050993 -6.38559420 5.51647575 -4.71369379 3.89656967 -3.61678003 2.62225365 -3.10839570 
3.13281912 15.59943151 -11.42158199 9.37197934 -8.12035262 6.81995830 -6.38502488 5.51590542 -4.71313659 3.89603717 -3.61628164 2.62179657 -3.10798520 
3.10755664 15.59916229 -11.42119608 9.37150621 -8.11981837 6.81938563 -6.38443386 5.51531336 -4.71255815 3.89548439 -3.61576427 2.62132209 -3.10755908 
3.08197098 15.59888266 -11.42079524 9.37101480 -8.11926348 6.81879085 -6.38382001 5.51469845 -4.71195740 3.89491029 -3.61522695 2.62082932 -3.10711654 
2.84244480 13.22934983 -8.28851267 5.80902529 -4.37127499 3.05657486 -2.73284518 2.06208643 -1.51538729 0.98760947 -1.01569819 0.33465147 -1.13239573 
2.52382247 15.56676062 -11.37479730 9.31467789 -8.05570945 6.75072769 -6.31363528 5.44444753 -4.64337712 3.82941937 -3.55397347 2.56468991 -3.05672956 
2.47210410 15.56449859 -11.37156170 9.31071916 -8.05124801 6.74595422 -6.30871745 5.43952928 -4.63857975 3.82484162 -3.54969501 2.56077133 -3.05321475 
2.41901299 15.56205516 -11.36806718 9.30644423 -8.04643089 6.74080086 -6.30340890 5.43422091 -4.63340242 3.81990183 -3.54507864 2.55654365 -3.04942303 
2.36447430 15.55941053 -11.36428551 9.30181876 -8.04121952 6.73522652 -6.29766745 5.42848038 -4.62780428 3.81456115 -3.54008816 2.55197382 -3.04532483 
2.00527728 11.45765549 -6.28729417 3.85427602 -2.59869737 1.51383509 -1.42931118 0.98390562 -0.63790403 0.27957728 -0.44958706 -0.11501667 -0.78007660 
1.91302624 12.21365576 -7.10619831 4.62153699 -3.26594130 2.07141834 -1.88192713 1.34386565 -0.91989997 0.49945535 -0.62004096 0.01693504 -0.88094638 
1.84825847 11.06249247 -5.87983558 3.49024415 -2.29651183 1.27208616 -1.24108058 0.84001084 -0.52930402 0.19747522 -0.38755752 -0.16219172 -0.74461635 
1.74718540 11.85488004 -6.71110424 4.24553084 -2.93401022 1.79016874 -1.65062352 1.15764880 -0.77234377 0.38329762 -0.52926213 -0.05376066 -0.82659996 
1.67857171 10.60333831 -5.42405936 3.09759203 -1.98188647 1.02843550 -1.05708769 0.70331633 -0.42884577 0.12305438 -0.33220008 -0.20396791 -0.71345981 
1.56691558 11.43248168 -6.26091666 3.83034601 -2.57853625 1.49748415 -1.41641490 0.97392737 -0.63028821 0.27376807 -0.44516665 -0.11839309 -0.77752804 
2.24654794 12.73417093 -7.70027401 5.20676232 -3.80028745 2.53887071 -2.27836734 1.67256356 -1.18775419 0.71557785 -0.79267561 0.15380178 -0.98795019 
2.20583433 12.04535317 -6.91940110 4.44242882 -3.10667804 1.93555467 -1.76946763 1.25277241 -0.84730239 0.44202272 -0.57496426 -0.01828643 -0.85378564 
1.74265282 15.51704264 -11.30379000 9.22792621 -7.95807617 6.64640241 -6.20628897 5.33721976 -4.53890278 3.72983391 -3.46099210 2.47960941 -2.98048339 
1.66574872 15.50983892 -11.29352059 9.21540159 -7.94400398 6.63138941 -6.19086454 5.32183453 -4.52393316 3.71558321 -3.44770263 2.46746308 -2.96961001 
1.58577006 15.50177346 -11.28202842 9.20139225 -7.92827064 6.61461135 -6.17363367 5.30465414 -4.50722302 3.69968111 -3.43287803 2.45391783 -2.95748783 
1.07041809 8.65040665 -3.69629837 1.75970021 -1.01261040 0.34074287 -0.57712425 0.37086340 -0.19956342 -0.04059457 -0.21311064 -0.29459056 -0.64594132 
0.90961365 9.57165368 -4.46891607 2.32717147 -1.40243340 0.60439414 -0.75313462 0.48796055 -0.27731711 0.01395853 -0.25255352 -0.26403438 -0.66885165 
0.82414092 7.70203598 -2.97970854 1.28226267 -0.71396604 0.15350810 -0.45995456 0.29694243 -0.15290116 -0.07335484 -0.18911546 -0.31436487 -0.63080239 
0.63708348 8.63099858 -3.68083357 1.74888336 -1.00552657 0.33614113 -0.57415934 0.36894969 -0.19832824 -0.04145722 -0.21248467 -0.29508919 -0.64556356 
0.54915468 6.51361334 -2.19416734 0.81909019 -0.45603662 0.00455929 -0.37243756 0.24411171 -0.12126798 -0.09656854 -0.17152117 -0.33051091 -0.61815747 
0.32721327 7.41787819 -2.78051880 1.15856262 -0.64169165 0.11046816 -0.43411181 0.28113487 -0.14324898 -0.08026225 -0.18395647 -0.31888343 -0.62728974 
1.42634410 10.90153639 -5.71790541 3.34895529 -2.18190400 1.18233934 -1.17260263 0.78864790 -0.49122279 0.16908143 -0.36633647 -0.17823659 -0.73262559 
1.76330708 15.56885872 -11.37779882 9.31835073 -8.05984920 6.75515751 -6.31819959 5.44901271 -4.64783057 3.83366935 -3.55794595 2.56832858 -3.05999356 
1.71289225 15.56676062 -11.37479730 9.31467789 -8.05570945 6.75072769 -6.31363528 5.44444753 -4.64337712 3.82941937 -3.55397347 2.56468991 -3.05672956 
1.66117388 15.56449859 -11.37156170 9.31071916 -8.05124801 6.74595422 -6.30871745 5.43952928 -4.63857975 3.82484162 -3.54969501 2.56077133 -3.05321475 
2.04171057 12.20692743 -7.09868111 4.61428334 -3.25945140 2.06584968 -1.87729201 1.34009120 -0.91687675 0.49705319 -0.61814835 0.01545168 -0.87979921 
2.32082540 15.60403598 -11.42818349 9.38007390 -8.12949409 6.82975846 -6.39514048 5.52604006 -4.72303903 3.90550146 -3.62514056 2.62992187 -3.11528300 
2.30189824 15.60392243 -11.42802066 9.37987422 -8.12926855 6.82951665 -6.39489085 5.52578994 -4.72279460 3.90526783 -3.62492185 2.62972125 -3.11510280 
2.28279025 15.60380560 -11.42785313 9.37966878 -8.12903651 6.82926786 -6.39463402 5.52553260 -4.72254314 3.90502747 -3.62469684 2.62951486 -3.11491742 
2.58102357 13.09373404 -8.12516252 5.63954845 -4.20852248 2.90720376 -2.60017582 1.94710058 -1.41763706 0.90565835 -0.94791282 0.27925083 -1.08781709 
2.81609262 15.60999040 -11.43672330 9.39054849 -8.14132701 6.84244765 -6.40824168 5.53916935 -4.73587069 3.91776822 -3.63662521 2.64045763 -3.12474762 
2.57394269 12.97957416 -7.98897242 5.49955573 -4.07529721 2.78598687 -2.49341176 1.85531258 -1.34021057 0.84120772 -0.89495350 0.23622253 -1.05338822 
2.56456577 13.06646358 -8.09252022 5.60588620 -4.17638654 2.87787656 -2.57427037 1.92476674 -1.39874730 0.88989580 -0.93493145 0.26868255 -1.07934479 
2.55743699 12.95126800 -7.95538967 5.46521881 -4.04278994 2.75655653 -2.46761505 1.83323729 -1.32167209 0.82583906 -0.88237250 0.22603497 -1.04526266 
2.22434592 15.60343414 -11.42732050 9.37901560 -8.12829878 6.82847688 -6.39381751 5.52471447 -4.72174369 3.90426332 -3.62398152 2.62885873 -3.11432806 
2.20447869 15.60330286 -11.42713226 9.37878477 -8.12803807 6.82819736 -6.39352897 5.52442537 -4.72146118 3.90399330 -3.62372875 2.62862688 -3.11411981 
1.85876592 11.37622363 -6.20217559 3.77723490 -2.53393665 1.46142351 -1.38805547 0.95204460 -0.61362903 0.26108703 -0.43553350 -0.12574320 -0.77198582 
1.31918023 15.54631586 -11.34557043 9.27893872 -8.01545314 6.70767742 -6.26930423 5.40013292 -4.60017032 3.78820738 -3.51547067 2.52943836 -3.02512108 
1.25603284 15.54225212 -11.33976568 9.27184586 -8.00746950 6.69914544 -6.26052410 5.39136144 -4.59162312 3.78005930 -3.50786218 2.52247575 -3.01888089 
1.19082701 15.53778954 -11.33339299 9.26406105 -7.99870917 6.68978564 -6.25089423 5.38174314 -4.58225267 3.77112811 -3.49952396 2.51484664 -3.01204445 
1.66846847 11.35787504 -6.18307899 3.76002209 -2.51952597 1.44980457 -1.37894226 0.94503029 -0.60830165 0.25703950 -0.43246352 -0.12808332 -0.77022294 
1.99413321 15.60174138 -11.42489344 9.37603945 -8.12493754 6.82487329 -6.39009776 5.52098757 -4.71810202 3.90078266 -3.62072338 2.62587030 -3.11164390 
2.33758019 12.66646136 -7.62159257 5.12790788 -3.72707882 2.47381355 -2.22235831 1.62545600 -1.14884286 0.68380100 -0.76701752 0.13327348 -0.97176270 
2.32977048 12.53624993 -7.47146237 4.97857908 -3.58945845 2.35236876 -2.11850621 1.53867205 -1.07759921 0.62594205 -0.72053364 0.09624326 -0.94268170 
2.31902970 12.63174379 -7.58141231 5.08779626 -3.68998087 2.44096569 -2.19417777 1.60183381 -1.12939330 0.66796355 -0.75426324 0.12309229 -0.96375163 
2.58236394 15.60999040 -11.43672330 9.39054849 -8.14132701 6.84244765 -6.40824168 5.53916935 -4.73587069 3.91776822 -3.63662521 2.64045763 -3.12474762 
2.58236394 15.60999040 -11.43672330 9.39054849 -8.14132701 6.84244765 -6.40824168 5.53916935 -4.73587069 3.91776822 -3.63662521 2.64045763 -3.12474762 
2.31116277 12.50024318 -7.43022156 4.93781969 -3.55212869 2.31962159 -2.09066276 1.51553231 -1.05870254 0.61066767 -0.70831427 0.08654422 -0.93509081 
2.30030971 12.59638934 -7.54060845 5.04717105 -3.65250599 2.40786642 -2.16584949 1.57814230 -1.10992944 0.65214573 -0.74154752 0.11295744 -0.95578857 
2.56576633 15.60999040 -11.43672330 9.39054849 -8.14132701 6.84244765 -6.40824168 5.53916935 -4.73587069 3.91776822 -3.63662521 2.64045763 -3.12474762 
2.29238481 12.46357798 -7.38834844 4.89655113 -3.51443574 2.28664144 -2.06269114 1.49234164 -1.03980743 0.59542561 -0.69614304 0.07689832 -0.92755251 
2.28141718 12.56038142 -7.49916810 5.00602476 -3.61465154 2.37451652 -2.13737634 1.55438542 -1.09045547 0.63635144 -0.72887371 0.10287165 -0.94787567 
2.54902983 15.60999040 -11.43672330 9.39054849 -8.14132701 6.84244765 -6.40824168 5.53916935 -4.73587069 3.91776822 -3.63662521 2.64045763 -3.12474762 
2.27343354 12.42623723 -7.34583013 4.85476632 -3.47637757 2.25342969 -2.03459473 1.46910427 -1.02091823 0.58021984 -0.68402329 0.06730819 -0.92006883 
2.26234897 12.52370291 -7.45707801 4.96434980 -3.57641500 2.34091697 -2.10876144 1.53056727 -1.07097572 0.62058470 -0.71624529 0.09283771 -0.94001511 
2.53215209 15.60999040 -11.43672330 9.39054849 -8.14132701 6.84244765 -6.40824168 5.53916935 -4.73587069 3.91776822 -3.63662521 2.64045763 -3.12474762 
2.25430584 12.38820322 -7.30265343 4.81245813 -3.43795228 2.21998794 -2.00637712 1.44582465 -1.00203943 0.56505439 -0.67195840 0.05777649 -0.91264178 
2.24310188 12.48633608 -7.41432462 4.92213853 -3.53779392 2.30706895 -2.08000811 1.50669217 -1.05149471 0.60484966 -0.70366578 0.08285845 -0.93220906 
2.51513072 15.60999040 -11.43672330 9.39054849 -8.14132701 6.84244765 -6.40824168 5.53916935 -4.73587069 3.91776822 -3.63662521 2.64045763 -3.12474762 
2.51513072 15.60999040 -11.43672330 9.39054849 -8.14132701 6.84244765 -6.40824168 5.53916935 -4.73587069 3.91776822 -3.63662521 2.64045763 -3.12474762 
2.23499847 12.34945766 -7.25880481 4.76961940 -3.39915809 2.18631798 -1.97804212 1.42250740 -0.98317570 0.54993344 -0.65995185 0.04830593 -0.90527341 
2.22367261 12.44826258 -7.37089403 4.87938324 -3.49878601 2.27297385 -2.05111991 1.48276463 -1.03201710 0.58915057 -0.69113877 0.07293672 -0.92445972 
2.49796323 15.60999040 -11.43672330 9.39054849 -8.14132701 6.84244765 -6.40824168 5.53916935 -4.73587069 3.91776822 -3.63662521 2.64045763 -3.12474762 
2.49796323 15.60999040 -11.43672330 9.39054849 -8.14132701 6.84244765 -6.40824168 5.53916935 -4.73587069 3.91776822 -3.63662521 2.64045763 -3.12474762 
2.49796323 15.60999040 -11.43672330 9.39054849 -8.14132701 6.84244765 -6.40824168 5.53916935 -4.73587069 3.91776822 -3.63662521 2.64045763 -3.12474762 
2.49796323 15.60999040 -11.43672330 9.39054849 -8.14132701 6.84244765 -6.40824168 5.53916935 -4.73587069 3.91776822 -3.63662521 2.64045763 -3.12474762 
2.49796323 15.60999040 -11.43672330 9.39054849 -8.14132701 6.84244765 -6.40824168 5.53916935 -4.73587069 3.91776822 -3.63662521 2.64045763 -3.12474762 
2.21550815 12.30998158 -7.21427040 4.72624290 -3.35999340 2.15242186 -1.94959380 1.39915737 -0.96433186 0.53486124 -0.64800716 0.03889923 -0.89796576 
2.20405780 12.40946341 -7.32677198 4.83607615 -3.45938908 2.23863327 -2.02210062 1.45878938 -1.01254772 0.57349179 -0.67866796 0.06307543 -0.91676931 
2.19583146 12.26975538 -7.16903600 4.68232140 -3.32045672 2.11830184 -1.92103644 1.37577960 -0.94551286 0.51984217 -0.63612790 0.02955914 -0.89072089 
1.78383010 15.59981691 -11.42213447 9.37265669 -8.12111747 6.82077817 -6.38587105 5.51675310 -4.71396476 3.89682862 -3.61702240 2.62247594 -3.10859533 
2.16425751 12.32960865 -7.23639464 4.74777523 -3.37942027 2.16922333 -1.96368522 1.41071581 -0.97365385 0.54231328 -0.65390998 0.04354594 -0.90157420 
2.15590500 12.18697060 -7.07640868 4.59281428 -3.24026246 2.04940051 -1.86361309 1.32896209 -0.90797016 0.48998144 -0.61258032 0.01108994 -0.87642765 
2.14406480 12.28851158 -7.19010899 4.70276559 -3.33884482 2.13415840 -1.93429797 1.38662808 -0.95423991 0.52680289 -0.64163053 0.03388371 -0.89407398 
2.42778059 15.60999040 -11.43672330 9.39054849 -8.14132701 6.84244765 -6.40824168 5.53916935 -4.73587069 3.91776822 -3.63662521 2.64045763 -3.12474762 
2.13564796 12.14436916 -7.02898558 4.54721405 -3.19960288 2.01462504 -1.83475700 1.30553355 -0.88925721 0.47514905 -0.60091947 0.00196645 -0.86938340 
2.12367206 12.24660577 -7.14307114 4.65717257 -3.29787327 2.09885693 -1.90479740 1.36251382 -0.93485529 0.51135151 -0.62942269 0.02429386 -0.88664163 
2.40984325 15.60999040 -11.43672330 9.39054849 -8.14132701 6.84244765 -6.40824168 5.53916935 -4.73587069 3.91776822 -3.63662521 2.64045763 -3.12474762 
2.11519005 12.10093182 -6.98080210 4.50103963 -3.15856735 1.97963744 -1.80581172 1.28209967 -0.87059066 0.46038834 -0.58933897 -0.00707919 -0.86241011 
2.10307541 12.20386853 -7.09526493 4.61098820 -3.25650431 2.06332183 -1.87518865 1.33837896 -0.91550572 0.49596409 -0.61729049 0.01477945 -0.87927942 
2.09452737 12.05663513 -6.93184221 4.45428372 -3.11715542 1.94444138 -1.77678292 1.25866663 -0.85197632 0.44570420 -0.57784269 -0.01604414 -0.85550983 
1.65667378 15.59844249 -11.42016427 9.37024127 -8.11839007 6.81785466 -6.38285385 5.51373061 -4.71101187 3.89400672 -3.61438129 2.62005378 -3.10642006 
1.63024283 15.59813436 -11.41972260 9.36969982 -8.11777871 6.81719937 -6.38217759 5.51305319 -4.71035008 3.89337431 -3.61378941 2.61951100 -3.10593261 
1.17973428 9.42492791 -4.34080141 2.22949634 -1.33291947 0.55596984 -0.71996363 0.46540310 -0.26203658 0.00317567 -0.24475833 -0.26998164 -0.66441929 
1.11684109 9.81277915 -4.68362901 2.49394608 -1.52328462 0.68991337 -0.81255240 0.52887670 -0.30535454 0.03384420 -0.26695469 -0.25310839 -0.67697688 
0.84479750 0.81254600 -0.15577568 -0.00120197 -0.12649547 -0.18515262 -0.26432154 0.17628248 -0.09164257 -0.13292712 -0.14711312 -0.36647944 -0.59076910 
-0.61664885 1.91047448 -0.32626030 0.04113473 -0.13483973 -0.17270853 -0.27148148 0.18185517 -0.09165668 -0.12877246 -0.14827164 -0.36182551 -0.59394561 
-0.62928296 -0.72810512 -0.09494429 -0.03217325 -0.12537823 -0.20017977 -0.25784780 0.16976645 -0.09363578 -0.13872199 -0.14724370 -0.37233530 -0.58727054 
-4.86915099 4.31277467 -1.06852478 0.28542147 -0.21302270 -0.12419372 -0.30025947 0.20097678 -0.09797961 -0.11725710 -0.15537106 -0.34895752 -0.60360416 
-1.13788214 -2.95958921 -0.37627283 -0.10773069 -0.14242131 -0.22321702 -0.25552466 0.16047924 -0.10032405 -0.14860630 -0.15101711 -0.38042501 -0.58401665 
-1.05021841 -6.40765373 -1.67146407 -0.60510965 -0.33301625 -0.32003383 -0.28989457 0.13056788 -0.12543472 -0.17423158 -0.16816497 -0.39662448 -0.58483036 
-1.41802290 -7.85490216 -2.52706952 -1.06244724 -0.56511798 -0.44233528 -0.35086256 0.09300213 -0.15182414 -0.19551583 -0.18356703 -0.40828817 -0.58953230 
-0.98227822 15.06067773 -10.66280321 8.45704772 -7.10344282 5.74610897 -5.29243807 4.43613046 -3.67169245 2.91272032 -2.70633782 1.79609514 -2.37380862 
0.28410282 6.65538070 -2.28131744 0.86711733 -0.48107172 0.01842967 -0.38035840 0.24881856 -0.12400279 -0.09446767 -0.17314733 -0.32891207 -0.61942004 
1.98424472 7.60565374 -2.91134511 1.23934836 -0.68863461 0.13831403 -0.45078152 0.29131038 -0.14944671 -0.07581671 -0.18728267 -0.31595475 -0.62956890 
2.51229800 15.60507197 -11.42966906 9.38189577 -8.13155192 6.83196492 -6.39741828 5.52832247 -4.72526944 3.90763345 -3.62713641 2.63175264 -3.11692749 
3.07642759 11.02183916 -5.83871609 3.45418181 -2.26711378 1.24896004 -1.22335937 0.82666571 -0.51937307 0.19004985 -0.38199612 -0.16640082 -0.74146754 
3.80131967 12.53089309 -7.46531933 4.97250059 -3.58388502 2.34747419 -2.11434020 1.53520635 -1.07476628 0.62365020 -0.71869877 0.09478590 -0.94154039 
