9.41082288 3.41425650 -0.73153382 0.16196633 -0.16935528 -0.14811054 -0.28640026 0.19214067 -0.09428649 -0.12222596 -0.15184183 -0.35434128 -0.59946143 
6.26088113 5.90077635 -1.83784017 0.63212290 -0.36297165 -0.04584595 -0.34401315 0.22727915 -0.11169207 -0.10423622 -0.16552549 -0.33670124 -0.61325783 
3.99072573 -1.03979325 -0.10797367 -0.03812325 -0.12615384 -0.20313746 -0.25699974 0.16852712 -0.09429586 -0.13995658 -0.14751020 -0.37346567 -0.58668672 
1.92273119 2.17490863 -0.38313451 0.05613956 -0.13847416 -0.16923232 -0.27359696 0.18339051 -0.09187267 -0.12772055 -0.14872072 -0.36061712 -0.59480866 
2.40090716 13.67397522 -8.83602572 6.38935326 -4.94037737 3.58950935 -3.21554821 2.48846189 -1.88453970 1.30240388 -1.28024719 0.55401773 -1.31137033 
2.45722002 -13.84997332 -8.05193544 -5.61298944 -4.12666971 -3.17866309 -2.41862394 -1.48093914 -1.35401993 -1.11675353 -0.88196541 -0.93333646 -0.97160155 
3.63500199 8.57492631 -3.63634191 1.71788625 -0.98530389 0.32304458 -0.56574326 0.36352912 -0.19483670 -0.04389589 -0.21071404 -0.29650328 -0.64449132 
4.12368432 15.60116543 -11.42406771 9.37502699 -8.12379415 6.82364753 -6.38883257 5.51972001 -4.71686352 3.89959897 -3.61961542 2.62485410 -3.11073120 
3.89584648 13.02654790 -8.04486549 5.55686519 -4.12970233 2.83537184 -2.53680946 1.89254075 -1.37154758 0.86724240 -0.91630799 0.25354486 -1.06722751 
3.41933582 14.20860799 -9.51881744 7.13898896 -5.70121108 4.32590459 -3.90426283 3.11598593 -2.44433774 1.79334245 -1.70385498 0.91395454 -1.61197099 
3.42522866 14.15041794 -9.44319923 7.05457649 -5.61414840 4.24033438 -3.82303950 3.04091785 -2.37645214 1.73304202 -1.65119601 0.86870896 -1.57378099 
3.76139073 14.42472135 -9.80245594 7.45865559 -6.03400196 4.65594100 -4.22027937 3.41053499 -2.71288787 2.03373760 -1.91533326 1.09691822 -1.76742707 
3.77403084 14.59177805 -10.02473901 7.71249804 -6.30167392 4.92468572 -4.48069621 3.65607679 -2.93925601 2.23851359 -2.09728165 1.25581522 -1.90364889 
3.78862109 14.44924931 -9.83492683 7.49555539 -6.07272686 4.69464281 -4.25761487 3.44558600 -2.74506733 2.06273261 -1.94099921 1.11925310 -1.78650977 
3.80110545 14.61330057 -10.05356900 7.74563333 -6.33683268 4.96019691 -4.51530642 3.68889258 -2.96967197 2.26616828 -2.12197201 1.27747529 -1.92229833 
3.65461532 15.60841936 -11.43446980 9.38778407 -8.13820371 6.83909794 -6.40478281 5.53570269 -4.73248227 3.91452866 -3.63359192 2.63767472 -3.12224744 
3.66426159 15.60843444 -11.43449142 9.38781059 -8.13823367 6.83913008 -6.40481599 5.53573595 -4.73251477 3.91455973 -3.63362102 2.63770141 -3.12227142 
3.67386155 15.60844929 -11.43451273 9.38783674 -8.13826321 6.83916175 -6.40484870 5.53576873 -4.73254681 3.91459036 -3.63364970 2.63772772 -3.12229506 
3.68341565 15.60846394 -11.43453374 9.38786251 -8.13829232 6.83919298 -6.40488094 5.53580104 -4.73257839 3.91462056 -3.63367796 2.63775365 -3.12231835 
3.69292433 15.60847838 -11.43455445 9.38788791 -8.13832102 6.83922376 -6.40491272 5.53583289 -4.73260952 3.91465032 -3.63370583 2.63777922 -3.12234132 
3.54532887 14.33483496 -9.68394816 7.32451296 -5.89376213 4.51629904 -4.08604626 3.28494848 -2.59797156 1.93051755 -1.82423584 1.01786521 -1.70006520 
3.55083715 14.28050456 -9.61268844 7.24425332 -5.81026090 4.43354127 -4.00685371 3.21118138 -2.53075668 1.87038501 -1.77136674 0.97214968 -1.66124335 
3.55548105 14.34459168 -9.69677461 7.33899144 -5.90885789 4.53129145 -4.10042165 3.29836508 -2.61021936 1.94149424 -1.83390286 1.02623740 -1.70718563 
3.56095952 14.29056681 -9.62586504 7.25907131 -5.82565431 4.44877568 -4.02141145 3.22472344 -2.54307980 1.88139605 -1.78103640 0.98050176 -1.66832851 
3.72118210 15.60852049 -11.43461485 9.38796200 -8.13840473 6.83931353 -6.40500541 5.53592579 -4.73270032 3.91473712 -3.63378711 2.63785378 -3.12240831 
3.57563314 14.36377952 -9.72202575 7.36752341 -5.93863531 4.56089269 -4.12883044 3.32490240 -2.63446538 1.96324136 -1.85306983 1.04284896 -1.72132318 
3.21682078 13.91227313 -9.13704946 6.71634742 -5.26879967 3.90417341 -3.50693096 2.75139729 -2.11690286 1.50437681 -1.45305000 0.69968604 -1.43209889 
3.21022606 13.97712689 -9.21989498 6.80731313 -5.36112372 3.99352186 -3.59047680 2.82749787 -2.18476502 1.56386533 -1.50435458 0.74325593 -1.46846561 
3.38777691 15.60999040 -11.43672330 9.39054849 -8.14132701 6.84244765 -6.40824168 5.53916935 -4.73587069 3.91776822 -3.63662521 2.64045763 -3.12474762 
3.38777691 15.60999040 -11.43672330 9.39054849 -8.14132701 6.84244765 -6.40824168 5.53916935 -4.73587069 3.91776822 -3.63662521 2.64045763 -3.12474762 
3.20481007 13.89766244 -9.11843992 6.69597134 -5.24817610 3.88426723 -3.48836529 2.73452812 -2.10189591 1.49125127 -1.44175427 0.69011232 -1.42412313 
2.97392585 15.60688873 -11.43227448 9.38509128 -8.13516161 6.83583560 -6.40141443 5.53232698 -4.72918298 3.91137453 -3.63063881 2.63496553 -3.11981364 
2.96028959 15.60684619 -11.43221347 9.38501644 -8.13507707 6.83574494 -6.40132083 5.53223318 -4.72909130 3.91128689 -3.63055676 2.63489027 -3.11974602 
3.17384679 13.93391781 -9.16465494 6.74661226 -5.29947054 3.93381309 -3.53460702 2.77657286 -2.13932369 1.52400692 -1.46995987 0.71403101 -1.44405985 
3.35434995 15.60999040 -11.43672330 9.39054849 -8.14132701 6.84244765 -6.40824168 5.53916935 -4.73587069 3.91776822 -3.63662521 2.64045763 -3.12474762 
3.35434995 15.60999040 -11.43672330 9.39054849 -8.14132701 6.84244765 -6.40824168 5.53916935 -4.73587069 3.91776822 -3.63662521 2.64045763 -3.12474762 
3.16834362 13.85269118 -9.06128587 6.63352408 -5.18510053 3.82350620 -3.43180475 2.68323144 -2.05634363 1.45147685 -1.40757913 0.66118985 -1.40006220 
3.16157330 13.91913726 -9.14579916 6.72593499 -5.27851090 3.91355353 -3.51568547 2.75935717 -2.12398860 1.51057799 -1.45838973 0.70421417 -1.43587315 
3.34308231 15.60999040 -11.43672330 9.39054849 -8.14132701 6.84244765 -6.40824168 5.53916935 -4.73587069 3.91776822 -3.63662521 2.64045763 -3.12474762 
3.34308231 15.60999040 -11.43672330 9.39054849 -8.14132701 6.84244765 -6.40824168 5.53916935 -4.73587069 3.91776822 -3.63662521 2.64045763 -3.12474762 
3.15604047 13.83730977 -9.04178109 6.61225862 -5.16366605 3.80289979 -3.41266037 2.66590158 -2.04098248 1.43808710 -1.39609294 0.65148370 -1.39199917 
2.91881395 15.60671318 -11.43202271 9.38478247 -8.13481275 6.83546150 -6.40102819 5.53193992 -4.72880469 3.91101290 -3.63030025 2.63465494 -3.11953462 
2.90479537 15.60666696 -11.43195642 9.38470117 -8.13472092 6.83536302 -6.40092651 5.53183802 -4.72870511 3.91091770 -3.63021112 2.63457318 -3.11946117 
2.89067784 15.60661976 -11.43188873 9.38461814 -8.13462712 6.83526244 -6.40082267 5.53173396 -4.72860341 3.91082048 -3.63012009 2.63448968 -3.11938616 
2.87645995 15.60657155 -11.43181958 9.38453333 -8.13453132 6.83515970 -6.40071660 5.53162766 -4.72849952 3.91072117 -3.63002712 2.63440439 -3.11930954 
3.09906214 13.84224720 -9.04803970 6.61907965 -5.17053881 3.80950473 -3.41879461 2.67145260 -2.04590134 1.44237341 -1.39976886 0.65458915 -1.39457826 
3.09337623 13.75730916 -8.94069136 6.50241738 -5.05331779 3.69715120 -3.31471696 2.57750526 -1.96285273 1.37016747 -1.33797683 0.60248945 -1.35139052 
3.08632453 13.82624603 -9.02776513 6.59699183 -5.14829206 3.78813278 -3.39895281 2.65350353 -2.03000165 1.42852270 -1.38789408 0.64455999 -1.38625116 
3.08060703 13.74066377 -8.91973326 6.47972350 -5.03059597 3.67544702 -3.29467798 2.55947468 -1.94696306 1.35639237 -1.32622067 0.59260243 -1.34321462 
3.07350618 13.81002816 -9.00724043 6.57465718 -5.12582189 3.76656939 -3.37895419 2.63543086 -2.01400806 1.41460291 -1.37597037 0.63449756 -1.37790284 
3.06775674 13.72379400 -8.89851906 6.45677987 -5.00765098 3.65355430 -3.27448696 2.54132646 -1.93098597 1.34255470 -1.31442170 0.58268764 -1.33502229 
3.06060606 13.79358955 -8.98646151 6.55207220 -5.10312567 3.74481285 -3.35879777 2.61723427 -1.99792069 1.40061449 -1.36399833 0.62440255 -1.36953399 
3.25058028 15.60999040 -11.43672330 9.39054849 -8.14132701 6.84244765 -6.40824168 5.53916935 -4.73587069 3.91776822 -3.63662521 2.64045763 -3.12474762 
3.25058028 15.60999040 -11.43672330 9.39054849 -8.14132701 6.84244765 -6.40824168 5.53916935 -4.73587069 3.91776822 -3.63662521 2.64045763 -3.12474762 
3.44671450 14.17336561 -9.47298171 7.08778166 -5.64835494 4.27391567 -3.85487912 3.07031259 -2.40300652 1.75660596 -1.67175450 0.88635762 -1.58866495 
3.45158036 14.24183110 -9.56213421 7.18749776 -5.75139834 4.37537886 -3.95135994 3.15963598 -2.48391801 1.82858996 -1.73471025 0.94052603 -1.63444755 
3.26237972 15.60999040 -11.43672330 9.39054849 -8.14132701 6.84244765 -6.40824168 5.53916935 -4.73587069 3.91776822 -3.63662521 2.64045763 -3.12474762 
3.26237972 15.60999040 -11.43672330 9.39054849 -8.14132701 6.84244765 -6.40824168 5.53916935 -4.73587069 3.91776822 -3.63662521 2.64045763 -3.12474762 
3.26237972 15.60999040 -11.43672330 9.39054849 -8.14132701 6.84244765 -6.40824168 5.53916935 -4.73587069 3.91776822 -3.63662521 2.64045763 -3.12474762 
3.26237972 15.60999040 -11.43672330 9.39054849 -8.14132701 6.84244765 -6.40824168 5.53916935 -4.73587069 3.91776822 -3.63662521 2.64045763 -3.12474762 
3.26237972 15.60999040 -11.43672330 9.39054849 -8.14132701 6.84244765 -6.40824168 5.53916935 -4.73587069 3.91776822 -3.63662521 2.64045763 -3.12474762 
3.45737217 14.18464055 -9.48763299 7.10413625 -5.66522237 4.29049333 -3.87061406 3.08485458 -2.41615666 1.76828636 -1.68195437 0.89512125 -1.59606174 
3.46221490 14.25264827 -9.57626028 7.20334127 -5.76781451 4.39158505 -3.96680892 3.17397352 -2.49693564 1.84019680 -1.74488255 0.94929562 -1.64187340 
3.08060703 13.74066377 -8.91973326 6.47972350 -5.03059597 3.67544702 -3.29467798 2.55947468 -1.94696306 1.35639237 -1.32622067 0.59260243 -1.34321462 
3.07350618 13.81002816 -9.00724043 6.57465718 -5.12582189 3.76656939 -3.37895419 2.63543086 -2.01400806 1.41460291 -1.37597037 0.63449756 -1.37790284 
3.26237972 15.60999040 -11.43672330 9.39054849 -8.14132701 6.84244765 -6.40824168 5.53916935 -4.73587069 3.91776822 -3.63662521 2.64045763 -3.12474762 
3.26237972 15.60999040 -11.43672330 9.39054849 -8.14132701 6.84244765 -6.40824168 5.53916935 -4.73587069 3.91776822 -3.63662521 2.64045763 -3.12474762 
3.26237972 15.60999040 -11.43672330 9.39054849 -8.14132701 6.84244765 -6.40824168 5.53916935 -4.73587069 3.91776822 -3.63662521 2.64045763 -3.12474762 
3.26237972 15.60999040 -11.43672330 9.39054849 -8.14132701 6.84244765 -6.40824168 5.53916935 -4.73587069 3.91776822 -3.63662521 2.64045763 -3.12474762 
3.26237972 15.60999040 -11.43672330 9.39054849 -8.14132701 6.84244765 -6.40824168 5.53916935 -4.73587069 3.91776822 -3.63662521 2.64045763 -3.12474762 
3.26237972 15.60999040 -11.43672330 9.39054849 -8.14132701 6.84244765 -6.40824168 5.53916935 -4.73587069 3.91776822 -3.63662521 2.64045763 -3.12474762 
3.26237972 15.60999040 -11.43672330 9.39054849 -8.14132701 6.84244765 -6.40824168 5.53916935 -4.73587069 3.91776822 -3.63662521 2.64045763 -3.12474762 
3.26237972 15.60999040 -11.43672330 9.39054849 -8.14132701 6.84244765 -6.40824168 5.53916935 -4.73587069 3.91776822 -3.63662521 2.64045763 -3.12474762 
3.26237972 15.60999040 -11.43672330 9.39054849 -8.14132701 6.84244765 -6.40824168 5.53916935 -4.73587069 3.91776822 -3.63662521 2.64045763 -3.12474762 
3.26237972 15.60999040 -11.43672330 9.39054849 -8.14132701 6.84244765 -6.40824168 5.53916935 -4.73587069 3.91776822 -3.63662521 2.64045763 -3.12474762 
3.26237972 15.60999040 -11.43672330 9.39054849 -8.14132701 6.84244765 -6.40824168 5.53916935 -4.73587069 3.91776822 -3.63662521 2.64045763 -3.12474762 
3.26237972 15.60999040 -11.43672330 9.39054849 -8.14132701 6.84244765 -6.40824168 5.53916935 -4.73587069 3.91776822 -3.63662521 2.64045763 -3.12474762 
3.06775674 13.72379400 -8.89851906 6.45677987 -5.00765098 3.65355430 -3.27448696 2.54132646 -1.93098597 1.34255470 -1.31442170 0.58268764 -1.33502229 
3.06060606 13.79358955 -8.98646151 6.55207220 -5.10312567 3.74481285 -3.35879777 2.61723427 -1.99792069 1.40061449 -1.36399833 0.62440255 -1.36953399 
3.25058028 15.60999040 -11.43672330 9.39054849 -8.14132701 6.84244765 -6.40824168 5.53916935 -4.73587069 3.91776822 -3.63662521 2.64045763 -3.12474762 
3.44671450 14.17336561 -9.47298171 7.08778166 -5.64835494 4.27391567 -3.85487912 3.07031259 -2.40300652 1.75660596 -1.67175450 0.88635762 -1.58866495 
3.45158036 14.24183110 -9.56213421 7.18749776 -5.75139834 4.37537886 -3.95135994 3.15963598 -2.48391801 1.82858996 -1.73471025 0.94052603 -1.63444755 
3.26237972 15.60999040 -11.43672330 9.39054849 -8.14132701 6.84244765 -6.40824168 5.53916935 -4.73587069 3.91776822 -3.63662521 2.64045763 -3.12474762 
3.26237972 15.60999040 -11.43672330 9.39054849 -8.14132701 6.84244765 -6.40824168 5.53916935 -4.73587069 3.91776822 -3.63662521 2.64045763 -3.12474762 
3.26237972 15.60999040 -11.43672330 9.39054849 -8.14132701 6.84244765 -6.40824168 5.53916935 -4.73587069 3.91776822 -3.63662521 2.64045763 -3.12474762 
3.45737217 14.18464055 -9.48763299 7.10413625 -5.66522237 4.29049333 -3.87061406 3.08485458 -2.41615666 1.76828636 -1.68195437 0.89512125 -1.59606174 
3.46221490 14.25264827 -9.57626028 7.20334127 -5.76781451 4.39158505 -3.96680892 3.17397352 -2.49693564 1.84019680 -1.74488255 0.94929562 -1.64187340 
3.46797379 14.19578562 -9.50212730 7.12032830 -5.68193489 4.30693080 -3.88622705 3.09929379 -2.42922252 1.77989918 -1.69210125 0.90384421 -1.60342813 
3.47279361 14.26334019 -9.59023362 7.21902521 -5.78407720 4.40765095 -3.98213458 3.18820597 -2.50986604 1.85173277 -1.75499849 0.95802126 -1.64926580 
3.47851995 14.20680286 -9.51646687 7.13635986 -5.69849424 4.32322941 -3.90171901 3.11363083 -2.44220443 1.79144454 -1.70219511 0.91252636 -1.61076392 
3.48331707 14.27390879 -9.60405642 7.23455164 -5.80018814 4.42357796 -3.99733793 3.20233401 -2.52270962 1.86319807 -1.76505809 0.96670289 -1.65662461 
3.48901122 14.21769422 -9.53065385 7.15223296 -5.71490211 4.33939047 -3.91709092 3.12786631 -2.45510274 1.80292256 -1.71223592 0.92116758 -1.61806892 
3.65461532 15.60841936 -11.43446980 9.38778407 -8.13820371 6.83909794 -6.40478281 5.53570269 -4.73248227 3.91452866 -3.63359192 2.63767472 -3.12224744 
3.66426159 15.60843444 -11.43449142 9.38781059 -8.13823367 6.83913008 -6.40481599 5.53573595 -4.73251477 3.91455973 -3.63362102 2.63770141 -3.12227142 
3.51456160 14.30489359 -9.64464258 7.28020581 -5.84762762 4.47053924 -4.04222432 3.24409861 -2.56072362 1.89717197 -1.79489940 0.99248303 -1.67849821 
3.52016129 14.24963217 -9.57232046 7.19892126 -5.76323353 4.38706152 -3.96249568 3.16996963 -2.49329951 1.83695404 -1.74203999 0.94684456 -1.63979752 
3.68341565 15.60846394 -11.43453374 9.38786251 -8.13829232 6.83919298 -6.40488094 5.53580104 -4.73257839 3.91462056 -3.63367796 2.63775365 -3.12231835 
3.53512525 14.32496751 -9.67098528 7.30989043 -5.87852623 4.50117707 -4.07155556 3.27143234 -2.58563997 1.91947178 -1.81451298 1.00944874 -1.69291043 
3.54066367 14.27032918 -9.59937343 7.22929020 -5.79472734 4.41817827 -3.99218245 3.19754215 -2.51835251 1.85930779 -1.76164415 0.96375608 -1.65412639 
3.54532887 14.33483496 -9.68394816 7.32451296 -5.89376213 4.51629904 -4.08604626 3.28494848 -2.59797156 1.93051755 -1.82423584 1.01786521 -1.70006520 
3.55083715 14.28050456 -9.61268844 7.24425332 -5.81026090 4.43354127 -4.00685371 3.21118138 -2.53075668 1.87038501 -1.77136674 0.97214968 -1.66124335 
3.71180714 15.60850665 -11.43459500 9.38793765 -8.13837722 6.83928402 -6.40497495 5.53589526 -4.73267048 3.91470860 -3.63376040 2.63782928 -3.12238630 
3.72118210 15.60852049 -11.43461485 9.38796200 -8.13840473 6.83931353 -6.40500541 5.53592579 -4.73270032 3.91473712 -3.63378711 2.63785378 -3.12240831 
3.73051333 15.60853413 -11.43463442 9.38798601 -8.13843185 6.83934262 -6.40503545 5.53595589 -4.73272974 3.91476525 -3.63381345 2.63787795 -3.12243002 
3.73980122 15.60854759 -11.43465372 9.38800968 -8.13845860 6.83937130 -6.40506507 5.53598558 -4.73275876 3.91479300 -3.63383942 2.63790178 -3.12245143 
3.90253748 14.54740394 -9.96543746 7.64449338 -6.22967332 4.85211529 -4.41011007 3.58928107 -2.87746154 2.18242916 -2.04729365 1.21203220 -1.86600883 
3.91438847 14.69930459 -10.16921252 7.87903259 -6.47888100 5.10415896 -4.65608005 3.82279435 -3.09416342 2.37968834 -2.22360491 1.36686765 -1.99945778 
3.77652739 15.60859960 -11.43472831 9.38810119 -8.13856198 6.83948217 -6.40517955 5.53610031 -4.73287089 3.91490020 -3.63393980 2.63799387 -3.12253416 
3.78560451 15.60861216 -11.43474633 9.38812329 -8.13858695 6.83950895 -6.40520720 5.53612802 -4.73289798 3.91492610 -3.63396404 2.63801611 -3.12255414 
3.79464062 15.60862455 -11.43476411 9.38814509 -8.13861158 6.83953537 -6.40523448 5.53615536 -4.73292470 3.91495165 -3.63398796 2.63803806 -3.12257386 
3.80363610 15.60863678 -11.43478164 9.38816660 -8.13863589 6.83956143 -6.40526139 5.53618233 -4.73295107 3.91497685 -3.63401156 2.63805971 -3.12259331 
3.81259129 15.60864884 -11.43479895 9.38818783 -8.13865987 6.83958715 -6.40528794 5.53620894 -4.73297708 3.91500172 -3.63403485 2.63808107 -3.12261250 
3.96956193 14.60189139 -10.03828063 7.72805585 -6.31817557 4.94134675 -4.49692882 3.67146258 -2.95351198 2.25147134 -2.10884704 1.26595836 -1.91237988 
3.98105374 14.74695608 -10.23358851 7.95362869 -6.55866190 5.18535501 -4.73580107 3.89892175 -3.16520815 2.44470381 -2.28201011 1.41840300 -2.04407655 
3.99413098 14.62127703 -10.06426484 7.75793876 -6.34990226 4.97340984 -4.52819577 3.70112436 -2.98101876 2.27649320 -2.13119718 1.28557401 -1.92927612 
4.13256894 15.60609678 -11.43113870 9.38369822 -8.13358795 6.83414811 -6.39967219 5.53058106 -4.72747668 3.90974338 -3.62911170 2.63356462 -3.11855518 
4.02162310 14.77491693 -10.27146336 7.99762819 -6.60583572 5.23347932 -4.78315936 3.94424521 -3.20759544 2.48357197 -2.31699320 1.44932685 -2.07089608 
4.03442353 14.65239955 -10.10605556 7.80608230 -6.40110142 5.02523467 -4.57881210 3.74921405 -3.02567891 2.31717429 -2.16758166 1.31754595 -1.95684777 
4.17028165 15.60624071 -11.43134512 9.38395139 -8.13387394 6.83445478 -6.39998881 5.53089833 -4.72778675 3.91003979 -3.62938920 2.63381919 -3.11878385 
4.18516985 15.60629606 -11.43142450 9.38404875 -8.13398391 6.83457270 -6.40011056 5.53102034 -4.72790599 3.91015378 -3.62949592 2.63391709 -3.11887179 
4.32276447 14.81542390 -10.32646450 8.06167039 -6.67465123 5.30383152 -4.85253496 4.01077247 -3.26993225 2.54083735 -2.36862362 1.49504064 -2.11060410 
4.33899940 15.00272941 -10.58281826 8.36244252 -7.00023256 5.63904853 -5.18537109 4.33206113 -3.57290399 2.82084542 -2.62253071 1.72107096 -2.30795478 
4.23642273 15.60648043 -11.43168891 9.38437305 -8.13435026 6.83496555 -6.40051614 5.53142678 -4.72830320 3.91053350 -3.62985142 2.63424320 -3.11916475 
4.37056414 14.84606443 -10.36817237 8.11034988 -6.72707968 5.35754935 -4.90562043 4.06178344 -3.31782484 2.58491626 -2.40843599 1.53034991 -2.14132364 
4.49277375 15.60388386 -11.42796535 9.37980639 -8.12919194 6.82943451 -6.39480605 5.52570497 -4.72271158 3.90518847 -3.62484756 2.62965311 -3.11504159 
4.51176080 15.60399849 -11.42812972 9.38000797 -8.12941962 6.82967862 -6.39505805 5.52595747 -4.72295832 3.90542431 -3.62506834 2.62985562 -3.11522350 
4.53056930 15.60410993 -11.42828952 9.38020393 -8.12964095 6.82991593 -6.39530303 5.52620294 -4.72319819 3.90565360 -3.62528298 2.63005250 -3.11540034 
4.54920257 15.60421828 -11.42844489 9.38039447 -8.12985618 6.83014669 -6.39554125 5.52644164 -4.72343145 3.90587655 -3.62549169 2.63024396 -3.11557231 
4.67001387 14.98704969 -10.56123060 8.33697061 -6.97250865 5.61035470 -5.15673741 4.30428692 -3.54659167 2.79642070 -2.60029068 1.70119528 -2.29053653 
4.68929859 15.18783546 -10.83943164 8.66722760 -7.33408103 5.98669017 -5.53433214 4.67247216 -3.89715705 3.12339391 -2.89937002 1.96962507 -2.52673685 
4.61008881 15.60455865 -11.42893297 9.38099303 -8.13053225 6.83087159 -6.39628958 5.52719148 -4.72416419 3.90657696 -3.62614737 2.63084540 -3.11611256 
4.62799901 15.60465491 -11.42907099 9.38116231 -8.13072345 6.83107659 -6.39650122 5.52740354 -4.72437143 3.90677505 -3.62633282 2.63101550 -3.11626535 
4.54725991 15.10251475 -10.72074795 8.52580798 -7.17869381 5.82440258 -5.37096401 4.51267111 -3.74454363 2.98064483 -2.76844655 1.85182072 -2.42282790 
4.56342795 14.95968056 -10.52360502 8.29263798 -6.92432256 5.56054820 -5.10709817 4.25619626 -3.50108540 2.75422570 -2.56191015 1.66692888 -2.26053507 
4.67498999 15.60489943 -11.42942164 9.38159234 -8.13120918 6.83159741 -6.39703889 5.52794230 -4.72489792 3.90727832 -3.62680395 2.63144767 -3.11665355 
4.69233081 15.60498681 -11.42954695 9.38174601 -8.13138277 6.83178354 -6.39723103 5.52813484 -4.72508608 3.90745817 -3.62697232 2.63160212 -3.11679229 
4.61412850 15.13133400 -10.76075937 8.57339693 -7.23089056 5.87882505 -5.42565954 4.56608853 -3.79548180 3.02822278 -2.81202418 1.89098182 -2.45732811 
4.52535020 15.60736046 -11.43295104 9.38592113 -8.13609908 6.83684091 -6.40245238 5.53336717 -4.73019959 3.91234639 -3.63154872 2.63580026 -3.12056350 
4.64156893 15.00138787 -10.58097033 8.36026106 -6.99785716 5.63658895 -5.18291564 4.32967842 -3.57064582 2.81874847 -2.62062066 1.71936341 -2.30645788 
4.74907117 15.60526240 -11.42994214 9.38223069 -8.13193024 6.83237056 -6.39783706 5.52874211 -4.72567953 3.90802545 -3.62750339 2.63208928 -3.11722989 
4.76578407 15.60534065 -11.43005435 9.38236830 -8.13208568 6.83253724 -6.39800914 5.52891454 -4.72584804 3.90818653 -3.62765419 2.63222761 -3.11735414 
4.69038196 15.16241608 -10.80400050 8.62492726 -7.28751622 5.93797102 -5.48520477 4.62433865 -3.85111644 3.08026535 -2.85975883 1.93393606 -2.49521809 
4.70539031 15.03370899 -10.62553916 8.41292754 -7.05526248 5.69608453 -5.24236548 4.38741762 -3.62541312 2.86964597 -2.66701671 1.76087020 -2.34286871 
4.71895454 15.17359046 -10.81956855 8.64350501 -7.30795781 5.95934930 -5.50675339 4.64544308 -3.87129567 3.09916155 -2.87710812 1.94956253 -2.50901447 
4.73374185 15.04757981 -10.64469655 8.43559993 -7.08001104 5.72177016 -5.26806600 4.41241103 -3.64914957 2.89173122 -2.68717120 1.77891976 -2.35871808 
4.83663498 15.60565825 -11.43050981 9.38292690 -8.13271666 6.83321383 -6.39870764 5.52961448 -4.72653206 3.90884040 -3.62826633 2.63278914 -3.11785856 
4.85263481 15.60572692 -11.43060829 9.38304768 -8.13285309 6.83336012 -6.39885867 5.52976583 -4.72667997 3.90898179 -3.62839869 2.63291056 -3.11796763 
4.95655342 15.12348761 -10.74985799 8.56042218 -7.21665020 5.86396815 -5.41071909 4.55148874 -3.78155191 3.01520496 -2.80009496 1.88025659 -2.44787519 
4.97339036 15.28308586 -10.97274013 8.82699998 -7.51061899 6.17205623 -5.72189454 4.85684706 -4.07407236 3.28961485 -3.05246709 2.10793070 -2.64919037 
4.90506164 15.60594440 -11.43092018 9.38343020 -8.13328519 6.83382346 -6.39933702 5.53024518 -4.72714843 3.90942960 -3.62881794 2.63329514 -3.11831310 
4.92052541 15.60600641 -11.43100910 9.38353927 -8.13340839 6.83395557 -6.39947341 5.53038185 -4.72728200 3.90955728 -3.62893747 2.63340480 -3.11841160 
5.02099733 15.15026266 -10.78708188 8.60475305 -7.26533411 5.91478857 -5.46185317 4.60148307 -3.82927623 3.05982564 -2.84100269 1.91705118 -2.48031800 
5.11527178 15.60416448 -11.42836775 9.38029986 -8.12974931 6.83003211 -6.39542297 5.52632312 -4.72331563 3.90576585 -3.62538806 2.63014890 -3.11548693 
5.05659420 15.30700866 -11.00635576 8.86744221 -7.55546834 6.21931248 -5.76987068 4.90415904 -4.11960905 3.33252258 -3.09209509 2.14382204 -2.68104529 
4.90830675 15.24152410 -10.91446683 8.75703863 -7.43318892 6.09062643 -5.63937571 4.77561348 -3.99601797 3.21618333 -2.98475009 2.04668541 -2.59490543 
4.83215878 15.60805489 -11.43394703 9.38714282 -8.13747925 6.83832101 -6.40398060 5.53489871 -4.73169646 3.91377741 -3.63288853 2.63702941 -3.12166772 
4.84286345 15.60807548 -11.43397657 9.38717905 -8.13752018 6.83836491 -6.40402593 5.53494414 -4.73174087 3.91381986 -3.63292828 2.63706588 -3.12170047 
4.94211305 15.14083349 -10.77396529 8.58912338 -7.24816041 5.89685193 -5.44379685 4.58382077 -3.81240819 3.04404775 -2.82653178 1.90403025 -2.46883288 
5.03526848 15.60643780 -11.43162778 9.38429807 -8.13426556 6.83487472 -6.40042237 5.53133282 -4.72821137 3.91044571 -3.62976922 2.63416780 -3.11909702 
4.96931514 15.26127867 -10.94214421 8.79024421 -7.46991475 6.12922468 -5.67846613 4.81407238 -4.03295090 3.25091035 -3.01675846 2.07562099 -2.62054103 
4.80875950 15.18313723 -10.83287836 8.65939857 -7.32545718 5.97766179 -5.52522274 4.66354199 -3.88861054 3.11538386 -2.89200966 1.96299048 -2.52087497 
4.81724046 15.11226652 -10.73427809 8.54189054 -7.19632302 5.84277301 -5.38941645 4.53068281 -3.76171066 2.99667171 -2.78311921 1.86500068 -2.43443448 
4.82496860 15.18924242 -10.84139454 8.66957308 -7.33666512 5.98939595 -5.53706269 4.67514943 -3.89971971 3.12579607 -2.90157767 1.97161529 -2.52849550 
4.73970973 15.60945942 -11.43596163 9.38961411 -8.14027129 6.84131537 -6.40707247 5.53799748 -4.73472523 3.91667307 -3.63559977 2.63951680 -3.12390236 
4.74532245 15.60946239 -11.43596589 9.38961934 -8.14027720 6.84132171 -6.40707901 5.53800404 -4.73473164 3.91667919 -3.63560550 2.63952207 -3.12390709 
4.75091946 15.60946534 -11.43597012 9.38962452 -8.14028306 6.84132799 -6.40708550 5.53801054 -4.73473800 3.91668527 -3.63561119 2.63952729 -3.12391178 
4.84938763 15.12606820 -10.75344269 8.56468794 -7.22133128 5.86885113 -5.41562879 4.55628580 -3.78612822 3.01948106 -2.80401299 1.88377877 -2.45097919 
4.85699864 15.20107645 -10.85791195 8.68931828 -7.35842794 6.01219267 -5.56007669 4.69772257 -3.92133398 3.14606332 -2.92020949 1.98841708 -2.54334644 
4.58979681 13.93267478 -9.16306840 6.74487163 -5.29770531 3.93210605 -3.53301203 2.77512105 -2.13802995 1.52287356 -1.46898303 0.71320192 -1.44336821 
4.03621265 11.42394599 -6.25198585 3.82225517 -2.57172896 1.49197032 -1.41207126 0.97057038 -0.62772873 0.27181743 -0.44368339 -0.11952553 -0.77667364 
4.31485883 9.50396165 -4.40957172 2.28175489 -1.36999257 0.58172403 -0.73756152 0.47734406 -0.27010916 0.00886751 -0.24887218 -0.26683947 -0.66676213 
5.37449225 10.51257663 -5.33620757 3.02371874 -1.92407678 0.98462684 -1.02467280 0.67968611 -0.41178303 0.11057314 -0.32300007 -0.21089113 -0.70831429 
5.49242843 12.61664610 -7.56397350 5.07042036 -3.67394029 2.42678787 -2.18203518 1.59167198 -1.12103952 0.66117078 -0.74879982 0.11873585 -0.96032730 
5.12686957 -16.53203808 -11.57815262 -9.60055188 -8.29702808 -7.33657320 -6.42556437 -5.24809584 -4.82293337 -4.25254905 -3.66651930 -3.36344324 -3.05424904 
7.18475971 4.49955390 -1.14749030 0.31705398 -0.22519981 -0.11781214 -0.30387248 0.20321343 -0.09902957 -0.11606408 -0.15627086 -0.34772347 -0.60456617 
8.06734203 13.59587005 -8.73851564 6.28462832 -4.83635763 3.49090708 -3.12518536 2.40773827 -1.81389179 1.24155345 -1.22863078 0.51085168 -1.27586660 
8.08095683 13.80170316 -8.99671421 6.56321274 -5.11431783 3.75553864 -3.36873202 2.62620026 -2.00584541 1.40750362 -1.36989309 0.62937208 -1.37365296 
7.44185149 10.06649233 -4.91515853 2.67801805 -1.65971079 0.78838700 -0.88221582 0.57762773 -0.33925800 0.05807254 -0.28456183 -0.23981692 -0.68684412 
6.24146917 7.87605972 -3.10522663 1.36228427 -0.76190792 0.18257656 -0.47765227 0.30787395 -0.15965186 -0.06856901 -0.19266208 -0.31133026 -0.63314943 
4.47884282 2.04503072 -0.35443329 0.04848946 -0.13658943 -0.17097122 -0.27253619 0.18262503 -0.09175521 -0.12824086 -0.14849143 -0.36121551 -0.59437964 
2.34182192 -7.16300088 -2.09496498 -0.82061465 -0.43728312 -0.37332712 -0.31528576 0.11470162 -0.13690870 -0.18386762 -0.17516536 -0.40203845 -0.58674747 
2.91185379 15.59683139 -11.41785503 9.36741045 -8.11519387 6.81442892 -6.37931860 5.51018942 -4.70755249 3.89070100 -3.61128754 2.61721669 -3.10387228 
2.49681479 9.59166532 -4.48653819 2.34071472 -1.41214674 0.61120596 -0.75782883 0.49116964 -0.27950148 0.01550303 -0.25367074 -0.26318422 -0.66948461 
1.72967855 15.60999040 -11.43672330 9.39054849 -8.14132701 6.84244765 -6.40824168 5.53916935 -4.73587069 3.91776822 -3.63662521 2.64045763 -3.12474762 
1.72967855 15.60999040 -11.43672330 9.39054849 -8.14132701 6.84244765 -6.40824168 5.53916935 -4.73587069 3.91776822 -3.63662521 2.64045763 -3.12474762 
1.72967855 15.60999040 -11.43672330 9.39054849 -8.14132701 6.84244765 -6.40824168 5.53916935 -4.73587069 3.91776822 -3.63662521 2.64045763 -3.12474762 
1.72967855 15.60999040 -11.43672330 9.39054849 -8.14132701 6.84244765 -6.40824168 5.53916935 -4.73587069 3.91776822 -3.63662521 2.64045763 -3.12474762 
1.72967855 15.60999040 -11.43672330 9.39054849 -8.14132701 6.84244765 -6.40824168 5.53916935 -4.73587069 3.91776822 -3.63662521 2.64045763 -3.12474762 
2.14242244 12.15866138 -7.04487699 4.56247756 -3.21319782 2.02624061 -1.84438588 1.31334395 -0.89548999 0.48008545 -0.60479768 0.00499911 -0.87172370 
1.89978537 7.25246026 -2.66785450 1.09042565 -0.60287966 0.08775930 -0.42065553 0.27297614 -0.13832299 -0.08382913 -0.18127026 -0.32129498 -0.62540625 
1.33585560 10.28858876 -5.12256225 2.84656314 -1.78730925 0.88224303 -0.94977168 0.62564877 -0.37313641 0.08248422 -0.30238352 -0.22640007 -0.69679943 
1.72967855 15.60999040 -11.43672330 9.39054849 -8.14132701 6.84244765 -6.40824168 5.53916935 -4.73587069 3.91776822 -3.63662521 2.64045763 -3.12474762 
1.32482747 10.07338324 -4.92152721 2.68314251 -1.66355311 0.79118898 -0.88421663 0.57903972 -0.34024752 0.05878271 -0.28507908 -0.23942715 -0.68713334 
1.30579185 10.19947627 -5.03881453 2.77809516 -1.73517293 0.84369485 -0.92189334 0.60574652 -0.35904015 0.07230260 -0.29493993 -0.23200136 -0.69264313 
1.70420050 15.60999040 -11.43672330 9.39054849 -8.14132701 6.84244765 -6.40824168 5.53916935 -4.73587069 3.91776822 -3.63662521 2.64045763 -3.12474762 
1.70420050 15.60999040 -11.43672330 9.39054849 -8.14132701 6.84244765 -6.40824168 5.53916935 -4.73587069 3.91776822 -3.63662521 2.64045763 -3.12474762 
2.12203191 12.11550524 -6.99694873 4.51649535 -3.17228767 1.99132333 -1.81546971 1.28991118 -0.87680734 0.46530031 -0.59318997 -0.00407280 -0.86472653 
2.42482217 15.60462311 -11.42902540 9.38110638 -8.13066028 6.83100887 -6.39643130 5.52733348 -4.72430297 3.90670961 -3.62627155 2.63095931 -3.11621488 
2.73556445 13.15017150 -8.19293535 5.70965664 -4.27565546 2.96864737 -2.65460332 1.99415153 -1.45753600 0.93903178 -0.97545868 0.30172074 -1.10586465 
