9.57112870 0.23747102 -0.10870237 -0.01461587 -0.12503892 -0.19092826 -0.26145426 0.17373250 -0.09213263 -0.13505653 -0.14692984 -0.36873435 -0.58934073 
2.80381370 15.60631424 -11.43145056 9.38408072 -8.13402003 6.83461143 -6.40015054 5.53106041 -4.72794515 3.91019121 -3.62953096 2.63394924 -3.11890067 
2.78896235 15.60625930 -11.43137178 9.38398409 -8.13391087 6.83449438 -6.40002969 5.53093931 -4.72782679 3.91007807 -3.62942504 2.63385206 -3.11881338 
2.77399990 15.60620312 -11.43129121 9.38388527 -8.13379925 6.83437468 -6.39990611 5.53081547 -4.72770576 3.90996237 -3.62931672 2.63375270 -3.11872413 
3.00816688 13.72554365 -8.90071806 6.45915684 -5.01002684 3.65582004 -3.27657556 2.54320286 -1.93263713 1.34398414 -1.31564004 0.58371105 -1.33586760 
3.00225247 13.63593014 -8.78845743 6.33819173 -4.88948901 3.54120639 -3.17122384 2.44881583 -1.84980014 1.27244816 -1.25481026 0.53272440 -1.29384037 
2.74373493 15.60608689 -11.43112452 9.38368083 -8.13356830 6.83412704 -6.39965044 5.53055926 -4.72745537 3.90972302 -3.62909263 2.63354714 -3.11853946 
2.72842896 15.60602676 -11.43103829 9.38357507 -8.13344883 6.83399893 -6.39951818 5.53042672 -4.72732584 3.90959919 -3.62897671 2.63344079 -3.11844394 
2.71300495 15.60596523 -11.43095005 9.38346684 -8.13332658 6.83386783 -6.39938283 5.53029109 -4.72719330 3.90947249 -3.62885809 2.63333198 -3.11834619 
2.95433277 13.65361655 -8.81055421 6.36194025 -4.91309381 3.56359654 -3.19175606 2.46716907 -1.86587202 1.28629877 -1.26656508 0.54255942 -1.30193323 
2.94827972 13.56114683 -8.69534814 6.23845527 -4.79067752 3.44777106 -3.08580009 2.37268027 -1.78331540 1.21530230 -1.20643065 0.49233785 -1.26067976 
2.68179543 15.60583779 -11.43076729 9.38324269 -8.13307338 6.83359633 -6.39910253 5.53001020 -4.72691879 3.90921008 -3.62861242 2.63310662 -3.11814375 
2.66600612 15.60577179 -11.43067264 9.38312661 -8.13294225 6.83345573 -6.39895737 5.52986474 -4.72677663 3.90907419 -3.62848520 2.63298991 -3.11803891 
2.65009117 15.60570421 -11.43057572 9.38300774 -8.13280798 6.83331174 -6.39880872 5.52971578 -4.72663106 3.90893503 -3.62835492 2.63287041 -3.11793156 
2.63404856 15.60563499 -11.43047646 9.38288599 -8.13267045 6.83316428 -6.39865648 5.52956322 -4.72648197 3.90879251 -3.62822150 2.63274801 -3.11782162 
2.61787623 15.60556408 -11.43037477 9.38276128 -8.13252957 6.83301322 -6.39850052 5.52940694 -4.72632924 3.90864652 -3.62808482 2.63262263 -3.11770899 
2.60157206 15.60549142 -11.43027057 9.38263349 -8.13238523 6.83285844 -6.39834073 5.52924682 -4.72617276 3.90849694 -3.62794479 2.63249418 -3.11759360 
2.58513389 15.60541697 -11.43016380 9.38250254 -8.13223731 6.83269982 -6.39817698 5.52908273 -4.72601240 3.90834365 -3.62780128 2.63236253 -3.11747535 
2.56855949 15.60534065 -11.43005435 9.38236830 -8.13208568 6.83253724 -6.39800914 5.52891454 -4.72584804 3.90818653 -3.62765419 2.63222761 -3.11735414 
2.82770612 13.47592719 -8.58987977 6.12613202 -4.68002270 3.34370204 -2.99115297 2.28875159 -1.71038269 1.15289951 -1.15382595 0.44859652 -1.22489923 
2.82131731 13.37647632 -8.46765226 5.99683121 -4.55347413 3.22543014 -2.88424160 2.19450364 -1.62894467 1.08358546 -1.09568231 0.40046704 -1.18569835 
2.53499286 15.60518216 -11.42982708 9.38208957 -8.13177084 6.83219965 -6.39766061 5.52856530 -4.72550674 3.90786028 -3.62734876 2.63194744 -3.11710247 
2.79845982 13.43314815 -8.53719072 6.07027892 -4.62524863 3.29241195 -2.94470326 2.24773023 -1.67487575 1.12263025 -1.12839686 0.42751843 -1.20770907 
2.79199155 13.33203126 -8.41332499 5.93966152 -4.49780807 3.17366045 -2.83766765 2.15363547 -1.59378773 1.05378579 -1.07078127 0.37992715 -1.16902498 
2.50085325 15.60501544 -11.42958800 9.38179636 -8.13143964 6.83184452 -6.39729398 5.52819792 -4.72514772 3.90751710 -3.62702749 2.63165273 -3.11683775 
2.48356240 15.60492881 -11.42946377 9.38164400 -8.13126754 6.83165999 -6.39710349 5.52800704 -4.72496118 3.90733879 -3.62686056 2.63149960 -3.11670020 
2.46612076 15.60483990 -11.42933627 9.38148764 -8.13109092 6.83147061 -6.39690798 5.52781113 -4.72476974 3.90715579 -3.62668924 2.63134245 -3.11655904 
2.44852568 15.60474863 -11.42920539 9.38132712 -8.13090962 6.83127621 -6.39670729 5.52761003 -4.72457321 3.90696794 -3.62651338 2.63118114 -3.11641413 
2.43077444 15.60465491 -11.42907099 9.38116231 -8.13072345 6.83107659 -6.39650122 5.52740354 -4.72437143 3.90677505 -3.62633282 2.63101550 -3.11626535 
2.41286423 15.60455865 -11.42893297 9.38099303 -8.13053225 6.83087159 -6.39628958 5.52719148 -4.72416419 3.90657696 -3.62614737 2.63084540 -3.11611256 
2.39479219 15.60445977 -11.42879118 9.38081914 -8.13033584 6.83066099 -6.39607218 5.52697363 -4.72395131 3.90637348 -3.62595688 2.63067066 -3.11595560 
2.37655536 15.60435817 -11.42864548 9.38064046 -8.13013402 6.83044460 -6.39584879 5.52674979 -4.72373258 3.90616439 -3.62576115 2.63049112 -3.11579433 
2.35815071 15.60425374 -11.42849574 9.38045682 -8.12992660 6.83022220 -6.39561920 5.52651974 -4.72350777 3.90594951 -3.62555999 2.63030660 -3.11562858 
2.64555616 13.19848142 -8.25118201 5.77014462 -4.33379624 3.02205385 -2.70207750 2.03533051 -1.49256896 0.96842274 -0.99978466 0.32161349 -1.12188011 
2.87406769 15.60999040 -11.43672330 9.39054849 -8.14132701 6.84244765 -6.40824168 5.53916935 -4.73587069 3.91776822 -3.63662521 2.64045763 -3.12474762 
2.87406769 15.60999040 -11.43672330 9.39054849 -8.14132701 6.84244765 -6.40824168 5.53916935 -4.73587069 3.91776822 -3.63662521 2.64045763 -3.12474762 
2.63866105 13.08831574 -8.11867144 5.63284910 -4.20212183 2.90135811 -2.59500843 1.94264248 -1.41386388 0.90250787 -0.94531673 0.27713623 -1.08612105 
2.32082540 15.60403598 -11.42818349 9.38007390 -8.12949409 6.82975846 -6.39514048 5.52604006 -4.72303903 3.90550146 -3.62514056 2.62992187 -3.11528300 
2.30189824 15.60392243 -11.42802066 9.37987422 -8.12926855 6.82951665 -6.39489085 5.52578994 -4.72279460 3.90526783 -3.62492185 2.62972125 -3.11510280 
2.28279025 15.60380560 -11.42785313 9.37966878 -8.12903651 6.82926786 -6.39463402 5.52553260 -4.72254314 3.90502747 -3.62469684 2.62951486 -3.11491742 
2.26349794 15.60368536 -11.42768073 9.37945735 -8.12879771 6.82901183 -6.39436972 5.52526778 -4.72228436 3.90478011 -3.62446529 2.62930247 -3.11472664 
2.56456577 13.06646358 -8.09252022 5.60588620 -4.17638654 2.87787656 -2.57427037 1.92476674 -1.39874730 0.88989580 -0.93493145 0.26868255 -1.07934479 
2.80133240 15.60999040 -11.43672330 9.39054849 -8.14132701 6.84244765 -6.40824168 5.53916935 -4.73587069 3.91776822 -3.63662521 2.64045763 -3.12474762 
2.55743699 12.95126800 -7.95538967 5.46521881 -4.04278994 2.75655653 -2.46761505 1.83323729 -1.32167209 0.82583906 -0.88237250 0.22603497 -1.04526266 
2.22434592 15.60343414 -11.42732050 9.37901560 -8.12829878 6.82847688 -6.39381751 5.52471447 -4.72174369 3.90426332 -3.62398152 2.62885873 -3.11432806 
2.53124597 13.01055137 -8.02580871 5.53730290 -4.11111047 2.81847735 -2.52194776 1.87977906 -1.36079506 0.85830141 -0.90896837 0.24758684 -1.06246423 
2.52401959 12.89323743 -7.88677223 5.39528706 -3.97679323 2.69698631 -2.41555143 1.78880901 -1.28446186 0.79506669 -0.85723842 0.20572291 -1.02909242 
2.18441214 15.60316760 -11.42693833 9.37854695 -8.12776946 6.82790938 -6.39323169 5.52412751 -4.72117013 3.90371510 -3.62346833 2.62838801 -3.11390526 
2.49737265 12.95273845 -7.95713242 5.46699890 -4.04447352 2.75807933 -2.46894863 1.83437749 -1.32262881 0.82663158 -0.88302081 0.22655962 -1.04568087 
2.49004619 12.83324121 -7.81615628 5.32363727 -3.90946752 2.63646704 -2.36286911 1.74402519 -1.24709157 0.76426542 -0.83215792 0.18550896 -1.01304158 
2.14366476 15.60288449 -11.42653239 9.37804916 -8.12720725 6.82730662 -6.39260949 5.52350409 -4.72056096 3.90313286 -3.62292330 2.62788809 -3.11345623 
2.12297547 15.60273628 -11.42631989 9.37778858 -8.12691296 6.82699110 -6.39228380 5.52317777 -4.72024209 3.90282809 -3.62263801 2.62762641 -3.11322119 
2.10206993 15.60258339 -11.42610068 9.37751978 -8.12660937 6.82666562 -6.39194783 5.52284115 -4.71991318 3.90251371 -3.62234373 2.62735649 -3.11297875 
2.08094356 15.60242563 -11.42587448 9.37724240 -8.12629610 6.82632977 -6.39160115 5.52249381 -4.71957378 3.90218932 -3.62204008 2.62707798 -3.11272860 
2.41014531 12.79927529 -7.77632486 5.28336579 -3.87175724 2.60268088 -2.33355176 1.71917971 -1.22641984 0.74727287 -0.81835521 0.17440831 -1.00424505 
2.66334666 15.60999040 -11.43672330 9.39054849 -8.14132701 6.84244765 -6.40824168 5.53916935 -4.73587069 3.91776822 -3.63662521 2.64045763 -3.12474762 
2.66334666 15.60999040 -11.43672330 9.39054849 -8.14132701 6.84244765 -6.40824168 5.53916935 -4.73587069 3.91776822 -3.63662521 2.64045763 -3.12474762 
2.66334666 15.60999040 -11.43672330 9.39054849 -8.14132701 6.84244765 -6.40824168 5.53916935 -4.73587069 3.91776822 -3.63662521 2.64045763 -3.12474762 
2.66334666 15.60999040 -11.43672330 9.39054849 -8.14132701 6.84244765 -6.40824168 5.53916935 -4.73587069 3.91776822 -3.63662521 2.64045763 -3.12474762 
2.66334666 15.60999040 -11.43672330 9.39054849 -8.14132701 6.84244765 -6.40824168 5.53916935 -4.73587069 3.91776822 -3.63662521 2.64045763 -3.12474762 
2.40255726 12.67401535 -7.63034979 5.13666425 -3.73519006 2.48100627 -2.22853792 1.63064321 -1.15311944 0.68728749 -0.76982831 0.13551929 -0.97353137 
2.03800934 15.60209460 -11.42539986 9.37666042 -8.12563884 6.82562512 -6.39087380 5.52176507 -4.71886172 3.90150875 -3.62140303 2.62649367 -3.11220379 
2.37418444 12.73404935 -7.70013234 5.20661998 -3.80015497 2.53875270 -2.27826551 1.67247772 -1.18768314 0.71551971 -0.79262859 0.15376411 -0.98792044 
2.36648699 12.60635373 -7.55209713 5.05859831 -3.66303710 2.41715952 -2.17379614 1.58478269 -1.11538052 0.65657251 -0.74510384 0.11579037 -0.95801326 
1.99413321 15.60174138 -11.42489344 9.37603945 -8.12493754 6.82487329 -6.39009776 5.52098757 -4.71810202 3.90078266 -3.62072338 2.62587030 -3.11164390 
1.97182884 15.60155582 -11.42462740 9.37571325 -8.12456915 6.82447835 -6.38969012 5.52057916 -4.71770297 3.90040127 -3.62036638 2.62554287 -3.11134981 
2.31902970 12.63174379 -7.58141231 5.08779626 -3.68998087 2.44096569 -2.19417777 1.60183381 -1.12939330 0.66796355 -0.75426324 0.12309229 -0.96375163 
2.31116277 12.50024318 -7.43022156 4.93781969 -3.55212869 2.31962159 -2.09066276 1.51553231 -1.05870254 0.61066767 -0.70831427 0.08654422 -0.93509081 
2.30030971 12.59638934 -7.54060845 5.04717105 -3.65250599 2.40786642 -2.16584949 1.57814230 -1.10992944 0.65214573 -0.74154752 0.11295744 -0.95578857 
2.29238481 12.46357798 -7.38834844 4.89655113 -3.51443574 2.28664144 -2.06269114 1.49234164 -1.03980743 0.59542561 -0.69614304 0.07689832 -0.92755251 
2.28141718 12.56038142 -7.49916810 5.00602476 -3.61465154 2.37451652 -2.13737634 1.55438542 -1.09045547 0.63635144 -0.72887371 0.10287165 -0.94787567 
2.27343354 12.42623723 -7.34583013 4.85476632 -3.47637757 2.25342969 -2.03459473 1.46910427 -1.02091823 0.58021984 -0.68402329 0.06730819 -0.92006883 
2.26234897 12.52370291 -7.45707801 4.96434980 -3.57641500 2.34091697 -2.10876144 1.53056727 -1.07097572 0.62058470 -0.71624529 0.09283771 -0.94001511 
2.25430584 12.38820322 -7.30265343 4.81245813 -3.43795228 2.21998794 -2.00637712 1.44582465 -1.00203943 0.56505439 -0.67195840 0.05777649 -0.91264178 
2.24310188 12.48633608 -7.41432462 4.92213853 -3.53779392 2.30706895 -2.08000811 1.50669217 -1.05149471 0.60484966 -0.70366578 0.08285845 -0.93220906 
2.51513072 15.60999040 -11.43672330 9.39054849 -8.14132701 6.84244765 -6.40824168 5.53916935 -4.73587069 3.91776822 -3.63662521 2.64045763 -3.12474762 
2.51513072 15.60999040 -11.43672330 9.39054849 -8.14132701 6.84244765 -6.40824168 5.53916935 -4.73587069 3.91776822 -3.63662521 2.64045763 -3.12474762 
2.51513072 15.60999040 -11.43672330 9.39054849 -8.14132701 6.84244765 -6.40824168 5.53916935 -4.73587069 3.91776822 -3.63662521 2.64045763 -3.12474762 
2.51513072 15.60999040 -11.43672330 9.39054849 -8.14132701 6.84244765 -6.40824168 5.53916935 -4.73587069 3.91776822 -3.63662521 2.64045763 -3.12474762 
2.23499847 12.34945766 -7.25880481 4.76961940 -3.39915809 2.18631798 -1.97804212 1.42250740 -0.98317570 0.54993344 -0.65995185 0.04830593 -0.90527341 
2.22367261 12.44826258 -7.37089403 4.87938324 -3.49878601 2.27297385 -2.05111991 1.48276463 -1.03201710 0.58915057 -0.69113877 0.07293672 -0.92445972 
2.49796323 15.60999040 -11.43672330 9.39054849 -8.14132701 6.84244765 -6.40824168 5.53916935 -4.73587069 3.91776822 -3.63662521 2.64045763 -3.12474762 
2.49796323 15.60999040 -11.43672330 9.39054849 -8.14132701 6.84244765 -6.40824168 5.53916935 -4.73587069 3.91776822 -3.63662521 2.64045763 -3.12474762 
2.49796323 15.60999040 -11.43672330 9.39054849 -8.14132701 6.84244765 -6.40824168 5.53916935 -4.73587069 3.91776822 -3.63662521 2.64045763 -3.12474762 
2.49796323 15.60999040 -11.43672330 9.39054849 -8.14132701 6.84244765 -6.40824168 5.53916935 -4.73587069 3.91776822 -3.63662521 2.64045763 -3.12474762 
2.49796323 15.60999040 -11.43672330 9.39054849 -8.14132701 6.84244765 -6.40824168 5.53916935 -4.73587069 3.91776822 -3.63662521 2.64045763 -3.12474762 
2.49796323 15.60999040 -11.43672330 9.39054849 -8.14132701 6.84244765 -6.40824168 5.53916935 -4.73587069 3.91776822 -3.63662521 2.64045763 -3.12474762 
2.49796323 15.60999040 -11.43672330 9.39054849 -8.14132701 6.84244765 -6.40824168 5.53916935 -4.73587069 3.91776822 -3.63662521 2.64045763 -3.12474762 
2.49796323 15.60999040 -11.43672330 9.39054849 -8.14132701 6.84244765 -6.40824168 5.53916935 -4.73587069 3.91776822 -3.63662521 2.64045763 -3.12474762 
2.49796323 15.60999040 -11.43672330 9.39054849 -8.14132701 6.84244765 -6.40824168 5.53916935 -4.73587069 3.91776822 -3.63662521 2.64045763 -3.12474762 
2.21550815 12.30998158 -7.21427040 4.72624290 -3.35999340 2.15242186 -1.94959380 1.39915737 -0.96433186 0.53486124 -0.64800716 0.03889923 -0.89796576 
2.20405780 12.40946341 -7.32677198 4.83607615 -3.45938908 2.23863327 -2.02210062 1.45878938 -1.01254772 0.57349179 -0.67866796 0.06307543 -0.91676931 
2.48064710 15.60999040 -11.43672330 9.39054849 -8.14132701 6.84244765 -6.40824168 5.53916935 -4.73587069 3.91776822 -3.63662521 2.64045763 -3.12474762 
2.48064710 15.60999040 -11.43672330 9.39054849 -8.14132701 6.84244765 -6.40824168 5.53916935 -4.73587069 3.91776822 -3.63662521 2.64045763 -3.12474762 
2.76722586 13.29396312 -8.36693813 5.89099508 -4.45056128 3.12984477 -2.79835730 2.11923222 -1.56426742 1.02882278 -1.04996761 0.36279305 -1.15514276 
2.77376178 13.39650291 -8.49219158 6.02271536 -4.57873554 3.24897516 -2.90546884 2.21316875 -1.64503321 1.09724750 -1.10711809 0.40991469 -1.19337897 
2.78212146 13.31691852 -8.39489371 5.92030820 -4.47900388 3.15620814 -2.82199796 2.13991174 -1.58200355 1.04381432 -1.06246221 0.37307500 -1.16347038 
2.78861663 13.41860073 -8.51931205 6.05136616 -4.60673903 3.27511354 -2.92906702 2.23394661 -1.66296606 1.11249402 -1.11989451 0.42048075 -1.20197721 
2.51513072 15.60999040 -11.43672330 9.39054849 -8.14132701 6.84244765 -6.40824168 5.53916935 -4.73587069 3.91776822 -3.63662521 2.64045763 -3.12474762 
2.51513072 15.60999040 -11.43672330 9.39054849 -8.14132701 6.84244765 -6.40824168 5.53916935 -4.73587069 3.91776822 -3.63662521 2.64045763 -3.12474762 
2.79690867 13.33953117 -8.42247962 5.94928210 -4.50716323 3.18234977 -2.84547529 2.16047846 -1.59966771 1.05876449 -1.07493743 0.38335232 -1.17180300 
2.80336357 13.44036728 -8.54607028 6.07967953 -4.63445597 3.30102319 -2.95249265 2.25460149 -1.68081681 1.12768977 -1.13264329 0.43103521 -1.21057478 
2.81158903 13.36180812 -8.44970237 5.97792161 -4.53504232 3.20827104 -2.86878943 2.18093162 -1.61725865 1.07367179 -1.08739176 0.39362358 -1.18013934 
2.81800412 13.46180940 -8.57247271 6.10766041 -4.66188953 3.32670572 -2.97574611 2.27513285 -1.69858436 1.14283337 -1.14536299 0.44157671 -1.21917045 
2.82616404 13.38375625 -8.47656831 6.00623151 -4.56264410 3.23397333 -2.89194054 2.20127055 -1.63477517 1.08853479 -1.09982372 0.40388740 -1.18847816 
2.83253978 13.48293372 -8.59852562 6.13531366 -4.68904287 3.35216277 -2.99882782 2.29554026 -1.71626773 1.15792356 -1.15805223 0.45210392 -1.22776299 
2.56576633 15.60999040 -11.43672330 9.39054849 -8.14132701 6.84244765 -6.40824168 5.53916935 -4.73587069 3.91776822 -3.63662521 2.64045763 -3.12474762 
2.56576633 15.60999040 -11.43672330 9.39054849 -8.14132701 6.84244765 -6.40824168 5.53916935 -4.73587069 3.91776822 -3.63662521 2.64045763 -3.12474762 
2.56576633 15.60999040 -11.43672330 9.39054849 -8.14132701 6.84244765 -6.40824168 5.53916935 -4.73587069 3.91776822 -3.63662521 2.64045763 -3.12474762 
2.84063518 13.40538224 -8.50308365 6.03421649 -4.58997152 3.25945807 -2.91492884 2.22149462 -1.65221613 1.10335211 -1.11223188 0.41414242 -1.19681826 
2.84697204 13.50374673 -8.62423514 6.16264406 -4.71591913 3.37739600 -3.02173825 2.31582333 -1.73386595 1.17295908 -1.17070969 0.46261554 -1.23635122 
2.58236394 15.60999040 -11.43672330 9.39054849 -8.14132701 6.84244765 -6.40824168 5.53916935 -4.73587069 3.91776822 -3.63662521 2.64045763 -3.12474762 
2.85500391 13.42669259 -8.52925447 6.06188117 -4.61702752 3.28472668 -2.93775459 2.24160328 -1.66958047 1.11812244 -1.12461486 0.42438732 -1.20515845 
2.86130232 13.52425472 -8.64960730 6.18965628 -4.74252141 3.40240709 -3.04447791 2.33598172 -1.75137815 1.18793877 -1.18333408 0.47311032 -1.24493400 
2.86927163 13.44769366 -8.55508671 6.08923009 -4.64381501 3.30978065 -2.96041812 2.26159603 -1.68686716 1.13284451 -1.13697132 0.43462084 -1.21349758 
3.08836726 15.60722384 -11.43275509 9.38568078 -8.13582756 6.83654973 -6.40215175 5.53306589 -4.72990514 3.91206490 -3.63128517 2.63555849 -3.12034630 
2.88966258 13.56438004 -8.69936289 6.24274466 -4.79491640 3.45176960 -3.08944717 2.37592338 -1.78614121 1.21772619 -1.20847876 0.49404455 -1.26207872 
2.89750959 13.48879247 -8.60575864 6.14299852 -4.69659602 3.35925056 -3.00525998 2.30123207 -1.72120385 1.16213907 -1.16159958 0.45504880 -1.23016818 
3.11387213 15.60729345 -11.43285493 9.38580323 -8.13596589 6.83669808 -6.40230492 5.53321939 -4.73005516 3.91220831 -3.63141944 2.63568167 -3.12045696 
3.12650362 15.60732727 -11.43290344 9.38586274 -8.13603311 6.83677017 -6.40237935 5.53329397 -4.73012805 3.91227800 -3.63148469 2.63574152 -3.12051073 
3.13905584 15.60736046 -11.43295104 9.38592113 -8.13609908 6.83684091 -6.40245238 5.53336717 -4.73019959 3.91234639 -3.63154872 2.63580026 -3.12056350 
3.15152977 15.60739304 -11.43299776 9.38597843 -8.13616382 6.83691033 -6.40252406 5.53343900 -4.73026980 3.91241351 -3.63161156 2.63585791 -3.12061529 
3.16392639 15.60742501 -11.43304362 9.38603468 -8.13622736 6.83697847 -6.40259442 5.53350951 -4.73033871 3.91247939 -3.63167324 2.63591450 -3.12066612 
3.38023794 14.03503701 -9.29420427 6.88926063 -5.44464732 4.07468267 -3.66666666 2.89716345 -2.24711778 1.61871399 -1.55181281 0.78368262 -1.50230757 
3.56397266 15.60312160 -11.42687237 9.37846607 -8.12767812 6.82781145 -6.39313060 5.52402622 -4.72107115 3.90362050 -3.62337978 2.62830678 -3.11383230 
3.58410655 15.60325822 -11.42706826 9.37870629 -8.12794943 6.82810233 -6.39343087 5.52432707 -4.72136513 3.90390149 -3.62364281 2.62854805 -3.11404901 
3.60403977 15.60339081 -11.42725837 9.37893942 -8.12821273 6.82838463 -6.39372228 5.52461906 -4.72165045 3.90417420 -3.62389810 2.62878221 -3.11425933 
3.62377629 15.60351952 -11.42744293 9.37916574 -8.12846835 6.82865869 -6.39400519 5.52490252 -4.72192744 3.90443896 -3.62414593 2.62900954 -3.11446352 
3.64331996 15.60364450 -11.42762214 9.37938551 -8.12871657 6.82892482 -6.39427991 5.52517779 -4.72219642 3.90469606 -3.62438661 2.62923030 -3.11466181 
3.50203518 14.35355865 -9.70857078 7.35231556 -5.92275884 4.54510558 -4.11367504 3.31074154 -2.62152382 1.95163074 -1.84283433 1.03397614 -1.71377022 
3.51889632 14.18717662 -9.49093016 7.10781851 -5.66902189 4.29422927 -3.87416164 3.08813458 -2.41912393 1.77092301 -1.68425766 0.89710089 -1.59773317 
3.53299952 14.38277423 -9.74705701 7.39584426 -5.96823034 4.59034894 -4.15713391 3.35137195 -2.65867647 1.98498008 -1.87224860 1.05948639 -1.73549551 
3.54958446 14.21919998 -9.53261612 7.15442939 -5.71717349 4.34162860 -3.91922059 3.12983929 -2.45689104 1.80451449 -1.71362898 0.92236683 -1.61908303 
3.71963909 15.60410993 -11.42828952 9.38020393 -8.12964095 6.82991593 -6.39530303 5.52620294 -4.72319819 3.90565360 -3.62528298 2.63005250 -3.11540034 
3.73827236 15.60421828 -11.42844489 9.38039447 -8.12985618 6.83014669 -6.39554125 5.52644164 -4.72343145 3.90587655 -3.62549169 2.63024396 -3.11557231 
3.75673363 15.60432368 -11.42859602 9.38057981 -8.13006551 6.83037115 -6.39577296 5.52667381 -4.72365833 3.90609342 -3.62569471 2.63043018 -3.11573958 
3.77502606 15.60442621 -11.42874305 9.38076012 -8.13026918 6.83058952 -6.39599839 5.52689969 -4.72387906 3.90630441 -3.62589223 2.63061136 -3.11590233 
3.79315270 15.60452599 -11.42888613 9.38093559 -8.13046737 6.83080202 -6.39621776 5.52711951 -4.72409387 3.90650974 -3.62608445 2.63078768 -3.11606071 
3.81111653 15.60462311 -11.42902540 9.38110638 -8.13066028 6.83100887 -6.39643130 5.52733348 -4.72430297 3.90670961 -3.62627155 2.63095931 -3.11621488 
3.82892045 15.60471766 -11.42916099 9.38127267 -8.13084811 6.83121026 -6.39663920 5.52754181 -4.72450655 3.90690421 -3.62645373 2.63112641 -3.11636498 
3.84656728 15.60480974 -11.42929303 9.38143460 -8.13103102 6.83140638 -6.39684167 5.52774468 -4.72470480 3.90709372 -3.62663114 2.63128915 -3.11651116 
3.86405977 15.60489943 -11.42942164 9.38159234 -8.13120918 6.83159741 -6.39703889 5.52794230 -4.72489792 3.90727832 -3.62680395 2.63144767 -3.11665355 
3.88140059 15.60498681 -11.42954695 9.38174601 -8.13138277 6.83178354 -6.39723103 5.52813484 -4.72508608 3.90745817 -3.62697232 2.63160212 -3.11679229 
3.89859236 15.60507197 -11.42966906 9.38189577 -8.13155192 6.83196492 -6.39741828 5.52832247 -4.72526944 3.90763345 -3.62713641 2.63175264 -3.11692749 
4.05717465 14.62567038 -10.07015857 7.76472226 -6.35710996 4.98069944 -4.53530955 3.70787769 -2.98728569 2.28219764 -2.13629563 1.29005124 -1.93313477 
4.19873765 15.60180187 -11.42498017 9.37614580 -8.12505765 6.82500205 -6.39023067 5.52112072 -4.71823212 3.90090701 -3.62083977 2.62597705 -3.11173978 
4.22071523 15.60197942 -11.42523472 9.37645793 -8.12541015 6.82537995 -6.39062074 5.52151153 -4.71861399 3.90127197 -3.62118139 2.62629039 -3.11202120 
4.12192148 14.88099158 -10.41582395 8.16608840 -6.78723802 5.41931250 -4.96677640 4.12066084 -3.37320354 2.63597305 -2.45462631 1.57137894 -2.17707190 
4.14211494 14.69008348 -10.15677993 7.86465388 -6.46353149 5.08856510 -4.64079595 3.80822359 -3.08058734 2.36728334 -2.21247728 1.35706230 -1.99097946 
4.15977173 14.90361326 -10.44674886 8.20233087 -6.82642687 5.45961827 -5.00675445 4.15921303 -3.40952242 2.66950788 -2.48500811 1.59840221 -2.20064723 
4.04700956 15.60574944 -11.43064059 9.38308730 -8.13289785 6.83340811 -6.39890821 5.52981548 -4.72672849 3.90902817 -3.62844212 2.63295039 -3.11800341 
4.19435609 14.72792472 -10.20785175 7.92377732 -6.52670590 5.15280306 -4.70381278 3.86834990 -3.13665455 2.41855356 -2.25850166 1.39764561 -2.02609338 
4.32712029 15.60278619 -11.42639146 9.37787634 -8.12701207 6.82709736 -6.39239348 5.52328767 -4.72034948 3.90293072 -3.62273409 2.62771454 -3.11330035 
4.23339526 14.94589643 -10.50468228 8.27037239 -6.90015337 5.53559766 -5.08226159 4.23216262 -3.47836883 2.73318447 -2.54279036 1.64987482 -2.24561712 
4.25244245 14.76845977 -10.26271011 7.98745212 -6.59491787 5.22233402 -4.77218435 3.93373518 -3.19776037 2.47454830 -2.30886710 1.44213999 -2.06466006 
4.26921799 14.96566958 -10.53183231 8.30232501 -6.93484442 5.57141679 -5.11792343 4.26667744 -3.51099754 2.76341150 -2.57026117 1.67438104 -2.26705664 
4.16279579 15.60621257 -11.43130476 9.38390189 -8.13381802 6.83439482 -6.39992690 5.53083630 -4.72772612 3.90998184 -3.62933494 2.63376942 -3.11873914 
4.17773961 15.60626854 -11.43138503 9.38400034 -8.13392923 6.83451407 -6.40005002 5.53095968 -4.72784670 3.91009710 -3.62944286 2.63386841 -3.11882807 
4.06924856 14.80676334 -10.31469192 8.04794801 -6.65989085 5.28872659 -4.83762547 3.99646193 -3.25651123 2.52849786 -2.35748948 1.48517502 -2.10202848 
4.08173180 14.68789726 -10.15383349 7.86124753 -6.45989652 5.08487358 -4.63717902 3.80477663 -3.07737672 2.36435057 -2.20984727 1.35474544 -1.98897669 
4.09264422 14.82202779 -10.33544617 8.07214496 -6.68592370 5.31537259 -4.86393194 4.02171644 -3.28020032 2.55028178 -2.37714875 1.50259721 -2.11717486 
3.96728469 15.60884104 -11.43507464 9.38852602 -8.13904195 6.83999692 -6.40571105 5.53663300 -4.73339155 3.91539798 -3.63440587 2.63842146 -3.12291830 
3.97553776 15.60885049 -11.43508818 9.38854263 -8.13906072 6.84001705 -6.40573184 5.53665383 -4.73341192 3.91541745 -3.63442410 2.63843818 -3.12293333 
3.84720267 14.60004213 -10.03580376 7.72520940 -6.31515562 4.93829683 -4.49395657 3.66864470 -2.95090040 2.24909706 -2.10672743 1.26409904 -1.91077912 
3.38519599 11.84599194 -6.70146488 4.23649173 -2.92614529 1.78359515 -1.64528786 1.15340678 -0.76902226 0.38070961 -0.52725749 -0.05531110 -0.82541578 
2.92117736 15.59695300 -11.41802934 9.36762411 -8.11543510 6.81468747 -6.37958540 5.51045666 -4.70781355 3.89095045 -3.61152099 2.61743077 -3.10406453 
2.66195295 12.93050327 -7.93080109 5.44012423 -4.01907514 2.73512318 -2.44885908 1.81721264 -1.30823540 0.81471539 -0.87327820 0.21867916 -1.03940203 
2.30840688 15.55654209 -11.36018454 9.29680358 -8.03557000 6.72918441 -6.29144512 5.42225991 -4.62173891 3.80877544 -3.53468246 2.54702430 -3.04088658 
3.39091765 7.75087635 -3.01466482 1.30438933 -0.72713133 0.16145025 -0.46477078 0.29990877 -0.15472716 -0.07205732 -0.19007904 -0.31353516 -0.63144506 
4.32554144 12.08645719 -6.96478407 4.48572461 -3.14498716 1.96808312 -1.79627212 1.27439137 -0.86446174 0.45554955 -0.58554798 -0.01003710 -0.86013223 
4.63296112 15.60056431 -11.42320593 9.37397035 -8.12260091 6.82236837 -6.38751230 5.51839731 -4.71557118 3.89836386 -3.61845935 2.62379381 -3.10977892 
4.55841954 15.13607316 -10.76734654 8.58124015 -7.23950224 5.88781294 -5.43470125 4.57492715 -3.80391768 3.03610879 -2.81925289 1.89748278 -2.46305941 
4.68705758 13.90730728 -9.13072224 6.70941721 -5.26178295 3.89739859 -3.50061040 2.74565257 -2.11179083 1.49990445 -1.44920013 0.69642230 -1.42937928 
5.76875066 8.82308565 -3.83536686 1.85795108 -1.07757921 0.38328282 -0.60471976 0.38877535 -0.21118591 -0.03247669 -0.21899336 -0.28993428 -0.64946091 
6.80933987 10.87997522 -5.69639084 3.33033022 -2.16691137 1.17068139 -1.16376634 0.78206104 -0.48636731 0.16547679 -0.36365122 -0.18026388 -0.73111286 
7.14068113 15.54313461 -11.34102612 9.27338585 -8.00920274 6.70099756 -6.26242993 5.39326524 -4.59347810 3.78182752 -3.50951320 2.52398652 -3.02023482 
6.64416793 8.85747825 -3.86338178 1.87795513 -1.09094297 0.39210677 -0.61048526 0.39254015 -0.21364249 -0.03076026 -0.22023569 -0.28895719 -0.65019777 
5.10696391 3.85183867 -0.88678291 0.21643825 -0.18779906 -0.13770042 -0.29250877 0.19609449 -0.09583169 -0.11994637 -0.15340656 -0.35182480 -0.60138517 
2.47678753 12.27269597 -7.17233770 4.68552259 -3.32333423 2.12078178 -1.92310938 1.37747446 -0.94687561 0.52092863 -0.63698644 0.03023366 -0.89124372 
3.92470298 5.07328321 -1.40924742 0.42866728 -0.27082859 -0.09413772 -0.31712504 0.21127235 -0.10305069 -0.11192800 -0.15946884 -0.34362771 -0.60778069 
5.13521203 10.70225468 -5.52064652 3.17949308 -2.04650120 1.07776390 -1.09383903 0.73027857 -0.44842923 0.13743819 -0.34283260 -0.19596180 -0.71941553 
5.58453994 15.27533619 -10.96186205 8.81392598 -7.49613429 6.15680828 -5.70642801 4.84160761 -4.05941662 3.27581582 -3.03973206 2.09640436 -2.63896692 
5.27007704 10.43786799 -5.26444865 2.96381964 -1.87753598 0.94958517 -0.99890037 0.66100194 -0.39836054 0.10078878 -0.31580486 -0.21630399 -0.70429386 
4.31695629 -12.36872512 -6.38763839 -3.99811942 -2.67516150 -1.93079914 -1.37974267 -0.63161195 -0.66977882 -0.57226086 -0.45489459 -0.60290445 -0.72055141 
5.91766026 4.49468828 -1.14539430 0.31620178 -0.22486708 -0.11798583 -0.30377447 0.20315302 -0.09900076 -0.11609601 -0.15624661 -0.34775619 -0.60454062 
6.62310033 15.27047556 -10.95504217 8.80573268 -7.48706043 6.14725978 -5.69674607 4.83207104 -4.05024831 3.26718609 -3.03177004 2.08919998 -2.63257854 
6.15317430 7.04772494 -2.53176301 1.00992811 -0.55798880 0.06185970 -0.40546281 0.26382211 -0.13284644 -0.08784107 -0.17822783 -0.32408477 -0.62321998 
4.58545009 -12.73134739 -6.77672626 -4.35890423 -2.98504573 -2.18557932 -1.58260777 -0.79067776 -0.79303491 -0.66690301 -0.52661833 -0.65660249 -0.75993868 
4.98339959 9.27048319 -4.20802030 2.12973582 -1.26291950 0.50779748 -0.68732273 0.44341649 -0.24727224 -0.00720886 -0.23725625 -0.27573619 -0.66012131 
5.18335505 12.93936803 -7.94129345 5.45082773 -4.02918572 2.74425729 -2.45684896 1.82403636 -1.31395497 0.81944878 -0.87714683 0.22180740 -1.04189375 
4.25581161 5.33400512 -1.53777613 0.48708408 -0.29619022 -0.08096802 -0.32445069 0.21566199 -0.10535397 -0.10976159 -0.16117015 -0.34159139 -0.60938760 
3.55956808 -8.49212004 -2.96243343 -1.32667587 -0.71587324 -0.52839169 -0.39827448 0.06395503 -0.17127371 -0.20991829 -0.19381810 -0.41570408 -0.59335470 
4.62214792 10.99425735 -5.81090273 3.42986011 -2.24734282 1.23344765 -1.21150164 0.81775662 -0.51275741 0.18511138 -0.37830195 -0.16919502 -0.73937850 
4.42036173 6.62540871 -2.26274451 0.85680856 -0.47566147 0.01542101 -0.37863637 0.24779432 -0.12340590 -0.09492369 -0.17279500 -0.32925603 -0.61914858 
4.43484519 -7.04052285 -2.02287712 -0.78237196 -0.41806650 -0.36329749 -0.31034477 0.11774073 -0.13476338 -0.18212215 -0.17389866 -0.40107611 -0.58636752 
5.85018206 9.07202321 -4.04051734 2.00605974 -1.17758397 0.44990513 -0.64858956 0.41761029 -0.23011647 -0.01923826 -0.22856648 -0.28245181 -0.65509060 
6.41286391 15.01347030 -10.59761965 8.37992230 -7.01927372 5.65877168 -5.20506816 4.35118122 -3.59103067 2.83768311 -2.63787219 1.73478979 -2.31998433 
6.12354178 10.41449529 -5.24210157 2.94524749 -1.86316697 0.93880797 -0.99100228 0.65529487 -0.39427306 0.09781523 -0.31362110 -0.21794665 -0.70307414 
5.33949469 -15.25808372 -9.81992232 -7.52186715 -6.03132930 -4.98985346 -4.08264461 -2.97329743 -2.66570389 -2.24933628 -1.84299894 -1.73527583 -1.62897949 
