10.25748128 0.64936947 -0.13946923 -0.00543481 -0.12592887 -0.18682480 -0.26345113 0.17553903 -0.09174933 -0.13353087 -0.14703254 -0.36712986 -0.59034832 
4.83575490 15.60229027 -11.42568041 9.37700444 -8.12602735 6.82604164 -6.39130374 5.52219583 -4.71928262 3.90191103 -3.62177959 2.62683905 -3.11251400 
4.76834350 15.21658406 -10.87957681 8.71523961 -7.38702215 6.04216955 -5.59036280 4.72745067 -3.94981959 3.17279171 -2.94479679 2.01060273 -2.56296730 
4.69233081 15.60498681 -11.42954695 9.38174601 -8.13138277 6.83178354 -6.39723103 5.52813484 -4.72508608 3.90745817 -3.62697232 2.63160212 -3.11679229 
4.70952257 15.60507197 -11.42966906 9.38189577 -8.13155192 6.83196492 -6.39741828 5.52832247 -4.72526944 3.90763345 -3.62713641 2.63175264 -3.11692749 
4.72656782 15.60515496 -11.42978808 9.38204174 -8.13171680 6.83214171 -6.39760080 5.52850536 -4.72544817 3.90780429 -3.62729635 2.63189935 -3.11705928 
4.74346903 15.60523588 -11.42990411 9.38218404 -8.13187755 6.83231407 -6.39777874 5.52868367 -4.72562242 3.90797086 -3.62745228 2.63204239 -3.11718777 
4.76022861 15.60531478 -11.43001726 9.38232281 -8.13203430 6.83248215 -6.39795226 5.52885754 -4.72579233 3.90813328 -3.62760434 2.63218188 -3.11731307 
4.77684892 15.60539174 -11.43012762 9.38245816 -8.13218718 6.83264608 -6.39812150 5.52902713 -4.72595807 3.90829171 -3.62775265 2.63231793 -3.11743528 
4.79333225 15.60546681 -11.43023527 9.38259020 -8.13233633 6.83280600 -6.39828660 5.52919257 -4.72611975 3.90844626 -3.62789734 2.63245065 -3.11755450 
4.71895454 15.17359046 -10.81956855 8.64350501 -7.30795781 5.95934930 -5.50675339 4.64544308 -3.87129567 3.09916155 -2.87710812 1.94956253 -2.50901447 
4.73374185 15.04757981 -10.64469655 8.43559993 -7.08001104 5.72177016 -5.26806600 4.41241103 -3.64914957 2.89173122 -2.68717120 1.77891976 -2.35871808 
4.83663498 15.60565825 -11.43050981 9.38292690 -8.13271666 6.83321383 -6.39870764 5.52961448 -4.72653206 3.90884040 -3.62826633 2.63278914 -3.11785856 
4.76383974 15.19064055 -10.84334529 8.67190427 -7.33923368 5.99208571 -5.53977727 4.67781126 -3.90226777 3.12818472 -2.90377303 1.97359457 -2.53024458 
4.77828657 15.06878289 -10.67401600 8.47033875 -7.11797302 5.76121130 -5.30757036 4.45086627 -3.68570528 2.92577432 -2.71826443 1.80678782 -2.38320766 
4.79139080 15.20080744 -10.85753634 8.68886911 -7.35793269 6.01167372 -5.55955261 4.69720837 -3.92084147 3.14560138 -2.91978471 1.98803392 -2.54300769 
4.80563265 15.08144893 -10.69155083 8.49113769 -7.14072601 5.78487499 -5.33129532 4.47398301 -3.70770007 2.94627491 -2.73700386 1.82359637 -2.39798923 
4.81856812 15.21061851 -10.87123997 8.70526178 -7.37601222 6.03062398 -5.57869497 4.71599485 -3.93883984 3.16248686 -2.93531531 2.00204560 -2.55539793 
4.83261070 15.09368809 -10.70850913 8.51126913 -7.16276604 5.80781437 -5.35431071 4.49642394 -3.72906605 2.96620195 -2.75522989 1.83995360 -2.41238159 
4.84538168 15.22008983 -10.88447769 8.72110693 -7.39349829 6.04896265 -5.59722967 4.73419451 -3.95628476 3.17886090 -2.95038227 2.01564473 -2.56742818 
4.76669887 15.60792403 -11.43375935 9.38691260 -8.13721917 6.83804209 -6.40369261 5.53461009 -4.73141438 3.91350773 -3.63263604 2.63679777 -3.12145962 
4.77775873 15.60794675 -11.43379193 9.38695256 -8.13726431 6.83809050 -6.40374260 5.53466019 -4.73146334 3.91355454 -3.63267986 2.63683798 -3.12149574 
4.78875775 15.60796909 -11.43382397 9.38699187 -8.13730871 6.83813812 -6.40379177 5.53470946 -4.73151150 3.91360058 -3.63272297 2.63687753 -3.12153127 
4.79969662 15.60799107 -11.43385549 9.38703053 -8.13735239 6.83818497 -6.40384013 5.53475794 -4.73155888 3.91364587 -3.63276538 2.63691643 -3.12156622 
4.81057599 15.60801269 -11.43388650 9.38706857 -8.13739537 6.83823105 -6.40388772 5.53480562 -4.73160548 3.91369043 -3.63280710 2.63695470 -3.12160060 
4.82139650 15.60803396 -11.43391701 9.38710599 -8.13743765 6.83827639 -6.40393453 5.53485254 -4.73165134 3.91373427 -3.63284815 2.63699236 -3.12163443 
4.74257909 15.15737832 -10.79698581 8.61656082 -7.27831505 5.92835288 -5.47551448 4.61485233 -3.84204987 3.07177867 -2.85196987 1.92692308 -2.48902854 
4.75135671 15.08288843 -10.69354463 8.49350373 -7.14331548 5.78756925 -5.33399766 4.47661711 -3.71020727 2.94861262 -2.73914147 1.82551433 -2.39967640 
4.75933024 15.16402632 -10.80624314 8.62760263 -7.29045913 5.94104791 -5.48830532 4.62737449 -3.85401847 3.08298222 -2.86225272 1.93618182 -2.49720044 
4.67109905 15.60942172 -11.43590755 9.38954776 -8.14019633 6.84123498 -6.40698946 5.53791428 -4.73464391 3.91659531 -3.63552696 2.63945001 -3.12384235 
4.67690737 15.60942501 -11.43591227 9.38955356 -8.14020288 6.84124200 -6.40699671 5.53792154 -4.73465101 3.91660210 -3.63553332 2.63945584 -3.12384760 
4.68269886 15.60942827 -11.43591695 9.38955930 -8.14020937 6.84124896 -6.40700390 5.53792875 -4.73465805 3.91660884 -3.63553962 2.63946163 -3.12385279 
4.68847364 15.60943151 -11.43592160 9.38956500 -8.14021580 6.84125586 -6.40701102 5.53793589 -4.73466503 3.91661551 -3.63554587 2.63946736 -3.12385794 
4.69423179 15.60943472 -11.43592620 9.38957064 -8.14022218 6.84126270 -6.40701809 5.53794297 -4.73467195 3.91662213 -3.63555207 2.63947304 -3.12386305 
4.69997341 15.60943790 -11.43593076 9.38957624 -8.14022850 6.84126949 -6.40702509 5.53794999 -4.73467882 3.91662869 -3.63555821 2.63947868 -3.12386811 
4.70569859 15.60944105 -11.43593528 9.38958179 -8.14023477 6.84127621 -6.40703203 5.53795695 -4.73468562 3.91663519 -3.63556430 2.63948427 -3.12387313 
4.71140743 15.60944418 -11.43593977 9.38958729 -8.14024099 6.84128288 -6.40703892 5.53796385 -4.73469236 3.91664164 -3.63557034 2.63948980 -3.12387811 
4.71710002 15.60944728 -11.43594422 9.38959274 -8.14024715 6.84128949 -6.40704574 5.53797069 -4.73469905 3.91664803 -3.63557632 2.63949530 -3.12388304 
4.72277646 15.60945035 -11.43594863 9.38959815 -8.14025326 6.84129604 -6.40705251 5.53797747 -4.73470568 3.91665437 -3.63558226 2.63950074 -3.12388793 
4.72843683 15.60945340 -11.43595300 9.38960352 -8.14025932 6.84130254 -6.40705922 5.53798420 -4.73471225 3.91666065 -3.63558814 2.63950614 -3.12389278 
4.73408122 15.60945642 -11.43595733 9.38960883 -8.14026533 6.84130898 -6.40706587 5.53799087 -4.73471877 3.91666689 -3.63559398 2.63951150 -3.12389759 
4.83337850 15.11923802 -10.74395625 8.55340072 -7.20894674 5.85593409 -5.40264265 4.54359911 -3.77402669 3.00817460 -2.79365435 1.87446759 -2.44277423 
4.92649876 15.60822904 -11.43419681 9.38744921 -8.13782540 6.83869223 -6.40436390 5.53528285 -4.73207192 3.91413635 -3.63322461 2.63733773 -3.12194470 
4.93671148 15.60824692 -11.43422247 9.38748068 -8.13786095 6.83873036 -6.40440327 5.53532231 -4.73211048 3.91417322 -3.63325913 2.63736940 -3.12197315 
4.94687232 15.60826454 -11.43424773 9.38751168 -8.13789597 6.83876791 -6.40444204 5.53536117 -4.73214846 3.91420953 -3.63329312 2.63740059 -3.12200117 
4.95698180 15.60828189 -11.43427262 9.38754220 -8.13793045 6.83880489 -6.40448023 5.53539944 -4.73218587 3.91424529 -3.63332661 2.63743131 -3.12202877 
5.05075335 15.18378323 -10.83377930 8.66047477 -7.32664248 5.97890254 -5.52647448 4.66476896 -3.88978468 3.11648418 -2.89302065 1.96390169 -2.52167999 
5.13918665 15.60678809 -11.43213015 9.38491425 -8.13496162 6.83562113 -6.40119300 5.53210508 -4.72896611 3.91116721 -3.63044472 2.63478748 -3.11965368 
5.15294801 15.60683181 -11.43219285 9.38499116 -8.13504850 6.83571430 -6.40128920 5.53220148 -4.72906033 3.91125728 -3.63052904 2.63486483 -3.11972317 
5.09074315 15.29774940 -10.99333853 8.85177418 -7.53808514 6.20098859 -5.75126004 4.88579885 -4.10193118 3.31585942 -3.07670047 2.12987465 -2.66866278 
5.02147645 15.60838855 -11.43442560 9.38772986 -8.13814246 6.83903226 -6.40471499 5.53563472 -4.73241583 3.91446514 -3.63353245 2.63762016 -3.12219842 
5.03121667 15.60840407 -11.43444786 9.38775716 -8.13817331 6.83906534 -6.40474915 5.53566895 -4.73244929 3.91449713 -3.63356240 2.63764764 -3.12222311 
4.88008021 14.28435599 -9.61773079 7.24992257 -5.81614906 4.43936744 -4.01242000 3.21635834 -2.53546679 1.87459289 -1.77506141 0.97534042 -1.66394970 
4.59955976 15.03898220 -10.63281999 8.42154183 -7.06466304 5.70583849 -5.25212264 4.39690404 -3.63442036 2.87802480 -2.67466145 1.76771518 -2.34887819 
4.38493541 14.89019427 -10.42839860 8.18081870 -6.80315897 5.43568043 -4.98300475 4.13630435 -3.38793538 2.64957083 -2.46694149 1.58232931 -2.18662223 
4.25560729 15.60654705 -11.43178445 9.38449024 -8.13448264 6.83510751 -6.40066271 5.53157366 -4.72844675 3.91067072 -3.62997989 2.63436106 -3.11927062 
4.24123615 15.60649726 -11.43171305 9.38440267 -8.13438371 6.83500142 -6.40055318 5.53146390 -4.72833948 3.91056817 -3.62988388 2.63427299 -3.11919150 
4.22676101 15.60644639 -11.43164009 9.38431318 -8.13428262 6.83489302 -6.40044126 5.53135175 -4.72822987 3.91046339 -3.62978578 2.63418299 -3.11911066 
4.21218033 15.60639440 -11.43156553 9.38422172 -8.13417931 6.83478223 -6.40032688 5.53123713 -4.72811785 3.91035631 -3.62968553 2.63409102 -3.11902804 
4.44041938 13.78528619 -8.97597539 6.54068473 -5.09169197 3.73386159 -3.34866010 2.60808940 -1.98984189 1.39359468 -1.35799438 0.61934304 -1.36534207 
4.53221046 15.00510074 -10.58608511 8.36629946 -7.00443290 5.64339821 -5.18971395 4.33627578 -3.57689876 2.82455533 -2.62591026 1.72409248 -2.31060376 
4.52893466 15.03420356 -10.62622191 8.41373521 -7.05614373 5.69699878 -5.24327990 4.38830655 -3.62625703 2.87043091 -2.66773280 1.76151130 -2.34343150 
4.62500517 15.60999040 -11.43672330 9.39054849 -8.14132701 6.84244765 -6.40824168 5.53916935 -4.73587069 3.91776822 -3.63662521 2.64045763 -3.12474762 
4.62500517 15.60999040 -11.43672330 9.39054849 -8.14132701 6.84244765 -6.40824168 5.53916935 -4.73587069 3.91776822 -3.63662521 2.64045763 -3.12474762 
4.62500517 15.60999040 -11.43672330 9.39054849 -8.14132701 6.84244765 -6.40824168 5.53916935 -4.73587069 3.91776822 -3.63662521 2.64045763 -3.12474762 
4.62500517 15.60999040 -11.43672330 9.39054849 -8.14132701 6.84244765 -6.40824168 5.53916935 -4.73587069 3.91776822 -3.63662521 2.64045763 -3.12474762 
4.52597413 15.00187669 -10.58164364 8.36105588 -6.99872261 5.63748505 -5.18381021 4.33054647 -3.57146848 2.81951239 -2.62131647 1.71998544 -2.30700317 
4.52268761 15.03110968 -10.62195120 8.40868356 -7.05063228 5.69128141 -5.23756189 4.38274835 -3.62098063 2.86552356 -2.66325619 1.75750369 -2.33991362 
4.51971835 14.99862760 -10.57716867 8.35577387 -6.99297165 5.63153095 -5.17786673 4.32477964 -3.56600360 2.81443815 -2.61669490 1.71585418 -2.30338185 
4.51642105 15.02799156 -10.61764796 8.40359446 -7.04508106 5.68552387 -5.23180474 4.37715309 -3.61566994 2.86058510 -2.65875189 1.75347185 -2.33637495 
4.51344300 14.99535320 -10.57265987 8.35045306 -6.98717966 5.62553556 -5.17188317 4.31897499 -3.56050385 2.80933240 -2.61204537 1.71169854 -2.29973968 
4.39946137 15.60924427 -11.43565301 9.38923551 -8.13984354 6.84085661 -6.40659876 5.53752270 -4.73426116 3.91622938 -3.63518433 2.63913566 -3.12355994 
4.39278730 15.60923927 -11.43564584 9.38922672 -8.13983361 6.84084596 -6.40658776 5.53751167 -4.73425039 3.91621908 -3.63517468 2.63912681 -3.12355199 
4.38609089 15.60923422 -11.43563861 9.38921784 -8.13982358 6.84083521 -6.40657665 5.53750054 -4.73423951 3.91620867 -3.63516494 2.63911787 -3.12354396 
4.37937197 15.60922913 -11.43563130 9.38920888 -8.13981345 6.84082434 -6.40656543 5.53748929 -4.73422851 3.91619817 -3.63515510 2.63910884 -3.12353585 
4.37263041 15.60922398 -11.43562391 9.38919982 -8.13980321 6.84081336 -6.40655410 5.53747793 -4.73421741 3.91618755 -3.63514516 2.63909972 -3.12352765 
4.36586605 15.60921878 -11.43561645 9.38919067 -8.13979287 6.84080227 -6.40654265 5.53746646 -4.73420619 3.91617682 -3.63513512 2.63909051 -3.12351938 
4.35907874 15.60921353 -11.43560892 9.38918142 -8.13978243 6.84079107 -6.40653108 5.53745486 -4.73419486 3.91616599 -3.63512497 2.63908120 -3.12351102 
4.35226831 15.60920822 -11.43560130 9.38917208 -8.13977188 6.84077975 -6.40651939 5.53744315 -4.73418341 3.91615505 -3.63511473 2.63907180 -3.12350257 
4.34543461 15.60920286 -11.43559361 9.38916265 -8.13976122 6.84076832 -6.40650759 5.53743132 -4.73417185 3.91614399 -3.63510437 2.63906230 -3.12349404 
4.22458873 14.78848315 -10.28986647 8.01903704 -6.62882011 5.25695721 -4.80629252 3.96641118 -3.22834954 2.50262397 -2.33415879 1.46451559 -2.08408129 
4.21301430 14.89672845 -10.43733184 8.19128882 -6.81448112 5.44732609 -4.99455652 4.14744485 -3.39843117 2.65926264 -2.47572255 1.59014009 -2.19343677 
4.31786389 15.60918085 -11.43556204 9.38912392 -8.13971746 6.84072139 -6.40645913 5.53738275 -4.73412438 3.91609860 -3.63506188 2.63902331 -3.12345901 
4.31091141 15.60917520 -11.43555394 9.38911398 -8.13970624 6.84070935 -6.40644670 5.53737029 -4.73411220 3.91608696 -3.63505098 2.63901331 -3.12345002 
4.18796888 14.76362277 -10.25615572 7.97983523 -6.58674875 5.21399765 -4.76397815 3.92587925 -3.19041127 2.46780753 -2.30279854 1.43677431 -2.06000546 
4.17616829 14.87453205 -10.40700238 8.15575995 -6.77608035 5.40784711 -4.95541409 4.10971293 -3.36289811 2.62646482 -2.44601829 1.56372769 -2.17040121 
4.28285727 15.60915201 -11.43552068 9.38907318 -8.13966014 6.84065992 -6.40639565 5.53731913 -4.73406219 3.91603915 -3.63500621 2.63897224 -3.12341312 
4.27578181 15.60914606 -11.43551214 9.38906271 -8.13964831 6.84064723 -6.40638255 5.53730600 -4.73404936 3.91602688 -3.63499472 2.63896170 -3.12340365 
4.15066881 14.73765302 -10.22100336 7.93902674 -6.54302550 5.16942216 -4.72013950 3.88394942 -3.15122042 2.43189011 -2.27048807 1.40822697 -2.03525860 
4.13863310 14.85131741 -10.37533167 8.11871590 -6.73610044 5.36680225 -4.91477422 4.07058863 -3.32609998 2.59253963 -2.41532763 1.53646721 -2.14665004 
4.24722699 15.60912161 -11.43547707 9.38901969 -8.13959970 6.84059509 -6.40632872 5.53725205 -4.73399662 3.91597646 -3.63494751 2.63891839 -3.12336474 
4.12032183 14.71603413 -10.19178916 7.90516615 -6.50680269 5.13254830 -4.68392743 3.84936226 -3.11893584 2.40233962 -2.24393714 1.38479499 -2.01496807 
4.10809122 14.83197090 -10.34897718 8.08793377 -6.70292433 5.33278726 -4.88113771 4.03824625 -3.29571638 2.56455946 -2.39004201 1.51403011 -2.12711994 
4.09725688 14.69930459 -10.16921252 7.87903259 -6.47888100 5.10415896 -4.65608005 3.82279435 -3.09416342 2.37968834 -2.22360491 1.36686765 -1.99945778 
3.94651486 15.60530177 -11.42999860 9.38229993 -8.13200845 6.83245443 -6.39792364 5.52882886 -4.72576431 3.90810649 -3.62757926 2.63215887 -3.11729240 
3.92973184 15.60522253 -11.42988497 9.38216058 -8.13185104 6.83228564 -6.39774939 5.52865426 -4.72559368 3.90794339 -3.62742657 2.63201880 -3.11716658 
3.77238609 14.38193100 -9.74594507 7.39458540 -5.96691404 4.58903804 -4.15587361 3.35019265 -2.65759723 1.98401056 -1.87139284 1.05874370 -1.73486259 
3.74779289 14.62237299 -10.06573490 7.75963057 -6.35169968 4.97522749 -4.52996940 3.70280795 -2.98258095 2.27791504 -2.13246787 1.28668979 -1.93023766 
3.86985676 15.60492881 -11.42946377 9.38164400 -8.13126754 6.83165999 -6.39710349 5.52800704 -4.72496118 3.90733879 -3.62686056 2.63149960 -3.11670020 
3.70775045 14.32027413 -9.66482282 7.30294248 -5.87129038 4.49399872 -4.06468002 3.26502204 -2.57979397 1.91423746 -1.80990732 1.00546335 -1.68952364 
3.68228953 14.57003925 -9.99566395 7.67913021 -6.26631899 4.88902539 -4.44598683 3.62320923 -2.90882973 2.21088192 -2.07263927 1.23421990 -1.88507381 
3.80813374 15.60460710 -11.42900244 9.38107824 -8.13062849 6.83097478 -6.39639611 5.52729822 -4.72426851 3.90667667 -3.62624072 2.63093102 -3.11618947 
3.64097151 14.25396624 -9.57798216 7.20527331 -5.76981722 4.39356291 -3.96869510 3.17572465 -2.49852613 1.84161540 -1.74612622 0.95036811 -1.64278181 
3.61458004 14.51356006 -9.92033403 7.59290844 -6.17519868 4.79734618 -4.35696698 3.53910897 -2.83115018 2.14048656 -2.00998578 1.17941751 -1.83802109 
3.59187983 14.20349025 -9.51215412 7.13153693 -5.69351123 4.31832363 -3.89705489 3.10931339 -2.43829419 1.78796625 -1.69915350 0.90990964 -1.60855258 
3.38231346 15.59152515 -11.41025109 9.35809097 -8.10467363 6.80315528 -6.36768667 5.49853996 -4.69617398 3.87982959 -3.60111472 2.60788906 -3.09549692 
3.34879548 15.59089954 -11.40935475 9.35699260 -8.10343395 6.80182704 -6.36631643 5.49716786 -4.69483397 3.87854947 -3.59991701 2.60679098 -3.09451105 
3.31470622 15.59024165 -11.40841221 9.35583766 -8.10213047 6.80043049 -6.36487577 5.49572528 -4.69342519 3.87720369 -3.59865789 2.60563664 -3.09347470 
3.08915393 13.51651350 -8.64002539 6.17945027 -4.73246575 3.39294880 -3.03587498 2.32835226 -1.74474762 1.18226504 -1.17855083 0.46913271 -1.24168008 
3.03910160 14.00470866 -9.25524815 6.84625848 -5.40077663 4.03201429 -3.62657634 2.86047489 -2.21425348 1.58978255 -1.52676138 0.76232834 -1.48441986 
3.19668713 15.58778515 -11.40489315 9.35152602 -8.09726473 6.79521777 -6.35949883 5.49034162 -4.68816803 3.87218196 -3.59395988 2.60132982 -3.08960830 
3.36344208 14.28172685 -9.61428853 7.24605219 -5.81212906 4.43538960 -4.00861945 3.21282348 -2.53225059 1.87171953 -1.77253841 0.97316148 -1.66210149 
3.33802274 13.91792023 -9.14424750 6.72423440 -5.27678804 3.91188910 -3.51413176 2.75794424 -2.12273063 1.50947688 -1.45744144 0.70340990 -1.43520269 
3.30693361 14.22445302 -9.53946344 7.16209563 -5.72510316 4.34944387 -3.92665874 3.13673159 -2.46313947 1.81007785 -1.71849820 0.92655931 -1.62262882 
3.45659046 15.60234485 -11.42575866 9.37710038 -8.12613571 6.82615781 -6.39142365 5.52231597 -4.71940001 3.90202323 -3.62188461 2.62693538 -3.11260052 
3.25754297 13.81836841 -9.01779245 6.58613650 -5.13736769 3.77764634 -3.38922470 2.64470998 -2.02221776 1.42174650 -1.38208828 0.63965946 -1.38218462 
3.22506185 14.13796623 -9.42705963 7.03660434 -5.59565658 4.22220161 -3.80586654 3.02508082 -2.36216044 1.72037236 -1.64015269 0.85923704 -1.56579960 
3.02476245 10.80544134 -5.62234009 3.26649025 -2.11572878 1.13102945 -1.13381547 0.75980635 -0.47001121 0.15336100 -0.35464031 -0.18706244 -0.72604348 
2.69757943 13.56811954 -8.70400752 6.24770827 -4.79982277 3.45639886 -3.09367050 2.37967977 -1.78941494 1.22053486 -1.21085243 0.49602287 -1.26370059 
2.88131180 15.57963068 -11.39321550 9.33722281 -8.08112837 6.77793571 -6.34167725 5.47250247 -4.67075239 3.85555021 -3.57840368 2.58707193 -3.07681097 
2.83814968 15.57830492 -11.39131752 9.33489875 -8.07850717 6.77512914 -6.33878378 5.46960682 -4.66792613 3.85285173 -3.57588021 2.58475950 -3.07473578 
3.03756474 13.92359710 -9.15148650 6.73216945 -5.28482825 3.91965777 -3.52138467 2.76454089 -2.12860463 1.51461906 -1.46187049 0.70716671 -1.43833479 
3.60018298 12.42895491 -7.34892035 4.85779916 -3.47913630 2.25583414 -2.03662641 1.47078266 -1.02228107 0.58131586 -0.68489611 0.06799834 -0.92060701 
3.87561827 15.60999040 -11.43672330 9.39054849 -8.14132701 6.84244765 -6.40824168 5.53916935 -4.73587069 3.91776822 -3.63662521 2.64045763 -3.12474762 
4.01946872 14.68557159 -10.15069961 7.85762504 -6.45603147 5.08094897 -4.63333424 3.80111301 -3.07396474 2.36123423 -2.20705296 1.35228411 -1.98684925 
4.02321879 14.73241223 -10.21391726 7.93080910 -6.53422987 5.16046385 -4.71133760 3.87553846 -3.14336579 2.42469753 -2.26402290 1.40251904 -2.03031408 
3.47155769 9.91830257 -4.77922697 2.56942167 -1.57884589 0.72977706 -0.84059774 0.54840538 -0.31887336 0.04348095 -0.27394896 -0.24782199 -0.68090279 
2.14152064 -5.38478009 -1.17811344 -0.38402918 -0.23772075 -0.27351775 -0.27010932 0.14413314 -0.11476409 -0.16436698 -0.16108478 -0.39078466 -0.58351829 
3.04493405 3.00870355 -0.60267407 0.12007993 -0.15622868 -0.15614236 -0.28158696 0.18893835 -0.09321053 -0.12415416 -0.15062181 -0.35652036 -0.59781880 
4.62589890 8.71716838 -3.74975125 1.79725631 -1.03731225 0.35684622 -0.58753104 0.37759719 -0.20391988 -0.03755205 -0.21531699 -0.29283812 -0.64726760 
5.44879488 12.68739995 -7.64587920 5.15220454 -3.74959662 2.49379091 -2.23952968 1.63987610 -1.16073647 0.69350096 -0.77484025 0.13952567 -0.97668795 
5.80615190 15.11164543 -10.73341609 8.54086562 -7.19519921 5.84160163 -5.38823953 4.52953371 -3.76061518 2.99564875 -2.78218249 1.86415908 -2.43369321 
5.88015995 15.59527059 -11.41561810 9.36466854 -8.11209834 6.81111137 -6.37589528 5.50676063 -4.70420315 3.88750066 -3.60829262 2.61447039 -3.10140619 
5.74229588 14.72077125 -10.19818676 7.91257704 -6.51472622 5.14060997 -4.69184035 3.85691638 -3.12598369 2.40878770 -2.24972821 1.38990372 -2.01939018 
5.33822435 12.62245889 -7.57068518 5.07710545 -3.68010950 2.43223887 -2.18670220 1.59557650 -1.12424839 0.66377935 -0.75089740 0.12040808 -0.96164149 
4.47411528 7.95597725 -3.16376781 1.40014332 -0.78490211 0.19666014 -0.48629541 0.31324383 -0.16298908 -0.06621297 -0.19440106 -0.30986046 -0.63428282 
2.80691957 5.45372807 -1.59880233 0.51561658 -0.30891337 -0.07433334 -0.32813919 0.21786125 -0.10652993 -0.10869464 -0.16201078 -0.34061438 -0.61015991 
1.34205263 -14.35377704 -8.66349931 -6.25165289 -4.74302079 -3.74571613 -2.92270011 -1.91877442 -1.72706635 -1.42929533 -1.13941196 -1.14199960 -1.13774177 
2.75408837 7.30830941 -2.70562205 1.11311713 -0.61572387 0.09524240 -0.42507583 0.27565085 -0.13993343 -0.08265919 -0.18215318 -0.32049736 -0.62602988 
3.11045871 14.00970254 -9.26165674 6.85332635 -5.40798097 4.03901532 -3.63314902 2.86648512 -2.21963314 1.59451504 -1.53085641 0.76581681 -1.48734025 
2.91185379 15.59683139 -11.41785503 9.36741045 -8.11519387 6.81442892 -6.37931860 5.51018942 -4.70755249 3.89070100 -3.61128754 2.61721669 -3.10387228 
2.70971301 13.39468578 -8.48996345 6.02036356 -4.57643883 3.24683317 -2.90353654 2.21146869 -1.64356701 1.09600179 -1.10607486 0.40905246 -1.19267770 
2.15081774 12.30229936 -7.20562034 4.71783323 -3.35241391 2.14587313 -1.94410656 1.39466055 -0.96070824 0.53196671 -0.64571592 0.03709656 -0.89656662 
1.08908791 2.81549408 -0.54636616 0.10277022 -0.15111784 -0.15953088 -0.27953051 0.18754168 -0.09280307 -0.12502217 -0.15011179 -0.35751250 -0.59707948 
-0.01855149 5.17991846 -1.46109208 0.45195373 -0.28082452 -0.08895411 -0.32000996 0.21300507 -0.10395220 -0.11106658 -0.16014411 -0.34280939 -0.60842594 
-0.05177264 3.97833202 -0.93479766 0.23413119 -0.19408272 -0.13428195 -0.29448658 0.19735292 -0.09636341 -0.11924101 -0.15391146 -0.35106158 -0.60197333 
-2.53061851 13.76097808 -8.94531435 6.50742689 -5.05833703 3.70194891 -3.31914950 2.58149610 -1.96637187 1.37322005 -1.34058343 0.60468272 -1.35320508 
-0.29815285 3.59666833 -0.79420568 0.18344297 -0.17645583 -0.14401819 -0.28881821 0.19371890 -0.09487817 -0.12130377 -0.15246108 -0.35331455 -0.60024322 
0.32659789 15.56676062 -11.37479730 9.31467789 -8.05570945 6.75072769 -6.31363528 5.44444753 -4.64337712 3.82941937 -3.55397347 2.56468991 -3.05672956 
0.27487952 15.56449859 -11.37156170 9.31071916 -8.05124801 6.74595422 -6.30871745 5.43952928 -4.63857975 3.82484162 -3.54969501 2.56077133 -3.05321475 
0.22178841 15.56205516 -11.36806718 9.30644423 -8.04643089 6.74080086 -6.30340890 5.43422091 -4.63340242 3.81990183 -3.54507864 2.55654365 -3.04942303 
1.01457185 9.27380039 -4.21084986 2.13184594 -1.26438949 0.50880286 -0.68800021 0.44387066 -0.24757587 -0.00699562 -0.23741028 -0.27561768 -0.66020994 
1.45899585 15.60999040 -11.43672330 9.39054849 -8.14132701 6.84244765 -6.40824168 5.53916935 -4.73587069 3.91776822 -3.63662521 2.64045763 -3.12474762 
1.45899585 15.60999040 -11.43672330 9.39054849 -8.14132701 6.84244765 -6.40824168 5.53916935 -4.73587069 3.91776822 -3.63662521 2.64045763 -3.12474762 
1.45899585 15.60999040 -11.43672330 9.39054849 -8.14132701 6.84244765 -6.40824168 5.53916935 -4.73587069 3.91776822 -3.63662521 2.64045763 -3.12474762 
1.00265376 9.02361880 -4.00019526 1.97665431 -1.15753610 0.43644164 -0.63966190 0.41170761 -0.22622011 -0.02196559 -0.22659557 -0.28398416 -0.65394000 
0.11118231 15.55654209 -11.36018454 9.29680358 -8.03557000 6.72918441 -6.29144512 5.42225991 -4.62173891 3.80877544 -3.53468246 2.54702430 -3.04088658 
-0.61071466 -0.02492669 -0.09686674 -0.01966530 -0.12481989 -0.19347751 -0.26032716 0.17262482 -0.09245888 -0.13603559 -0.14693862 -0.36973220 -0.58873840 
-0.59157751 -0.37222461 -0.09049347 -0.02586463 -0.12489382 -0.19680245 -0.25900472 0.17119746 -0.09298574 -0.13734822 -0.14703813 -0.37102900 -0.58798713 
0.18709481 15.20911505 -10.86913943 8.70274838 -7.37323947 6.02771698 -5.57575781 4.71311164 -3.93607699 3.15989431 -2.93293032 1.99989348 -2.55349452 
-0.38729381 3.44697147 -0.74255860 0.16569298 -0.17057045 -0.14740054 -0.28682140 0.19241691 -0.09438739 -0.12206330 -0.15194955 -0.35415938 -0.59959960 
-1.27443858 -6.08467010 -1.50572757 -0.52704655 -0.29786623 -0.30267654 -0.28217533 0.13562231 -0.12158559 -0.17079673 -0.16567785 -0.39462909 -0.58427991 
1.95312471 3.28837767 -0.68999052 0.14812366 -0.16490655 -0.15075090 -0.28482792 0.19110401 -0.09391859 -0.12284138 -0.15144063 -0.35503240 -0.59893787 
3.14998870 11.13673790 -5.95531664 3.55676667 -2.35099980 1.31513793 -1.27420742 0.86505412 -0.54800771 0.21149882 -0.39808330 -0.15421665 -0.75058902 
4.17957124 10.14302244 -4.98612723 2.73530532 -1.70279868 0.81989572 -0.90477288 0.59358326 -0.35046346 0.06612464 -0.29043076 -0.23539603 -0.69012439 
4.80640050 13.88375026 -9.10073867 6.67660938 -5.22859831 3.86538838 -3.47077396 2.71855850 -2.08770141 1.47884633 -1.43108685 0.68107753 -1.41660146 
5.09755681 15.02573783 -10.61453821 8.39991746 -7.04107084 5.68136528 -5.22764709 4.37311296 -3.61183584 2.85702022 -2.65550083 1.75056216 -2.33382147 
5.21903248 15.57069410 -11.38042484 9.32156445 -8.06347188 6.75903445 -6.32219464 5.45300893 -4.65172934 3.83739032 -3.56142426 2.57151484 -3.06285194 
5.12176220 14.74086594 -10.22534887 7.94406760 -6.54842240 5.17492033 -4.72554305 3.88911425 -3.15604478 2.43630883 -2.27446075 1.41173506 -2.03829808 
4.75960943 13.26876417 -8.33630650 5.85893272 -4.41950475 3.10110610 -2.77262789 2.09676033 -1.54502265 1.01257841 -1.03644617 0.35167900 -1.14615116 
4.17388393 12.06929028 -6.94581138 4.46760731 -3.12894174 1.95444703 -1.78502618 1.26531384 -0.85725133 0.44986184 -0.58109526 -0.01350925 -0.85745982 
3.46242266 12.21266367 -7.10508964 4.62046695 -3.26498372 2.07059652 -1.88124295 1.34330840 -0.91945355 0.49910058 -0.61976140 0.01671591 -0.88077689 
2.48114687 6.17320973 -1.99215229 0.71119801 -0.40144089 -0.02522980 -0.35557569 0.23412095 -0.11554030 -0.10108359 -0.16800122 -0.33408196 -0.61533240 
0.94425740 15.51816805 -11.30539477 9.22988389 -7.96027629 6.64875017 -6.20870161 5.33962676 -4.54124524 3.73206430 -3.46307241 2.48151110 -2.98218605 
0.31321989 5.64905082 -1.70107499 0.56455185 -0.33121906 -0.06264191 -0.33464373 0.22172728 -0.10862658 -0.10684465 -0.16346979 -0.33895863 -0.61147007 
0.13339064 6.25844022 -2.04177326 0.73724723 -0.41440644 -0.01821233 -0.35953035 0.23646160 -0.11687174 -0.10001763 -0.16883521 -0.33322088 -0.61601410 
1.33705590 10.47455987 -5.29962927 2.99313602 -1.90027684 0.96668172 -1.01145703 0.67009346 -0.40488406 0.10554034 -0.31929721 -0.21367687 -0.70624492 
2.12367206 12.24660577 -7.14307114 4.65717257 -3.29787327 2.09885693 -1.90479740 1.36251382 -0.93485529 0.51135151 -0.62942269 0.02429386 -0.88664163 
2.40984325 15.60999040 -11.43672330 9.39054849 -8.14132701 6.84244765 -6.40824168 5.53916935 -4.73587069 3.91776822 -3.63662521 2.64045763 -3.12474762 
2.40984325 15.60999040 -11.43672330 9.39054849 -8.14132701 6.84244765 -6.40824168 5.53916935 -4.73587069 3.91776822 -3.63662521 2.64045763 -3.12474762 
2.40984325 15.60999040 -11.43672330 9.39054849 -8.14132701 6.84244765 -6.40824168 5.53916935 -4.73587069 3.91776822 -3.63662521 2.64045763 -3.12474762 
2.40984325 15.60999040 -11.43672330 9.39054849 -8.14132701 6.84244765 -6.40824168 5.53916935 -4.73587069 3.91776822 -3.63662521 2.64045763 -3.12474762 
2.11519005 12.10093182 -6.98080210 4.50103963 -3.15856735 1.97963744 -1.80581172 1.28209967 -0.87059066 0.46038834 -0.58933897 -0.00707919 -0.86241011 
1.68276000 15.59873877 -11.42058898 9.37076193 -8.11897796 6.81848481 -6.38350417 5.51438205 -4.71164830 3.89461490 -3.61495049 2.62057579 -3.10688884 
1.24269307 9.63094824 -4.52123439 2.36745594 -1.43137861 0.62472527 -0.76716548 0.49756461 -0.28386201 0.01858861 -0.25590329 -0.26148679 -0.67074794 
1.18209199 10.01547227 -4.86813717 2.64028384 -1.63149067 0.76785496 -0.86758525 0.56732245 -0.33204862 0.05290362 -0.28079910 -0.24265324 -0.68473935 
1.57630943 15.59747997 -11.41878463 9.36854998 -8.11648044 6.81580786 -6.38074158 5.51161476 -4.70894487 3.89203150 -3.61253270 2.61835854 -3.10489767 
1.11491699 9.20693419 -4.15400232 2.08958506 -1.23503787 0.48877983 -0.67453820 0.43486390 -0.24156519 -0.01121467 -0.23436282 -0.27796559 -0.65845324 
1.69681336 6.48892807 -2.17917372 0.81091631 -0.45181957 0.00223589 -0.37111521 0.24332695 -0.12081411 -0.09692022 -0.17124821 -0.33078222 -0.61794306 
1.94380509 11.72033407 -6.56595264 4.11010430 -2.81675367 1.69261445 -1.57178737 1.09523160 -0.72366208 0.34549179 -0.50006055 -0.07629913 -0.80941936 
1.93045849 11.82901751 -6.68307562 4.21926551 -2.91117196 1.77109218 -1.63514868 1.14535276 -0.76272109 0.37580334 -0.52345941 -0.05824735 -0.82317409 
2.24072847 15.60999040 -11.43672330 9.39054849 -8.14132701 6.84244765 -6.40824168 5.53916935 -4.73587069 3.91776822 -3.63662521 2.64045763 -3.12474762 
2.24072847 15.60999040 -11.43672330 9.39054849 -8.14132701 6.84244765 -6.40824168 5.53916935 -4.73587069 3.91776822 -3.63662521 2.64045763 -3.12474762 
2.56295374 12.96075498 -7.96663690 5.47671052 -4.05366181 2.76639288 -2.47623146 1.84060619 -1.32785674 0.83096346 -0.88656534 0.22942867 -1.04796833 
2.81365368 15.60635019 -11.43150213 9.38414396 -8.13409147 6.83468804 -6.40022964 5.53113967 -4.72802261 3.91026526 -3.62960029 2.63401283 -3.11895780 
3.07061347 13.64851979 -8.80418351 6.35509023 -4.90628224 3.55713274 -3.18582618 2.46186639 -1.86122670 1.28229404 -1.26316518 0.53971390 -1.29959107 
3.08779746 13.90587148 -9.12889325 6.70741437 -5.25975555 3.89544151 -3.49878492 2.74399373 -2.11031497 1.49861350 -1.44808906 0.69548053 -1.42859464 
3.10885521 13.69993706 -8.86856368 6.42442970 -4.97534492 3.62277193 -3.24613491 2.51587560 -1.90860755 1.32319529 -1.29793249 0.56884558 -1.32359596 
3.31657441 15.60119899 -11.42411582 9.37508598 -8.12386077 6.82371894 -6.38890628 5.51979385 -4.71693567 3.89966793 -3.61967996 2.62491330 -3.11078437 
