8.48077842 -0.02535387 -0.09685240 -0.01967317 -0.12481973 -0.19348163 -0.26032542 0.17262304 -0.09245946 -0.13603719 -0.14693868 -0.36973381 -0.58873744 
0.79643856 8.73076648 -3.76068714 1.80497199 -1.04240750 0.36017874 -0.58969073 0.37899787 -0.20482802 -0.03691779 -0.21577668 -0.29247395 -0.64754295 
1.25048543 15.59268769 -11.41191680 9.36013223 -8.10697762 6.80562399 -6.37023357 5.50109044 -4.69866489 3.88220927 -3.60334129 2.60993047 -3.09732978 
1.74216063 11.38467634 -6.21098313 3.78518247 -2.54059763 1.46679950 -1.39227612 0.95529610 -0.61610063 0.26296612 -0.43695953 -0.12465582 -0.77280525 
2.07737241 15.60999040 -11.43672330 9.39054849 -8.14132701 6.84244765 -6.40824168 5.53916935 -4.73587069 3.91776822 -3.63662521 2.64045763 -3.12474762 
2.07737241 15.60999040 -11.43672330 9.39054849 -8.14132701 6.84244765 -6.40824168 5.53916935 -4.73587069 3.91776822 -3.63662521 2.64045763 -3.12474762 
2.07737241 15.60999040 -11.43672330 9.39054849 -8.14132701 6.84244765 -6.40824168 5.53916935 -4.73587069 3.91776822 -3.63662521 2.64045763 -3.12474762 
2.07737241 15.60999040 -11.43672330 9.39054849 -8.14132701 6.84244765 -6.40824168 5.53916935 -4.73587069 3.91776822 -3.63662521 2.64045763 -3.12474762 
2.07737241 15.60999040 -11.43672330 9.39054849 -8.14132701 6.84244765 -6.40824168 5.53916935 -4.73587069 3.91776822 -3.63662521 2.64045763 -3.12474762 
2.07737241 15.60999040 -11.43672330 9.39054849 -8.14132701 6.84244765 -6.40824168 5.53916935 -4.73587069 3.91776822 -3.63662521 2.64045763 -3.12474762 
2.07737241 15.60999040 -11.43672330 9.39054849 -8.14132701 6.84244765 -6.40824168 5.53916935 -4.73587069 3.91776822 -3.63662521 2.64045763 -3.12474762 
2.07737241 15.60999040 -11.43672330 9.39054849 -8.14132701 6.84244765 -6.40824168 5.53916935 -4.73587069 3.91776822 -3.63662521 2.64045763 -3.12474762 
2.07737241 15.60999040 -11.43672330 9.39054849 -8.14132701 6.84244765 -6.40824168 5.53916935 -4.73587069 3.91776822 -3.63662521 2.64045763 -3.12474762 
2.42625590 12.71782491 -7.68124071 5.18764993 -3.78250968 2.52304384 -2.26471790 1.66106419 -1.17824042 0.70779725 -0.78638497 0.14876313 -0.98397273 
2.43377256 12.84150371 -7.82586165 5.33346552 -3.91868503 2.64473762 -2.37005603 1.75012426 -1.25217275 0.76844723 -0.83555844 0.18824639 -1.01521278 
1.75700390 11.27006110 -6.09210602 3.67838513 -2.45147234 1.39515316 -1.33623845 0.91227823 -0.58350890 0.23825289 -0.41824462 -0.13890763 -0.76207890 
1.74216063 11.38467634 -6.21098313 3.78518247 -2.54059763 1.46679950 -1.39227612 0.95529610 -0.61610063 0.26296612 -0.43695953 -0.12465582 -0.77280525 
2.07737241 15.60999040 -11.43672330 9.39054849 -8.14132701 6.84244765 -6.40824168 5.53916935 -4.73587069 3.91776822 -3.63662521 2.64045763 -3.12474762 
2.07737241 15.60999040 -11.43672330 9.39054849 -8.14132701 6.84244765 -6.40824168 5.53916935 -4.73587069 3.91776822 -3.63662521 2.64045763 -3.12474762 
2.75068226 10.19254412 -5.03232952 2.77281648 -1.73117040 0.84074674 -0.91976874 0.60423463 -0.35797247 0.07153282 -0.29437779 -0.23242449 -0.69232918 
2.95585665 13.73935581 -8.91808751 6.47794259 -5.02881400 3.67374588 -3.29310827 2.55806309 -1.94571976 1.35531508 -1.32530172 0.59182992 -1.34257609 
2.72330083 15.60600641 -11.43100910 9.38353927 -8.13340839 6.83395557 -6.39947341 5.53038185 -4.72728200 3.90955728 -3.62893747 2.63340480 -3.11841160 
2.09401426 4.14090907 -0.99857548 0.25822864 -0.20285168 -0.12957866 -0.29718878 0.19905769 -0.09710919 -0.11829937 -0.15459768 -0.35005494 -0.60275196 
0.07062227 -15.01520322 -9.50187900 -7.16456183 -5.66095382 -4.62462802 -3.73519910 -2.65135263 -2.37391581 -1.99001195 -1.61681484 -1.54153046 -1.46609415 
1.14684674 8.73076648 -3.76068714 1.80497199 -1.04240750 0.36017874 -0.58969073 0.37899787 -0.20482802 -0.03691779 -0.21577668 -0.29247395 -0.64754295 
0.99524118 -5.14822142 -1.07713310 -0.34316445 -0.22167670 -0.26577817 -0.26716783 0.14643481 -0.11282761 -0.16244675 -0.15974158 -0.38960501 -0.58337457 
3.36035316 1.26480574 -0.21318553 0.01292197 -0.12884957 -0.18032493 -0.26698263 0.17844430 -0.09148771 -0.13124358 -0.14745771 -0.36462571 -0.59200239 
5.49591530 6.35730351 -2.10013424 0.76826419 -0.43002638 -0.00971120 -0.36433525 0.23930717 -0.11849937 -0.09872894 -0.16984107 -0.33219519 -0.61682575 
6.46807222 12.23411552 -7.12908224 4.64364222 -3.28573965 2.08842302 -1.89609450 1.35541277 -0.92915678 0.50681610 -0.62584413 0.02148579 -0.88446754 
6.84991574 15.13228382 -10.76207939 8.57496847 -7.23261587 5.88062553 -5.42747060 4.56785873 -3.79717117 3.02980188 -2.81347153 1.89228335 -2.45847546 
6.80710419 14.63764761 -10.08623548 7.78323660 -6.37679265 5.00061613 -4.55475561 3.72634737 -3.00443311 2.29781290 -2.15025793 1.30231717 -1.94371000 
6.29933262 10.94990040 -5.76631705 3.39099152 -2.21584123 1.20879926 -1.19270905 0.80367119 -0.50232143 0.17733433 -0.37249192 -0.17358696 -0.73609698 
5.18498138 6.87005171 -2.41666352 0.94342471 -0.52172303 0.04123124 -0.39348075 0.25664331 -0.12859277 -0.09100110 -0.17581412 -0.32634912 -0.62144002 
3.19502704 2.26312281 -0.40347330 0.06165914 -0.13987167 -0.16801325 -0.27434257 0.18392373 -0.09196539 -0.12736270 -0.14888627 -0.36020508 -0.59510584 
-0.76429541 -4.25961097 -0.74179337 -0.21938160 -0.17679397 -0.24356919 -0.25973964 0.15333950 -0.10676286 -0.15609741 -0.15546951 -0.38557244 -0.58325185 
1.23590481 -1.66073705 -0.15934725 -0.05278900 -0.12885471 -0.20912822 -0.25578155 0.16605255 -0.09586554 -0.14252991 -0.14828541 -0.37569751 -0.58564553 
2.61552971 10.06272954 -4.91168270 2.67522265 -1.65761579 0.78685989 -0.88112577 0.57685875 -0.33871927 0.05768597 -0.28428029 -0.24002908 -0.68668669 
3.64844081 10.50459319 -5.32851545 3.01727886 -1.91905867 0.98083876 -1.02188001 0.67765694 -0.41032232 0.10950689 -0.32221525 -0.21148159 -0.70787562 
3.90589757 14.69308043 -10.16081976 7.86932510 -6.46851708 5.09362907 -4.64575838 3.81295355 -3.08499364 2.37130887 -2.21608772 1.36024324 -1.99372951 
3.76740888 15.60858686 -11.43471005 9.38807878 -8.13853666 6.83945502 -6.40515151 5.53607221 -4.73284343 3.91487395 -3.63391522 2.63797132 -3.12251390 
3.62514813 14.40992371 -9.78289391 7.43645542 -6.01073439 4.63271669 -4.19790243 3.38955216 -2.69364606 2.01641870 -1.90001857 1.08360403 -1.75606207 
3.27582601 13.98262247 -9.22693328 6.81506053 -5.36900588 4.00116774 -3.59764229 2.83403905 -2.19061035 1.56899954 -1.50879075 0.74702986 -1.47162088 
3.26943856 14.04555873 -9.30773940 6.90422305 -5.45993336 4.08956983 -3.68067263 2.90999720 -2.25862782 1.62885829 -1.56060620 0.79118587 -1.50859888 
3.44227619 15.60999040 -11.43672330 9.39054849 -8.14132701 6.84244765 -6.40824168 5.53916935 -4.73587069 3.91776822 -3.63662521 2.64045763 -3.12474762 
3.44227619 15.60999040 -11.43672330 9.39054849 -8.14132701 6.84244765 -6.40824168 5.53916935 -4.73587069 3.91776822 -3.63662521 2.64045763 -3.12474762 
3.44227619 15.60999040 -11.43672330 9.39054849 -8.14132701 6.84244765 -6.40824168 5.53916935 -4.73587069 3.91776822 -3.63662521 2.64045763 -3.12474762 
3.44227619 15.60999040 -11.43672330 9.39054849 -8.14132701 6.84244765 -6.40824168 5.53916935 -4.73587069 3.91776822 -3.63662521 2.64045763 -3.12474762 
3.44227619 15.60999040 -11.43672330 9.39054849 -8.14132701 6.84244765 -6.40824168 5.53916935 -4.73587069 3.91776822 -3.63662521 2.64045763 -3.12474762 
3.44227619 15.60999040 -11.43672330 9.39054849 -8.14132701 6.84244765 -6.40824168 5.53916935 -4.73587069 3.91776822 -3.63662521 2.64045763 -3.12474762 
3.44227619 15.60999040 -11.43672330 9.39054849 -8.14132701 6.84244765 -6.40824168 5.53916935 -4.73587069 3.91776822 -3.63662521 2.64045763 -3.12474762 
3.44227619 15.60999040 -11.43672330 9.39054849 -8.14132701 6.84244765 -6.40824168 5.53916935 -4.73587069 3.91776822 -3.63662521 2.64045763 -3.12474762 
3.44227619 15.60999040 -11.43672330 9.39054849 -8.14132701 6.84244765 -6.40824168 5.53916935 -4.73587069 3.91776822 -3.63662521 2.64045763 -3.12474762 
3.44227619 15.60999040 -11.43672330 9.39054849 -8.14132701 6.84244765 -6.40824168 5.53916935 -4.73587069 3.91776822 -3.63662521 2.64045763 -3.12474762 
3.44227619 15.60999040 -11.43672330 9.39054849 -8.14132701 6.84244765 -6.40824168 5.53916935 -4.73587069 3.91776822 -3.63662521 2.64045763 -3.12474762 
3.44227619 15.60999040 -11.43672330 9.39054849 -8.14132701 6.84244765 -6.40824168 5.53916935 -4.73587069 3.91776822 -3.63662521 2.64045763 -3.12474762 
3.44227619 15.60999040 -11.43672330 9.39054849 -8.14132701 6.84244765 -6.40824168 5.53916935 -4.73587069 3.91776822 -3.63662521 2.64045763 -3.12474762 
3.44227619 15.60999040 -11.43672330 9.39054849 -8.14132701 6.84244765 -6.40824168 5.53916935 -4.73587069 3.91776822 -3.63662521 2.64045763 -3.12474762 
3.62064816 14.34865688 -9.70212150 7.34502987 -5.91515671 4.53754993 -4.10642517 3.30397053 -2.61533855 1.94608390 -1.83794638 1.02974051 -1.71016595 
3.62514813 14.40992371 -9.78289391 7.43645542 -6.01073439 4.63271669 -4.19790243 3.38955216 -2.69364606 2.01641870 -1.90001857 1.08360403 -1.75606207 
3.45300008 15.60999040 -11.43672330 9.39054849 -8.14132701 6.84244765 -6.40824168 5.53916935 -4.73587069 3.91776822 -3.63662521 2.64045763 -3.12474762 
3.45300008 15.60999040 -11.43672330 9.39054849 -8.14132701 6.84244765 -6.40824168 5.53916935 -4.73587069 3.91776822 -3.63662521 2.64045763 -3.12474762 
3.63042651 14.35797269 -9.71438031 7.35888061 -5.92961120 4.55191809 -4.12021376 3.31685009 -2.62710546 1.95663754 -1.84724747 1.03780120 -1.71702585 
3.63490663 14.41885176 -9.79469404 7.44984421 -6.02476416 4.64671773 -4.21139015 3.40219733 -2.70524004 2.02685236 -1.90924339 1.09162268 -1.76290585 
3.46366677 15.60999040 -11.43672330 9.39054849 -8.14132701 6.84244765 -6.40824168 5.53916935 -4.73587069 3.91776822 -3.63662521 2.64045763 -3.12474762 
3.64015760 14.36718800 -9.72651493 7.37259982 -5.94393734 4.56616720 -4.13389606 3.32963755 -2.63879454 1.96712676 -1.85649629 1.04582024 -1.72385329 
3.64461804 14.42768292 -9.80637355 7.46310424 -6.03866728 4.66060030 -4.22477115 3.41474919 -2.71675440 2.03721943 -1.91841358 1.09959734 -1.76971492 
3.47427688 15.60999040 -11.43672330 9.39054849 -8.14132701 6.84244765 -6.40824168 5.53916935 -4.73587069 3.91776822 -3.63662521 2.64045763 -3.12474762 
3.47427688 15.60999040 -11.43672330 9.39054849 -8.14132701 6.84244765 -6.40824168 5.53916935 -4.73587069 3.91776822 -3.63662521 2.64045763 -3.12474762 
3.47427688 15.60999040 -11.43672330 9.39054849 -8.14132701 6.84244765 -6.40824168 5.53916935 -4.73587069 3.91776822 -3.63662521 2.64045763 -3.12474762 
3.47427688 15.60999040 -11.43672330 9.39054849 -8.14132701 6.84244765 -6.40824168 5.53916935 -4.73587069 3.91776822 -3.63662521 2.64045763 -3.12474762 
3.47427688 15.60999040 -11.43672330 9.39054849 -8.14132701 6.84244765 -6.40824168 5.53916935 -4.73587069 3.91776822 -3.63662521 2.64045763 -3.12474762 
3.64984189 14.37630425 -9.73852702 7.38618910 -5.95813655 4.58029842 -4.14747294 3.34233353 -2.65040623 1.97755180 -1.86569293 1.05379765 -1.73064822 
3.80363610 15.60863678 -11.43478164 9.38816660 -8.13863589 6.83956143 -6.40526139 5.53618233 -4.73295107 3.91497685 -3.63401156 2.63805971 -3.12259331 
3.66390140 14.44506021 -9.82937714 7.48924434 -6.06609916 4.68801473 -4.25121674 3.43957568 -2.73954616 2.05775503 -1.93659080 1.11541493 -1.78322891 
3.66907181 14.39424524 -9.76219005 7.41298408 -5.98615961 4.60821168 -4.17431396 3.36745363 -2.67339908 1.99821037 -1.88393020 1.06962769 -1.74414040 
3.67347422 14.45360906 -9.84070436 7.50212748 -6.07963067 4.70154890 -4.26428314 3.45185169 -2.75082452 2.06792418 -1.94559817 1.12325802 -1.78993384 
3.50577359 15.60999040 -11.43672330 9.39054849 -8.14132701 6.84244765 -6.40824168 5.53916935 -4.73587069 3.91776822 -3.63662521 2.64045763 -3.12474762 
3.50577359 15.60999040 -11.43672330 9.39054849 -8.14132701 6.84244765 -6.40824168 5.53916935 -4.73587069 3.91776822 -3.63662521 2.64045763 -3.12474762 
3.67861832 14.40307274 -9.77384415 7.42619286 -5.99998618 4.62199595 -4.18757982 3.37987900 -2.68478110 2.00844441 -1.89297109 1.07748039 -1.75083759 
3.68300171 14.46206647 -9.85191726 7.51488805 -6.09304105 4.71496923 -4.27724649 3.46403711 -2.76202518 2.07802799 -1.95455162 1.13105741 -1.79660407 
3.51616322 15.60999040 -11.43672330 9.39054849 -8.14132701 6.84244765 -6.40824168 5.53916935 -4.73587069 3.91776822 -3.63662521 2.64045763 -3.12474762 
3.68811976 14.41180671 -9.78538203 7.43927783 -6.01369122 4.63566680 -4.20074375 3.39221542 -2.69608743 2.01861531 -1.90196032 1.08529160 -1.75750215 
3.69248430 14.47043376 -9.86301733 7.52752751 -6.10633161 4.72827684 -4.29010768 3.47613263 -2.77314861 2.08806676 -1.96345135 1.13881319 -1.80323961 
3.52649916 15.60999040 -11.43672330 9.39054849 -8.14132701 6.84244765 -6.40824168 5.53916935 -4.73587069 3.91776822 -3.63662521 2.64045763 -3.12474762 
3.69757656 14.42044847 -9.79680520 7.45224047 -6.02727603 4.64922530 -4.21380658 3.40446353 -2.70731849 2.02872334 -1.91089805 1.09306137 -1.76413405 
3.70192241 14.47871220 -9.87400607 7.54004734 -6.11950369 4.74147285 -4.30286762 3.48813891 -2.78419530 2.09804082 -1.97229753 1.14652546 -1.80984050 
3.53678196 15.60999040 -11.43672330 9.39054849 -8.14132701 6.84244765 -6.40824168 5.53916935 -4.73587069 3.91776822 -3.63662521 2.64045763 -3.12474762 
3.53678196 15.60999040 -11.43672330 9.39054849 -8.14132701 6.84244765 -6.40824168 5.53916935 -4.73587069 3.91776822 -3.63662521 2.64045763 -3.12474762 
3.70698914 14.42899933 -9.80811517 7.46508224 -6.04074191 4.66267254 -4.22676916 3.41662396 -2.71847471 2.03876876 -1.91978441 1.10078975 -1.77073329 
3.71131644 14.48690305 -9.88488492 7.55244898 -6.13255858 4.75455836 -4.31552717 3.50005664 -2.79516574 2.10795050 -1.98109038 1.15419431 -1.81640676 
3.71635789 14.43746055 -9.81931339 7.47780457 -6.05409014 4.67600958 -4.23963234 3.42869732 -2.72955654 2.04875187 -1.92861957 1.10847680 -1.77729987 
3.72066681 14.49500753 -9.89565532 7.56473385 -6.14549757 4.76753446 -4.32808723 3.51188648 -2.80606040 2.11779612 -1.98983009 1.16181986 -1.82293842 
3.72568323 14.44583339 -9.83040131 7.49040888 -6.06732199 4.68923750 -4.25239695 3.44068425 -2.74056441 2.05867294 -1.93740367 1.11612260 -1.78383378 
3.87417944 15.60872894 -11.43491384 9.38832876 -8.13881909 6.83975791 -6.40546427 5.53638566 -4.73314980 3.91516685 -3.63418946 2.63822292 -3.12273994 
3.73923817 14.51096221 -9.91687639 7.58895885 -6.17103289 4.79316274 -4.35291233 3.53528517 -2.82762433 2.13729650 -2.00715091 1.17694146 -1.83589812 
3.74420525 14.46231880 -9.85225190 7.51526899 -6.09344150 4.71537009 -4.27763380 3.46440128 -2.76236000 2.07833009 -1.95481939 1.13129072 -1.79680364 
3.74845993 14.51881477 -9.92732981 7.60090172 -6.18363171 4.80581705 -4.36517909 3.54685534 -2.83829457 2.14695193 -2.01573245 1.18443776 -1.84232625 
3.75340272 14.47043376 -9.86301733 7.52752751 -6.10633161 4.72827684 -4.29010768 3.47613263 -2.77314861 2.08806676 -1.96345135 1.13881319 -1.80323961 
3.75763961 14.52658568 -9.93768029 7.61273330 -6.19611961 4.81836621 -4.37734980 3.55834028 -2.84889098 2.15654464 -2.02426169 1.19189121 -1.84871997 
3.76255832 14.47846513 -9.87367801 7.53967348 -6.11911024 4.74107858 -4.30248628 3.48778002 -2.78386501 2.09774254 -1.97203293 1.14629472 -1.80964298 
3.90853946 15.60877153 -11.43497493 9.38840370 -8.13890376 6.83984872 -6.40555803 5.53647963 -4.73324165 3.91525466 -3.63427168 2.63829835 -3.12280770 
3.91703802 15.60878184 -11.43498972 9.38842184 -8.13892425 6.83987070 -6.40558072 5.53650238 -4.73326388 3.91527592 -3.63429158 2.63831661 -3.12282410 
3.92550062 15.60879202 -11.43500432 9.38843976 -8.13894449 6.83989240 -6.40560313 5.53652484 -4.73328583 3.91529691 -3.63431123 2.63833464 -3.12284030 
3.93392756 15.60880207 -11.43501874 9.38845744 -8.13896448 6.83991383 -6.40562526 5.53654702 -4.73330751 3.91531763 -3.63433064 2.63835244 -3.12285630 
3.94231915 15.60881200 -11.43503298 9.38847491 -8.13898421 6.83993500 -6.40564712 5.53656892 -4.73332892 3.91533810 -3.63434980 2.63837002 -3.12287209 
3.95067567 15.60882180 -11.43504704 9.38849216 -8.13900369 6.83995589 -6.40566870 5.53659055 -4.73335006 3.91535831 -3.63436872 2.63838738 -3.12288769 
3.95899742 15.60883148 -11.43506092 9.38850919 -8.13902294 6.83997653 -6.40569001 5.53661190 -4.73337093 3.91537827 -3.63438741 2.63840453 -3.12290309 
3.96728469 15.60884104 -11.43507464 9.38852602 -8.13904195 6.83999692 -6.40571105 5.53663300 -4.73339155 3.91539798 -3.63440587 2.63842146 -3.12291830 
3.97553776 15.60885049 -11.43508818 9.38854263 -8.13906072 6.84001705 -6.40573184 5.53665383 -4.73341192 3.91541745 -3.63442410 2.63843818 -3.12293333 
3.98375691 15.60885982 -11.43510156 9.38855904 -8.13907926 6.84003694 -6.40575238 5.53667441 -4.73343203 3.91543668 -3.63444210 2.63845470 -3.12294817 
3.99194243 15.60886903 -11.43511478 9.38857525 -8.13909758 6.84005658 -6.40577266 5.53669474 -4.73345190 3.91545567 -3.63445989 2.63847102 -3.12296283 
4.13555264 14.72693982 -10.20652077 7.92223459 -6.52505549 5.15112292 -4.70216275 3.86677385 -3.13518337 2.41720693 -2.25729169 1.39657775 -2.02516865 
4.14619651 14.85604472 -10.38177678 8.12624986 -6.74422664 5.37514013 -4.92302527 4.07852774 -3.33356324 2.59941687 -2.42154630 1.54198844 -2.15145852 
4.15818445 14.74293882 -10.22815298 7.94732098 -6.55190617 5.17847006 -4.72903226 3.89244982 -3.15916093 2.43916337 -2.27702749 1.41400191 -2.04026236 
4.16871720 14.86997250 -10.40077796 8.14847495 -6.76821326 5.39976581 -4.94740809 4.10200135 -3.35564130 2.61977130 -2.43996015 1.55834430 -2.16570889 
4.18056408 14.75851961 -10.24924309 7.97180471 -6.57813881 5.20521416 -4.75533441 3.91760684 -3.18267472 2.46071325 -2.29641334 1.43112998 -2.05511024 
4.19098797 14.88352946 -10.41929093 8.17014882 -6.79162570 5.42382243 -4.97124699 4.12496949 -3.37726035 2.63971691 -2.45801647 1.57439292 -2.17970014 
4.07200617 15.60895528 -11.43523850 9.38872702 -8.13926904 6.84024047 -6.40596254 5.53688505 -4.73363791 3.91563351 -3.63462640 2.63862378 -3.12310007 
4.21002083 14.77866808 -10.27655019 8.00354389 -6.61218475 5.23996268 -4.78954564 3.95036272 -3.21332172 2.48882726 -2.32172697 1.45351448 -2.07453052 
4.22030301 14.90105070 -10.44324327 8.19821976 -6.82197868 5.45504048 -5.00221117 4.15482927 -3.40539034 2.66569055 -2.48154798 1.59532314 -2.19795983 
4.10315529 15.60898702 -11.43528402 9.38878286 -8.13933213 6.84030813 -6.40603241 5.53695507 -4.73370635 3.91569894 -3.63468767 2.63867999 -3.12315057 
4.23905170 14.79813063 -10.30296429 8.03428596 -6.64520359 5.27370458 -4.82280552 3.98224447 -3.24318393 2.51625012 -2.34644293 1.47539102 -2.09352712 
4.24919592 14.91796444 -10.46639280 8.22538088 -6.85138037 5.48531218 -5.03226746 4.18384216 -3.43274838 2.69097411 -2.50447380 1.61573101 -2.21577741 
4.13382670 15.60901732 -11.43532748 9.38883617 -8.13939236 6.84037273 -6.40609911 5.53702192 -4.73377169 3.91576142 -3.63474616 2.63873366 -3.12319878 
4.14142162 15.60902468 -11.43533803 9.38884913 -8.13940700 6.84038843 -6.40611531 5.53703816 -4.73378757 3.91577659 -3.63476037 2.63874670 -3.12321049 
4.27475975 14.82154043 -10.33478319 8.07137161 -6.68509128 5.31452017 -4.86309001 4.02090783 -3.27944152 2.54958373 -2.37651855 1.50203853 -2.11668900 
4.39613547 15.60699805 -11.43243126 9.38528358 -8.13537885 6.83606855 -6.40165494 5.53256801 -4.72941855 3.91159972 -3.63084965 2.63515895 -3.11998739 
4.29877843 14.94618304 -10.50507554 8.27083492 -6.90065523 5.53611553 -5.08277688 4.23266106 -3.47883978 2.73362054 -2.54318648 1.65022803 -2.24592600 
4.30984372 14.84398166 -10.36533448 8.10703447 -6.72350564 5.35388418 -4.90199530 4.05829711 -3.31454904 2.58189905 -2.40570889 1.52792965 -2.13921663 
4.31965859 14.95776663 -10.52097651 8.28954391 -6.92096269 5.55707845 -5.10364306 4.25285172 -3.49792313 2.75129574 -2.55924697 1.66455278 -2.25845605 
4.33060348 14.85700328 -10.38308392 8.12777812 -6.74587534 5.37683208 -4.92469989 4.08013931 -3.33507845 2.60081331 -2.42280920 1.54310986 -2.15243529 
4.44882730 15.60715150 -11.43265134 9.38555352 -8.13568380 6.83639557 -6.40199258 5.53290637 -4.72974924 3.91191586 -3.63114563 2.63543048 -3.12023131 
4.46178617 15.60718802 -11.43270372 9.38561777 -8.13575637 6.83647340 -6.40207294 5.53298690 -4.72982794 3.91199110 -3.63121607 2.63549510 -3.12028936 
4.47466162 15.60722384 -11.43275509 9.38568078 -8.13582756 6.83654973 -6.40215175 5.53306589 -4.72990514 3.91206490 -3.63128517 2.63555849 -3.12034630 
4.59384351 14.97619966 -10.54630607 8.31937609 -6.95337473 5.59056738 -5.13700697 4.28516307 -3.52848742 2.77962669 -2.58500871 1.68754626 -2.27858202 
4.60814090 15.12881394 -10.75725749 8.56922830 -7.22631454 5.87405015 -5.42085705 4.56139486 -3.79100286 3.02403654 -2.80818753 1.88753198 -2.45428718 
4.62380472 14.99211575 -10.56820294 8.34519460 -6.98145670 5.61961281 -5.16597323 4.31324283 -3.55507374 2.80429214 -2.60745619 1.70759746 -2.29614584 
4.63790164 15.14122428 -10.77450873 8.58977076 -7.24887154 5.89759445 -5.44454413 4.58455157 -3.81310595 3.04470027 -2.82713012 1.90456853 -2.46930758 
4.65332492 15.00745731 -10.58933215 8.37013361 -7.00860905 5.64772345 -5.19403302 4.34046790 -3.58087268 2.82824631 -2.62927297 1.72709927 -2.31324009 
4.66722688 15.15317362 -10.79113293 8.60958217 -7.27064234 5.92033466 -5.46743825 4.60694812 -3.83449722 3.06471071 -2.84548441 1.92108494 -2.48387690 
4.68241687 15.02225118 -10.60972820 8.39423113 -7.03487033 5.67493649 -5.22122082 4.36686935 -3.60591155 2.85151272 -2.65047886 1.74606810 -2.32987807 
4.69612916 15.16468407 -10.80715930 8.62869564 -7.29166152 5.94230513 -5.48957230 4.62861510 -3.85520446 3.08409260 -2.86327203 1.93709977 -2.49801076 
4.71109278 15.03652267 -10.62942373 8.41752319 -7.06027721 5.70128739 -5.24756967 4.39247706 -3.63021667 2.87411411 -2.67109315 1.76451997 -2.34607282 
4.72462049 15.17577645 -10.82261542 8.64714250 -7.31196189 5.96353852 -5.51097761 4.64958174 -3.87525428 3.10286969 -2.88051377 1.95263090 -2.51172425 
4.73936436 15.05029562 -10.64844957 8.44004397 -7.08486457 5.72680998 -5.27311119 4.41731969 -3.65381345 2.89607249 -2.69113452 1.78247049 -2.36183711 
4.84198249 15.60568132 -11.43054290 9.38296748 -8.13276250 6.83326298 -6.39875838 5.52966534 -4.72658176 3.90888791 -3.62831080 2.63282993 -3.11789521 
4.85793977 15.60574944 -11.43064059 9.38308730 -8.13289785 6.83340811 -6.39890821 5.52981548 -4.72672849 3.90902817 -3.62844212 2.63295039 -3.11800341 
4.87377074 15.60581597 -11.43073599 9.38320430 -8.13303001 6.83354983 -6.39905453 5.52996210 -4.72687178 3.90916514 -3.62857035 2.63306802 -3.11810908 
4.88947739 15.60588093 -11.43082916 9.38331858 -8.13315910 6.83368825 -6.39919743 5.53010529 -4.72701172 3.90929892 -3.62869559 2.63318291 -3.11821228 
4.90506164 15.60594440 -11.43092018 9.38343020 -8.13328519 6.83382346 -6.39933702 5.53024518 -4.72714843 3.90942960 -3.62881794 2.63329514 -3.11831310 
4.92052541 15.60600641 -11.43100910 9.38353927 -8.13340839 6.83395557 -6.39947341 5.53038185 -4.72728200 3.90955728 -3.62893747 2.63340480 -3.11841160 
4.93587053 15.60606700 -11.43109600 9.38364584 -8.13352878 6.83408466 -6.39960669 5.53051542 -4.72741252 3.90968206 -3.62905429 2.63351196 -3.11850786 
4.95109880 15.60612622 -11.43118093 9.38375001 -8.13364645 6.83421084 -6.39973696 5.53064596 -4.72754010 3.90980401 -3.62916846 2.63361669 -3.11860195 
4.96621201 15.60618411 -11.43126395 9.38385184 -8.13376148 6.83433418 -6.39986430 5.53077357 -4.72766481 3.90992323 -3.62928007 2.63371908 -3.11869393 
4.98121187 15.60624071 -11.43134512 9.38395139 -8.13387394 6.83445478 -6.39998881 5.53089833 -4.72778675 3.91003979 -3.62938920 2.63381919 -3.11878385 
4.99610007 15.60629606 -11.43142450 9.38404875 -8.13398391 6.83457270 -6.40011056 5.53102034 -4.72790599 3.91015378 -3.62949592 2.63391709 -3.11887179 
4.92885004 15.24828685 -10.92393772 8.76839649 -7.44574585 6.10381853 -5.65273113 4.78874852 -4.00862760 3.22803605 -2.99567163 2.05655569 -2.60364770 
4.94211305 15.14083349 -10.77396529 8.58912338 -7.24816041 5.89685193 -5.44379685 4.58382077 -3.81240819 3.04404775 -2.82653178 1.90403025 -2.46883288 
4.95423636 15.25648795 -10.93542873 8.78218355 -7.46099546 6.11984654 -5.66896441 4.80472039 -4.02396651 3.24245950 -3.00896651 2.06857478 -2.61429650 
4.87988497 15.60814504 -11.43407633 9.38730143 -8.13765844 6.83851317 -6.40417902 5.53509756 -4.73189082 3.91396322 -3.63306251 2.63718902 -3.12181110 
4.97732347 15.15515857 -10.79389575 8.61287617 -7.27426369 5.92411883 -5.47124955 4.61067802 -3.83806101 3.06804561 -2.84854431 1.92383929 -2.48630726 
5.14856499 15.19941754 -10.85559573 8.68654852 -7.35537419 6.00899289 -5.55684547 4.69455237 -3.91829764 3.14321550 -2.91759084 1.98605511 -2.54125828 
5.16392875 15.33548790 -11.04644411 8.91575182 -7.60912793 6.27593786 -5.82744267 4.96101346 -4.17440325 3.38421850 -3.13989653 2.18716475 -2.71955445 
5.10201995 15.60666696 -11.43195642 9.38470117 -8.13472092 6.83536302 -6.40092651 5.53183802 -4.72870511 3.91091770 -3.63021112 2.63457318 -3.11946117 
5.03821954 15.28242560 -10.97181310 8.82588557 -7.50938406 6.17075597 -5.72057537 4.85554702 -4.07282188 3.28843727 -3.05138013 2.10694675 -2.64831752 
4.96704043 15.60829898 -11.43429713 9.38757227 -8.13796442 6.83884132 -6.40451784 5.53543714 -4.73222272 3.91428052 -3.63335959 2.63746157 -3.12205595 
4.89373109 15.21427837 -10.87635423 8.71138225 -7.38276531 6.03770513 -5.58585063 4.72302005 -3.94557269 3.16880550 -2.94112877 2.00729204 -2.56003854 
4.81147443 15.60949619 -11.43601437 9.38967880 -8.14034438 6.84139377 -6.40715342 5.53807861 -4.73480454 3.91674889 -3.63567076 2.63958194 -3.12396088 
4.72675630 15.12496669 -10.75191250 8.56286694 -7.21933289 5.86676646 -5.41353262 4.55423764 -3.78417423 3.01765519 -2.80233995 1.88227472 -2.44965367 
4.72971088 15.09977961 -10.71695469 8.52130096 -7.17375528 5.81925834 -5.36579867 4.50763089 -3.73974137 2.97616293 -2.76434457 1.84813708 -2.41958487 
4.73239956 15.12735899 -10.75523596 8.56682217 -7.22367360 5.87129476 -5.41808606 4.55868695 -3.78841911 3.02162188 -2.80597472 1.88554245 -2.45253361 
4.63687464 15.60999040 -11.43672330 9.39054849 -8.14132701 6.84244765 -6.40824168 5.53916935 -4.73587069 3.91776822 -3.63662521 2.64045763 -3.12474762 
4.53842745 15.00830000 -10.59049339 8.37150497 -7.01010289 5.64927077 -5.19557827 4.34196786 -3.58229470 2.82956720 -2.63047646 1.72817546 -2.31418376 
4.31678753 14.84835832 -10.37129840 8.11400245 -6.73101773 5.36158837 -4.90961583 4.06562636 -3.32143613 2.58824286 -2.41144306 1.53301892 -2.14364742 
4.30576266 14.95007723 -10.51041973 8.27712127 -6.90747699 5.54315582 -5.08978309 4.23943897 -3.48524463 2.73955160 -2.54857469 1.65503305 -2.25012830 
4.18734399 13.30021683 -8.37454919 5.89897084 -4.45829555 3.13700953 -2.80477854 2.12484614 -1.56907981 1.03288853 -1.05335467 0.36557917 -1.15739845 
4.03072514 14.82393591 -10.33804209 8.07517321 -6.68918353 5.31871098 -4.86722949 4.02488370 -3.28317267 2.55301632 -2.37961764 1.50478605 -2.11907851 
4.13763858 15.60611644 -11.43116691 9.38373281 -8.13362703 6.83419001 -6.39971545 5.53062440 -4.72751904 3.90978388 -3.62914961 2.63359940 -3.11858642 
3.99577664 14.57681723 -10.00472451 7.68952322 -6.27732546 4.90012166 -4.45678221 3.63342721 -2.91828470 2.21946498 -2.08029082 1.24092289 -1.89083734 
3.68139480 14.23829740 -9.55752198 7.18232736 -5.74604365 4.37009514 -3.94632538 3.15496566 -2.47967944 1.82481226 -1.73140070 0.93767387 -1.63203325 
3.47085879 15.58005421 -11.39382187 9.33796533 -8.08196587 6.77883248 -6.34260184 5.47342778 -4.67165557 3.85641260 -3.57921016 2.58781100 -3.07747423 
3.25098090 13.66588672 -8.82590126 6.37845228 -4.92952320 3.57919625 -3.20607533 2.47998083 -1.87710148 1.29598449 -1.27479181 0.54944765 -1.30760530 
2.96966901 15.53389662 -11.32783530 9.25727357 -7.99107301 6.68162883 -6.24250391 5.37336466 -4.57409172 3.76335120 -3.49226467 2.50820581 -3.00609455 
2.90039880 15.52857508 -11.32024030 9.24800058 -7.98064337 6.67049090 -6.23104994 5.36192950 -4.56295592 3.75274164 -3.48236322 2.49914959 -2.99798196 
2.82864388 15.52268024 -11.31183015 9.23773586 -7.96910209 6.65816967 -6.21838285 5.34928681 -4.55064751 3.74101786 -3.47142453 2.48914693 -2.98902345 
2.75421939 15.51612750 -11.30248512 9.22633447 -7.95628742 6.64449374 -6.20432767 5.33526312 -4.53699872 3.72802103 -3.45930127 2.47806383 -2.97909962 
2.42459116 12.16422890 -7.05107249 4.56843293 -3.21850621 2.03077938 -1.84815096 1.31639999 -0.89793026 0.48201922 -0.60631764 0.00618813 -0.87264160 
1.94661799 15.32428956 -11.03067185 8.89673463 -7.58799363 6.25362431 -5.80474524 4.93858864 -4.15278157 3.36381097 -3.12101901 2.17004176 -2.70433572 
1.20377306 2.42665543 -0.44298521 0.07261828 -0.14273230 -0.16566387 -0.27578157 0.18494255 -0.09216600 -0.12668880 -0.14921459 -0.35942872 -0.59566950 
0.60103039 -3.79530421 -0.59419536 -0.17118553 -0.16110607 -0.23511196 -0.25754019 0.15617728 -0.10418809 -0.15321672 -0.15365829 -0.38365630 -0.58341109 
3.31637045 4.50631136 -1.15040471 0.31824007 -0.22566333 -0.11757023 -0.30400897 0.20329751 -0.09906971 -0.11601966 -0.15630463 -0.34767798 -0.60460170 
4.53882499 10.73341466 -5.55125479 3.20559557 -2.06720851 1.09365204 -1.10573194 0.73904162 -0.45481968 0.14214527 -0.34631907 -0.19333508 -0.72137093 
5.04409435 14.77258229 -10.26829809 7.99394790 -6.60188663 5.22944743 -4.77918859 3.94044221 -3.20403626 2.48030607 -2.31405184 1.44672521 -2.06863843 
5.13249532 15.54749571 -11.34725603 9.28099870 -8.01777219 6.71015609 -6.27185536 5.40268186 -4.60265440 3.79057575 -3.51768244 2.53146259 -3.02693546 
4.69411607 10.02892103 -4.88050928 2.65019511 -1.63889049 0.77323076 -0.87141063 0.57001357 -0.33392913 0.05425102 -0.28177959 -0.24191399 -0.68528796 
3.48100867 -8.20959717 -2.76497698 -1.20437927 -0.64476552 -0.48721108 -0.37522190 0.07812749 -0.16182166 -0.20299583 -0.18890845 -0.41217373 -0.59147984 
5.14391933 3.03166917 -0.60958512 0.12224678 -0.15688224 -0.15572235 -0.28184086 0.18910952 -0.09326326 -0.12404898 -0.15068539 -0.35640054 -0.59790847 
6.90039705 7.82861874 -3.07074287 1.34014257 -0.74855200 0.17443804 -0.47267791 0.30479269 -0.15774312 -0.06991926 -0.19166349 -0.31217946 -0.63249359 
8.06803394 10.29824884 -5.13168350 2.85405362 -1.79303777 0.88649500 -0.95285777 0.62785911 -0.37470664 0.08362051 -0.30321520 -0.22577437 -0.69726377 
