9.16803653 2.19372304 -0.38741506 0.05729439 -0.13876403 -0.16897499 -0.27375424 0.18350331 -0.09189156 -0.12764454 -0.14875536 -0.36052963 -0.59487164 
5.39491596 10.13105491 -4.97499480 2.72629240 -1.69600031 0.81491162 -0.90119641 0.59104811 -0.34867958 0.06484130 -0.28949475 -0.23610088 -0.68960141 
4.27698196 9.46072285 -4.37187896 2.25306257 -1.34960375 0.56753981 -0.72785694 0.47075165 -0.26564783 0.00572064 -0.24659751 -0.26857582 -0.66546780 
2.88398715 5.29085694 -1.51609183 0.47706783 -0.29177495 -0.08326547 -0.32317344 0.21489893 -0.10494915 -0.11013451 -0.16087665 -0.34193683 -0.60911472 
0.45818566 -3.85508726 -0.61213679 -0.17682520 -0.16288125 -0.23611050 -0.25777320 0.15583366 -0.10450065 -0.15357346 -0.15387690 -0.38389726 -0.58338297 
-1.67676678 12.10580019 -6.98619386 4.50619870 -3.16314543 1.98353532 -1.80903209 1.28470350 -0.87266225 0.46202473 -0.59062160 -0.00607805 -0.86318136 
-1.67676678 -12.76401525 -6.81236040 -4.39247073 -3.01432231 -2.21000486 -1.60233582 -0.80634730 -0.80531824 -0.67643114 -0.53390828 -0.66210895 -0.76401714 
0.93908963 2.64039379 -0.49816847 0.08844797 -0.14704697 -0.16239670 -0.27778178 0.18633845 -0.09248717 -0.12578489 -0.14968695 -0.35838817 -0.59643204 
2.76712492 7.53201814 -2.85967000 1.20722728 -0.66985192 0.12712338 -0.44406014 0.28719833 -0.14693521 -0.07761329 -0.18594115 -0.31712887 -0.62865626 
3.67472741 12.39688345 -7.31249570 4.82209144 -3.44669175 2.22758593 -2.01278168 1.45110330 -1.00631623 0.56848715 -0.67468733 0.05993113 -0.91431969 
3.96456037 15.59964826 -11.42189272 9.37236029 -8.12078278 6.82041941 -6.38550077 5.51638216 -4.71360235 3.89648228 -3.61669824 2.62217865 -3.10832833 
3.98925110 15.59989969 -11.42225314 9.37280218 -8.12128176 6.82095428 -6.38605281 5.51693518 -4.71414265 3.89699863 -3.61718153 2.62262187 -3.10872639 
3.87848246 14.72027171 -10.19751202 7.91179532 -6.51389031 5.13975937 -4.69100534 3.85611913 -3.12523979 2.40810702 -2.24911682 1.38936431 -2.01892323 
3.59353494 14.43829583 -9.82041923 7.47906131 -6.05540913 4.67732786 -4.24090414 3.42989137 -2.73065282 2.04973971 -1.92949403 1.10923781 -1.77795008 
3.42969920 15.60802336 -11.43390182 9.38708736 -8.13741659 6.83825381 -6.40391122 5.53482918 -4.73162851 3.91371244 -3.63282771 2.63697361 -3.12161758 
3.44049051 15.60804446 -11.43393208 9.38712448 -8.13745853 6.83829879 -6.40395766 5.53487572 -4.73167399 3.91375593 -3.63286842 2.63701096 -3.12165114 
3.45122392 15.60806523 -11.43396186 9.38716101 -8.13749980 6.83834304 -6.40400335 5.53492152 -4.73171875 3.91379872 -3.63290849 2.63704772 -3.12168416 
3.46190002 15.60808566 -11.43399116 9.38719695 -8.13754041 6.83838660 -6.40404832 5.53496658 -4.73176280 3.91384083 -3.63294791 2.63708389 -3.12171666 
3.47251944 15.60810577 -11.43402000 9.38723233 -8.13758038 6.83842946 -6.40409258 5.53501094 -4.73180615 3.91388227 -3.63298672 2.63711949 -3.12174864 
3.65827076 14.32798108 -9.67494323 7.31435406 -5.88317602 4.50579107 -4.07597599 3.27555462 -2.58940022 1.92283931 -1.81747666 1.01201378 -1.69509059 
3.67151615 14.50677981 -9.91131111 7.58260322 -6.16433086 4.78643378 -4.34639188 3.52913721 -2.82195653 2.13216943 -2.00259551 1.17296332 -1.83248779 
3.68692223 14.35548032 -9.71109975 7.35517317 -5.92574126 4.54807042 -4.11652051 3.31339961 -2.62395243 1.95380909 -1.84475426 1.03564012 -1.71518641 
3.69999698 14.53095882 -9.94350764 7.61939727 -6.20315608 4.82543993 -4.38421278 3.56481891 -2.85487047 2.16195955 -2.02907780 1.19610111 -1.85233233 
3.54531728 15.60823801 -11.43420969 9.38746501 -8.13784324 6.83871137 -6.40438366 5.53530266 -4.73209127 3.91415486 -3.63324193 2.63735363 -3.12195898 
3.55550399 15.60825577 -11.43423515 9.38749624 -8.13787853 6.83874920 -6.40442273 5.53534181 -4.73212954 3.91419145 -3.63327619 2.63738506 -3.12198722 
3.73378687 14.39942746 -9.76903075 7.42073637 -5.99427349 4.61629978 -4.18209700 3.37474274 -2.68007543 2.00421274 -1.88923227 1.07423253 -1.74806731 
3.74658660 14.56957115 -9.99503837 7.67841282 -6.26555943 4.88825981 -4.44524217 3.62250455 -2.90817781 2.21029024 -2.07211190 1.23375799 -1.88467670 
3.59573980 15.60832414 -11.43433322 9.38761653 -8.13801443 6.83889495 -6.40457322 5.53549264 -4.73227696 3.91433238 -3.63340814 2.63750611 -3.12209597 
3.60567353 15.60834060 -11.43435683 9.38764550 -8.13804715 6.83893005 -6.40460945 5.53552895 -4.73231245 3.91436631 -3.63343991 2.63753526 -3.12212216 
3.61555817 15.60835682 -11.43438009 9.38767403 -8.13807939 6.83896462 -6.40464515 5.53556473 -4.73234742 3.91439974 -3.63347122 2.63756398 -3.12214795 
3.62539420 15.60837280 -11.43440301 9.38770215 -8.13811116 6.83899869 -6.40468033 5.53559998 -4.73238188 3.91443268 -3.63350206 2.63759227 -3.12217337 
3.47279361 14.26334019 -9.59023362 7.21902521 -5.78407720 4.40765095 -3.98213458 3.18820597 -2.50986604 1.85173277 -1.75499849 0.95802126 -1.64926580 
3.47851995 14.20680286 -9.51646687 7.13635986 -5.69849424 4.32322941 -3.90171901 3.11363083 -2.44220443 1.79144454 -1.70219511 0.91252636 -1.61076392 
3.64492231 15.60840407 -11.43444786 9.38775716 -8.13817331 6.83906534 -6.40474915 5.53566895 -4.73244929 3.91449713 -3.63356240 2.63764764 -3.12222311 
3.65461532 15.60841936 -11.43446980 9.38778407 -8.13820371 6.83909794 -6.40478281 5.53570269 -4.73248227 3.91452866 -3.63359192 2.63767472 -3.12224744 
3.66426159 15.60843444 -11.43449142 9.38781059 -8.13823367 6.83913008 -6.40481599 5.53573595 -4.73251477 3.91455973 -3.63362102 2.63770141 -3.12227142 
3.67386155 15.60844929 -11.43451273 9.38783674 -8.13826321 6.83916175 -6.40484870 5.53576873 -4.73254681 3.91459036 -3.63364970 2.63772772 -3.12229506 
3.68341565 15.60846394 -11.43453374 9.38786251 -8.13829232 6.83919298 -6.40488094 5.53580104 -4.73257839 3.91462056 -3.63367796 2.63775365 -3.12231835 
3.69292433 15.60847838 -11.43455445 9.38788791 -8.13832102 6.83922376 -6.40491272 5.53583289 -4.73260952 3.91465032 -3.63370583 2.63777922 -3.12234132 
3.70238802 15.60849261 -11.43457487 9.38791296 -8.13834932 6.83925410 -6.40494406 5.53586429 -4.73264022 3.91467966 -3.63373331 2.63780443 -3.12236397 
3.71180714 15.60850665 -11.43459500 9.38793765 -8.13837722 6.83928402 -6.40497495 5.53589526 -4.73267048 3.91470860 -3.63376040 2.63782928 -3.12238630 
3.56558230 14.35423932 -9.70946653 7.35332766 -5.92381510 4.54615558 -4.11468272 3.31168282 -2.62238381 1.95240209 -1.84351415 1.03456531 -1.71427164 
3.38777691 15.60999040 -11.43672330 9.39054849 -8.14132701 6.84244765 -6.40824168 5.53916935 -4.73587069 3.91776822 -3.63662521 2.64045763 -3.12474762 
3.57103128 14.30051763 -9.63890512 7.27374595 -5.84090912 4.46388272 -4.03585659 3.23816895 -2.55532225 1.89234109 -1.79065319 0.98881229 -1.67538175 
3.73051333 15.60853413 -11.43463442 9.38798601 -8.13843185 6.83934262 -6.40503545 5.53595589 -4.73272974 3.91476525 -3.63381345 2.63787795 -3.12243002 
4.04529679 13.07268247 -8.09995808 5.61355046 -4.18369770 2.88454383 -2.58015556 1.92983707 -1.40303293 0.89346979 -0.93787321 0.27107627 -1.08126286 
4.29227715 15.60253136 -11.42602607 9.37742829 -8.12650605 6.82655485 -6.39183348 5.52272659 -4.71980123 3.90240671 -3.62224357 2.62726463 -3.11289624 
4.31325579 15.60268585 -11.42624758 9.37769991 -8.12681281 6.82688373 -6.39217297 5.52306673 -4.72013359 3.90272438 -3.62254094 2.62753737 -3.11314122 
4.10543809 13.36126778 -8.44904152 5.97722582 -4.53436447 3.20764033 -2.86822175 2.18043325 -1.61682974 1.07330809 -1.08708773 0.39337271 -1.17993562 
3.68300171 14.46206647 -9.85191726 7.51488805 -6.09304105 4.71496923 -4.27724649 3.46403711 -2.76202518 2.07802799 -1.95455162 1.13105741 -1.79660407 
3.34442911 14.06148095 -9.32824151 6.92690822 -5.48313021 4.11218108 -3.70196350 2.92952215 -2.27615275 1.64431527 -1.57401424 0.80263426 -1.51820416 
3.13069646 15.60733840 -11.43291940 9.38588232 -8.13605524 6.83679389 -6.40240385 5.53331852 -4.73015205 3.91230094 -3.63150617 2.63576123 -3.12052843 
3.32696329 14.10983204 -9.39064655 6.99611439 -5.55405347 4.18146055 -3.76733175 2.98958813 -2.33016955 1.69204453 -1.61548771 0.83810305 -1.54800848 
3.83888724 12.76591730 -7.73730952 5.24401972 -3.83500500 2.56983093 -2.30511189 1.69513080 -1.20645289 0.73089096 -0.80507166 0.16374143 -0.99580445 
4.23085647 14.75358293 -10.24255831 7.96404151 -6.56981818 5.19672848 -4.74698627 3.90961968 -3.17520705 2.45386736 -2.29025326 1.42568595 -2.05038982 
4.24780121 14.95391013 -10.51568123 8.28331192 -6.91419658 5.55009230 -5.09668756 4.24611993 -3.49155918 2.74540021 -2.55388901 1.65977303 -2.25427443 
4.14016859 15.60612622 -11.43118093 9.38375001 -8.13364645 6.83421084 -6.39973696 5.53064596 -4.72754010 3.90980401 -3.62916846 2.63361669 -3.11860195 
4.15528179 15.60618411 -11.43126395 9.38385184 -8.13376148 6.83433418 -6.39986430 5.53077357 -4.72766481 3.90992323 -3.62928007 2.63371908 -3.11869393 
4.04557704 14.79106517 -10.29337106 8.02311624 -6.63320181 5.26143524 -4.81070694 3.97064303 -3.23231362 2.50626450 -2.33744019 1.46742020 -2.08660368 
3.91703802 15.60878184 -11.43498972 9.38842184 -8.13892425 6.83987070 -6.40558072 5.53650238 -4.73326388 3.91527592 -3.63429158 2.63831661 -3.12282410 
3.92550062 15.60879202 -11.43500432 9.38843976 -8.13894449 6.83989240 -6.40560313 5.53652484 -4.73328583 3.91529691 -3.63431123 2.63833464 -3.12284030 
3.93392756 15.60880207 -11.43501874 9.38845744 -8.13896448 6.83991383 -6.40562526 5.53654702 -4.73330751 3.91531763 -3.63433064 2.63835244 -3.12285630 
3.94231915 15.60881200 -11.43503298 9.38847491 -8.13898421 6.83993500 -6.40564712 5.53656892 -4.73332892 3.91533810 -3.63434980 2.63837002 -3.12287209 
3.95067567 15.60882180 -11.43504704 9.38849216 -8.13900369 6.83995589 -6.40566870 5.53659055 -4.73335006 3.91535831 -3.63436872 2.63838738 -3.12288769 
3.82075016 14.57878788 -10.00735962 7.69254675 -6.28052839 4.90335161 -4.45992543 3.63640309 -2.92103905 2.22196592 -2.08252084 1.24287686 -1.89251780 
3.82550666 14.53243765 -9.94547863 7.62165168 -6.20553697 4.82783388 -4.38653582 3.56701224 -2.85689516 2.16379336 -2.03070907 1.19752725 -1.85355621 
3.96728469 15.60884104 -11.43507464 9.38852602 -8.13904195 6.83999692 -6.40571105 5.53663300 -4.73339155 3.91539798 -3.63440587 2.63842146 -3.12291830 
3.97553776 15.60885049 -11.43508818 9.38854263 -8.13906072 6.84001705 -6.40573184 5.53665383 -4.73341192 3.91541745 -3.63442410 2.63843818 -3.12293333 
3.98375691 15.60885982 -11.43510156 9.38855904 -8.13907926 6.84003694 -6.40575238 5.53667441 -4.73343203 3.91543668 -3.63444210 2.63845470 -3.12294817 
3.85594338 14.60698504 -10.04510462 7.73589990 -6.32649968 4.94975531 -4.50512499 3.67923468 -2.96071647 2.25802245 -2.11469650 1.27109038 -1.91679896 
3.86061188 14.56160636 -9.98439725 7.66621333 -6.25264654 4.87524807 -4.43258936 3.61053408 -2.89710619 2.20024390 -2.06315949 1.22591839 -1.87793832 
4.00009458 15.60887813 -11.43512783 9.38859127 -8.13911567 6.84007598 -6.40579270 5.53671482 -4.73347153 3.91547444 -3.63447746 2.63848714 -3.12297731 
4.00821364 15.60888712 -11.43514073 9.38860709 -8.13913354 6.84009515 -6.40581249 5.53673466 -4.73349092 3.91549298 -3.63449482 2.63850306 -3.12299162 
4.01629987 15.60889600 -11.43515347 9.38862272 -8.13915120 6.84011409 -6.40583204 5.53675426 -4.73351007 3.91551129 -3.63451196 2.63851879 -3.12300575 
3.89053101 14.63407228 -10.08143493 7.77770666 -6.37091212 4.99466410 -4.54894274 3.72082498 -2.99930486 2.29314181 -2.14608040 1.29864645 -1.94054463 
3.89511467 14.58963735 -10.02187390 7.70920771 -6.29818539 4.92116487 -4.47726718 3.65282784 -2.93624670 2.23577923 -2.09484186 1.25367610 -1.90180811 
3.89908571 14.64067745 -10.09030456 7.78792498 -6.38177936 5.00566451 -4.55968697 3.73103320 -3.00878534 2.30177785 -2.15380453 1.30543400 -1.94639814 
3.90364864 14.59647424 -10.03102593 7.71971967 -6.30933230 4.93241674 -4.48822718 3.66321374 -2.94586785 2.24452244 -2.10264407 1.26051758 -1.90769608 
3.90760415 14.64721770 -10.09909110 7.79805208 -6.39255424 5.01657596 -4.57034860 3.74116688 -3.01820012 2.31035708 -2.16148042 1.31218130 -1.95221870 
3.75977297 15.60999040 -11.43672330 9.39054849 -8.14132701 6.84244765 -6.40824168 5.53916935 -4.73587069 3.91776822 -3.63662521 2.64045763 -3.12474762 
3.75977297 15.60999040 -11.43672330 9.39054849 -8.14132701 6.84244765 -6.40824168 5.53916935 -4.73587069 3.91776822 -3.63662521 2.64045763 -3.12474762 
3.75977297 15.60999040 -11.43672330 9.39054849 -8.14132701 6.84244765 -6.40824168 5.53916935 -4.73587069 3.91776822 -3.63662521 2.64045763 -3.12474762 
3.60753606 14.33607690 -9.68558035 7.32635483 -5.89568197 4.51820522 -4.08787350 3.28665341 -2.59952757 1.93191175 -1.82546341 1.01892814 -1.70096902 
3.60219261 14.38870682 -9.75488198 7.40470521 -5.97749769 4.59958025 -4.16601087 3.35967999 -2.66628116 1.99181290 -1.87828072 1.06472242 -1.73995835 
3.75057755 15.60999040 -11.43672330 9.39054849 -8.14132701 6.84244765 -6.40824168 5.53916935 -4.73587069 3.91776822 -3.63662521 2.64045763 -3.12474762 
3.75057755 15.60999040 -11.43672330 9.39054849 -8.14132701 6.84244765 -6.40824168 5.53916935 -4.73587069 3.91776822 -3.63662521 2.64045763 -3.12474762 
3.75057755 15.60999040 -11.43672330 9.39054849 -8.14132701 6.84244765 -6.40824168 5.53916935 -4.73587069 3.91776822 -3.63662521 2.64045763 -3.12474762 
3.75057755 15.60999040 -11.43672330 9.39054849 -8.14132701 6.84244765 -6.40824168 5.53916935 -4.73587069 3.91776822 -3.63662521 2.64045763 -3.12474762 
3.90364864 14.59647424 -10.03102593 7.71971967 -6.30933230 4.93241674 -4.48822718 3.66321374 -2.94586785 2.24452244 -2.10264407 1.26051758 -1.90769608 
3.90760415 14.64721770 -10.09909110 7.79805208 -6.39255424 5.01657596 -4.57034860 3.74116688 -3.01820012 2.31035708 -2.16148042 1.31218130 -1.95221870 
3.75977297 15.60999040 -11.43672330 9.39054849 -8.14132701 6.84244765 -6.40824168 5.53916935 -4.73587069 3.91776822 -3.63662521 2.64045763 -3.12474762 
3.75977297 15.60999040 -11.43672330 9.39054849 -8.14132701 6.84244765 -6.40824168 5.53916935 -4.73587069 3.91776822 -3.63662521 2.64045763 -3.12474762 
3.75977297 15.60999040 -11.43672330 9.39054849 -8.14132701 6.84244765 -6.40824168 5.53916935 -4.73587069 3.91776822 -3.63662521 2.64045763 -3.12474762 
3.75977297 15.60999040 -11.43672330 9.39054849 -8.14132701 6.84244765 -6.40824168 5.53916935 -4.73587069 3.91776822 -3.63662521 2.64045763 -3.12474762 
3.60753606 14.33607690 -9.68558035 7.32635483 -5.89568197 4.51820522 -4.08787350 3.28665341 -2.59952757 1.93191175 -1.82546341 1.01892814 -1.70096902 
3.60219261 14.38870682 -9.75488198 7.40470521 -5.97749769 4.59958025 -4.16601087 3.35967999 -2.66628116 1.99181290 -1.87828072 1.06472242 -1.73995835 
3.59764565 14.32652079 -9.67302522 7.31219088 -5.88092251 4.50355479 -4.07383343 3.27355647 -2.58757747 1.92120686 -1.81603992 1.01077025 -1.69403361 
3.59227382 14.37944541 -9.74266782 7.39087556 -5.96303537 4.58517571 -4.15216071 3.34671878 -2.65441838 1.98115516 -1.86887272 1.05655671 -1.73299899 
3.58770643 14.31685915 -9.66034022 7.29788993 -5.86602992 4.48878143 -4.05968409 3.26036531 -2.57554817 1.91043676 -1.80656382 1.00257071 -1.68706595 
3.58230593 14.37008075 -9.73032574 7.37691006 -5.94844010 4.57064749 -4.13819976 3.33366126 -2.64247394 1.97042958 -1.85940945 1.04834681 -1.72600503 
3.57771791 14.30709041 -9.64752358 7.28345029 -5.85100275 4.47388394 -4.04542458 3.24707930 -2.56343927 1.89960123 -1.79703503 0.99432953 -1.68006613 
3.38962530 15.60794299 -11.43378653 9.38694595 -8.13725684 6.83808249 -6.40373432 5.53465190 -4.73145523 3.91354679 -3.63267261 2.63683132 -3.12148976 
3.56222085 14.35103546 -9.70525072 7.34856461 -5.91884467 4.54121504 -4.10994167 3.30725451 -2.61833823 1.94877377 -1.84031657 1.03179426 -1.71191347 
3.71336718 15.60999040 -11.43672330 9.39054849 -8.14132701 6.84244765 -6.40824168 5.53916935 -4.73587069 3.91776822 -3.63662521 2.64045763 -3.12474762 
3.55759105 14.28722519 -9.62148810 7.25414800 -5.82053865 4.44371175 -4.01657143 3.22022018 -2.53898107 1.87773304 -1.77781906 0.97772235 -1.66597033 
3.55210267 14.34135164 -9.69251417 7.33418117 -5.90384144 4.52630830 -4.09564260 3.29390390 -2.60614604 1.93784300 -1.83068671 1.02345159 -1.70481597 
3.54745170 14.27712542 -9.60826557 7.23928183 -5.80509870 4.42843462 -4.00197595 3.20664580 -2.52663098 1.86669996 -1.76813176 0.96935642 -1.65887456 
3.54193340 14.33155820 -9.67964245 7.31965488 -5.88869914 4.51127284 -4.08122888 3.28045420 -2.59387036 1.92684332 -1.82100109 1.01506464 -1.69768409 
3.53726107 14.26691196 -9.59490400 7.22426993 -5.78951808 4.41302848 -3.98726665 3.19297403 -2.51419972 1.85560064 -1.75839151 0.96094900 -1.65174702 
3.15874568 13.76541610 -8.95090813 6.51349012 -5.06441374 3.70775899 -3.32451879 2.58633157 -1.97063686 1.37692044 -1.34374388 0.60734256 -1.35540607 
3.13825308 13.96635441 -9.20610666 6.79214437 -5.34569977 3.97856832 -3.57647014 2.81471801 -2.17335025 1.55384383 -1.49569935 0.73589574 -1.46231438 
3.31081648 15.60777522 -11.43354591 9.38665080 -8.13692340 6.83772490 -6.40336511 5.53428188 -4.73109359 3.91320105 -3.63234890 2.63653435 -3.12122297 
3.29930023 15.60774958 -11.43350914 9.38660569 -8.13687244 6.83767025 -6.40330869 5.53422533 -4.73103832 3.91314821 -3.63229943 2.63648897 -3.12118220 
3.66688191 12.49956681 -7.42944801 4.93705625 -3.55143045 2.31900987 -2.09014330 1.51510113 -1.05835083 0.61038367 -0.70808728 0.08636420 -0.93495001 
3.94231915 15.60881200 -11.43503298 9.38847491 -8.13898421 6.83993500 -6.40564712 5.53656892 -4.73332892 3.91533810 -3.63434980 2.63837002 -3.12287209 
3.95067567 15.60882180 -11.43504704 9.38849216 -8.13900369 6.83995589 -6.40566870 5.53659055 -4.73335006 3.91535831 -3.63436872 2.63838738 -3.12288769 
3.82075016 14.57878788 -10.00735962 7.69254675 -6.28052839 4.90335161 -4.45992543 3.63640309 -2.92103905 2.22196592 -2.08252084 1.24287686 -1.89251780 
3.66585901 15.60999040 -11.43672330 9.39054849 -8.14132701 6.84244765 -6.40824168 5.53916935 -4.73587069 3.91776822 -3.63662521 2.64045763 -3.12474762 
3.50637622 14.23557199 -9.55396553 7.17834139 -5.74191649 4.36602351 -3.94244651 3.15136812 -2.47641507 1.82190334 -1.72885269 0.93547835 -1.63017505 
3.50073494 14.29125426 -9.62676561 7.26008444 -5.82670717 4.44981802 -4.02240784 3.22565061 -2.54392378 1.88215039 -1.78169904 0.98107426 -1.66881429 
3.65622043 15.60999040 -11.43672330 9.39054849 -8.14132701 6.84244765 -6.40824168 5.53916935 -4.73587069 3.91776822 -3.63662521 2.64045763 -3.12474762 
3.65622043 15.60999040 -11.43672330 9.39054849 -8.14132701 6.84244765 -6.40824168 5.53916935 -4.73587069 3.91776822 -3.63662521 2.64045763 -3.12474762 
3.81663377 14.52496050 -9.93551517 7.61025783 -6.19350629 4.81573956 -4.37480188 3.55593548 -2.84667183 2.15453536 -2.02247487 1.19032953 -1.84738014 
3.82075016 14.57878788 -10.00735962 7.69254675 -6.28052839 4.90335161 -4.45992543 3.63640309 -2.92103905 2.22196592 -2.08252084 1.24287686 -1.89251780 
3.82550666 14.53243765 -9.94547863 7.62165168 -6.20553697 4.82783388 -4.38653582 3.56701224 -2.85689516 2.16379336 -2.03070907 1.19752725 -1.85355621 
3.82960639 14.58594450 -10.01693240 7.70353397 -6.29217104 4.91509592 -4.47135757 3.64722952 -2.93106217 2.23106914 -2.09063984 1.24999244 -1.89863863 
3.67545135 15.60999040 -11.43672330 9.39054849 -8.14132701 6.84244765 -6.40824168 5.53916935 -4.73587069 3.91776822 -3.63662521 2.64045763 -3.12474762 
3.67545135 15.60999040 -11.43672330 9.39054849 -8.14132701 6.84244765 -6.40824168 5.53916935 -4.73587069 3.91776822 -3.63662521 2.64045763 -3.12474762 
3.67545135 15.60999040 -11.43672330 9.39054849 -8.14132701 6.84244765 -6.40824168 5.53916935 -4.73587069 3.91776822 -3.63662521 2.64045763 -3.12474762 
3.67545135 15.60999040 -11.43672330 9.39054849 -8.14132701 6.84244765 -6.40824168 5.53916935 -4.73587069 3.91776822 -3.63662521 2.64045763 -3.12474762 
3.51672386 14.24613702 -9.56775596 7.19380158 -5.75792857 4.38182419 -3.95750286 3.16533582 -2.48909213 1.83320250 -1.73875201 0.94400989 -1.63739713 
3.51111382 14.30150324 -9.64019724 7.27520059 -5.84242183 4.46538130 -4.03729001 3.23950361 -2.55653789 1.89342823 -1.79160866 0.98963820 -1.67608290 
3.82550666 14.53243765 -9.94547863 7.62165168 -6.20553697 4.82783388 -4.38653582 3.56701224 -2.85689516 2.16379336 -2.03070907 1.19752725 -1.85355621 
3.82960639 14.58594450 -10.01693240 7.70353397 -6.29217104 4.91509592 -4.47135757 3.64722952 -2.93106217 2.23106914 -2.09063984 1.24999244 -1.89863863 
3.67545135 15.60999040 -11.43672330 9.39054849 -8.14132701 6.84244765 -6.40824168 5.53916935 -4.73587069 3.91776822 -3.63662521 2.64045763 -3.12474762 
3.67545135 15.60999040 -11.43672330 9.39054849 -8.14132701 6.84244765 -6.40824168 5.53916935 -4.73587069 3.91776822 -3.63662521 2.64045763 -3.12474762 
3.83434059 14.53983982 -9.95534740 7.63294298 -6.21746526 4.83983096 -4.39818079 3.57800988 -2.86704982 2.17299290 -2.03889442 1.20468488 -1.85970001 
3.83842378 14.59302893 -10.02641340 7.71442114 -6.30371309 4.92674401 -4.48270102 3.65797652 -2.94101579 2.24011273 -2.09870863 1.25706645 -1.90472570 
3.84313588 14.54716801 -9.96512266 7.64413292 -6.22929225 4.85173175 -4.40973753 3.58892901 -2.87713625 2.18213429 -2.04703113 1.21180252 -1.86581158 
3.98375691 15.60885982 -11.43510156 9.38855904 -8.13907926 6.84003694 -6.40575238 5.53667441 -4.73343203 3.91543668 -3.63444210 2.63845470 -3.12294817 
3.99194243 15.60886903 -11.43511478 9.38857525 -8.13909758 6.84005658 -6.40577266 5.53669474 -4.73345190 3.91545567 -3.63445989 2.63847102 -3.12296283 
3.86464625 14.61385861 -10.05431708 7.74649378 -6.33774633 4.96112037 -4.51620706 3.68974709 -2.97046448 2.26688927 -2.12261609 1.27804062 -1.92278533 
3.86929324 14.56871843 -9.99389883 7.67710607 -6.26417594 4.88686542 -4.44388595 3.62122119 -2.90699058 2.20921274 -2.07115155 1.23291687 -1.88395362 
3.87331160 14.62066374 -10.06344224 7.75699213 -6.34889661 4.97239292 -4.52720353 3.70018253 -2.98014490 2.27569787 -2.13048643 1.28494994 -1.92873833 
3.56767962 14.29721297 -9.63457348 7.26887022 -5.83583949 4.45886112 -4.03105400 3.23369780 -2.55125037 1.88870006 -1.78745346 0.98604673 -1.67303422 
3.56222085 14.35103546 -9.70525072 7.34856461 -5.91884467 4.54121504 -4.10994167 3.30725451 -2.61833823 1.94877377 -1.84031657 1.03179426 -1.71191347 
3.55759105 14.28722519 -9.62148810 7.25414800 -5.82053865 4.44371175 -4.01657143 3.22022018 -2.53898107 1.87773304 -1.77781906 0.97772235 -1.66597033 
3.55210267 14.34135164 -9.69251417 7.33418117 -5.90384144 4.52630830 -4.09564260 3.29390390 -2.60614604 1.93784300 -1.83068671 1.02345159 -1.70481597 
3.54745170 14.27712542 -9.60826557 7.23928183 -5.80509870 4.42843462 -4.00197595 3.20664580 -2.52663098 1.86669996 -1.76813176 0.96935642 -1.65887456 
3.35622961 15.60787351 -11.43368688 9.38682371 -8.13711874 6.83793439 -6.40358141 5.53449864 -4.73130545 3.91340359 -3.63253854 2.63670832 -3.12137926 
3.34497263 15.60784956 -11.43365253 9.38678157 -8.13707114 6.83788334 -6.40352870 5.53444582 -4.73125382 3.91335424 -3.63249233 2.63666593 -3.12134118 
3.14638790 13.74936435 -8.93068487 6.49157876 -5.04246254 3.68677910 -3.30513792 2.56888392 -1.95525307 1.36357753 -1.33235144 0.59775743 -1.34747665 
2.89307524 15.59658301 -11.41749904 9.36697407 -8.11470119 6.81390089 -6.37877371 5.50964365 -4.70701935 3.89019156 -3.61081079 2.61677951 -3.10347969 
3.32797377 11.85430835 -6.71048401 4.24494904 -2.93350383 1.78974537 -1.65027977 1.15737543 -0.77212967 0.38313076 -0.52913286 -0.05386066 -0.82652358 
3.63680280 15.60999040 -11.43672330 9.39054849 -8.14132701 6.84244765 -6.40824168 5.53916935 -4.73587069 3.91776822 -3.63662521 2.64045763 -3.12474762 
3.79876966 14.50977722 -9.91529942 7.58715774 -6.16913342 4.79125546 -4.35106398 3.53354225 -2.82601739 2.13584276 -2.00585916 1.17581332 -1.83493093 
3.80291979 14.56425413 -9.98793406 7.67026737 -6.25693690 4.87957053 -4.43679190 3.61450936 -2.90078240 2.20357920 -2.06613121 1.22852037 -1.88017453 
3.48552020 14.21407763 -9.52594168 7.14695941 -5.70944954 4.33401865 -3.91198023 3.12313239 -2.45081257 1.79910402 -1.70889488 0.91829173 -1.61563735 
3.09618804 13.68302443 -8.84735995 6.40156432 -4.95254330 3.60107549 -3.22617801 2.49798388 -1.89289521 1.30961844 -1.28638116 0.55915846 -1.31560718 
2.38300949 8.79345415 -3.81131448 1.84083286 -1.06617953 0.37577538 -0.59982554 0.38558551 -0.20910816 -0.03392820 -0.21794242 -0.29076243 -0.64883592 
1.42084344 15.39077550 -11.12448598 9.01004729 -7.71413199 6.38701369 -5.94063756 5.07304598 -4.28260510 3.48650677 -3.23465814 2.27324037 -2.79615985 
1.29909145 15.36438364 -11.08719652 8.96495073 -7.66387040 6.33380175 -5.88636745 5.01929243 -4.23065198 3.43735957 -3.18909800 2.23183130 -2.75928562 
1.69725482 11.74134589 -6.58851258 4.13105598 -2.83481286 1.70757588 -1.58382935 1.10472910 -0.73104275 0.35120604 -0.50446283 -0.07290781 -0.81199985 
2.67744366 10.24860751 -5.08490000 2.81570382 -1.76376018 0.86479792 -0.93713283 0.61661137 -0.36672595 0.07784971 -0.29899342 -0.22895081 -0.69490663 
3.87156947 9.40307530 -4.32188489 2.21519204 -1.32281981 0.54898241 -0.71520658 0.46218559 -0.25986781 0.00164824 -0.24365464 -0.27082614 -0.66378917 
4.66271433 12.68110198 -7.63856997 5.14488821 -3.74281226 2.48776884 -2.23435088 1.63552498 -1.15714606 0.69057155 -0.77247688 0.13763618 -0.97519902 
5.10846255 14.27948285 -9.61135103 7.24274990 -5.80869968 4.43199673 -4.00537829 3.20980936 -2.52950857 1.86927013 -1.77038796 0.97130450 -1.66052657 
5.06747041 13.68294219 -8.84725690 6.40145326 -4.95243262 3.60097023 -3.22608125 2.49789717 -1.89281911 1.30955272 -1.28632526 0.55911160 -1.31556855 
4.26578454 6.69804482 -2.30789224 0.88193619 -0.48888347 0.02278462 -0.38285488 0.25030444 -0.12487038 -0.09380715 -0.17365704 -0.32841679 -0.61981080 
3.02863131 -15.73859014 -10.46534322 -8.26499571 -6.82039862 -5.78638760 -4.85796702 -3.70772985 -3.34564470 -2.86614598 -2.39180894 -2.21453579 -2.03954683 
3.97530785 9.16718671 -4.12039898 2.06473581 -1.21786714 0.47711707 -0.66672708 0.42965516 -0.23809971 -0.01364504 -0.23260728 -0.27932134 -0.65743791 
4.25581161 14.10038171 -9.37843204 6.98255020 -5.54013427 4.16784659 -3.75447046 2.97775591 -2.31951666 1.68262138 -1.60729121 0.83108652 -1.54210708 
3.35916552 -0.29527419 -0.09099269 -0.02451438 -0.12484321 -0.19606925 -0.25928122 0.17151056 -0.09285978 -0.13705532 -0.14700747 -0.37074376 -0.58814913 
4.08645483 -0.13273522 -0.09375535 -0.02162781 -0.12479996 -0.19451448 -0.25989612 0.17217758 -0.09261094 -0.13644065 -0.14695881 -0.37013744 -0.58849964 
5.24256419 11.74142069 -6.58859296 4.13113069 -2.83487731 1.70762932 -1.58387239 1.10476307 -0.73106917 0.35122650 -0.50447861 -0.07289566 -0.81200911 
5.76375406 14.07650031 -9.34760291 6.94835455 -5.50508355 4.13360204 -3.72215355 2.94805532 -2.29280285 1.65901346 -1.58677457 0.81353800 -1.52735922 
5.70097938 13.11943761 -8.15599213 5.67140400 -4.23899214 2.93506142 -2.62482697 1.96838949 -1.43567263 0.92073087 -0.96034326 0.28938324 -1.09594963 
5.14737488 12.87663101 -7.86719323 5.37538897 -3.95806621 2.68012701 -2.40085383 1.77629738 -1.27400736 0.78643935 -0.85020558 0.20004912 -1.02458296 
4.47785304 11.33180580 -6.15599928 3.73565880 -2.49916556 1.43341595 -1.36610834 0.93516692 -0.60082088 0.25136227 -0.42816134 -0.13136085 -0.76775520 
3.82960639 14.58594450 -10.01693240 7.70353397 -6.29217104 4.91509592 -4.47135757 3.64722952 -2.93106217 2.23106914 -2.09063984 1.24999244 -1.89863863 
3.36333261 11.79650882 -6.64793027 4.18640854 -2.88266755 1.74733386 -1.61591555 1.13010022 -0.75080664 0.36653867 -0.51629544 -0.06378110 -0.81895266 
3.12575683 13.95153596 -9.18715746 6.77131690 -5.32454058 3.95807183 -3.55728730 2.79722928 -2.15774158 1.54015025 -1.48388074 0.72585188 -1.45392541 
3.49030230 14.28088696 -9.61318903 7.24481608 -5.81084532 4.43411947 -4.00740606 3.21169504 -2.53122397 1.87080244 -1.77173322 0.97246615 -1.66151176 
3.64653518 15.60999040 -11.43672330 9.39054849 -8.14132701 6.84244765 -6.40824168 5.53916935 -4.73587069 3.91776822 -3.63662521 2.64045763 -3.12474762 
3.64653518 15.60999040 -11.43672330 9.39054849 -8.14132701 6.84244765 -6.40824168 5.53916935 -4.73587069 3.91776822 -3.63662521 2.64045763 -3.12474762 
3.80772155 14.51740737 -9.92545583 7.59876025 -6.18137215 4.80354707 -4.36297819 3.54477902 -2.83637939 2.14521860 -2.01419164 1.18309159 -1.84117173 
3.95067567 15.60882180 -11.43504704 9.38849216 -8.13900369 6.83995589 -6.40566870 5.53659055 -4.73335006 3.91535831 -3.63436872 2.63838738 -3.12288769 
3.95899742 15.60883148 -11.43506092 9.38850919 -8.13902294 6.83997653 -6.40569001 5.53661190 -4.73337093 3.91537827 -3.63438741 2.63840453 -3.12290309 
3.69515651 12.55416117 -7.49202144 4.99894031 -3.60814418 2.36879212 -2.13249610 1.55031920 -1.08712673 0.63365489 -0.72671224 0.10115313 -0.94652856 
3.32226680 15.60780043 -11.43358206 9.38669514 -8.13697349 6.83777862 -6.40342057 5.53433746 -4.73114791 3.91325299 -3.63239753 2.63657896 -3.12126305 
3.31081648 15.60777522 -11.43354591 9.38665080 -8.13692340 6.83772490 -6.40336511 5.53428188 -4.73109359 3.91320105 -3.63234890 2.63653435 -3.12122297 
3.49030230 14.28088696 -9.61318903 7.24481608 -5.81084532 4.43411947 -4.00740606 3.21169504 -2.53122397 1.87080244 -1.77173322 0.97246615 -1.66151176 
3.80772155 14.51740737 -9.92545583 7.59876025 -6.18137215 4.80354707 -4.36297819 3.54477902 -2.83637939 2.14521860 -2.01419164 1.18309159 -1.84117173 
3.95067567 15.60882180 -11.43504704 9.38849216 -8.13900369 6.83995589 -6.40566870 5.53659055 -4.73335006 3.91535831 -3.63436872 2.63838738 -3.12288769 
3.95899742 15.60883148 -11.43506092 9.38850919 -8.13902294 6.83997653 -6.40569001 5.53661190 -4.73337093 3.91537827 -3.63438741 2.63840453 -3.12290309 
3.82960639 14.58594450 -10.01693240 7.70353397 -6.29217104 4.91509592 -4.47135757 3.64722952 -2.93106217 2.23106914 -2.09063984 1.24999244 -1.89863863 
3.51672386 14.24613702 -9.56775596 7.19380158 -5.75792857 4.38182419 -3.95750286 3.16533582 -2.48909213 1.83320250 -1.73875201 0.94400989 -1.63739713 
2.80089030 7.42158333 -2.78307006 1.16012104 -0.64258783 0.11099591 -0.43442602 0.28132597 -0.14336483 -0.08017875 -0.18401915 -0.31882767 -0.62733321 
1.06722911 -7.33147792 -2.19628948 -0.87540688 -0.46531292 -0.38812206 -0.32269129 0.11016728 -0.14007677 -0.18640741 -0.17700550 -0.40342565 -0.58732068 
