10.78499940 0.40323644 -0.11929383 -0.01114352 -0.12531109 -0.18929434 -0.26222398 0.17444850 -0.09195913 -0.13444158 -0.14695395 -0.36809466 -0.58973697 
4.47827027 13.79445737 -8.98755782 6.55326314 -5.10432183 3.74595888 -3.35985898 2.61819183 -1.99876686 1.40134993 -1.36462749 0.62493286 -1.36997346 
4.24002412 15.60911533 -11.43546807 9.38900864 -8.13958722 6.84058171 -6.40631489 5.53723819 -4.73398308 3.91596351 -3.63493539 2.63890727 -3.12335475 
4.11266290 14.71050767 -10.18432822 7.89652649 -6.49756850 5.12315615 -4.67471144 3.84056682 -3.11073222 2.39483619 -2.23720000 1.37885313 -2.00982601 
4.10038258 14.82702229 -10.34224173 8.08007312 -6.69445899 5.32411440 -4.87256761 4.03001165 -3.28798573 2.55744488 -2.38361648 1.50833170 -2.12216254 
4.08950934 14.69362676 -10.16155629 7.87017684 -6.46942625 5.09455262 -4.64666352 3.81381638 -3.08579750 2.37204334 -2.21674651 1.36082371 -1.99423139 
4.07707745 14.81189889 -10.32167198 8.05608317 -6.66864037 5.29767937 -4.84646147 4.00494210 -3.26446351 2.53580862 -2.36408552 1.49101909 -2.10710799 
4.31175720 14.91780736 -10.46617768 8.22512834 -6.85110685 5.48503043 -5.03198758 4.18357186 -3.43249338 2.69073834 -2.50425993 1.61554055 -2.21561107 
4.41824846 15.60999040 -11.43672330 9.39054849 -8.14132701 6.84244765 -6.40824168 5.53916935 -4.73587069 3.91776822 -3.63662521 2.64045763 -3.12474762 
4.52805506 15.00295415 -10.58312784 8.36280799 -7.00063054 5.63946064 -5.18578253 4.33246039 -3.57328241 2.82119683 -2.62285081 1.72135714 -2.30820566 
4.72890531 15.07253374 -10.67920707 8.47649435 -7.12470505 5.76821090 -5.31458627 4.45770061 -3.69220637 2.93183240 -2.72380089 1.81175281 -2.38757307 
4.82678488 15.60804446 -11.43393208 9.38712448 -8.13745853 6.83829879 -6.40395766 5.53487572 -4.73167399 3.91375593 -3.63286842 2.63701096 -3.12165114 
4.83751828 15.60806523 -11.43396186 9.38716101 -8.13749980 6.83834304 -6.40400335 5.53492152 -4.73171875 3.91379872 -3.63290849 2.63704772 -3.12168416 
4.84819438 15.60808566 -11.43399116 9.38719695 -8.13754041 6.83838660 -6.40404832 5.53496658 -4.73176280 3.91384083 -3.63294791 2.63708389 -3.12171666 
4.68278201 14.07604921 -9.34702109 6.94770974 -5.50442317 4.13295737 -3.72154564 2.94749705 -2.29230108 1.65857033 -1.58638972 0.81320902 -1.52708291 
4.47678922 15.60999040 -11.43672330 9.39054849 -8.14132701 6.84244765 -6.40824168 5.53916935 -4.73587069 3.91776822 -3.63662521 2.64045763 -3.12474762 
4.47678922 15.60999040 -11.43672330 9.39054849 -8.14132701 6.84244765 -6.40824168 5.53916935 -4.73587069 3.91776822 -3.63662521 2.64045763 -3.12474762 
4.37017184 14.91635520 -10.46418909 8.22279398 -6.84857870 5.48242625 -5.02940077 4.18107377 -3.43013680 2.68855960 -2.50228362 1.61378068 -2.21407406 
4.36660547 14.94896990 -10.50889995 8.27533339 -6.90553667 5.54115317 -5.08778997 4.23751065 -3.48342230 2.73786395 -2.54704140 1.65366563 -2.24893233 
4.47036867 15.60999040 -11.43672330 9.39054849 -8.14132701 6.84244765 -6.40824168 5.53916935 -4.73587069 3.91776822 -3.63662521 2.64045763 -3.12474762 
4.47036867 15.60999040 -11.43672330 9.39054849 -8.14132701 6.84244765 -6.40824168 5.53916935 -4.73587069 3.91776822 -3.63662521 2.64045763 -3.12474762 
4.47036867 15.60999040 -11.43672330 9.39054849 -8.14132701 6.84244765 -6.40824168 5.53916935 -4.73587069 3.91776822 -3.63662521 2.64045763 -3.12474762 
4.47036867 15.60999040 -11.43672330 9.39054849 -8.14132701 6.84244765 -6.40824168 5.53916935 -4.73587069 3.91776822 -3.63662521 2.64045763 -3.12474762 
4.57736039 15.02800200 -10.61766236 8.40361149 -7.04509963 5.68554313 -5.23182399 4.37717181 -3.61568770 2.86060161 -2.65876695 1.75348533 -2.33638678 
4.58025003 15.05907551 -10.66058742 8.45442207 -7.10057325 5.74312729 -5.28945132 4.43322275 -3.66892812 2.91014577 -2.70398617 1.79398726 -2.37195614 
4.47678922 15.60999040 -11.43672330 9.39054849 -8.14132701 6.84244765 -6.40824168 5.53916935 -4.73587069 3.91776822 -3.63662521 2.64045763 -3.12474762 
4.47678922 15.60999040 -11.43672330 9.39054849 -8.14132701 6.84244765 -6.40824168 5.53916935 -4.73587069 3.91776822 -3.63662521 2.64045763 -3.12474762 
4.47678922 15.60999040 -11.43672330 9.39054849 -8.14132701 6.84244765 -6.40824168 5.53916935 -4.73587069 3.91776822 -3.63662521 2.64045763 -3.12474762 
4.47678922 15.60999040 -11.43672330 9.39054849 -8.14132701 6.84244765 -6.40824168 5.53916935 -4.73587069 3.91776822 -3.63662521 2.64045763 -3.12474762 
4.47678922 15.60999040 -11.43672330 9.39054849 -8.14132701 6.84244765 -6.40824168 5.53916935 -4.73587069 3.91776822 -3.63662521 2.64045763 -3.12474762 
4.58343917 15.03102685 -10.62183687 8.40854834 -7.05048476 5.69112840 -5.23740887 4.38259963 -3.62083946 2.86539227 -2.66313644 1.75739649 -2.33981953 
4.58632053 15.06195463 -10.66456928 8.45914065 -7.10573038 5.74848612 -5.29481947 4.43844902 -3.67389685 2.91477352 -2.70821340 1.79777641 -2.37528626 
4.48318923 15.60999040 -11.43672330 9.39054849 -8.14132701 6.84244765 -6.40824168 5.53916935 -4.73587069 3.91776822 -3.63662521 2.64045763 -3.12474762 
4.48318923 15.60999040 -11.43672330 9.39054849 -8.14132701 6.84244765 -6.40824168 5.53916935 -4.73587069 3.91776822 -3.63662521 2.64045763 -3.12474762 
4.48318923 15.60999040 -11.43672330 9.39054849 -8.14132701 6.84244765 -6.40824168 5.53916935 -4.73587069 3.91776822 -3.63662521 2.64045763 -3.12474762 
4.48318923 15.60999040 -11.43672330 9.39054849 -8.14132701 6.84244765 -6.40824168 5.53916935 -4.73587069 3.91776822 -3.63662521 2.64045763 -3.12474762 
4.48318923 15.60999040 -11.43672330 9.39054849 -8.14132701 6.84244765 -6.40824168 5.53916935 -4.73587069 3.91776822 -3.63662521 2.64045763 -3.12474762 
4.48318923 15.60999040 -11.43672330 9.39054849 -8.14132701 6.84244765 -6.40824168 5.53916935 -4.73587069 3.91776822 -3.63662521 2.64045763 -3.12474762 
4.48318923 15.60999040 -11.43672330 9.39054849 -8.14132701 6.84244765 -6.40824168 5.53916935 -4.73587069 3.91776822 -3.63662521 2.64045763 -3.12474762 
4.58949959 15.03402888 -10.62598077 8.41344994 -7.05583247 5.69667586 -5.24295692 4.38799257 -3.62595895 2.87015366 -2.66747986 1.76128485 -2.34323271 
4.59237272 15.06481190 -10.66852170 8.46382523 -7.11085129 5.75380823 -5.30015172 4.44364116 -3.67883390 2.91937244 -2.71241486 1.80154296 -2.37859693 
4.59554175 15.03700834 -10.63009432 8.41831662 -7.06114308 5.70218584 -5.24846844 4.39335091 -3.63104641 2.87488597 -2.67179739 1.76515055 -2.34662644 
4.69423179 15.60943472 -11.43592620 9.38957064 -8.14022218 6.84126270 -6.40701809 5.53794297 -4.73467195 3.91662213 -3.63555207 2.63947304 -3.12386305 
4.79551893 15.10274468 -10.72106687 8.52618695 -7.17910909 5.82483520 -5.37139845 4.51309505 -3.74494759 2.98102188 -2.76879165 1.85213065 -2.42310078 
4.80332719 15.18107343 -10.83000034 8.65596104 -7.32167146 5.97369928 -5.52122543 4.65962405 -3.88486160 3.11187082 -2.88878208 1.96008158 -2.51830523 
4.71710002 15.60944728 -11.43594422 9.38959274 -8.14024715 6.84128949 -6.40704574 5.53797069 -4.73469905 3.91664803 -3.63557632 2.63949530 -3.12388304 
4.62830708 15.08150882 -10.69163377 8.49123612 -7.14083373 5.78498706 -5.33140772 4.47409257 -3.70780434 2.94637214 -2.73709276 1.82367613 -2.39805939 
4.42346188 14.94670419 -10.50579066 8.27167602 -6.90156786 5.53705730 -5.08371400 4.23356756 -3.47969631 2.73441364 -2.54390692 1.65087045 -2.24648780 
4.30393468 15.60916949 -11.43554576 9.38910394 -8.13969489 6.84069719 -6.40643414 5.53735770 -4.73409989 3.91607520 -3.63503996 2.63900321 -3.12344094 
4.29693353 15.60916373 -11.43553749 9.38909380 -8.13968343 6.84068489 -6.40642144 5.53734498 -4.73408746 3.91606331 -3.63502883 2.63899299 -3.12343177 
4.28990778 15.60915790 -11.43552913 9.38908354 -8.13967184 6.84067247 -6.40640861 5.53733212 -4.73407489 3.91605129 -3.63501758 2.63898267 -3.12342249 
4.40013940 14.96742093 -10.53423884 8.30515925 -6.93792368 5.57459827 -5.12109295 4.26974689 -3.51390096 2.76610270 -2.57270826 1.67656513 -2.26896831 
4.60757171 15.04290036 -10.63823159 8.42794647 -7.07165431 5.71309460 -5.25938308 4.40396484 -3.64112617 2.88426422 -2.68035547 1.77281459 -2.35335605 
4.70569859 15.60944105 -11.43593528 9.38958179 -8.14023477 6.84127621 -6.40703203 5.53795695 -4.73468562 3.91663519 -3.63556430 2.63948427 -3.12387313 
4.61640038 15.07602688 -10.68404269 8.48222981 -7.13097902 5.77473566 -5.32112761 4.46407396 -3.69827012 2.93748397 -2.72896674 1.81638620 -2.39164756 
4.61952992 15.04870467 -10.64625092 8.43744040 -7.08202100 5.72385716 -5.27015513 4.41444353 -3.65108064 2.89352864 -2.68881207 1.78038976 -2.36000931 
4.62236257 15.07877814 -10.68785213 8.48674905 -7.13592355 5.77987880 -5.32628475 4.46909953 -3.70305236 2.94194185 -2.73304210 1.82004202 -2.39486283 
4.52116505 15.60999040 -11.43672330 9.39054849 -8.14132701 6.84244765 -6.40824168 5.53916935 -4.73587069 3.91776822 -3.63662521 2.64045763 -3.12474762 
4.41687752 14.94301734 -10.50073216 8.26572701 -6.89511351 5.53039753 -5.07708775 4.22715842 -3.47364102 2.72880723 -2.53881446 1.64632985 -2.24251732 
4.41339756 14.97459215 -10.54409584 8.31677152 -6.95054340 5.58764048 -5.13408955 4.28233634 -3.52581231 2.77714597 -2.58275204 1.68553130 -2.27681769 
4.51488561 15.60999040 -11.43672330 9.39054849 -8.14132701 6.84244765 -6.40824168 5.53916935 -4.73587069 3.91776822 -3.63662521 2.64045763 -3.12474762 
4.51488561 15.60999040 -11.43672330 9.39054849 -8.14132701 6.84244765 -6.40824168 5.53916935 -4.73587069 3.91776822 -3.63662521 2.64045763 -3.12474762 
4.51488561 15.60999040 -11.43672330 9.39054849 -8.14132701 6.84244765 -6.40824168 5.53916935 -4.73587069 3.91776822 -3.63662521 2.64045763 -3.12474762 
4.51488561 15.60999040 -11.43672330 9.39054849 -8.14132701 6.84244765 -6.40824168 5.53916935 -4.73587069 3.91776822 -3.63662521 2.64045763 -3.12474762 
4.51488561 15.60999040 -11.43672330 9.39054849 -8.14132701 6.84244765 -6.40824168 5.53916935 -4.73587069 3.91776822 -3.63662521 2.64045763 -3.12474762 
4.51488561 15.60999040 -11.43672330 9.39054849 -8.14132701 6.84244765 -6.40824168 5.53916935 -4.73587069 3.91776822 -3.63662521 2.64045763 -3.12474762 
4.51488561 15.60999040 -11.43672330 9.39054849 -8.14132701 6.84244765 -6.40824168 5.53916935 -4.73587069 3.91776822 -3.63662521 2.64045763 -3.12474762 
4.61952992 15.04870467 -10.64625092 8.43744040 -7.08202100 5.72385716 -5.27015513 4.41444353 -3.65108064 2.89352864 -2.68881207 1.78038976 -2.36000931 
4.62236257 15.07877814 -10.68785213 8.48674905 -7.13592355 5.77987880 -5.32628475 4.46909953 -3.70305236 2.94194185 -2.73304210 1.82004202 -2.39486283 
4.52116505 15.60999040 -11.43672330 9.39054849 -8.14132701 6.84244765 -6.40824168 5.53916935 -4.73587069 3.91776822 -3.63662521 2.64045763 -3.12474762 
4.52116505 15.60999040 -11.43672330 9.39054849 -8.14132701 6.84244765 -6.40824168 5.53916935 -4.73587069 3.91776822 -3.63662521 2.64045763 -3.12474762 
4.52116505 15.60999040 -11.43672330 9.39054849 -8.14132701 6.84244765 -6.40824168 5.53916935 -4.73587069 3.91776822 -3.63662521 2.64045763 -3.12474762 
4.52116505 15.60999040 -11.43672330 9.39054849 -8.14132701 6.84244765 -6.40824168 5.53916935 -4.73587069 3.91776822 -3.63662521 2.64045763 -3.12474762 
4.52116505 15.60999040 -11.43672330 9.39054849 -8.14132701 6.84244765 -6.40824168 5.53916935 -4.73587069 3.91776822 -3.63662521 2.64045763 -3.12474762 
4.52116505 15.60999040 -11.43672330 9.39054849 -8.14132701 6.84244765 -6.40824168 5.53916935 -4.73587069 3.91776822 -3.63662521 2.64045763 -3.12474762 
4.52116505 15.60999040 -11.43672330 9.39054849 -8.14132701 6.84244765 -6.40824168 5.53916935 -4.73587069 3.91776822 -3.63662521 2.64045763 -3.12474762 
4.52116505 15.60999040 -11.43672330 9.39054849 -8.14132701 6.84244765 -6.40824168 5.53916935 -4.73587069 3.91776822 -3.63662521 2.64045763 -3.12474762 
4.52116505 15.60999040 -11.43672330 9.39054849 -8.14132701 6.84244765 -6.40824168 5.53916935 -4.73587069 3.91776822 -3.63662521 2.64045763 -3.12474762 
4.52116505 15.60999040 -11.43672330 9.39054849 -8.14132701 6.84244765 -6.40824168 5.53916935 -4.73587069 3.91776822 -3.63662521 2.64045763 -3.12474762 
4.52116505 15.60999040 -11.43672330 9.39054849 -8.14132701 6.84244765 -6.40824168 5.53916935 -4.73587069 3.91776822 -3.63662521 2.64045763 -3.12474762 
4.52116505 15.60999040 -11.43672330 9.39054849 -8.14132701 6.84244765 -6.40824168 5.53916935 -4.73587069 3.91776822 -3.63662521 2.64045763 -3.12474762 
4.52116505 15.60999040 -11.43672330 9.39054849 -8.14132701 6.84244765 -6.40824168 5.53916935 -4.73587069 3.91776822 -3.63662521 2.64045763 -3.12474762 
4.52116505 15.60999040 -11.43672330 9.39054849 -8.14132701 6.84244765 -6.40824168 5.53916935 -4.73587069 3.91776822 -3.63662521 2.64045763 -3.12474762 
4.52116505 15.60999040 -11.43672330 9.39054849 -8.14132701 6.84244765 -6.40824168 5.53916935 -4.73587069 3.91776822 -3.63662521 2.64045763 -3.12474762 
4.52116505 15.60999040 -11.43672330 9.39054849 -8.14132701 6.84244765 -6.40824168 5.53916935 -4.73587069 3.91776822 -3.63662521 2.64045763 -3.12474762 
4.52116505 15.60999040 -11.43672330 9.39054849 -8.14132701 6.84244765 -6.40824168 5.53916935 -4.73587069 3.91776822 -3.63662521 2.64045763 -3.12474762 
4.52116505 15.60999040 -11.43672330 9.39054849 -8.14132701 6.84244765 -6.40824168 5.53916935 -4.73587069 3.91776822 -3.63662521 2.64045763 -3.12474762 
4.52116505 15.60999040 -11.43672330 9.39054849 -8.14132701 6.84244765 -6.40824168 5.53916935 -4.73587069 3.91776822 -3.63662521 2.64045763 -3.12474762 
4.41687752 14.94301734 -10.50073216 8.26572701 -6.89511351 5.53039753 -5.07708775 4.22715842 -3.47364102 2.72880723 -2.53881446 1.64632985 -2.24251732 
4.41339756 14.97459215 -10.54409584 8.31677152 -6.95054340 5.58764048 -5.13408955 4.28233634 -3.52581231 2.77714597 -2.58275204 1.68553130 -2.27681769 
4.51488561 15.60999040 -11.43672330 9.39054849 -8.14132701 6.84244765 -6.40824168 5.53916935 -4.73587069 3.91776822 -3.63662521 2.64045763 -3.12474762 
4.51488561 15.60999040 -11.43672330 9.39054849 -8.14132701 6.84244765 -6.40824168 5.53916935 -4.73587069 3.91776822 -3.63662521 2.64045763 -3.12474762 
4.41027149 14.93930062 -10.49563399 8.25973282 -6.88861169 5.52369028 -5.07041573 4.22070638 -3.46754643 2.72316551 -2.53369086 1.64176228 -2.23852390 
4.40677943 14.97102116 -10.53918683 8.31098766 -6.94425703 5.58114293 -5.12761404 4.27606305 -3.51987633 2.77164209 -2.57774586 1.68106187 -2.27290464 
4.50858639 15.60999040 -11.43672330 9.39054849 -8.14132701 6.84244765 -6.40824168 5.53916935 -4.73587069 3.91776822 -3.63662521 2.64045763 -3.12474762 
4.40364362 14.93555374 -10.49049576 8.25369302 -6.88206194 5.51693516 -5.06369757 4.21421109 -3.46141224 2.71748824 -2.52853592 1.63716755 -2.23450741 
4.40013940 14.96742093 -10.53423884 8.30515925 -6.93792368 5.57459827 -5.12109295 4.26974689 -3.51390096 2.76610270 -2.57270826 1.67656513 -2.26896831 
4.50226727 15.60999040 -11.43672330 9.39054849 -8.14132701 6.84244765 -6.40824168 5.53916935 -4.73587069 3.91776822 -3.63662521 2.64045763 -3.12474762 
4.50226727 15.60999040 -11.43672330 9.39054849 -8.14132701 6.84244765 -6.40824168 5.53916935 -4.73587069 3.91776822 -3.63662521 2.64045763 -3.12474762 
4.50226727 15.60999040 -11.43672330 9.39054849 -8.14132701 6.84244765 -6.40824168 5.53916935 -4.73587069 3.91776822 -3.63662521 2.64045763 -3.12474762 
4.50226727 15.60999040 -11.43672330 9.39054849 -8.14132701 6.84244765 -6.40824168 5.53916935 -4.73587069 3.91776822 -3.63662521 2.64045763 -3.12474762 
4.50226727 15.60999040 -11.43672330 9.39054849 -8.14132701 6.84244765 -6.40824168 5.53916935 -4.73587069 3.91776822 -3.63662521 2.64045763 -3.12474762 
4.39699379 14.93177635 -10.48531705 8.24760715 -6.87546384 5.51013172 -5.05693286 4.20767221 -3.45523815 2.71177515 -2.52334941 1.63254550 -2.23046770 
4.39347731 14.96379114 -10.52925148 8.29928585 -6.93154292 5.56800606 -5.11452589 4.26338751 -3.50788587 2.76052755 -2.56763903 1.67204091 -2.26500855 
4.49592812 15.60999040 -11.43672330 9.39054849 -8.14132701 6.84244765 -6.40824168 5.53916935 -4.73587069 3.91776822 -3.63662521 2.64045763 -3.12474762 
4.49592812 15.60999040 -11.43672330 9.39054849 -8.14132701 6.84244765 -6.40824168 5.53916935 -4.73587069 3.91776822 -3.63662521 2.64045763 -3.12474762 
4.49592812 15.60999040 -11.43672330 9.39054849 -8.14132701 6.84244765 -6.40824168 5.53916935 -4.73587069 3.91776822 -3.63662521 2.64045763 -3.12474762 
4.49592812 15.60999040 -11.43672330 9.39054849 -8.14132701 6.84244765 -6.40824168 5.53916935 -4.73587069 3.91776822 -3.63662521 2.64045763 -3.12474762 
4.49592812 15.60999040 -11.43672330 9.39054849 -8.14132701 6.84244765 -6.40824168 5.53916935 -4.73587069 3.91776822 -3.63662521 2.64045763 -3.12474762 
4.39032185 14.92796813 -10.48009745 8.24147477 -6.86881692 5.50327955 -5.05012123 4.20108938 -3.44902387 2.70602600 -2.51813114 1.62789596 -2.22640465 
4.38679302 14.96013146 -10.52422432 8.29336702 -6.92511429 5.56136589 -5.10791246 4.25698455 -3.50183078 2.75491636 -2.56253795 1.66748904 -2.26102522 
4.48956882 15.60999040 -11.43672330 9.39054849 -8.14132701 6.84244765 -6.40824168 5.53916935 -4.73587069 3.91776822 -3.63662521 2.64045763 -3.12474762 
4.48956882 15.60999040 -11.43672330 9.39054849 -8.14132701 6.84244765 -6.40824168 5.53916935 -4.73587069 3.91776822 -3.63662521 2.64045763 -3.12474762 
4.48956882 15.60999040 -11.43672330 9.39054849 -8.14132701 6.84244765 -6.40824168 5.53916935 -4.73587069 3.91776822 -3.63662521 2.64045763 -3.12474762 
4.48956882 15.60999040 -11.43672330 9.39054849 -8.14132701 6.84244765 -6.40824168 5.53916935 -4.73587069 3.91776822 -3.63662521 2.64045763 -3.12474762 
4.38362764 14.92412876 -10.47483654 8.23529543 -6.86212073 5.49637820 -5.04326227 4.19446227 -3.44276908 2.70024053 -2.51288090 1.62321875 -2.22231812 
4.38008639 14.95644158 -10.51915696 8.28740231 -6.91863735 5.55467731 -5.10125227 4.25053766 -3.49573536 2.74926887 -2.55740480 1.66290932 -2.25701817 
4.48318923 15.60999040 -11.43672330 9.39054849 -8.14132701 6.84244765 -6.40824168 5.53916935 -4.73587069 3.91776822 -3.63662521 2.64045763 -3.12474762 
4.48318923 15.60999040 -11.43672330 9.39054849 -8.14132701 6.84244765 -6.40824168 5.53916935 -4.73587069 3.91776822 -3.63662521 2.64045763 -3.12474762 
4.48318923 15.60999040 -11.43672330 9.39054849 -8.14132701 6.84244765 -6.40824168 5.53916935 -4.73587069 3.91776822 -3.63662521 2.64045763 -3.12474762 
4.48318923 15.60999040 -11.43672330 9.39054849 -8.14132701 6.84244765 -6.40824168 5.53916935 -4.73587069 3.91776822 -3.63662521 2.64045763 -3.12474762 
4.48318923 15.60999040 -11.43672330 9.39054849 -8.14132701 6.84244765 -6.40824168 5.53916935 -4.73587069 3.91776822 -3.63662521 2.64045763 -3.12474762 
4.48318923 15.60999040 -11.43672330 9.39054849 -8.14132701 6.84244765 -6.40824168 5.53916935 -4.73587069 3.91776822 -3.63662521 2.64045763 -3.12474762 
4.48318923 15.60999040 -11.43672330 9.39054849 -8.14132701 6.84244765 -6.40824168 5.53916935 -4.73587069 3.91776822 -3.63662521 2.64045763 -3.12474762 
4.48318923 15.60999040 -11.43672330 9.39054849 -8.14132701 6.84244765 -6.40824168 5.53916935 -4.73587069 3.91776822 -3.63662521 2.64045763 -3.12474762 
4.48318923 15.60999040 -11.43672330 9.39054849 -8.14132701 6.84244765 -6.40824168 5.53916935 -4.73587069 3.91776822 -3.63662521 2.64045763 -3.12474762 
4.48318923 15.60999040 -11.43672330 9.39054849 -8.14132701 6.84244765 -6.40824168 5.53916935 -4.73587069 3.91776822 -3.63662521 2.64045763 -3.12474762 
4.48318923 15.60999040 -11.43672330 9.39054849 -8.14132701 6.84244765 -6.40824168 5.53916935 -4.73587069 3.91776822 -3.63662521 2.64045763 -3.12474762 
4.48318923 15.60999040 -11.43672330 9.39054849 -8.14132701 6.84244765 -6.40824168 5.53916935 -4.73587069 3.91776822 -3.63662521 2.64045763 -3.12474762 
4.48318923 15.60999040 -11.43672330 9.39054849 -8.14132701 6.84244765 -6.40824168 5.53916935 -4.73587069 3.91776822 -3.63662521 2.64045763 -3.12474762 
4.48318923 15.60999040 -11.43672330 9.39054849 -8.14132701 6.84244765 -6.40824168 5.53916935 -4.73587069 3.91776822 -3.63662521 2.64045763 -3.12474762 
4.48318923 15.60999040 -11.43672330 9.39054849 -8.14132701 6.84244765 -6.40824168 5.53916935 -4.73587069 3.91776822 -3.63662521 2.64045763 -3.12474762 
4.37691102 14.92025790 -10.46953390 8.22906865 -6.85537481 5.48942725 -5.03635558 4.18779052 -3.43647350 2.69441848 -2.50759846 1.61851372 -2.21820796 
4.37335725 14.95272117 -10.51404898 8.28139125 -6.91211163 5.54793988 -5.09454491 4.24404648 -3.48959931 2.74358483 -2.55223936 1.65830158 -2.25298725 
4.47678922 15.60999040 -11.43672330 9.39054849 -8.14132701 6.84244765 -6.40824168 5.53916935 -4.73587069 3.91776822 -3.63662521 2.64045763 -3.12474762 
4.47678922 15.60999040 -11.43672330 9.39054849 -8.14132701 6.84244765 -6.40824168 5.53916935 -4.73587069 3.91776822 -3.63662521 2.64045763 -3.12474762 
4.47678922 15.60999040 -11.43672330 9.39054849 -8.14132701 6.84244765 -6.40824168 5.53916935 -4.73587069 3.91776822 -3.63662521 2.64045763 -3.12474762 
4.47678922 15.60999040 -11.43672330 9.39054849 -8.14132701 6.84244765 -6.40824168 5.53916935 -4.73587069 3.91776822 -3.63662521 2.64045763 -3.12474762 
4.37017184 14.91635520 -10.46418909 8.22279398 -6.84857870 5.48242625 -5.02940077 4.18107377 -3.43013680 2.68855960 -2.50228362 1.61378068 -2.21407406 
4.36660547 14.94896990 -10.50889995 8.27533339 -6.90553667 5.54115317 -5.08778997 4.23751065 -3.48342230 2.73786395 -2.54704140 1.65366563 -2.24893233 
4.47036867 15.60999040 -11.43672330 9.39054849 -8.14132701 6.84244765 -6.40824168 5.53916935 -4.73587069 3.91776822 -3.63662521 2.64045763 -3.12474762 
4.47036867 15.60999040 -11.43672330 9.39054849 -8.14132701 6.84244765 -6.40824168 5.53916935 -4.73587069 3.91776822 -3.63662521 2.64045763 -3.12474762 
4.47036867 15.60999040 -11.43672330 9.39054849 -8.14132701 6.84244765 -6.40824168 5.53916935 -4.73587069 3.91776822 -3.63662521 2.64045763 -3.12474762 
4.36340995 14.91242033 -10.45880168 8.21647094 -6.84173191 5.47537475 -5.02239742 4.17431166 -3.42375868 2.68266362 -2.49693617 1.60901946 -2.20991626 
4.35983088 14.94518743 -10.50370946 8.26922826 -6.89891200 5.53431673 -5.08098705 4.23092980 -3.47720403 2.73210598 -2.54181070 1.64900130 -2.24485326 
4.46392744 15.60999040 -11.43672330 9.39054849 -8.14132701 6.84244765 -6.40824168 5.53916935 -4.73587069 3.91776822 -3.63662521 2.64045763 -3.12474762 
4.35662519 14.90845294 -10.45337123 8.21009905 -6.83483399 5.46827231 -5.01534513 4.16750383 -3.41733883 2.67673029 -2.49155589 1.60422989 -2.20573444 
4.35303334 14.94137343 -10.49847707 8.26307539 -6.89223714 5.52743009 -5.07413572 4.22430355 -3.47094416 2.72631063 -2.53654703 1.64430839 -2.24074988 
4.34981741 14.90445266 -10.44789730 8.20367783 -6.82788444 5.46111846 -5.00824348 4.16064991 -3.41087694 2.67075934 -2.48614256 1.59941180 -2.20152846 
4.34621269 14.93752753 -10.49320232 8.25687430 -6.88551162 5.52049282 -5.06723558 4.21763155 -3.46464239 2.72047764 -2.53125017 1.63958673 -2.23662206 
4.34298646 14.90041916 -10.44237942 8.19720680 -6.82088278 5.45391275 -5.00109205 4.15374955 -3.40437269 2.66475050 -2.48069596 1.59456501 -2.19729818 
4.33936877 14.93364940 -10.48788480 8.25062450 -6.87873495 5.51350444 -5.06028619 4.21091341 -3.45829838 2.71460674 -2.52591989 1.63483612 -2.23246964 
4.33613217 14.89635205 -10.43681714 8.19068545 -6.81382851 5.44665471 -4.99389043 4.14680236 -3.39782576 2.65870352 -2.47521588 1.58968934 -2.19304346 
4.21095042 15.60908952 -11.43543105 9.38896323 -8.13953591 6.84052668 -6.40625808 5.53718125 -4.73392742 3.91591030 -3.63488556 2.63886155 -3.12331368 
4.20361547 15.60908289 -11.43542154 9.38895156 -8.13952273 6.84051255 -6.40624348 5.53716662 -4.73391312 3.91589663 -3.63487276 2.63884981 -3.12330313 
4.19625352 15.60907619 -11.43541192 9.38893976 -8.13950940 6.84049825 -6.40622872 5.53715182 -4.73389866 3.91588280 -3.63485982 2.63883794 -3.12329246 
4.06608582 14.67628073 -10.13818513 7.84316507 -6.44060915 5.06529470 -4.61800379 3.78650990 -3.06036910 2.34882053 -2.19592534 1.34248524 -1.97838187 
4.05349859 14.79634708 -10.30054220 8.03146534 -6.64217234 5.27060524 -4.81974883 3.97931293 -3.24043673 2.51372616 -2.34416709 1.47337580 -2.09177649 
4.04238600 14.65845251 -10.11419405 7.81546977 -6.41109691 5.03536419 -4.58871665 3.75863453 -3.03443678 2.32515985 -2.17473059 1.32383351 -1.96227461 
3.74493876 14.35604754 -9.71184629 7.35601680 -5.92662181 4.54894585 -4.11736075 3.31418457 -2.62466968 1.95445247 -1.84532136 1.03613165 -1.71560476 
3.55216598 15.59439540 -11.41436389 9.36313130 -8.11036297 6.80925166 -6.37397640 5.50483879 -4.70232596 3.88570708 -3.60661424 2.61293142 -3.10002430 
3.35169700 13.86635139 -9.07862661 6.65244970 -5.20419580 3.84188155 -3.44889243 2.69871361 -2.07007902 1.46345935 -1.41786612 0.66988893 -1.40729363 
3.09918661 15.56676062 -11.37479730 9.31467789 -8.05570945 6.75072769 -6.31363528 5.44444753 -4.64337712 3.82941937 -3.55397347 2.56468991 -3.05672956 
3.04746824 15.56449859 -11.37156170 9.31071916 -8.05124801 6.74595422 -6.30871745 5.43952928 -4.63857975 3.82484162 -3.54969501 2.56077133 -3.05321475 
3.63077502 10.62849883 -5.44854410 3.11828645 -1.99816148 1.04082446 -1.06629303 0.71005291 -0.43372745 0.12663409 -0.33484319 -0.20197826 -0.71493934 
4.40017883 12.32531044 -7.23154655 4.74305402 -3.37515823 2.16553524 -1.96059038 1.40817599 -0.97160448 0.54067431 -0.65261124 0.04252325 -0.90077980 
5.15609657 11.64953393 -6.49023056 4.04004197 -2.75658262 1.64293365 -1.53193004 1.06389228 -0.69937790 0.32673582 -0.48564021 -0.08739175 -0.80099042 
5.74660451 13.45122184 -8.55943055 6.09383307 -4.64832743 3.31400458 -2.96424214 2.26497204 -1.68978842 1.13533412 -1.13906225 0.43635357 -1.21491036 
6.07741599 14.92530752 -10.47645159 8.23719226 -6.86417604 5.49849631 -5.04536720 4.19649590 -3.44468832 2.70201563 -2.51449168 1.62465364 -2.22357172 
6.24648225 15.37518113 -11.10244457 8.98338216 -7.68440319 6.35553009 -5.90851837 5.04122351 -4.25184020 3.45739603 -3.20766559 2.24870161 -2.77430374 
6.19574771 14.87468450 -10.40721054 8.15600361 -6.77634352 5.40811748 -4.95568199 4.10997100 -3.36314100 2.62668888 -2.44622110 1.56390794 -2.17055833 
5.84938393 13.29371547 -8.36663679 5.89067938 -4.45025521 3.12956131 -2.79810331 2.11901020 -1.56407714 1.02866205 -1.04983374 0.36268294 -1.15505363 
5.26916633 12.11887802 -7.00068835 4.52007750 -3.17546980 1.99403539 -1.81771254 1.29172629 -0.87825268 0.46644288 -0.59408613 -0.00337295 -0.86526594 
4.59236255 12.69752158 -7.65763367 5.16397778 -3.76052049 2.50349301 -2.24787787 1.64689383 -1.16653029 0.69823031 -0.77865736 0.14257853 -0.97909444 
3.99667180 12.94061414 -7.94276893 5.45233347 -4.03060857 2.74554317 -2.45797416 1.82499764 -1.31476096 0.82011598 -0.87769229 0.22224857 -1.04224523 
3.34192900 11.47263370 -6.30301575 3.86856254 -2.61075330 1.52362733 -1.43704554 0.98989800 -0.64248344 0.28307396 -0.45225003 -0.11298151 -0.78161356 
2.56504076 12.34746819 -7.25655702 4.76742685 -3.39717562 2.18459989 -1.97659830 1.42132086 -0.98221702 0.54916584 -0.65934297 0.04782606 -0.90490035 
2.43856846 13.50679438 -8.62800318 6.16665312 -4.71986490 3.38110356 -3.02510716 2.31880816 -1.73645758 1.17517481 -1.17257617 0.46416649 -1.23761909 
2.33930904 11.86706596 -6.72433181 4.25794525 -2.94482092 1.79921145 -1.65796874 1.16349261 -0.77692253 0.38686725 -0.53202845 -0.05162033 -0.82823524 
2.19524486 13.13431277 -8.17386171 5.68989606 -4.25670571 2.95127927 -2.63919760 1.98081635 -1.44621369 0.92955034 -0.96762453 0.29532411 -1.10072229 
2.37423584 15.41826936 -11.16340177 9.05719013 -7.76675927 6.44281602 -5.99763358 5.12957922 -4.33731833 3.53833078 -3.28275738 2.31700649 -2.83517455 
2.57316176 13.59159267 -8.73319198 6.27892773 -4.83071185 3.48557025 -3.12030772 2.40339235 -1.81009791 1.23829342 -1.22587159 0.50854893 -1.27397631 
3.22721459 11.84135460 -6.69643842 4.23178083 -2.92204852 1.78017273 -1.64251127 1.15120029 -0.76729532 0.37936452 -0.52621593 -0.05611649 -0.82480078 
4.17427866 10.43548476 -5.26216776 2.96192226 -1.87606667 0.94848224 -0.99809147 0.66041703 -0.39794135 0.10048369 -0.31558074 -0.21647257 -0.70416867 
5.15308268 10.75146774 -5.56902813 3.22078514 -2.07928370 1.10293464 -1.11269274 0.74417900 -0.45857185 0.14491206 -0.34837001 -0.19178952 -0.72252183 
5.90833922 12.39162079 -7.30652770 4.81624937 -3.44139105 2.22297700 -2.00889623 1.44790054 -1.00372106 0.56640395 -0.67303111 0.05862336 -0.91330121 
6.38438730 14.15095547 -9.44389630 7.05535305 -5.61494777 4.24111856 -3.82378249 3.04160331 -2.37707095 1.73359079 -1.65167451 0.86911950 -1.57412703 
6.60705767 15.41443299 -11.15796740 9.05060204 -7.75939954 6.43500701 -5.98965239 5.12165795 -4.32964758 3.53106107 -3.27600664 2.31086089 -2.82969360 
6.64466532 15.59151630 -11.41023842 9.35807544 -8.10465610 6.80313650 -6.36766730 5.49852056 -4.69615503 3.87981149 -3.60109778 2.60787353 -3.09548297 
6.46509811 14.18887545 -9.49313916 7.11028588 -5.67156818 4.29673329 -3.87653973 3.09033360 -2.42111354 1.77269114 -1.68580241 0.89842872 -1.59885438 
6.02775608 12.96938924 -7.97688041 5.48718378 -4.06357675 2.77536910 -2.48409924 1.84733880 -1.33351055 0.83565045 -0.89040209 0.23253545 -1.05044625 
5.37838090 11.51289364 -6.34537431 3.90714259 -2.64338218 1.55018456 -1.45806299 1.00621205 -0.65497250 0.29262375 -0.45953137 -0.10741251 -0.78582237 
4.47061218 9.84780227 -4.71524756 2.51882664 -1.54154159 0.70297509 -0.82171793 0.53524406 -0.30975297 0.03697608 -0.26922656 -0.25139011 -0.67825323 
3.17349388 6.28324941 -2.05633755 0.74494945 -0.41826696 -0.01611604 -0.36071373 0.23716222 -0.11727160 -0.09969963 -0.16908366 -0.33296626 -0.61621563 
1.53000929 -14.79702791 -9.22086102 -6.85383743 -5.34384304 -4.31662760 -3.44650229 -2.38761869 -2.13812873 -1.78319215 -1.43871169 -1.39084322 -1.34092924 
2.00181148 10.12898891 -4.97307427 2.72473853 -1.69482896 0.81405335 -0.90058085 0.59061198 -0.34837282 0.06462067 -0.28933386 -0.23622205 -0.68951151 
2.82199835 12.11263912 -6.99377168 4.51345284 -3.16958556 1.98902091 -1.81356607 1.28837088 -0.87558106 0.46433109 -0.59242988 -0.00466631 -0.86426913 
2.61630761 8.06955613 -3.24794061 1.45516955 -0.81867129 0.21750538 -0.49916856 0.32127934 -0.16800757 -0.06267944 -0.19700156 -0.30768226 -0.63595852 
1.24206995 -12.11420332 -6.12160825 -3.75757822 -2.47359176 -1.76893992 -1.25381356 -0.53490653 -0.59622089 -0.51667792 -0.41339834 -0.57226519 -0.69843119 
