9.63013910 0.44894013 -0.12263816 -0.01013768 -0.12540576 -0.18884000 -0.26244418 0.17464840 -0.09191582 -0.13427233 -0.14696467 -0.36791691 -0.58984840 
3.50420051 14.29468365 -9.63125883 7.26513998 -5.83196166 4.45502075 -4.02738180 3.23027964 -2.54813798 1.88591745 -1.78500849 0.98393382 -1.67124093 
3.32035479 15.60999040 -11.43672330 9.39054849 -8.14132701 6.84244765 -6.40824168 5.53916935 -4.73587069 3.91776822 -3.63662521 2.64045763 -3.12474762 
3.13120727 13.80593936 -9.00206970 6.56903454 -5.12016913 3.76114844 -3.37392991 2.63089334 -2.00999501 1.41111222 -1.37298186 0.63197684 -1.37581253 
3.12429908 13.87361511 -9.08785456 6.66252854 -5.21437236 3.85168128 -3.45801160 2.70698138 -2.07741860 1.46986606 -1.42336936 0.67454510 -1.41116618 
3.30889344 15.60999040 -11.43672330 9.39054849 -8.14132701 6.84244765 -6.40824168 5.53916935 -4.73587069 3.91776822 -3.63662521 2.64045763 -3.12474762 
3.11867538 13.78994303 -8.98185561 6.54706956 -5.09810191 3.74000031 -3.35434209 2.61321435 -1.99436890 1.39752787 -1.36135805 0.62217734 -1.36769015 
2.26693697 4.88506598 -1.32018200 0.38955696 -0.25439588 -0.10264980 -0.31237884 0.20840743 -0.10158549 -0.11337227 -0.15834206 -0.34502612 -0.60668005 
0.13536540 -14.11760748 -8.37391808 -5.94631857 -4.44558826 -3.46960490 -2.67510443 -1.70194626 -1.54089291 -1.27218251 -1.00909124 -1.03566677 -1.05251888 
-0.82049683 1.94253463 -0.33282871 0.04283606 -0.13523872 -0.17230017 -0.27172882 0.18203654 -0.09167806 -0.12864644 -0.14832239 -0.36168106 -0.59404807 
1.32827770 -0.92823821 -0.10233058 -0.03592102 -0.12583660 -0.20207740 -0.25728543 0.16896991 -0.09404988 -0.13951090 -0.14740550 -0.37306228 -0.58689099 
2.99386432 8.42479195 -3.51858962 1.63673354 -0.93290811 0.28939499 -0.54427194 0.34977918 -0.18602832 -0.05005099 -0.20623702 -0.30010512 -0.64175346 
3.82934472 12.69388786 -7.65341267 5.15974900 -3.75659584 2.50000651 -2.24487724 1.64437088 -1.16444692 0.69652940 -0.77728431 0.14148023 -0.97822856 
3.97120592 14.78469228 -10.28472225 8.01305066 -6.62239114 5.25038820 -4.79981806 3.96020565 -3.22253768 2.49728738 -2.32934941 1.46025909 -2.08038545 
3.84656728 15.60480974 -11.42929303 9.38143460 -8.13103102 6.83140638 -6.39684167 5.52774468 -4.72470480 3.90709372 -3.62663114 2.63128915 -3.11651116 
4.15198932 13.19864550 -8.25138021 5.77035082 -4.33399478 3.02223653 -2.70224015 2.03547181 -1.49268935 0.96852389 -0.99986848 0.32168211 -1.12193542 
4.61628274 13.78324087 -8.97339340 6.53788183 -5.08887870 3.73116796 -3.34616742 2.60584157 -1.98785673 1.39187024 -1.35651990 0.61810082 -1.36431312 
4.73274557 15.25224170 -10.92947829 8.77504323 -7.45309673 6.11154367 -5.66055426 4.79644479 -4.01601806 3.23498472 -3.00207596 2.06234492 -2.60877646 
4.20324340 9.17100103 -4.12361758 2.06711168 -1.21950601 0.47822861 -0.66747056 0.43015039 -0.23842886 -0.01341427 -0.23277398 -0.27919250 -0.65753443 
3.00446421 10.91010864 -5.72647076 3.35637991 -2.18788815 1.18699787 -1.17613747 0.79128554 -0.49316895 0.17052724 -0.36741407 -0.17742284 -0.73323293 
1.88130049 6.78162979 -2.36042205 0.91146472 -0.50456918 0.03156769 -0.38790381 0.25331336 -0.12663316 -0.09247297 -0.17468431 -0.32742655 -0.62059149 
0.45248709 15.08324274 -10.69403539 8.49408615 -7.14395294 5.78823255 -5.33466298 4.47726566 -3.71082460 2.94918825 -2.73966784 1.82598664 -2.40009190 
2.20006710 5.07064479 -1.40797734 0.42810158 -0.27058768 -0.09426256 -0.31705552 0.21123052 -0.10302906 -0.11194890 -0.15945248 -0.34364772 -0.60776493 
3.28192035 11.67870125 -6.52137056 4.06880556 -2.78124452 1.66326442 -1.54821663 1.07668025 -0.70927393 0.33437060 -0.49150468 -0.08288359 -0.80441388 
3.77050852 14.43298089 -9.81338382 7.47106705 -6.04702022 4.66894468 -4.23281761 3.42230026 -2.72368416 2.04346114 -1.92393673 1.10440209 -1.77381876 
3.92410606 15.60519568 -11.42984646 9.38211334 -8.13179768 6.83222843 -6.39769033 5.52859508 -4.72553584 3.90788810 -3.62737481 2.63197132 -3.11712393 
3.80110545 14.61330057 -10.05356900 7.74563333 -6.33683268 4.96019691 -4.51530642 3.68889258 -2.96967197 2.26616828 -2.12197201 1.27747529 -1.92229833 
3.49378585 14.28435599 -9.61773079 7.24992257 -5.81614906 4.43936744 -4.01242000 3.21635834 -2.53546679 1.87459289 -1.77506141 0.97534042 -1.66394970 
3.11867538 13.78994303 -8.98185561 6.54706956 -5.09810191 3.74000031 -3.35434209 2.61321435 -1.99436890 1.39752787 -1.36135805 0.62217734 -1.36769015 
3.11171999 13.85803561 -9.06806820 6.64092409 -5.19256472 3.83068699 -3.43848054 2.68927842 -2.06170701 1.45615465 -1.41159414 0.66458439 -1.40288348 
3.10606535 13.77373426 -8.96139747 6.52486494 -5.07581894 3.71866843 -3.33460472 2.59541841 -1.97865475 1.38387946 -1.34968951 0.61234799 -1.35954926 
3.09906214 13.84224720 -9.04803970 6.61907965 -5.17053881 3.80950473 -3.41879461 2.67145260 -2.04590134 1.44237341 -1.39976886 0.65458915 -1.39457826 
3.09337623 13.75730916 -8.94069136 6.50241738 -5.05331779 3.69715120 -3.31471696 2.57750526 -1.96285273 1.37016747 -1.33797683 0.60248945 -1.35139052 
3.08632453 13.82624603 -9.02776513 6.59699183 -5.14829206 3.78813278 -3.39895281 2.65350353 -2.03000165 1.42852270 -1.38789408 0.64455999 -1.38625116 
3.08060703 13.74066377 -8.91973326 6.47972350 -5.03059597 3.67544702 -3.29467798 2.55947468 -1.94696306 1.35639237 -1.32622067 0.59260243 -1.34321462 
2.83318960 15.60642053 -11.43160301 9.38426770 -8.13423125 6.83483793 -6.40038439 5.53129475 -4.72817416 3.91041014 -3.62973593 2.63413726 -3.11906958 
2.57784205 12.88395294 -7.87582268 5.38415599 -3.96631445 2.68755020 -2.40732319 1.78180288 -1.27860632 0.79023354 -0.85329778 0.20254324 -1.02656485 
2.54962597 13.14519020 -8.18694173 5.70344466 -4.26969603 2.96318329 -2.64975485 1.98995323 -1.45397021 0.93604482 -0.97298996 0.29970450 -1.10424336 
2.77399990 15.60620312 -11.43129121 9.38388527 -8.13379925 6.83437468 -6.39990611 5.53081547 -4.72770576 3.90996237 -3.62931672 2.63375270 -3.11872413 
2.75892466 15.60614566 -11.43120881 9.38378421 -8.13368508 6.83425226 -6.39977973 5.53068881 -4.72758199 3.90984405 -3.62920595 2.63365108 -3.11863284 
2.74373493 15.60608689 -11.43112452 9.38368083 -8.13356830 6.83412704 -6.39965044 5.53055926 -4.72745537 3.90972302 -3.62909263 2.63354714 -3.11853946 
2.72842896 15.60602676 -11.43103829 9.38357507 -8.13344883 6.83399893 -6.39951818 5.53042672 -4.72732584 3.90959919 -3.62897671 2.63344079 -3.11844394 
2.96792609 13.67197864 -8.83352601 6.38666124 -4.93769634 3.58696144 -3.21320742 2.48636577 -1.88270099 1.30081675 -1.27889818 0.55288747 -1.31043903 
2.96190828 13.58023632 -8.71906607 6.26381022 -4.81574794 3.47143267 -3.10739317 2.39189134 -1.80006261 1.22967406 -1.21857949 0.50246547 -1.26898434 
2.69746107 15.60590225 -11.43085974 9.38335608 -8.13320146 6.83373367 -6.39924432 5.53015229 -4.72705764 3.90934282 -3.62873669 2.63322061 -3.11824615 
2.42466225 12.60457007 -7.55003995 5.05655148 -3.66115021 2.41549396 -2.17237150 1.58359191 -1.11440276 0.65577830 -0.74446567 0.11528192 -0.95761391 
2.39392668 12.88211432 -7.87365526 5.38195357 -3.96424194 2.68568464 -2.40569704 1.78041876 -1.27744991 0.78927935 -0.85252002 0.20191583 -1.02606624 
2.63404856 15.60563499 -11.43047646 9.38288599 -8.13267045 6.83316428 -6.39865648 5.52956322 -4.72648197 3.90879251 -3.62822150 2.63274801 -3.11782162 
2.88496333 13.55777349 -8.69116043 6.23398215 -4.78625811 3.44360317 -3.08199937 2.36930123 -1.78037175 1.21277781 -1.20429791 0.49056092 -1.25922346 
2.87872802 13.46152561 -8.57212299 6.10728950 -4.66152560 3.32636477 -2.97543719 2.27485991 -1.69834801 1.14263181 -1.14519359 0.44143625 -1.21905586 
2.60157206 15.60549142 -11.43027057 9.38263349 -8.13238523 6.83285844 -6.39834073 5.52924682 -4.72617276 3.90849694 -3.62794479 2.63249418 -3.11759360 
2.58513389 15.60541697 -11.43016380 9.38250254 -8.13223731 6.83269982 -6.39817698 5.52908273 -4.72601240 3.90834365 -3.62780128 2.63236253 -3.11747535 
2.84217269 13.49684326 -8.61570308 6.15356951 -4.70699097 3.36900969 -3.01412044 2.30907615 -1.72800939 1.16795339 -1.16649415 0.45911348 -1.23348903 
2.83582292 13.39820896 -8.49428378 6.02492398 -4.58089269 3.25098724 -2.90728414 2.21476606 -1.64641094 1.09841816 -1.10809856 0.41072514 -1.19403816 
2.55184660 15.60526240 -11.42994214 9.38223069 -8.13193024 6.83237056 -6.39783706 5.52874211 -4.72567953 3.90802545 -3.62750339 2.63208928 -3.11722989 
2.53499286 15.60518216 -11.42982708 9.38208957 -8.13177084 6.83219965 -6.39766061 5.52856530 -4.72550674 3.90786028 -3.62734876 2.63194744 -3.11710247 
2.51799590 15.60509987 -11.42970907 9.38194484 -8.13160735 6.83202435 -6.39747964 5.52838395 -4.72532952 3.90769088 -3.62719018 2.63180196 -3.11697180 
2.50085325 15.60501544 -11.42958800 9.38179636 -8.13143964 6.83184452 -6.39729398 5.52819792 -4.72514772 3.90751710 -3.62702749 2.63165273 -3.11683775 
2.48356240 15.60492881 -11.42946377 9.38164400 -8.13126754 6.83165999 -6.39710349 5.52800704 -4.72496118 3.90733879 -3.62686056 2.63149960 -3.11670020 
2.75378472 13.36651169 -8.45545609 5.98398075 -4.54094626 3.21376544 -2.87373563 2.18527460 -1.62099697 1.07684224 -1.09004242 0.39581105 -1.18191583 
2.74719371 13.26281020 -8.32907749 5.85137472 -4.41219205 3.09434642 -2.76658229 2.09148544 -1.54050962 1.00877238 -1.03328075 0.34907911 -1.14404928 
2.44852568 15.60474863 -11.42920539 9.38132712 -8.13090962 6.83127621 -6.39670729 5.52761003 -4.72457321 3.90696794 -3.62651338 2.63118114 -3.11641413 
2.72344583 13.32035943 -8.39908833 5.92471078 -4.48327975 3.16017502 -2.82555827 2.14302875 -1.58467907 1.04607752 -1.06434978 0.37462929 -1.16473001 
2.71677053 13.21487508 -8.27099668 5.79077099 -4.35366850 3.04034869 -2.71837532 2.04949665 -1.50464489 0.97857254 -1.00819969 0.32850554 -1.12743696 
2.41286423 15.60455865 -11.42893297 9.38099303 -8.13053225 6.83087159 -6.39628958 5.52719148 -4.72416419 3.90657696 -3.62614737 2.63084540 -3.11611256 
2.69264709 13.27275442 -8.34115310 5.86400173 -4.42441101 3.10564288 -2.77668674 2.10030288 -1.54805448 1.01513600 -1.03857385 0.35342696 -1.14756463 
2.68588546 13.16543704 -8.21131750 5.72872279 -4.29395986 2.98544204 -2.66951593 2.00707285 -1.46851750 0.94823600 -0.98307002 0.30794005 -1.11086797 
2.67707095 13.24838720 -8.31157944 5.83309405 -4.39451761 3.07802003 -2.75199052 2.07876220 -1.52963086 0.99960321 -1.02565899 0.34282211 -1.13899317 
2.90243696 15.60999040 -11.43672330 9.39054849 -8.14132701 6.84244765 -6.40824168 5.53916935 -4.73587069 3.91776822 -3.63662521 2.64045763 -3.12474762 
2.90243696 15.60999040 -11.43672330 9.39054849 -8.14132701 6.84244765 -6.40824168 5.53916935 -4.73587069 3.91776822 -3.63662521 2.64045763 -3.12474762 
2.90243696 15.60999040 -11.43672330 9.39054849 -8.14132701 6.84244765 -6.40824168 5.53916935 -4.73587069 3.91776822 -3.63662521 2.64045763 -3.12474762 
2.67026536 13.14013383 -8.18086012 5.69714382 -4.26365355 2.95764499 -2.64484218 1.98570071 -1.45035949 0.93302109 -0.97049151 0.29766446 -1.10260331 
2.66137459 13.22363241 -8.28159167 5.80181023 -4.36431379 3.05015747 -2.72712073 2.05710436 -1.51113512 0.98403149 -1.01272863 0.33221704 -1.13043115 
2.88830263 15.60999040 -11.43672330 9.39054849 -8.14132701 6.84244765 -6.40824168 5.53916935 -4.73587069 3.91776822 -3.63662521 2.64045763 -3.12474762 
2.88830263 15.60999040 -11.43672330 9.39054849 -8.14132701 6.84244765 -6.40824168 5.53916935 -4.73587069 3.91776822 -3.63662521 2.64045763 -3.12474762 
2.65452451 13.11442970 -8.14998071 5.66518776 -4.23304189 2.92961736 -2.62000619 1.96422345 -1.43214098 0.91777770 -0.95790642 0.28739593 -1.09435383 
2.64555616 13.19848142 -8.25118201 5.77014462 -4.33379624 3.02205385 -2.70207750 2.03533051 -1.49256896 0.96842274 -0.99978466 0.32161349 -1.12188011 
2.63866105 13.08831574 -8.11867144 5.63284910 -4.20212183 2.90135811 -2.59500843 1.94264248 -1.41386388 0.90250787 -0.94531673 0.27713623 -1.08612105 
2.62961379 13.17292536 -8.22034252 5.73809150 -4.30296166 2.99370788 -2.67686106 2.01344185 -1.47393417 0.95277896 -0.98682904 0.31101324 -1.11334158 
2.62267308 13.06178279 -8.08692428 5.60012226 -4.17089035 2.87286630 -2.56984943 1.92095927 -1.39553017 0.88721372 -0.93272447 0.26688717 -1.07790651 
2.61354555 13.14695510 -8.18906503 5.70564506 -4.27180672 2.96511833 -2.65147169 1.99143969 -1.45523259 0.93710219 -0.97386380 0.30041812 -1.10481715 
2.84529022 15.60999040 -11.43672330 9.39054849 -8.14132701 6.84244765 -6.40824168 5.53916935 -4.73587069 3.91776822 -3.63662521 2.64045763 -3.12474762 
2.60655870 13.03482140 -8.05473102 5.56700160 -4.13934442 2.84414103 -2.54452982 1.89917541 -1.37714192 0.87189745 -0.92013173 0.25665059 -1.06971179 
2.59734948 13.12056122 -8.15734121 5.67279937 -4.24032810 2.93628400 -2.62590979 1.96932543 -1.43646621 0.92139458 -0.96089101 0.28983001 -1.09630844 
2.83074470 15.60999040 -11.43672330 9.39054849 -8.14132701 6.84244765 -6.40824168 5.53916935 -4.73587069 3.91776822 -3.63662521 2.64045763 -3.12474762 
2.83074470 15.60999040 -11.43672330 9.39054849 -8.14132701 6.84244765 -6.40824168 5.53916935 -4.73587069 3.91776822 -3.63662521 2.64045763 -3.12474762 
2.83074470 15.60999040 -11.43672330 9.39054849 -8.14132701 6.84244765 -6.40824168 5.53916935 -4.73587069 3.91776822 -3.63662521 2.64045763 -3.12474762 
2.59031590 13.00742186 -8.02208327 5.53348136 -4.10748104 2.81518148 -2.51905032 1.87729259 -1.35870130 0.85656133 -0.90754067 0.24642840 -1.06153848 
2.58102357 13.09373404 -8.12516252 5.63954845 -4.20852248 2.90720376 -2.60017582 1.94710058 -1.41763706 0.90565835 -0.94791282 0.27925083 -1.08781709 
2.81609262 15.60999040 -11.43672330 9.39054849 -8.14132701 6.84244765 -6.40824168 5.53916935 -4.73587069 3.91776822 -3.63662521 2.64045763 -3.12474762 
2.81609262 15.60999040 -11.43672330 9.39054849 -8.14132701 6.84244765 -6.40824168 5.53916935 -4.73587069 3.91776822 -3.63662521 2.64045763 -3.12474762 
3.05914433 13.71242079 -8.88423194 6.44134365 -4.99222909 3.63885361 -3.26094141 2.52916222 -1.92028615 1.33329508 -1.30653227 0.57606273 -1.32955195 
3.06491525 13.79909387 -8.99341632 6.55962856 -5.11071636 3.75208660 -3.36553417 2.62331359 -2.00329356 1.40528489 -1.36799434 0.62777113 -1.37232584 
2.83074470 15.60999040 -11.43672330 9.39054849 -8.14132701 6.84244765 -6.40824168 5.53916935 -4.73587069 3.91776822 -3.63662521 2.64045763 -3.12474762 
2.83074470 15.60999040 -11.43672330 9.39054849 -8.14132701 6.84244765 -6.40824168 5.53916935 -4.73587069 3.91776822 -3.63662521 2.64045763 -3.12474762 
2.83074470 15.60999040 -11.43672330 9.39054849 -8.14132701 6.84244765 -6.40824168 5.53916935 -4.73587069 3.91776822 -3.63662521 2.64045763 -3.12474762 
2.83074470 15.60999040 -11.43672330 9.39054849 -8.14132701 6.84244765 -6.40824168 5.53916935 -4.73587069 3.91776822 -3.63662521 2.64045763 -3.12474762 
2.83074470 15.60999040 -11.43672330 9.39054849 -8.14132701 6.84244765 -6.40824168 5.53916935 -4.73587069 3.91776822 -3.63662521 2.64045763 -3.12474762 
2.83074470 15.60999040 -11.43672330 9.39054849 -8.14132701 6.84244765 -6.40824168 5.53916935 -4.73587069 3.91776822 -3.63662521 2.64045763 -3.12474762 
2.83074470 15.60999040 -11.43672330 9.39054849 -8.14132701 6.84244765 -6.40824168 5.53916935 -4.73587069 3.91776822 -3.63662521 2.64045763 -3.12474762 
2.83074470 15.60999040 -11.43672330 9.39054849 -8.14132701 6.84244765 -6.40824168 5.53916935 -4.73587069 3.91776822 -3.63662521 2.64045763 -3.12474762 
2.83074470 15.60999040 -11.43672330 9.39054849 -8.14132701 6.84244765 -6.40824168 5.53916935 -4.73587069 3.91776822 -3.63662521 2.64045763 -3.12474762 
2.83074470 15.60999040 -11.43672330 9.39054849 -8.14132701 6.84244765 -6.40824168 5.53916935 -4.73587069 3.91776822 -3.63662521 2.64045763 -3.12474762 
2.83074470 15.60999040 -11.43672330 9.39054849 -8.14132701 6.84244765 -6.40824168 5.53916935 -4.73587069 3.91776822 -3.63662521 2.64045763 -3.12474762 
3.07204925 13.72944244 -8.90561917 6.46445571 -5.01532426 3.66087292 -3.28123424 2.54738895 -1.93632136 1.34717417 -1.31835940 0.58599561 -1.33775485 
3.07778800 13.81545844 -9.01411004 6.58212971 -5.13333694 3.77377857 -3.38563788 2.64146884 -2.01934969 1.41925049 -1.37995034 0.63785536 -1.38068793 
3.08487239 13.74623696 -8.92674754 6.48731570 -5.03819458 3.68270262 -3.30137449 2.56549793 -1.95226934 1.36099105 -1.33014418 0.59590122 -1.34594179 
3.09057932 13.83160363 -9.03455091 6.60438169 -5.15573234 3.79527795 -3.40558412 2.65950027 -2.03531199 1.43314729 -1.39185780 0.64790677 -1.38902925 
3.09761479 13.76280847 -8.94762120 6.50992710 -5.06084257 3.70434430 -3.32136298 2.58348935 -1.96812982 1.37474517 -1.34188592 0.60577883 -1.35411204 
3.10329023 13.84753345 -9.05474301 6.62638801 -5.17790519 3.81658647 -3.42537386 2.67740821 -2.05118034 1.44697489 -1.40371615 0.65792469 -1.39734913 
2.87406769 15.60999040 -11.43672330 9.39054849 -8.14132701 6.84244765 -6.40824168 5.53916935 -4.73587069 3.91776822 -3.63662521 2.64045763 -3.12474762 
3.11027743 13.77916102 -8.96824421 6.53229331 -5.08327072 3.72579957 -3.34120051 2.60136340 -1.98390257 1.38843602 -1.35358396 0.61562771 -1.36226490 
3.11592173 13.86325180 -9.07469036 6.64815208 -5.19985806 3.83770589 -3.44500806 2.69519304 -2.06695466 1.46073290 -1.41552480 0.66790850 -1.40564691 
3.12286131 13.79529855 -8.98862056 6.55441769 -5.10548150 3.74707002 -3.36088794 2.61912033 -1.99958739 1.40206312 -1.36523766 0.62544719 -1.37039970 
3.12847477 13.87876250 -9.09439687 6.66967727 -5.22159351 3.85863790 -3.46448771 2.71285513 -2.08263489 1.47442095 -1.42728323 0.67785756 -1.41392197 
3.13536737 13.81122492 -9.00875417 6.57630352 -5.12747735 3.76815725 -3.38042610 2.63676040 -2.01518411 1.41562603 -1.37684642 0.63523659 -1.37851576 
3.14095034 13.89406928 -9.11386640 6.69096690 -5.24311407 3.87938425 -3.48381380 2.73039490 -2.09822098 1.48803871 -1.43899093 0.68777130 -1.42217370 
3.14779658 13.82694387 -9.02864885 6.59795406 -5.14926070 3.78906285 -3.39981587 2.65428388 -2.03069259 1.42912433 -1.38840967 0.64499528 -1.38661245 
3.15334936 13.90917577 -9.13310270 6.71202424 -5.26442224 3.89994663 -3.50298735 2.74781276 -2.11371293 1.50158589 -1.45064742 0.69764915 -1.43040151 
3.16014984 13.84245910 -9.04830836 6.61937251 -5.17083393 3.80978840 -3.41905811 2.67169108 -2.04611270 1.44255762 -1.39992686 0.65472264 -1.39468914 
3.16567276 13.92408554 -9.15210948 6.73285248 -5.28552047 3.92032675 -3.52200936 2.76510917 -2.12911075 1.51506221 -1.46225224 0.70749056 -1.43860484 
3.17242809 13.85777420 -9.06773638 6.64056200 -5.19219942 3.83033550 -3.43815372 2.68898233 -2.06144435 1.45592554 -1.41139746 0.66441809 -1.40274524 
3.36369921 15.60788925 -11.43370946 9.38685140 -8.13715003 6.83796794 -6.40361605 5.53453337 -4.73133939 3.91343604 -3.63256892 2.63673619 -3.12140430 
3.37485157 15.60791254 -11.43374286 9.38689237 -8.13719631 6.83801758 -6.40366730 5.53458473 -4.73138959 3.91348403 -3.63261385 2.63677742 -3.12144133 
3.38594208 15.60793544 -11.43377571 9.38693267 -8.13724183 6.83806640 -6.40371771 5.53463524 -4.73143896 3.91353123 -3.63265804 2.63681796 -3.12147775 
3.57981234 14.25017393 -9.57302807 7.19971505 -5.76405616 4.38787376 -3.96327010 3.17068846 -2.49395227 1.83753614 -1.74255021 0.94728449 -1.64017009 
3.59353494 14.43829583 -9.82041923 7.47906131 -6.05540913 4.67732786 -4.24090414 3.42989137 -2.73065282 2.04973971 -1.92949403 1.10923781 -1.77795008 
3.42969920 15.60802336 -11.43390182 9.38708736 -8.13741659 6.83825381 -6.40391122 5.53482918 -4.73162851 3.91371244 -3.63282771 2.63697361 -3.12161758 
3.44049051 15.60804446 -11.43393208 9.38712448 -8.13745853 6.83829879 -6.40395766 5.53487572 -4.73167399 3.91375593 -3.63286842 2.63701096 -3.12165114 
3.62920577 14.29958842 -9.63768705 7.27237477 -5.83948329 4.46247029 -4.03450566 3.23691116 -2.55417670 1.89131669 -1.78975289 0.98803410 -1.67472115 
3.64262625 14.48180124 -9.87810809 7.54472274 -6.12442453 4.74640442 -4.30763790 3.49262898 -2.78832786 2.10177327 -1.97560889 1.14941316 -1.81231273 
3.65827076 14.32798108 -9.67494323 7.31435406 -5.88317602 4.50579107 -4.07597599 3.27555462 -2.58940022 1.92283931 -1.81747666 1.01201378 -1.69509059 
3.67151615 14.50677981 -9.91131111 7.58260322 -6.16433086 4.78643378 -4.34639188 3.52913721 -2.82195653 2.13216943 -2.00259551 1.17296332 -1.83248779 
3.68692223 14.35548032 -9.71109975 7.35517317 -5.92574126 4.54807042 -4.11652051 3.31339961 -2.62395243 1.95380909 -1.84475426 1.03564012 -1.71518641 
3.84656728 15.60480974 -11.42929303 9.38143460 -8.13103102 6.83140638 -6.39684167 5.52774468 -4.72470480 3.90709372 -3.62663114 2.63128915 -3.11651116 
4.00928448 14.58773351 -10.01932615 7.70628226 -6.29508413 4.91803527 -4.47421959 3.64994062 -2.93357275 2.23334986 -2.09267445 1.25177597 -1.90017314 
4.02805766 14.82221156 -10.33569616 8.07243657 -6.68623759 5.31569403 -4.86424942 4.02202137 -3.28048647 2.55054502 -2.37738641 1.50280790 -2.11735809 
3.90713314 15.60511373 -11.42972894 9.38196922 -8.13163489 6.83205388 -6.39751012 5.52841450 -4.72535937 3.90771941 -3.62721689 2.63182646 -3.11699381 
3.92410606 15.60519568 -11.42984646 9.38211334 -8.13179768 6.83222843 -6.39769033 5.52859508 -4.72553584 3.90788810 -3.62737481 2.63197132 -3.11712393 
3.94093616 15.60527558 -11.42996104 9.38225386 -8.13195642 6.83239863 -6.39786604 5.52877115 -4.72570791 3.90805258 -3.62752879 2.63211257 -3.11725081 
3.81895469 14.62728246 -10.07232165 7.76721241 -6.35975635 4.98337641 -4.53792244 3.71035862 -2.98958833 2.28429395 -2.13816953 1.29169706 -1.93455339 
3.83320177 14.48850977 -9.88701966 7.55488336 -6.13512202 4.75712862 -4.31801452 3.50239892 -2.79732245 2.10989920 -1.98281990 1.15570311 -1.81769892 
4.11930321 14.67313961 -10.13395599 7.83828053 -6.43540165 5.06001095 -4.61283130 3.78158462 -3.05578524 2.34463655 -2.19217602 1.33918461 -1.97553056 
4.25681623 15.60226277 -11.42564098 9.37695608 -8.12597274 6.82598309 -6.39124330 5.52213528 -4.71922345 3.90185448 -3.62172665 2.62679050 -3.11247039 
4.27816814 15.60242563 -11.42587448 9.37724240 -8.12629610 6.82632977 -6.39160115 5.52249381 -4.71957378 3.90218932 -3.62204008 2.62707798 -3.11272860 
4.29929451 15.60258339 -11.42610068 9.37751978 -8.12660937 6.82666562 -6.39194783 5.52284115 -4.71991318 3.90251371 -3.62234373 2.62735649 -3.11297875 
4.20426925 14.92943650 -10.48210985 8.24383891 -6.87137923 5.50592079 -5.05274667 4.20362646 -3.45141875 2.70824149 -2.52014194 1.62968751 -2.22797014 
4.22360927 14.74853893 -10.23573062 7.95611499 -6.56132528 5.18806981 -4.73847052 3.90147453 -3.16759379 2.44688985 -2.28397633 1.42013998 -2.04558209 
4.35456424 15.60298078 -11.42667046 9.37821847 -8.12739848 6.82751163 -6.39282112 5.52371613 -4.72076815 3.90333089 -3.62310868 2.62805812 -3.11360895 
4.37490288 15.60312160 -11.42687237 9.37846607 -8.12767812 6.82781145 -6.39313060 5.52402622 -4.72107115 3.90362050 -3.62337978 2.62830678 -3.11383230 
4.39503676 15.60325822 -11.42706826 9.37870629 -8.12794943 6.82810233 -6.39343087 5.52432707 -4.72136513 3.90390149 -3.62364281 2.62854805 -3.11404901 
4.52544425 14.90637741 -10.45053091 8.20676699 -6.83122755 5.46455962 -5.01165933 4.16394641 -3.41398470 2.67363083 -2.48874575 1.60172865 -2.20355087 
4.54608643 15.13091533 -10.76017754 8.57270427 -7.23013017 5.87803155 -5.42486141 4.56530844 -3.79473736 3.02752695 -2.81138642 1.89040834 -2.45682258 
4.56869725 14.93140504 -10.48480808 8.24700910 -6.87481554 5.50946333 -5.05626836 4.20702996 -3.45463181 2.71121414 -2.52284016 1.63209171 -2.23007113 
4.78222938 15.01704642 -10.60255013 8.38574771 -7.02562236 5.66535057 -5.21164110 4.35756420 -3.59708435 2.84330838 -2.64299937 1.73937618 -2.32400722 
4.89297817 15.59864129 -11.42044924 9.37059062 -8.11878453 6.81827747 -6.38329019 5.51416771 -4.71143890 3.89441479 -3.61476320 2.62040403 -3.10673460 
5.00489597 15.09784857 -10.71427703 8.51811994 -7.17027022 5.81562861 -5.36215455 4.50407550 -3.73635427 2.97300214 -2.76145204 1.84553983 -2.41729851 
5.03069399 15.33750818 -11.04929081 8.91918564 -7.61294555 6.27997003 -5.83154571 4.96506864 -4.17831450 3.38791130 -3.14331349 2.19026499 -2.72231064 
4.97458413 15.59952771 -11.42171990 9.37214842 -8.12054354 6.82016295 -6.38523609 5.51611701 -4.71334330 3.89623472 -3.61646654 2.62196614 -3.10813749 
4.83452690 14.33281722 -9.68129671 7.32152123 -5.89064408 4.51320352 -4.08307923 3.28218034 -2.59544544 1.92825434 -1.82224327 1.01614003 -1.69859837 
4.66334534 15.60483990 -11.42933627 9.38148764 -8.13109092 6.83147061 -6.39690798 5.52781113 -4.72476974 3.90715579 -3.62668924 2.63134245 -3.11655904 
4.58400996 15.11853801 -10.74298425 8.55224449 -7.20767841 5.85461151 -5.40131329 4.54230067 -3.77278839 3.00701787 -2.79259478 1.87351532 -2.44193523 
4.49382070 15.60727629 -11.43283032 9.38577306 -8.13593180 6.83666152 -6.40226717 5.53318156 -4.73001819 3.91217297 -3.63138635 2.63565131 -3.12042969 
4.40107124 15.00127946 -10.58082100 8.36008479 -6.99766522 5.63639022 -5.18271725 4.32948591 -3.57046338 2.81857907 -2.62046636 1.71922548 -2.30633697 
4.29459436 15.60916179 -11.43553471 9.38909039 -8.13967958 6.84068077 -6.40641718 5.53734071 -4.73408328 3.91605932 -3.63502509 2.63898956 -3.12342869 
4.41816071 14.90986903 -10.45530936 8.21237299 -6.83729545 5.47080655 -5.01786129 4.16993259 -3.41962902 2.67884678 -2.49347497 1.60593818 -2.20722588 
4.42749059 15.01484764 -10.59951848 8.38216562 -7.02171836 5.66130481 -5.20759884 4.35363861 -3.59336114 2.83984854 -2.63984578 1.73655512 -2.32153269 
4.32248548 15.60918458 -11.43556739 9.38913048 -8.13972488 6.84072935 -6.40646735 5.53739099 -4.73413243 3.91610630 -3.63506908 2.63902993 -3.12346495 
4.32939791 15.60919013 -11.43557535 9.38914025 -8.13973591 6.84074118 -6.40647957 5.53740323 -4.73414440 3.91611774 -3.63507980 2.63903976 -3.12347378 
4.10894985 13.27169047 -8.33986066 5.86264984 -4.42310239 3.10443268 -2.77560393 2.09935772 -1.54724551 1.01445351 -1.03800604 0.35296045 -1.14718736 
3.66786661 14.33724487 -9.68711546 7.32808730 -5.89748793 4.51999846 -4.08959260 3.28825756 -2.60099171 1.93322372 -1.82661866 1.01992849 -1.70181969 
3.13779593 11.10528244 -5.92327704 3.52847849 -2.32778840 1.29676849 -1.26005116 0.85433696 -0.53999290 0.20548333 -0.39356463 -0.15764173 -0.74802286 
1.92107122 2.42859354 -0.44346757 0.07275400 -0.14276840 -0.16563529 -0.27579909 0.18495487 -0.09216861 -0.12668073 -0.14921865 -0.35941942 -0.59567629 
0.44321752 -5.93118569 -1.43018972 -0.49270890 -0.28289947 -0.29536835 -0.27903141 0.13774580 -0.11992812 -0.16927786 -0.16458337 -0.39373441 -0.58406552 
0.62579147 9.85869368 -4.72510258 2.52659825 -1.54725618 0.70707103 -0.82459689 0.53724709 -0.31113852 0.03796334 -0.26994297 -0.25084852 -0.67865547 
1.48534408 -6.34075658 -1.63638153 -0.58827932 -0.32531069 -0.31620395 -0.28816343 0.13168583 -0.12459387 -0.17349154 -0.16762810 -0.39619773 -0.58470466 
3.27445948 7.33337647 -2.72266316 1.12340530 -0.62157426 0.09866143 -0.42710000 0.27687743 -0.14067343 -0.08212291 -0.18255728 -0.32013396 -0.62631379 
3.95410528 14.63612688 -10.08419346 7.78088416 -6.37429090 4.99808379 -4.55228233 3.72399754 -3.00225086 2.29582508 -2.14848005 1.30075491 -1.94236275 
4.08764137 15.60897134 -11.43526152 9.38875527 -8.13930095 6.84027470 -6.40599788 5.53692047 -4.73367253 3.91566661 -3.63465739 2.63865222 -3.12312561 
3.96624302 14.69125070 -10.15835322 7.86647295 -6.46547286 5.09053687 -4.64272808 3.81006511 -3.08230276 2.36885045 -2.21388273 1.35830050 -1.99204989 
3.82298365 15.60999040 -11.43672330 9.39054849 -8.14132701 6.84244765 -6.40824168 5.53916935 -4.73587069 3.91776822 -3.63662521 2.64045763 -3.12474762 
3.82298365 15.60999040 -11.43672330 9.39054849 -8.14132701 6.84244765 -6.40824168 5.53916935 -4.73587069 3.91776822 -3.63662521 2.64045763 -3.12474762 
3.82298365 15.60999040 -11.43672330 9.39054849 -8.14132701 6.84244765 -6.40824168 5.53916935 -4.73587069 3.91776822 -3.63662521 2.64045763 -3.12474762 
3.97064655 14.64884272 -10.10127487 7.80056972 -6.39523365 5.01929003 -4.57300119 3.74368872 -3.02054360 2.31249305 -2.16339189 1.31386186 -1.95366871 
4.10315529 15.60898702 -11.43528402 9.38878286 -8.13933213 6.84030813 -6.40603241 5.53695507 -4.73370635 3.91569894 -3.63468767 2.63867999 -3.12315057 
3.73756621 10.75380893 -5.57133519 3.22275857 -2.08085387 1.10414263 -1.11359925 0.74484850 -0.45906114 0.14527302 -0.34863767 -0.19158780 -0.72267206 
2.57645743 6.34120209 -2.09057045 0.76315344 -0.42743924 -0.01112281 -0.36353630 0.23883385 -0.11822799 -0.09894278 -0.16967435 -0.33236427 -0.61669199 
0.54112274 5.96929082 -1.87603210 0.65141787 -0.37223180 -0.04091088 -0.34677400 0.22891311 -0.11260468 -0.10347774 -0.16612222 -0.33606068 -0.61376524 
1.80034710 2.97349377 -0.59216836 0.11680365 -0.15524618 -0.15677893 -0.28120170 0.18867811 -0.09313149 -0.12431456 -0.15052556 -0.35670327 -0.59768207 
3.49166049 8.14902504 -3.30751477 1.49453216 -0.84307603 0.23268781 -0.50860385 0.32719716 -0.17172172 -0.06007025 -0.19891658 -0.30609206 -0.63717899 
4.51902650 11.20557796 -6.02574626 3.61921450 -2.40245259 1.35601333 -1.30582161 0.88906906 -0.56602404 0.22505415 -0.40828527 -0.14647564 -0.75639477 
5.30628198 11.91172184 -6.77292010 4.30365084 -2.98471095 1.83264772 -1.68518282 1.18518515 -0.79394970 0.40016210 -0.54234496 -0.04363045 -0.83434544 
5.22104988 10.34740884 -5.17823093 2.89238066 -1.82242500 0.90835823 -0.96876025 0.63927127 -0.38282851 0.08950467 -0.30752506 -0.22253218 -0.69967005 
4.60026065 -16.47033535 -11.48954195 -9.49180537 -8.17420213 -7.20498046 -6.28987980 -5.11229061 -4.69039443 -4.12608605 -3.54839674 -3.25537460 -2.95744092 
6.48076492 5.06064746 -1.40317044 0.42596262 -0.26967765 -0.09473415 -0.31679289 0.21107247 -0.10294739 -0.11202793 -0.15939064 -0.34372340 -0.60770530 
7.43987861 12.72854062 -7.69371531 5.20017368 -3.79415647 2.53341046 -2.27365659 1.66859346 -1.18446851 0.71288992 -0.79050182 0.15206021 -0.98657510 
7.62400198 15.25973555 -10.93998088 8.78764727 -7.46704089 6.12620269 -5.67540404 4.81105828 -4.03005504 3.24818624 -3.01424656 2.07334933 -2.61852769 
7.02381053 7.56845188 -2.88517804 1.22304867 -0.67908422 0.13261585 -0.44735535 0.28921274 -0.14816439 -0.07673324 -0.18659873 -0.31655221 -0.62910468 
6.51849999 -10.96141412 -4.98939566 -2.79218824 -1.70904916 -1.18659332 -0.82331383 -0.21850436 -0.36428550 -0.34649821 -0.28970338 -0.48308342 -0.63606648 
