9.80487966 -0.03704531 -0.09646611 -0.01988846 -0.12481568 -0.19359434 -0.26027778 0.17257433 -0.09247545 -0.13608103 -0.14694041 -0.36977788 -0.58871131 
2.06481973 8.29354798 -3.41729258 1.56796093 -0.88914172 0.26160833 -0.52671173 0.33862034 -0.17893302 -0.05501512 -0.20261596 -0.30304976 -0.63950744 
2.81470998 13.54730652 -8.67817332 6.22011689 -4.77256601 3.43069637 -3.07023494 2.35884664 -1.77126810 1.20497352 -1.19770715 0.48507158 -1.25472608 
3.23411986 14.00502167 -9.25564976 6.84670133 -5.40122796 4.03245281 -3.62698797 2.86085125 -2.21459031 1.59007881 -1.52701770 0.76254667 -1.48460261 
3.40975515 15.60999040 -11.43672330 9.39054849 -8.14132701 6.84244765 -6.40824168 5.53916935 -4.73587069 3.91776822 -3.63662521 2.64045763 -3.12474762 
3.59102495 14.32009152 -9.66458310 7.30267224 -5.87100900 4.49371961 -4.06441273 3.26477287 -2.57956676 1.91403405 -1.80972837 1.00530851 -1.68939208 
3.74904618 15.60856086 -11.43467276 9.38803304 -8.13848498 6.83939960 -6.40509428 5.53601486 -4.73278737 3.91482035 -3.63386503 2.63792528 -3.12247254 
3.75824860 15.60857395 -11.43469153 9.38805606 -8.13851100 6.83942750 -6.40512310 5.53604373 -4.73281560 3.91484734 -3.63389030 2.63794846 -3.12249336 
3.76740888 15.60858686 -11.43471005 9.38807878 -8.13853666 6.83945502 -6.40515151 5.53607221 -4.73284343 3.91487395 -3.63391522 2.63797132 -3.12251390 
3.62514813 14.40992371 -9.78289391 7.43645542 -6.01073439 4.63271669 -4.19790243 3.38955216 -2.69364606 2.01641870 -1.90001857 1.08360403 -1.75606207 
3.63042651 14.35797269 -9.71438031 7.35888061 -5.92961120 4.55191809 -4.12021376 3.31685009 -2.62710546 1.95663754 -1.84724747 1.03780120 -1.71702585 
3.48854370 12.13766286 -7.02153531 4.54006407 -3.19323967 2.00919243 -1.83025686 1.30188583 -0.88634823 0.47284644 -0.59911137 0.00055315 -0.86829316 
3.28107545 14.05873482 -9.32470378 6.92299198 -5.47912384 4.10827415 -3.69828316 2.92614570 -2.27312096 1.64164025 -1.57169300 0.80065163 -1.51654020 
3.45300008 15.60999040 -11.43672330 9.39054849 -8.14132701 6.84244765 -6.40824168 5.53916935 -4.73587069 3.91776822 -3.63662521 2.64045763 -3.12474762 
3.27582601 13.98262247 -9.22693328 6.81506053 -5.36900588 4.00116774 -3.59764229 2.83403905 -2.19061035 1.56899954 -1.50879075 0.74702986 -1.47162088 
3.26943856 14.04555873 -9.30773940 6.90422305 -5.45993336 4.08956983 -3.68067263 2.90999720 -2.25862782 1.62885829 -1.56060620 0.79118587 -1.50859888 
3.44227619 15.60999040 -11.43672330 9.39054849 -8.14132701 6.84244765 -6.40824168 5.53916935 -4.73587069 3.91776822 -3.63662521 2.64045763 -3.12474762 
3.44227619 15.60999040 -11.43672330 9.39054849 -8.14132701 6.84244765 -6.40824168 5.53916935 -4.73587069 3.91776822 -3.63662521 2.64045763 -3.12474762 
3.44227619 15.60999040 -11.43672330 9.39054849 -8.14132701 6.84244765 -6.40824168 5.53916935 -4.73587069 3.91776822 -3.63662521 2.64045763 -3.12474762 
3.44227619 15.60999040 -11.43672330 9.39054849 -8.14132701 6.84244765 -6.40824168 5.53916935 -4.73587069 3.91776822 -3.63662521 2.64045763 -3.12474762 
3.44227619 15.60999040 -11.43672330 9.39054849 -8.14132701 6.84244765 -6.40824168 5.53916935 -4.73587069 3.91776822 -3.63662521 2.64045763 -3.12474762 
3.26416206 13.96890297 -9.20936772 6.79573087 -5.34934558 3.98210197 -3.57977916 2.81773642 -2.17604558 1.55620963 -1.49774216 0.73763254 -1.46376562 
3.25773419 14.03221643 -9.29057765 6.88525347 -5.44055536 4.07069924 -3.66292062 2.89373234 -2.24404180 1.61600402 -1.54946455 0.78167956 -1.50062858 
3.43149450 15.60999040 -11.43672330 9.39054849 -8.14132701 6.84244765 -6.40824168 5.53916935 -4.73587069 3.91776822 -3.63662521 2.64045763 -3.12474762 
3.43149450 15.60999040 -11.43672330 9.39054849 -8.14132701 6.84244765 -6.40824168 5.53916935 -4.73587069 3.91776822 -3.63662521 2.64045763 -3.12474762 
3.25243035 13.95501127 -9.19159969 6.77619749 -5.32949696 3.96287117 -3.56177740 2.80132140 -2.16139254 1.54335223 -1.48664346 0.72819907 -1.45588534 
3.24596155 14.01870505 -9.27321547 6.86608049 -5.42098764 4.05166077 -3.64502609 2.87735055 -2.22936269 1.60307750 -1.53826830 0.77213304 -1.49262969 
3.42065436 15.60999040 -11.43672330 9.39054849 -8.14132701 6.84244765 -6.40824168 5.53916935 -4.73587069 3.91776822 -3.63662521 2.64045763 -3.12474762 
3.42065436 15.60999040 -11.43672330 9.39054849 -8.14132701 6.84244765 -6.40824168 5.53916935 -4.73587069 3.91776822 -3.63662521 2.64045763 -3.12474762 
3.42065436 15.60999040 -11.43672330 9.39054849 -8.14132701 6.84244765 -6.40824168 5.53916935 -4.73587069 3.91776822 -3.63662521 2.64045763 -3.12474762 
3.24063010 13.94094443 -9.17362609 6.75645765 -5.30945789 3.94347384 -3.54363608 2.78479350 -2.14665113 1.53042751 -1.47549497 0.71872988 -1.44798048 
3.23411986 14.00502167 -9.25564976 6.84670133 -5.40122796 4.03245281 -3.62698797 2.86085125 -2.21459031 1.59007881 -1.52701770 0.76254667 -1.48460261 
3.40975515 15.60999040 -11.43672330 9.39054849 -8.14132701 6.84244765 -6.40824168 5.53916935 -4.73587069 3.91776822 -3.63662521 2.64045763 -3.12474762 
3.40975515 15.60999040 -11.43672330 9.39054849 -8.14132701 6.84244765 -6.40824168 5.53916935 -4.73587069 3.91776822 -3.63662521 2.64045763 -3.12474762 
3.40975515 15.60999040 -11.43672330 9.39054849 -8.14132701 6.84244765 -6.40824168 5.53916935 -4.73587069 3.91776822 -3.63662521 2.64045763 -3.12474762 
3.59102495 14.32009152 -9.66458310 7.30267224 -5.87100900 4.49371961 -4.06441273 3.26477287 -2.57956676 1.91403405 -1.80972837 1.00530851 -1.68939208 
3.59558552 14.38254395 -9.74675333 7.39550046 -5.96787084 4.58999091 -4.15678969 3.35104985 -2.65838169 1.98471526 -1.87201485 1.05928353 -1.73532262 
3.60094785 14.32971781 -9.67722461 7.31692734 -5.88585705 4.50845187 -4.07852555 3.27793256 -2.59156962 1.92478239 -1.81918693 1.01349417 -1.69634900 
3.60548804 14.39177128 -9.75892524 7.40928519 -5.98228918 4.60435449 -4.17060314 3.36397911 -2.67021736 1.99535045 -1.88140446 1.06743450 -1.74227044 
3.43149450 15.60999040 -11.43672330 9.39054849 -8.14132701 6.84244765 -6.40824168 5.53916935 -4.73587069 3.91776822 -3.63662521 2.64045763 -3.12474762 
3.61082210 14.33923909 -9.68973683 7.33104600 -5.90057247 4.52306158 -4.09252939 3.29099823 -2.60349341 1.93546560 -1.82859290 1.02163817 -1.70327365 
3.61534209 14.40089737 -9.77097154 7.42293629 -5.99657654 4.61859601 -4.18430707 3.37681298 -2.68197199 2.00591816 -1.89073898 1.07554132 -1.74918359 
3.44227619 15.60999040 -11.43672330 9.39054849 -8.14132701 6.84244765 -6.40824168 5.53916935 -4.73587069 3.91776822 -3.63662521 2.64045763 -3.12474762 
3.44227619 15.60999040 -11.43672330 9.39054849 -8.14132701 6.84244765 -6.40824168 5.53916935 -4.73587069 3.91776822 -3.63662521 2.64045763 -3.12474762 
3.44227619 15.60999040 -11.43672330 9.39054849 -8.14132701 6.84244765 -6.40824168 5.53916935 -4.73587069 3.91776822 -3.63662521 2.64045763 -3.12474762 
3.44227619 15.60999040 -11.43672330 9.39054849 -8.14132701 6.84244765 -6.40824168 5.53916935 -4.73587069 3.91776822 -3.63662521 2.64045763 -3.12474762 
3.44227619 15.60999040 -11.43672330 9.39054849 -8.14132701 6.84244765 -6.40824168 5.53916935 -4.73587069 3.91776822 -3.63662521 2.64045763 -3.12474762 
3.44227619 15.60999040 -11.43672330 9.39054849 -8.14132701 6.84244765 -6.40824168 5.53916935 -4.73587069 3.91776822 -3.63662521 2.64045763 -3.12474762 
3.26416206 13.96890297 -9.20936772 6.79573087 -5.34934558 3.98210197 -3.57977916 2.81773642 -2.17604558 1.55620963 -1.49774216 0.73763254 -1.46376562 
3.25773419 14.03221643 -9.29057765 6.88525347 -5.44055536 4.07069924 -3.66292062 2.89373234 -2.24404180 1.61600402 -1.54946455 0.78167956 -1.50062858 
3.25243035 13.95501127 -9.19159969 6.77619749 -5.32949696 3.96287117 -3.56177740 2.80132140 -2.16139254 1.54335223 -1.48664346 0.72819907 -1.45588534 
3.02755975 15.60705055 -11.43250656 9.38537594 -8.13548319 6.83618044 -6.40177047 5.53268378 -4.72953169 3.91170789 -3.63095092 2.63525185 -3.12007085 
3.23411986 14.00502167 -9.25564976 6.84670133 -5.40122796 4.03245281 -3.62698797 2.86085125 -2.21459031 1.59007881 -1.52701770 0.76254667 -1.48460261 
3.22876051 13.92669941 -9.15544376 6.73650856 -5.28922619 3.92390843 -3.52535424 2.76815228 -2.13182125 1.51743564 -1.46429702 0.70922539 -1.44005150 
3.22220831 13.99116330 -9.23787734 6.82711317 -5.38127408 4.01307372 -3.60880523 2.84423387 -2.19972447 1.57700805 -1.51571303 0.75292084 -1.47654777 
3.39879622 15.60999040 -11.43672330 9.39054849 -8.14132701 6.84244765 -6.40824168 5.53916935 -4.73587069 3.91776822 -3.63662521 2.64045763 -3.12474762 
3.58105292 14.31035865 -9.65181053 7.28827902 -5.85602685 4.47886363 -4.05019005 3.25151855 -2.56748444 1.90322036 -1.80021715 0.99708121 -1.68240297 
3.58563404 14.37321388 -9.73445409 7.38158043 -5.95332005 4.57550405 -4.14286578 3.33802451 -2.64646452 1.97401233 -1.86257002 1.05108836 -1.72834019 
3.40975515 15.60999040 -11.43672330 9.39054849 -8.14132701 6.84244765 -6.40824168 5.53916935 -4.73587069 3.91776822 -3.63662521 2.64045763 -3.12474762 
3.40975515 15.60999040 -11.43672330 9.39054849 -8.14132701 6.84244765 -6.40824168 5.53916935 -4.73587069 3.91776822 -3.63662521 2.64045763 -3.12474762 
3.40975515 15.60999040 -11.43672330 9.39054849 -8.14132701 6.84244765 -6.40824168 5.53916935 -4.73587069 3.91776822 -3.63662521 2.64045763 -3.12474762 
3.40975515 15.60999040 -11.43672330 9.39054849 -8.14132701 6.84244765 -6.40824168 5.53916935 -4.73587069 3.91776822 -3.63662521 2.64045763 -3.12474762 
3.59102495 14.32009152 -9.66458310 7.30267224 -5.87100900 4.49371961 -4.06441273 3.26477287 -2.57956676 1.91403405 -1.80972837 1.00530851 -1.68939208 
3.59558552 14.38254395 -9.74675333 7.39550046 -5.96787084 4.58999091 -4.15678969 3.35104985 -2.65838169 1.98471526 -1.87201485 1.05928353 -1.73532262 
3.42065436 15.60999040 -11.43672330 9.39054849 -8.14132701 6.84244765 -6.40824168 5.53916935 -4.73587069 3.91776822 -3.63662521 2.64045763 -3.12474762 
3.42065436 15.60999040 -11.43672330 9.39054849 -8.14132701 6.84244765 -6.40824168 5.53916935 -4.73587069 3.91776822 -3.63662521 2.64045763 -3.12474762 
3.42065436 15.60999040 -11.43672330 9.39054849 -8.14132701 6.84244765 -6.40824168 5.53916935 -4.73587069 3.91776822 -3.63662521 2.64045763 -3.12474762 
3.42065436 15.60999040 -11.43672330 9.39054849 -8.14132701 6.84244765 -6.40824168 5.53916935 -4.73587069 3.91776822 -3.63662521 2.64045763 -3.12474762 
3.42065436 15.60999040 -11.43672330 9.39054849 -8.14132701 6.84244765 -6.40824168 5.53916935 -4.73587069 3.91776822 -3.63662521 2.64045763 -3.12474762 
3.42065436 15.60999040 -11.43672330 9.39054849 -8.14132701 6.84244765 -6.40824168 5.53916935 -4.73587069 3.91776822 -3.63662521 2.64045763 -3.12474762 
3.24063010 13.94094443 -9.17362609 6.75645765 -5.30945789 3.94347384 -3.54363608 2.78479350 -2.14665113 1.53042751 -1.47549497 0.71872988 -1.44798048 
3.23411986 14.00502167 -9.25564976 6.84670133 -5.40122796 4.03245281 -3.62698797 2.86085125 -2.21459031 1.59007881 -1.52701770 0.76254667 -1.48460261 
3.40975515 15.60999040 -11.43672330 9.39054849 -8.14132701 6.84244765 -6.40824168 5.53916935 -4.73587069 3.91776822 -3.63662521 2.64045763 -3.12474762 
3.40975515 15.60999040 -11.43672330 9.39054849 -8.14132701 6.84244765 -6.40824168 5.53916935 -4.73587069 3.91776822 -3.63662521 2.64045763 -3.12474762 
3.22876051 13.92669941 -9.15544376 6.73650856 -5.28922619 3.92390843 -3.52535424 2.76815228 -2.13182125 1.51743564 -1.46429702 0.70922539 -1.44005150 
3.22220831 13.99116330 -9.23787734 6.82711317 -5.38127408 4.01307372 -3.60880523 2.84423387 -2.19972447 1.57700805 -1.51571303 0.75292084 -1.47654777 
3.39879622 15.60999040 -11.43672330 9.39054849 -8.14132701 6.84244765 -6.40824168 5.53916935 -4.73587069 3.91776822 -3.63662521 2.64045763 -3.12474762 
3.39879622 15.60999040 -11.43672330 9.39054849 -8.14132701 6.84244765 -6.40824168 5.53916935 -4.73587069 3.91776822 -3.63662521 2.64045763 -3.12474762 
3.39879622 15.60999040 -11.43672330 9.39054849 -8.14132701 6.84244765 -6.40824168 5.53916935 -4.73587069 3.91776822 -3.63662521 2.64045763 -3.12474762 
3.39879622 15.60999040 -11.43672330 9.39054849 -8.14132701 6.84244765 -6.40824168 5.53916935 -4.73587069 3.91776822 -3.63662521 2.64045763 -3.12474762 
3.39879622 15.60999040 -11.43672330 9.39054849 -8.14132701 6.84244765 -6.40824168 5.53916935 -4.73587069 3.91776822 -3.63662521 2.64045763 -3.12474762 
3.58105292 14.31035865 -9.65181053 7.28827902 -5.85602685 4.47886363 -4.05019005 3.25151855 -2.56748444 1.90322036 -1.80021715 0.99708121 -1.68240297 
3.58563404 14.37321388 -9.73445409 7.38158043 -5.95332005 4.57550405 -4.14286578 3.33802451 -2.64646452 1.97401233 -1.86257002 1.05108836 -1.72834019 
3.22876051 13.92669941 -9.15544376 6.73650856 -5.28922619 3.92390843 -3.52535424 2.76815228 -2.13182125 1.51743564 -1.46429702 0.70922539 -1.44005150 
3.22220831 13.99116330 -9.23787734 6.82711317 -5.38127408 4.01307372 -3.60880523 2.84423387 -2.19972447 1.57700805 -1.51571303 0.75292084 -1.47654777 
3.39879622 15.60999040 -11.43672330 9.39054849 -8.14132701 6.84244765 -6.40824168 5.53916935 -4.73587069 3.91776822 -3.63662521 2.64045763 -3.12474762 
3.39879622 15.60999040 -11.43672330 9.39054849 -8.14132701 6.84244765 -6.40824168 5.53916935 -4.73587069 3.91776822 -3.63662521 2.64045763 -3.12474762 
3.39879622 15.60999040 -11.43672330 9.39054849 -8.14132701 6.84244765 -6.40824168 5.53916935 -4.73587069 3.91776822 -3.63662521 2.64045763 -3.12474762 
3.39879622 15.60999040 -11.43672330 9.39054849 -8.14132701 6.84244765 -6.40824168 5.53916935 -4.73587069 3.91776822 -3.63662521 2.64045763 -3.12474762 
3.39879622 15.60999040 -11.43672330 9.39054849 -8.14132701 6.84244765 -6.40824168 5.53916935 -4.73587069 3.91776822 -3.63662521 2.64045763 -3.12474762 
3.39879622 15.60999040 -11.43672330 9.39054849 -8.14132701 6.84244765 -6.40824168 5.53916935 -4.73587069 3.91776822 -3.63662521 2.64045763 -3.12474762 
3.39879622 15.60999040 -11.43672330 9.39054849 -8.14132701 6.84244765 -6.40824168 5.53916935 -4.73587069 3.91776822 -3.63662521 2.64045763 -3.12474762 
3.39879622 15.60999040 -11.43672330 9.39054849 -8.14132701 6.84244765 -6.40824168 5.53916935 -4.73587069 3.91776822 -3.63662521 2.64045763 -3.12474762 
3.39879622 15.60999040 -11.43672330 9.39054849 -8.14132701 6.84244765 -6.40824168 5.53916935 -4.73587069 3.91776822 -3.63662521 2.64045763 -3.12474762 
3.39879622 15.60999040 -11.43672330 9.39054849 -8.14132701 6.84244765 -6.40824168 5.53916935 -4.73587069 3.91776822 -3.63662521 2.64045763 -3.12474762 
3.39879622 15.60999040 -11.43672330 9.39054849 -8.14132701 6.84244765 -6.40824168 5.53916935 -4.73587069 3.91776822 -3.63662521 2.64045763 -3.12474762 
3.39879622 15.60999040 -11.43672330 9.39054849 -8.14132701 6.84244765 -6.40824168 5.53916935 -4.73587069 3.91776822 -3.63662521 2.64045763 -3.12474762 
3.39879622 15.60999040 -11.43672330 9.39054849 -8.14132701 6.84244765 -6.40824168 5.53916935 -4.73587069 3.91776822 -3.63662521 2.64045763 -3.12474762 
3.39879622 15.60999040 -11.43672330 9.39054849 -8.14132701 6.84244765 -6.40824168 5.53916935 -4.73587069 3.91776822 -3.63662521 2.64045763 -3.12474762 
3.39879622 15.60999040 -11.43672330 9.39054849 -8.14132701 6.84244765 -6.40824168 5.53916935 -4.73587069 3.91776822 -3.63662521 2.64045763 -3.12474762 
3.39879622 15.60999040 -11.43672330 9.39054849 -8.14132701 6.84244765 -6.40824168 5.53916935 -4.73587069 3.91776822 -3.63662521 2.64045763 -3.12474762 
3.39879622 15.60999040 -11.43672330 9.39054849 -8.14132701 6.84244765 -6.40824168 5.53916935 -4.73587069 3.91776822 -3.63662521 2.64045763 -3.12474762 
3.39879622 15.60999040 -11.43672330 9.39054849 -8.14132701 6.84244765 -6.40824168 5.53916935 -4.73587069 3.91776822 -3.63662521 2.64045763 -3.12474762 
3.39879622 15.60999040 -11.43672330 9.39054849 -8.14132701 6.84244765 -6.40824168 5.53916935 -4.73587069 3.91776822 -3.63662521 2.64045763 -3.12474762 
3.39879622 15.60999040 -11.43672330 9.39054849 -8.14132701 6.84244765 -6.40824168 5.53916935 -4.73587069 3.91776822 -3.63662521 2.64045763 -3.12474762 
3.39879622 15.60999040 -11.43672330 9.39054849 -8.14132701 6.84244765 -6.40824168 5.53916935 -4.73587069 3.91776822 -3.63662521 2.64045763 -3.12474762 
3.39879622 15.60999040 -11.43672330 9.39054849 -8.14132701 6.84244765 -6.40824168 5.53916935 -4.73587069 3.91776822 -3.63662521 2.64045763 -3.12474762 
3.58105292 14.31035865 -9.65181053 7.28827902 -5.85602685 4.47886363 -4.05019005 3.25151855 -2.56748444 1.90322036 -1.80021715 0.99708121 -1.68240297 
3.58563404 14.37321388 -9.73445409 7.38158043 -5.95332005 4.57550405 -4.14286578 3.33802451 -2.64646452 1.97401233 -1.86257002 1.05108836 -1.72834019 
3.40975515 15.60999040 -11.43672330 9.39054849 -8.14132701 6.84244765 -6.40824168 5.53916935 -4.73587069 3.91776822 -3.63662521 2.64045763 -3.12474762 
3.59102495 14.32009152 -9.66458310 7.30267224 -5.87100900 4.49371961 -4.06441273 3.26477287 -2.57956676 1.91403405 -1.80972837 1.00530851 -1.68939208 
3.59558552 14.38254395 -9.74675333 7.39550046 -5.96787084 4.58999091 -4.15678969 3.35104985 -2.65838169 1.98471526 -1.87201485 1.05928353 -1.73532262 
3.42065436 15.60999040 -11.43672330 9.39054849 -8.14132701 6.84244765 -6.40824168 5.53916935 -4.73587069 3.91776822 -3.63662521 2.64045763 -3.12474762 
3.60094785 14.32971781 -9.67722461 7.31692734 -5.88585705 4.50845187 -4.07852555 3.27793256 -2.59156962 1.92478239 -1.81918693 1.01349417 -1.69634900 
3.60548804 14.39177128 -9.75892524 7.40928519 -5.98228918 4.60435449 -4.17060314 3.36397911 -2.67021736 1.99535045 -1.88140446 1.06743450 -1.74227044 
3.43149450 15.60999040 -11.43672330 9.39054849 -8.14132701 6.84244765 -6.40824168 5.53916935 -4.73587069 3.91776822 -3.63662521 2.64045763 -3.12474762 
3.43149450 15.60999040 -11.43672330 9.39054849 -8.14132701 6.84244765 -6.40824168 5.53916935 -4.73587069 3.91776822 -3.63662521 2.64045763 -3.12474762 
3.61082210 14.33923909 -9.68973683 7.33104600 -5.90057247 4.52306158 -4.09252939 3.29099823 -2.60349341 1.93546560 -1.82859290 1.02163817 -1.70327365 
3.61534209 14.40089737 -9.77097154 7.42293629 -5.99657654 4.61859601 -4.18430707 3.37681298 -2.68197199 2.00591816 -1.89073898 1.07554132 -1.74918359 
3.44227619 15.60999040 -11.43672330 9.39054849 -8.14132701 6.84244765 -6.40824168 5.53916935 -4.73587069 3.91776822 -3.63662521 2.64045763 -3.12474762 
3.44227619 15.60999040 -11.43672330 9.39054849 -8.14132701 6.84244765 -6.40824168 5.53916935 -4.73587069 3.91776822 -3.63662521 2.64045763 -3.12474762 
3.26416206 13.96890297 -9.20936772 6.79573087 -5.34934558 3.98210197 -3.57977916 2.81773642 -2.17604558 1.55620963 -1.49774216 0.73763254 -1.46376562 
3.25773419 14.03221643 -9.29057765 6.88525347 -5.44055536 4.07069924 -3.66292062 2.89373234 -2.24404180 1.61600402 -1.54946455 0.78167956 -1.50062858 
3.25243035 13.95501127 -9.19159969 6.77619749 -5.32949696 3.96287117 -3.56177740 2.80132140 -2.16139254 1.54335223 -1.48664346 0.72819907 -1.45588534 
3.24596155 14.01870505 -9.27321547 6.86608049 -5.42098764 4.05166077 -3.64502609 2.87735055 -2.22936269 1.60307750 -1.53826830 0.77213304 -1.49262969 
3.24063010 13.94094443 -9.17362609 6.75645765 -5.30945789 3.94347384 -3.54363608 2.78479350 -2.14665113 1.53042751 -1.47549497 0.71872988 -1.44798048 
3.23411986 14.00502167 -9.25564976 6.84670133 -5.40122796 4.03245281 -3.62698797 2.86085125 -2.21459031 1.59007881 -1.52701770 0.76254667 -1.48460261 
3.40975515 15.60999040 -11.43672330 9.39054849 -8.14132701 6.84244765 -6.40824168 5.53916935 -4.73587069 3.91776822 -3.63662521 2.64045763 -3.12474762 
3.22876051 13.92669941 -9.15544376 6.73650856 -5.28922619 3.92390843 -3.52535424 2.76815228 -2.13182125 1.51743564 -1.46429702 0.70922539 -1.44005150 
3.22220831 13.99116330 -9.23787734 6.82711317 -5.38127408 4.01307372 -3.60880523 2.84423387 -2.19972447 1.57700805 -1.51571303 0.75292084 -1.47654777 
3.39879622 15.60999040 -11.43672330 9.39054849 -8.14132701 6.84244765 -6.40824168 5.53916935 -4.73587069 3.91776822 -3.63662521 2.64045763 -3.12474762 
3.39879622 15.60999040 -11.43672330 9.39054849 -8.14132701 6.84244765 -6.40824168 5.53916935 -4.73587069 3.91776822 -3.63662521 2.64045763 -3.12474762 
3.21682078 13.91227313 -9.13704946 6.71634742 -5.26879967 3.90417341 -3.50693096 2.75139729 -2.11690286 1.50437681 -1.45305000 0.69968604 -1.43209889 
3.21022606 13.97712689 -9.21989498 6.80731313 -5.36112372 3.99352186 -3.59047680 2.82749787 -2.18476502 1.56386533 -1.50435458 0.74325593 -1.46846561 
3.38777691 15.60999040 -11.43672330 9.39054849 -8.14132701 6.84244765 -6.40824168 5.53916935 -4.73587069 3.91776822 -3.63662521 2.64045763 -3.12474762 
3.57103128 14.30051763 -9.63890512 7.27374595 -5.84090912 4.46388272 -4.03585659 3.23816895 -2.55532225 1.89234109 -1.79065319 0.98881229 -1.67538175 
3.57563314 14.36377952 -9.72202575 7.36752341 -5.93863531 4.56089269 -4.12883044 3.32490240 -2.63446538 1.96324136 -1.85306983 1.04284896 -1.72132318 
3.39879622 15.60999040 -11.43672330 9.39054849 -8.14132701 6.84244765 -6.40824168 5.53916935 -4.73587069 3.91776822 -3.63662521 2.64045763 -3.12474762 
3.39879622 15.60999040 -11.43672330 9.39054849 -8.14132701 6.84244765 -6.40824168 5.53916935 -4.73587069 3.91776822 -3.63662521 2.64045763 -3.12474762 
3.58105292 14.31035865 -9.65181053 7.28827902 -5.85602685 4.47886363 -4.05019005 3.25151855 -2.56748444 1.90322036 -1.80021715 0.99708121 -1.68240297 
3.58563404 14.37321388 -9.73445409 7.38158043 -5.95332005 4.57550405 -4.14286578 3.33802451 -2.64646452 1.97401233 -1.86257002 1.05108836 -1.72834019 
3.40975515 15.60999040 -11.43672330 9.39054849 -8.14132701 6.84244765 -6.40824168 5.53916935 -4.73587069 3.91776822 -3.63662521 2.64045763 -3.12474762 
3.40975515 15.60999040 -11.43672330 9.39054849 -8.14132701 6.84244765 -6.40824168 5.53916935 -4.73587069 3.91776822 -3.63662521 2.64045763 -3.12474762 
3.40975515 15.60999040 -11.43672330 9.39054849 -8.14132701 6.84244765 -6.40824168 5.53916935 -4.73587069 3.91776822 -3.63662521 2.64045763 -3.12474762 
3.22876051 13.92669941 -9.15544376 6.73650856 -5.28922619 3.92390843 -3.52535424 2.76815228 -2.13182125 1.51743564 -1.46429702 0.70922539 -1.44005150 
3.22220831 13.99116330 -9.23787734 6.82711317 -5.38127408 4.01307372 -3.60880523 2.84423387 -2.19972447 1.57700805 -1.51571303 0.75292084 -1.47654777 
3.58105292 14.31035865 -9.65181053 7.28827902 -5.85602685 4.47886363 -4.05019005 3.25151855 -2.56748444 1.90322036 -1.80021715 0.99708121 -1.68240297 
3.58563404 14.37321388 -9.73445409 7.38158043 -5.95332005 4.57550405 -4.14286578 3.33802451 -2.64646452 1.97401233 -1.86257002 1.05108836 -1.72834019 
3.40975515 15.60999040 -11.43672330 9.39054849 -8.14132701 6.84244765 -6.40824168 5.53916935 -4.73587069 3.91776822 -3.63662521 2.64045763 -3.12474762 
3.59102495 14.32009152 -9.66458310 7.30267224 -5.87100900 4.49371961 -4.06441273 3.26477287 -2.57956676 1.91403405 -1.80972837 1.00530851 -1.68939208 
3.59558552 14.38254395 -9.74675333 7.39550046 -5.96787084 4.58999091 -4.15678969 3.35104985 -2.65838169 1.98471526 -1.87201485 1.05928353 -1.73532262 
3.60094785 14.32971781 -9.67722461 7.31692734 -5.88585705 4.50845187 -4.07852555 3.27793256 -2.59156962 1.92478239 -1.81918693 1.01349417 -1.69634900 
3.60548804 14.39177128 -9.75892524 7.40928519 -5.98228918 4.60435449 -4.17060314 3.36397911 -2.67021736 1.99535045 -1.88140446 1.06743450 -1.74227044 
3.43149450 15.60999040 -11.43672330 9.39054849 -8.14132701 6.84244765 -6.40824168 5.53916935 -4.73587069 3.91776822 -3.63662521 2.64045763 -3.12474762 
3.43149450 15.60999040 -11.43672330 9.39054849 -8.14132701 6.84244765 -6.40824168 5.53916935 -4.73587069 3.91776822 -3.63662521 2.64045763 -3.12474762 
3.08132610 11.11212781 -5.93024193 3.53462147 -2.33282379 1.30074975 -1.26311657 0.85665574 -0.54172565 0.20678306 -0.39454050 -0.15690223 -0.74857678 
2.52089325 15.59057477 -11.40888945 9.35642244 -8.10279045 6.80113759 -6.36560520 5.49645567 -4.69413847 3.87788506 -3.59929538 2.60622108 -3.09399940 
2.48651099 15.58989991 -11.40792261 9.35523776 -8.10145343 6.79970513 -6.36412751 5.49497606 -4.69269353 3.87650476 -3.59800399 2.60503716 -3.09293650 
2.74027063 13.43998419 -8.54559896 6.07918043 -4.63396701 3.30056578 -2.95207880 2.25423634 -1.68050102 1.12742079 -1.13241749 0.43084818 -1.21042235 
2.72033029 13.12537644 -8.16312401 5.67878187 -4.24605713 2.94152785 -2.63055515 1.97334144 -1.43987195 0.92424345 -0.96324253 0.29174828 -1.09784923 
2.97518452 10.99409931 -5.81074356 3.42972109 -2.24722994 1.23335917 -1.21143408 0.81770590 -0.51271979 0.18508331 -0.37828097 -0.16921089 -0.73936664 
3.33175084 15.60999040 -11.43672330 9.39054849 -8.14132701 6.84244765 -6.40824168 5.53916935 -4.73587069 3.91776822 -3.63662521 2.64045763 -3.12474762 
3.52016129 14.24963217 -9.57232046 7.19892126 -5.76323353 4.38706152 -3.96249568 3.16996963 -2.49329951 1.83695404 -1.74203999 0.94684456 -1.63979752 
3.52486967 14.31498763 -9.65788407 7.29512200 -5.86314860 4.48592424 -4.05694858 3.25781595 -2.57322413 1.90835666 -1.80473420 1.00098801 -1.68572140 
3.53043856 14.26003897 -9.58591809 7.21418013 -5.77905208 4.40268544 -3.97739675 3.18380511 -2.50586692 1.84816419 -1.75186857 0.95532102 -1.64697774 
3.38236802 11.90730422 -6.76810540 4.29911448 -2.98074558 1.82931900 -1.68246972 1.18301962 -0.79224776 0.39883178 -0.54131171 -0.04443123 -0.83373264 
2.93273495 15.60675844 -11.43208762 9.38486208 -8.13490269 6.83555794 -6.40112776 5.53203970 -4.72890222 3.91110613 -3.63038753 2.63473501 -3.11960655 
2.91881395 15.60671318 -11.43202271 9.38478247 -8.13481275 6.83546150 -6.40102819 5.53193992 -4.72880469 3.91101290 -3.63030025 2.63465494 -3.11953462 
3.13680037 13.88898945 -9.10740265 6.68389633 -5.23596428 3.87248932 -3.47738877 2.72456188 -2.09303608 1.48350729 -1.43509403 0.68447068 -1.41942575 
3.50983134 14.23910700 -9.55857857 7.18351171 -5.74727010 4.37130524 -3.94747831 3.15603509 -2.48064992 1.82567716 -1.73215836 0.93832678 -1.63258589 
3.83320177 14.48850977 -9.88701966 7.55488336 -6.13512202 4.75712862 -4.31801452 3.50239892 -2.79732245 2.10989920 -1.98281990 1.15570311 -1.81769892 
3.84543480 14.64772523 -10.09977311 7.79883833 -6.39339098 5.01742349 -4.57117691 3.74195433 -3.01893185 2.31102400 -2.16207723 1.31270600 -1.95267141 
3.54532887 14.33483496 -9.68394816 7.32451296 -5.89376213 4.51629904 -4.08604626 3.28494848 -2.59797156 1.93051755 -1.82423584 1.01786521 -1.70006520 
2.67714343 1.04953984 -0.18362073 0.00571616 -0.12757294 -0.18266271 -0.26566924 0.17739534 -0.09153496 -0.13204768 -0.14727122 -0.36551792 -0.59140284 
1.97973507 -1.97745915 -0.19858679 -0.06252213 -0.13098020 -0.21229661 -0.25541381 0.16476417 -0.09680028 -0.14391406 -0.14880915 -0.37683496 -0.58517795 
4.22627649 5.95551562 -1.86832016 0.64750695 -0.37034811 -0.04191616 -0.34621128 0.22858011 -0.11241834 -0.10363201 -0.16600090 -0.33619041 -0.61366247 
5.03159883 13.91016374 -9.13436151 6.71340300 -5.26581820 3.90129446 -3.50424480 2.74895564 -2.11472993 1.50247563 -1.45141331 0.69829843 -1.43094254 
5.25361855 15.51026056 -11.29412152 9.21613434 -7.94482710 6.63226740 -6.19176642 5.32273397 -4.52480815 3.71641606 -3.44847919 2.46817275 -2.97024521 
5.18842281 14.95120898 -10.51197317 8.27894887 -6.90946058 5.54520327 -5.09182092 4.24141068 -3.48710807 2.74127742 -2.55014274 1.65643155 -2.25135152 
4.65442548 9.80356809 -4.67533154 2.48743039 -1.51851314 0.68650573 -0.81016507 0.52722060 -0.30421205 0.03303126 -0.26636516 -0.25355446 -0.67664548 
3.26583779 3.34441995 -0.70831396 0.15419008 -0.16684336 -0.14959296 -0.28551868 0.19156050 -0.09407844 -0.12256941 -0.15161667 -0.35472642 -0.59916939 
1.40658295 -10.29432445 -4.38840566 -2.32038824 -1.36443571 -0.94328919 -0.65646172 -0.10323045 -0.28380161 -0.28937796 -0.24940951 -0.45474929 -0.61723485 
3.18860115 6.69229026 -2.30429844 0.87992746 -0.48782220 0.02219223 -0.38251502 0.25010209 -0.12475212 -0.09389703 -0.17358772 -0.32848399 -0.61975780 
3.60929050 14.56517122 -9.98915923 7.67167188 -6.25842345 4.88106838 -4.43824836 3.61588719 -2.90205672 2.20473545 -2.06716151 1.22942257 -1.88094996 
3.46904218 15.59305093 -11.41243729 9.36077010 -8.10769761 6.80639550 -6.37102953 5.50188755 -4.69944341 3.88295305 -3.60403724 2.61056857 -3.09790271 
3.15778998 11.53161967 -6.36512641 3.92517651 -2.65867041 1.56265538 -1.46795312 1.01390409 -0.66087201 0.29714168 -0.46298041 -0.10477237 -0.78781925 
2.41607778 12.80992476 -7.78880196 5.29596962 -3.88354932 2.61323721 -2.34270457 1.72693049 -1.23286387 0.75256647 -0.82265249 0.17786251 -1.00698090 
1.73243428 11.20796846 -6.02819963 3.62139637 -2.40425556 1.35744951 -1.30693523 0.88991701 -0.56666160 0.22553468 -0.40864742 -0.14620064 -0.75660117 
0.68104346 7.57996138 -2.89326051 1.22807581 -0.68202554 0.13436899 -0.44840865 0.28985727 -0.14855815 -0.07645163 -0.18680896 -0.31636831 -0.62924761 
0.59639641 7.97555634 -3.17819621 1.40952625 -0.79063137 0.20018325 -0.48846444 0.31459462 -0.16383066 -0.06561968 -0.19483830 -0.30949261 -0.63456613 
1.64123378 11.13049656 -5.94895230 3.55114151 -2.34637937 1.31147783 -1.27138425 0.86291500 -0.54640671 0.21029646 -0.39717969 -0.15490175 -0.75007560 
1.99040219 15.60999040 -11.43672330 9.39054849 -8.14132701 6.84244765 -6.40824168 5.53916935 -4.73587069 3.91776822 -3.63662521 2.64045763 -3.12474762 
1.99040219 15.60999040 -11.43672330 9.39054849 -8.14132701 6.84244765 -6.40824168 5.53916935 -4.73587069 3.91776822 -3.63662521 2.64045763 -3.12474762 
2.35432106 12.58326320 -7.52548825 5.03214498 -3.63867023 2.39566717 -2.15542599 1.56943883 -1.10278993 0.64635154 -0.73689540 0.10925347 -0.95288124 
2.62867230 15.60561154 -11.43044283 9.38284476 -8.13262387 6.83311433 -6.39860491 5.52951155 -4.72643147 3.90874424 -3.62817631 2.63270656 -3.11778438 
2.64475792 15.60568132 -11.43054290 9.38296748 -8.13276250 6.83326298 -6.39875838 5.52966534 -4.72658176 3.90888791 -3.62831080 2.63282993 -3.11789521 
2.66071519 15.60574944 -11.43064059 9.38308730 -8.13289785 6.83340811 -6.39890821 5.52981548 -4.72672849 3.90902817 -3.62844212 2.63295039 -3.11800341 
2.18298753 8.38677727 -3.48909175 1.61660698 -0.92003849 0.28119348 -0.53907263 0.34646700 -0.18391719 -0.05152726 -0.20516124 -0.30097680 -0.64108935 
1.18508888 15.59152515 -11.41025109 9.35809097 -8.10467363 6.80315528 -6.36768667 5.49853996 -4.69617398 3.87982959 -3.60111472 2.60788906 -3.09549692 
