9.87372223 -1.69318323 -0.16296220 -0.05370297 -0.12904605 -0.20944812 -0.25573574 0.16592177 -0.09595705 -0.14266926 -0.14833501 -0.37581390 -0.58559563 
4.99182060 6.24790868 -2.03560712 0.73399402 -0.41277952 -0.01909483 -0.35903246 0.23616686 -0.11670370 -0.10015155 -0.16873052 -0.33332842 -0.61592897 
2.81992094 0.14586104 -0.10388367 -0.01643222 -0.12493406 -0.19182291 -0.26104812 0.17334244 -0.09223940 -0.13539741 -0.14692638 -0.36908469 -0.58912700 
2.42336414 -0.62062014 -0.09242839 -0.03023783 -0.12518820 -0.19916109 -0.25817610 0.17019620 -0.09342778 -0.13830344 -0.14717055 -0.37194279 -0.58748134 
3.32560538 14.04015308 -9.30078427 6.89653312 -5.45207572 4.08191594 -3.67347061 2.90339690 -2.25270739 1.62363961 -1.55608186 0.78732484 -1.50536110 
3.50404352 15.60816422 -11.43410384 9.38733517 -8.13769656 6.83855405 -6.40422123 5.53513987 -4.73193217 3.91400275 -3.63309952 2.63722297 -3.12184160 
3.34203019 14.12631287 -9.41196806 7.01981340 -5.57839433 4.20528792 -3.78986040 3.01033079 -2.34885920 1.70858872 -1.62988823 0.85043843 -1.55838981 
2.93455892 13.54178634 -8.67132816 6.21281310 -4.76535751 3.42390498 -3.06404791 2.35335125 -1.76648516 1.20087513 -1.19424752 0.48219124 -1.25236712 
2.92686934 13.61610174 -8.76371923 6.31164025 -4.86313296 3.51623820 -3.14835558 2.42839873 -1.83194137 1.25707406 -1.24177558 0.52182864 -1.28488260 
2.92074462 13.52214952 -8.64700097 6.18687962 -4.73978511 3.39983285 -3.04213604 2.33390447 -1.74957257 1.18639349 -1.18203113 0.47202668 -1.24404740 
2.91299674 13.59693856 -8.73984578 6.28605291 -4.83776879 3.49224126 -3.12640496 2.40882510 -1.81484073 1.24236898 -1.22932112 0.51142790 -1.27633966 
2.90683557 13.50223088 -8.62236131 6.16065069 -4.71395755 3.37555313 -3.02006396 2.31434014 -1.73257833 1.17185836 -1.16978259 0.46184525 -1.23572159 
2.89902850 13.57749767 -8.71566132 6.26016832 -4.81214484 3.46803016 -3.10428645 2.38912590 -1.79765064 1.22760325 -1.21682820 0.50100496 -1.26778628 
2.89283047 13.48202483 -8.59740382 6.13412208 -4.68787199 3.35106428 -2.99783116 2.29465852 -1.71550321 1.15727077 -1.15750302 0.45164805 -1.22739073 
2.88496333 13.55777349 -8.69116043 6.23398215 -4.78625811 3.44360317 -3.08199937 2.36930123 -1.78037175 1.21277781 -1.20429791 0.49056092 -1.25922346 
3.09049486 15.60999040 -11.43672330 9.39054849 -8.14132701 6.84244765 -6.40824168 5.53916935 -4.73587069 3.91776822 -3.63662521 2.64045763 -3.12474762 
2.87872802 13.46152561 -8.57212299 6.10728950 -4.66152560 3.32636477 -2.97543719 2.27485991 -1.69834801 1.14263181 -1.14519359 0.44143625 -1.21905586 
2.87079989 13.53776030 -8.66633755 6.20748996 -4.76010559 3.41895857 -3.05954308 2.34935124 -1.76300475 1.19789365 -1.19173136 0.48009689 -1.25065226 
2.86452686 13.44072729 -8.54651322 6.08014859 -4.63491551 3.30145309 -2.95288162 2.25494469 -1.68111362 1.12794259 -1.13285552 0.43121101 -1.21071806 
2.58513389 15.60541697 -11.43016380 9.38250254 -8.13223731 6.83269982 -6.39817698 5.52908273 -4.72601240 3.90834365 -3.62780128 2.63236253 -3.11747535 
2.84217269 13.49684326 -8.61570308 6.15356951 -4.70699097 3.36900969 -3.01412044 2.30907615 -1.72800939 1.16795339 -1.16649415 0.45911348 -1.23348903 
2.83582292 13.39820896 -8.49428378 6.02492398 -4.58089269 3.25098724 -2.90728414 2.21476606 -1.64641094 1.09841816 -1.10809856 0.41072514 -1.19403816 
2.82770612 13.47592719 -8.58987977 6.12613202 -4.68002270 3.34370204 -2.99115297 2.28875159 -1.71038269 1.15289951 -1.15382595 0.44859652 -1.22489923 
2.82131731 13.37647632 -8.46765226 5.99683121 -4.55347413 3.22543014 -2.88424160 2.19450364 -1.62894467 1.08358546 -1.09568231 0.40046704 -1.18569835 
2.53499286 15.60518216 -11.42982708 9.38208957 -8.13177084 6.83219965 -6.39766061 5.52856530 -4.72550674 3.90786028 -3.62734876 2.63194744 -3.11710247 
2.79845982 13.43314815 -8.53719072 6.07027892 -4.62524863 3.29241195 -2.94470326 2.24773023 -1.67487575 1.12263025 -1.12839686 0.42751843 -1.20770907 
2.79199155 13.33203126 -8.41332499 5.93966152 -4.49780807 3.17366045 -2.83766765 2.15363547 -1.59378773 1.05378579 -1.07078127 0.37992715 -1.16902498 
2.78367708 13.41127194 -8.51031246 6.04185363 -4.59743653 3.26642624 -2.92122015 2.22703430 -1.65699751 1.10741742 -1.11563870 0.41695995 -1.19911114 
2.77716838 13.30930516 -8.38561658 5.91057509 -4.46955463 3.14744505 -2.81413589 2.13303106 -1.57609944 1.03882166 -1.05829942 0.36964812 -1.16069389 
2.48356240 15.60492881 -11.42946377 9.38164400 -8.13126754 6.83165999 -6.39710349 5.52800704 -4.72496118 3.90733879 -3.62686056 2.63149960 -3.11670020 
2.46612076 15.60483990 -11.42933627 9.38148764 -8.13109092 6.83147061 -6.39690798 5.52781113 -4.72476974 3.90715579 -3.62668924 2.63134245 -3.11655904 
2.44852568 15.60474863 -11.42920539 9.38132712 -8.13090962 6.83127621 -6.39670729 5.52761003 -4.72457321 3.90696794 -3.62651338 2.63118114 -3.11641413 
2.43077444 15.60465491 -11.42907099 9.38116231 -8.13072345 6.83107659 -6.39650122 5.52740354 -4.72437143 3.90677505 -3.62633282 2.63101550 -3.11626535 
2.41286423 15.60455865 -11.42893297 9.38099303 -8.13053225 6.83087159 -6.39628958 5.52719148 -4.72416419 3.90657696 -3.62614737 2.63084540 -3.11611256 
2.69264709 13.27275442 -8.34115310 5.86400173 -4.42441101 3.10564288 -2.77668674 2.10030288 -1.54805448 1.01513600 -1.03857385 0.35342696 -1.14756463 
2.91647211 15.60999040 -11.43672330 9.39054849 -8.14132701 6.84244765 -6.40824168 5.53916935 -4.73587069 3.91776822 -3.63662521 2.64045763 -3.12474762 
2.68588546 13.16543704 -8.21131750 5.72872279 -4.29395986 2.98544204 -2.66951593 2.00707285 -1.46851750 0.94823600 -0.98307002 0.30794005 -1.11086797 
2.67707095 13.24838720 -8.31157944 5.83309405 -4.39451761 3.07802003 -2.75199052 2.07876220 -1.52963086 0.99960321 -1.02565899 0.34282211 -1.13899317 
2.90243696 15.60999040 -11.43672330 9.39054849 -8.14132701 6.84244765 -6.40824168 5.53916935 -4.73587069 3.91776822 -3.63662521 2.64045763 -3.12474762 
2.67026536 13.14013383 -8.18086012 5.69714382 -4.26365355 2.95764499 -2.64484218 1.98570071 -1.45035949 0.93302109 -0.97049151 0.29766446 -1.10260331 
2.35815071 15.60425374 -11.42849574 9.38045682 -8.12992660 6.83022220 -6.39561920 5.52651974 -4.72350777 3.90594951 -3.62555999 2.63030660 -3.11562858 
2.03683148 11.79804541 -6.64958933 4.18795764 -2.88400979 1.74845134 -1.61681920 1.13081610 -0.75136530 0.36697272 -0.51663084 -0.06352216 -0.81915009 
2.40086621 9.27380039 -4.21084986 2.13184594 -1.26438949 0.50880286 -0.68800021 0.44387066 -0.24757587 -0.00699562 -0.23741028 -0.27561768 -0.66020994 
2.60655870 13.03482140 -8.05473102 5.56700160 -4.13934442 2.84414103 -2.54452982 1.89917541 -1.37714192 0.87189745 -0.92013173 0.25665059 -1.06971179 
2.59734948 13.12056122 -8.15734121 5.67279937 -4.24032810 2.93628400 -2.62590979 1.96932543 -1.43646621 0.92139458 -0.96089101 0.28983001 -1.09630844 
2.83074470 15.60999040 -11.43672330 9.39054849 -8.14132701 6.84244765 -6.40824168 5.53916935 -4.73587069 3.91776822 -3.63662521 2.64045763 -3.12474762 
2.59031590 13.00742186 -8.02208327 5.53348136 -4.10748104 2.81518148 -2.51905032 1.87729259 -1.35870130 0.85656133 -0.90754067 0.24642840 -1.06153848 
2.26349794 15.60368536 -11.42768073 9.37945735 -8.12879771 6.82901183 -6.39436972 5.52526778 -4.72228436 3.90478011 -3.62446529 2.62930247 -3.11472664 
2.24401773 15.60356159 -11.42750325 9.37923971 -8.12855190 6.82874827 -6.39409765 5.52499517 -4.72201797 3.90452549 -3.62422694 2.62908384 -3.11453026 
2.54797395 13.03873956 -8.05940533 5.57180644 -4.14391697 2.84830140 -2.54819409 1.90232563 -1.37979918 0.87410933 -0.92194919 0.25812719 -1.07089325 
2.54079667 12.92249273 -7.92132602 5.43046461 -4.00995626 2.72688985 -2.44166123 1.81106873 -1.30308833 0.81045784 -0.86980000 0.21586774 -1.03716349 
2.53124597 13.01055137 -8.02580871 5.53730290 -4.11111047 2.81847735 -2.52194776 1.87977906 -1.36079506 0.85830141 -0.90896837 0.24758684 -1.06246423 
2.52401959 12.89323743 -7.88677223 5.39528706 -3.97679323 2.69698631 -2.41555143 1.78880901 -1.28446186 0.79506669 -0.85723842 0.20572291 -1.02909242 
2.18441214 15.60316760 -11.42693833 9.37854695 -8.12776946 6.82790938 -6.39323169 5.52412751 -4.72117013 3.90371510 -3.62346833 2.62838801 -3.11390526 
2.16414222 15.60302820 -11.42673845 9.37830184 -8.12749264 6.82761259 -6.39292532 5.52382054 -4.72087017 3.90342841 -3.62319996 2.62814185 -3.11368416 
2.48022273 12.92309085 -7.92203328 5.43118544 -4.01063656 2.72750393 -2.44219794 1.81152674 -1.30347194 0.81077509 -0.87005913 0.21607716 -1.03733020 
2.47284527 12.80247666 -7.78007455 5.28715249 -3.87529909 2.60585073 -2.33629947 1.72150596 -1.22835344 0.74886093 -0.81964413 0.17544418 -1.00506537 
2.46292750 12.89293329 -7.88641342 5.39492218 -3.97644962 2.69667679 -2.41528145 1.78857906 -1.28426962 0.79490798 -0.85710899 0.20561845 -1.02900936 
2.45549839 12.77118478 -7.74346354 5.25021930 -3.84078986 2.57499645 -2.30957967 1.69890530 -1.20958396 0.73345780 -0.80715151 0.16541052 -0.99712439 
2.44548452 12.86225342 -7.85026251 5.35820238 -3.94190952 2.66559747 -2.38820056 1.76553690 -1.26502477 0.77903319 -0.84417309 0.19518582 -1.02072026 
2.43800310 12.73935279 -7.70631287 5.21283124 -3.80593708 2.54390418 -2.28271149 1.67622600 -1.19078628 0.71805907 -0.79468279 0.15541026 -0.98922048 
2.42789130 12.83103848 -7.81356994 5.32101922 -3.90701310 2.63426558 -2.36095677 1.74240287 -1.24574045 0.76315377 -0.83125421 0.18478164 -1.01246484 
2.42035691 12.70696751 -7.66861192 5.17498176 -3.77073803 2.51257404 -2.25569688 1.65347095 -1.17196365 0.70266789 -0.78224077 0.14544573 -0.98135551 
2.41014531 12.79927529 -7.77632486 5.28336579 -3.87175724 2.60268088 -2.33355176 1.71917971 -1.22641984 0.74727287 -0.81835521 0.17440831 -1.00424505 
2.40255726 12.67401535 -7.63034979 5.13666425 -3.73519006 2.48100627 -2.22853792 1.63064321 -1.15311944 0.68728749 -0.76982831 0.13551929 -0.97353137 
2.39224391 12.76695026 -7.73851613 5.24523507 -3.83613887 2.57084325 -2.30598735 1.69587031 -1.20706625 0.73139373 -0.80547900 0.16406829 -0.99606291 
2.38460151 12.64048226 -7.59151534 5.09787202 -3.69929059 2.44920125 -2.20123687 1.60774600 -1.13425719 0.67192122 -0.75744833 0.12563335 -0.96574998 
2.37418444 12.73404935 -7.70013234 5.20661998 -3.80015497 2.53875270 -2.27826551 1.67247772 -1.18768314 0.71551971 -0.79262859 0.15376411 -0.98792044 
2.36648699 12.60635373 -7.55209713 5.05859831 -3.66303710 2.41715952 -2.17379614 1.58478269 -1.11538052 0.65657251 -0.74510384 0.11579037 -0.95801326 
2.35596414 12.70055804 -7.66116182 5.16751333 -3.76380258 2.50640937 -2.25038838 1.64900516 -1.16827410 0.69965428 -0.77980704 0.14349830 -0.97981967 
2.34821092 12.57161478 -7.51208347 5.01883630 -3.62642717 2.38488174 -2.14621832 1.56175680 -1.09649322 0.64124491 -0.73279790 0.10599283 -0.95032318 
2.33758019 12.66646136 -7.62159257 5.12790788 -3.72707882 2.47381355 -2.22235831 1.62545600 -1.14884286 0.68380100 -0.76701752 0.13327348 -0.97176270 
2.32977048 12.53624993 -7.47146237 4.97857908 -3.58945845 2.35236876 -2.11850621 1.53867205 -1.07759921 0.62594205 -0.72053364 0.09624326 -0.94268170 
1.94927293 15.60136393 -11.42435230 9.37537593 -8.12418821 6.82406997 -6.38926860 5.52015685 -4.71729034 3.90000690 -3.61999725 2.62520431 -3.11104573 
2.30030971 12.59638934 -7.54060845 5.04717105 -3.65250599 2.40786642 -2.16584949 1.57814230 -1.10992944 0.65214573 -0.74154752 0.11295744 -0.95578857 
2.29238481 12.46357798 -7.38834844 4.89655113 -3.51443574 2.28664144 -2.06269114 1.49234164 -1.03980743 0.59542561 -0.69614304 0.07689832 -0.92755251 
2.28141718 12.56038142 -7.49916810 5.00602476 -3.61465154 2.37451652 -2.13737634 1.55438542 -1.09045547 0.63635144 -0.72887371 0.10287165 -0.94787567 
2.54902983 15.60999040 -11.43672330 9.39054849 -8.14132701 6.84244765 -6.40824168 5.53916935 -4.73587069 3.91776822 -3.63662521 2.64045763 -3.12474762 
2.54902983 15.60999040 -11.43672330 9.39054849 -8.14132701 6.84244765 -6.40824168 5.53916935 -4.73587069 3.91776822 -3.63662521 2.64045763 -3.12474762 
2.54902983 15.60999040 -11.43672330 9.39054849 -8.14132701 6.84244765 -6.40824168 5.53916935 -4.73587069 3.91776822 -3.63662521 2.64045763 -3.12474762 
2.54902983 15.60999040 -11.43672330 9.39054849 -8.14132701 6.84244765 -6.40824168 5.53916935 -4.73587069 3.91776822 -3.63662521 2.64045763 -3.12474762 
2.27343354 12.42623723 -7.34583013 4.85476632 -3.47637757 2.25342969 -2.03459473 1.46910427 -1.02091823 0.58021984 -0.68402329 0.06730819 -0.92006883 
2.26234897 12.52370291 -7.45707801 4.96434980 -3.57641500 2.34091697 -2.10876144 1.53056727 -1.07097572 0.62058470 -0.71624529 0.09283771 -0.94001511 
2.53215209 15.60999040 -11.43672330 9.39054849 -8.14132701 6.84244765 -6.40824168 5.53916935 -4.73587069 3.91776822 -3.63662521 2.64045763 -3.12474762 
2.53215209 15.60999040 -11.43672330 9.39054849 -8.14132701 6.84244765 -6.40824168 5.53916935 -4.73587069 3.91776822 -3.63662521 2.64045763 -3.12474762 
2.53215209 15.60999040 -11.43672330 9.39054849 -8.14132701 6.84244765 -6.40824168 5.53916935 -4.73587069 3.91776822 -3.63662521 2.64045763 -3.12474762 
2.53215209 15.60999040 -11.43672330 9.39054849 -8.14132701 6.84244765 -6.40824168 5.53916935 -4.73587069 3.91776822 -3.63662521 2.64045763 -3.12474762 
2.53215209 15.60999040 -11.43672330 9.39054849 -8.14132701 6.84244765 -6.40824168 5.53916935 -4.73587069 3.91776822 -3.63662521 2.64045763 -3.12474762 
2.53215209 15.60999040 -11.43672330 9.39054849 -8.14132701 6.84244765 -6.40824168 5.53916935 -4.73587069 3.91776822 -3.63662521 2.64045763 -3.12474762 
2.25430584 12.38820322 -7.30265343 4.81245813 -3.43795228 2.21998794 -2.00637712 1.44582465 -1.00203943 0.56505439 -0.67195840 0.05777649 -0.91264178 
2.24310188 12.48633608 -7.41432462 4.92213853 -3.53779392 2.30706895 -2.08000811 1.50669217 -1.05149471 0.60484966 -0.70366578 0.08285845 -0.93220906 
2.51513072 15.60999040 -11.43672330 9.39054849 -8.14132701 6.84244765 -6.40824168 5.53916935 -4.73587069 3.91776822 -3.63662521 2.64045763 -3.12474762 
2.51513072 15.60999040 -11.43672330 9.39054849 -8.14132701 6.84244765 -6.40824168 5.53916935 -4.73587069 3.91776822 -3.63662521 2.64045763 -3.12474762 
2.51513072 15.60999040 -11.43672330 9.39054849 -8.14132701 6.84244765 -6.40824168 5.53916935 -4.73587069 3.91776822 -3.63662521 2.64045763 -3.12474762 
2.51513072 15.60999040 -11.43672330 9.39054849 -8.14132701 6.84244765 -6.40824168 5.53916935 -4.73587069 3.91776822 -3.63662521 2.64045763 -3.12474762 
2.79690867 13.33953117 -8.42247962 5.94928210 -4.50716323 3.18234977 -2.84547529 2.16047846 -1.59966771 1.05876449 -1.07493743 0.38335232 -1.17180300 
2.80336357 13.44036728 -8.54607028 6.07967953 -4.63445597 3.30102319 -2.95249265 2.25460149 -1.68081681 1.12768977 -1.13264329 0.43103521 -1.21057478 
2.53215209 15.60999040 -11.43672330 9.39054849 -8.14132701 6.84244765 -6.40824168 5.53916935 -4.73587069 3.91776822 -3.63662521 2.64045763 -3.12474762 
2.53215209 15.60999040 -11.43672330 9.39054849 -8.14132701 6.84244765 -6.40824168 5.53916935 -4.73587069 3.91776822 -3.63662521 2.64045763 -3.12474762 
2.53215209 15.60999040 -11.43672330 9.39054849 -8.14132701 6.84244765 -6.40824168 5.53916935 -4.73587069 3.91776822 -3.63662521 2.64045763 -3.12474762 
2.53215209 15.60999040 -11.43672330 9.39054849 -8.14132701 6.84244765 -6.40824168 5.53916935 -4.73587069 3.91776822 -3.63662521 2.64045763 -3.12474762 
2.53215209 15.60999040 -11.43672330 9.39054849 -8.14132701 6.84244765 -6.40824168 5.53916935 -4.73587069 3.91776822 -3.63662521 2.64045763 -3.12474762 
2.53215209 15.60999040 -11.43672330 9.39054849 -8.14132701 6.84244765 -6.40824168 5.53916935 -4.73587069 3.91776822 -3.63662521 2.64045763 -3.12474762 
2.53215209 15.60999040 -11.43672330 9.39054849 -8.14132701 6.84244765 -6.40824168 5.53916935 -4.73587069 3.91776822 -3.63662521 2.64045763 -3.12474762 
2.53215209 15.60999040 -11.43672330 9.39054849 -8.14132701 6.84244765 -6.40824168 5.53916935 -4.73587069 3.91776822 -3.63662521 2.64045763 -3.12474762 
2.53215209 15.60999040 -11.43672330 9.39054849 -8.14132701 6.84244765 -6.40824168 5.53916935 -4.73587069 3.91776822 -3.63662521 2.64045763 -3.12474762 
2.81158903 13.36180812 -8.44970237 5.97792161 -4.53504232 3.20827104 -2.86878943 2.18093162 -1.61725865 1.07367179 -1.08739176 0.39362358 -1.18013934 
2.81800412 13.46180940 -8.57247271 6.10766041 -4.66188953 3.32670572 -2.97574611 2.27513285 -1.69858436 1.14283337 -1.14536299 0.44157671 -1.21917045 
2.54902983 15.60999040 -11.43672330 9.39054849 -8.14132701 6.84244765 -6.40824168 5.53916935 -4.73587069 3.91776822 -3.63662521 2.64045763 -3.12474762 
2.54902983 15.60999040 -11.43672330 9.39054849 -8.14132701 6.84244765 -6.40824168 5.53916935 -4.73587069 3.91776822 -3.63662521 2.64045763 -3.12474762 
2.82616404 13.38375625 -8.47656831 6.00623151 -4.56264410 3.23397333 -2.89194054 2.20127055 -1.63477517 1.08853479 -1.09982372 0.40388740 -1.18847816 
2.83253978 13.48293372 -8.59852562 6.13531366 -4.68904287 3.35216277 -2.99882782 2.29554026 -1.71626773 1.15792356 -1.15805223 0.45210392 -1.22776299 
2.56576633 15.60999040 -11.43672330 9.39054849 -8.14132701 6.84244765 -6.40824168 5.53916935 -4.73587069 3.91776822 -3.63662521 2.64045763 -3.12474762 
2.56576633 15.60999040 -11.43672330 9.39054849 -8.14132701 6.84244765 -6.40824168 5.53916935 -4.73587069 3.91776822 -3.63662521 2.64045763 -3.12474762 
2.56576633 15.60999040 -11.43672330 9.39054849 -8.14132701 6.84244765 -6.40824168 5.53916935 -4.73587069 3.91776822 -3.63662521 2.64045763 -3.12474762 
2.84063518 13.40538224 -8.50308365 6.03421649 -4.58997152 3.25945807 -2.91492884 2.22149462 -1.65221613 1.10335211 -1.11223188 0.41414242 -1.19681826 
3.06253294 15.60715150 -11.43265134 9.38555352 -8.13568380 6.83639557 -6.40199258 5.53290637 -4.72974924 3.91191586 -3.63114563 2.63543048 -3.12023131 
3.07549181 15.60718802 -11.43270372 9.38561777 -8.13575637 6.83647340 -6.40207294 5.53298690 -4.72982794 3.91199110 -3.63121607 2.63549510 -3.12028936 
3.08836726 15.60722384 -11.43275509 9.38568078 -8.13582756 6.83654973 -6.40215175 5.53306589 -4.72990514 3.91206490 -3.63128517 2.63555849 -3.12034630 
2.88966258 13.56438004 -8.69936289 6.24274466 -4.79491640 3.45176960 -3.08944717 2.37592338 -1.78614121 1.21772619 -1.20847876 0.49404455 -1.26207872 
2.89750959 13.48879247 -8.60575864 6.14299852 -4.69659602 3.35925056 -3.00525998 2.30123207 -1.72120385 1.16213907 -1.16159958 0.45504880 -1.23016818 
2.90369529 13.58400917 -8.72375770 6.26882981 -4.82071520 3.47612443 -3.11167798 2.39570625 -1.80339057 1.23253184 -1.22099672 0.50448167 -1.27063850 
2.91148253 13.50890208 -8.63060958 6.16942676 -4.72259526 3.38366953 -3.02743915 2.32087463 -1.73825210 1.17670928 -1.17386894 0.46524086 -1.23849747 
3.12650362 15.60732727 -11.43290344 9.38586274 -8.13603311 6.83677017 -6.40237935 5.53329397 -4.73012805 3.91227800 -3.63148469 2.63574152 -3.12051073 
2.93147252 13.62242870 -8.77160886 6.32010405 -4.87153047 3.52418989 -3.15563527 2.43489536 -1.83762160 1.26196213 -1.24591835 0.52529044 -1.28772776 
2.67915702 15.60999040 -11.43672330 9.39054849 -8.14132701 6.84244765 -6.40824168 5.53916935 -4.73587069 3.91776822 -3.63662521 2.64045763 -3.12474762 
3.18760729 11.38032656 -6.20644994 3.78109121 -2.53716811 1.46403115 -1.39010239 0.95362128 -0.61482736 0.26199799 -0.43622476 -0.12521613 -0.77238299 
3.53338662 15.60290875 -11.42656717 9.37809181 -8.12725543 6.82735827 -6.39266280 5.52355751 -4.72061315 3.90318274 -3.62297000 2.62793092 -3.11349470 
3.72332912 14.33535933 -9.68463729 7.32529060 -5.89457266 4.51710379 -4.08681766 3.28566824 -2.59862843 1.93110610 -1.82475404 1.01831390 -1.70044672 
3.74472161 14.61996890 -10.06251031 7.75591974 -6.34775740 4.97124099 -4.52607960 3.69911575 -2.97915513 2.27479709 -2.12968147 1.28424317 -1.92812930 
3.43864040 14.29198502 -9.62772296 7.26116150 -5.82782652 4.45092624 -4.02346724 3.22663646 -2.54482121 1.88295255 -1.78240370 0.98168309 -1.66933091 
3.26042664 15.60766083 -11.43338184 9.38644954 -8.13669603 6.83748107 -6.40311336 5.53402957 -4.73084700 3.91296531 -3.63212819 2.63633186 -3.12104107 
3.27216826 15.60768800 -11.43342081 9.38649735 -8.13675004 6.83753899 -6.40317316 5.53408950 -4.73090557 3.91302130 -3.63218061 2.63637996 -3.12108427 
3.47723837 14.14276214 -9.43327424 7.04352273 -5.60277316 4.22917825 -3.81247228 3.03117125 -2.36765533 1.72524256 -1.64439687 0.86287660 -1.56886586 
3.65302064 15.60370564 -11.42770981 9.37949301 -8.12883799 6.82905501 -6.39441430 5.52531244 -4.72232801 3.90482184 -3.62450435 2.62933829 -3.11475882 
3.67228198 15.60382530 -11.42788139 9.37970343 -8.12907565 6.82930982 -6.39467734 5.52557600 -4.72258555 3.90506801 -3.62473479 2.62954967 -3.11494868 
3.53299952 14.38277423 -9.74705701 7.39584426 -5.96823034 4.59034894 -4.15713391 3.35137195 -2.65867647 1.98498008 -1.87224860 1.05948639 -1.73549551 
3.36369921 15.60788925 -11.43370946 9.38685140 -8.13715003 6.83796794 -6.40361605 5.53453337 -4.73133939 3.91343604 -3.63256892 2.63673619 -3.12140430 
3.55971088 14.22963891 -9.54622576 7.16966946 -5.73294001 4.35717031 -3.93401477 3.14354998 -2.46932279 1.81558485 -1.72331941 0.93071154 -1.62614145 
3.72897742 15.60416448 -11.42836775 9.38029986 -8.12974931 6.83003211 -6.39542297 5.52632312 -4.72331563 3.90576585 -3.62538806 2.63014890 -3.11548693 
3.74752430 15.60427135 -11.42852098 9.38048778 -8.12996157 6.83025969 -6.39565791 5.52655853 -4.72354567 3.90598573 -3.62559390 2.63033771 -3.11565653 
3.91840855 14.51242536 -9.91882370 7.59118313 -6.17337884 4.79551855 -4.35519554 3.53743830 -2.82960963 2.13909267 -2.00874705 1.17833553 -1.83709336 
3.80912121 12.87725783 -7.86793179 5.37613911 -3.95877179 2.68076186 -2.40140699 1.77676802 -1.27440042 0.78676357 -0.85046977 0.20026218 -1.02475223 
3.65827076 14.32798108 -9.67494323 7.31435406 -5.88317602 4.50579107 -4.07597599 3.27555462 -2.58940022 1.92283931 -1.81747666 1.01201378 -1.69509059 
3.82003830 15.60467070 -11.42909364 9.38119008 -8.13075482 6.83111023 -6.39653594 5.52743834 -4.72440543 3.90680756 -3.62636324 2.63104342 -3.11629043 
3.83776333 15.60476401 -11.42922744 9.38135417 -8.13094017 6.83130896 -6.39674111 5.52764391 -4.72460633 3.90699959 -3.62654302 2.63120832 -3.11643855 
4.00119067 14.58120405 -10.01059097 7.69625495 -6.28445718 4.90731411 -4.46378204 3.64005485 -2.92441939 2.22503563 -2.08525833 1.24527575 -1.89458110 
4.02003388 14.81700540 -10.32861506 8.06417798 -6.67734939 5.30659354 -4.85526209 4.01339082 -3.27238855 2.54309632 -2.37066245 1.49684761 -2.11217517 
4.04133770 14.61325615 -10.05350944 7.74556483 -6.33675995 4.96012340 -4.51523472 3.68882456 -2.96960889 2.26611089 -2.12192075 1.27743029 -1.92225957 
4.05983583 14.84254694 -10.36337982 8.10475118 -6.72104452 5.35136057 -4.89949954 4.05589714 -3.31229423 2.57982242 -2.40383209 1.52626415 -2.13776682 
3.94093616 15.60527558 -11.42996104 9.38225386 -8.13195642 6.83239863 -6.39786604 5.52877115 -4.72570791 3.90805258 -3.62752879 2.63211257 -3.11725081 
3.95762581 15.60535350 -11.43007278 9.38239091 -8.13211122 6.83256462 -6.39803740 5.52894286 -4.72587572 3.90821299 -3.62767896 2.63225033 -3.11737455 
3.97417735 15.60542950 -11.43018178 9.38252459 -8.13226221 6.83272653 -6.39820456 5.52911036 -4.72603940 3.90836946 -3.62782544 2.63238470 -3.11749526 
3.99059303 15.60550366 -11.43028812 9.38265501 -8.13240953 6.83288450 -6.39836764 5.52927378 -4.72619911 3.90852212 -3.62796836 2.63251580 -3.11761303 
4.00687508 15.60557602 -11.43039189 9.38278227 -8.13255329 6.83303865 -6.39852678 5.52943325 -4.72635495 3.90867110 -3.62810783 2.63264374 -3.11772795 
4.02302564 15.60564664 -11.43049317 9.38290649 -8.13269361 6.83318910 -6.39868211 5.52958891 -4.72650707 3.90881651 -3.62824396 2.63276862 -3.11784012 
4.03904683 15.60571559 -11.43059204 9.38302775 -8.13283058 6.83333598 -6.39883374 5.52974086 -4.72665556 3.90895846 -3.62837685 2.63289052 -3.11794963 
4.18697574 14.72265909 -10.20073694 7.91553179 -6.51788603 5.14382554 -4.69499723 3.85993069 -3.12879652 2.41136161 -2.25204025 1.39194366 -2.02115622 
4.32020005 15.60273628 -11.42631989 9.37778858 -8.12691296 6.82699110 -6.39228380 5.52317777 -4.72024209 3.90282809 -3.62263801 2.62762641 -3.11322119 
4.34088934 15.60288449 -11.42653239 9.37804916 -8.12720725 6.82730662 -6.39260949 5.52350409 -4.72056096 3.90313286 -3.62292330 2.62788809 -3.11345623 
4.24780121 14.95391013 -10.51568123 8.28331192 -6.91419658 5.55009230 -5.09668756 4.24611993 -3.49155918 2.74540021 -2.55388901 1.65977303 -2.25427443 
4.26670527 14.77816974 -10.27587433 8.00275782 -6.61134101 5.23910100 -4.78869677 3.94954951 -3.21256044 2.48812854 -2.32109753 1.45295762 -2.07404719 
4.39503676 15.60325822 -11.42706826 9.37870629 -8.12794943 6.82810233 -6.39343087 5.52432707 -4.72136513 3.90390149 -3.62364281 2.62854805 -3.11404901 
4.30441216 14.98459837 -10.55785776 8.33299327 -6.96818216 5.60587933 -5.15227380 4.29995951 -3.54249404 2.79261881 -2.59683038 1.69810413 -2.28782865 
4.19994804 15.60635019 -11.43150213 9.38414396 -8.13409147 6.83468804 -6.40022964 5.53113967 -4.72802261 3.91026526 -3.62960029 2.63401283 -3.11895780 
3.97277446 13.10272519 -8.13593983 5.65067749 -4.21916090 2.91692456 -2.60877290 1.95452106 -1.42392028 0.91090680 -0.95223935 0.28277611 -1.09064550 
3.50637622 14.23557199 -9.55396553 7.17834139 -5.74191649 4.36602351 -3.94244651 3.15136812 -2.47641507 1.82190334 -1.72885269 0.93547835 -1.63017505 
3.31081648 15.60777522 -11.43354591 9.38665080 -8.13692340 6.83772490 -6.40336511 5.53428188 -4.73109359 3.91320105 -3.63234890 2.63653435 -3.12122297 
3.10885521 13.69993706 -8.86856368 6.42442970 -4.97534492 3.62277193 -3.24613491 2.51587560 -1.90860755 1.32319529 -1.29793249 0.56884558 -1.32359596 
2.24070711 4.63394703 -1.20620718 0.34120178 -0.23473187 -0.11284803 -0.30666749 0.20493005 -0.09985781 -0.11516297 -0.15695884 -0.34680712 -0.60528274 
2.93816234 -3.57489735 -0.53076315 -0.15174588 -0.15512067 -0.23162699 -0.25679425 0.15739676 -0.10308024 -0.15193483 -0.15288784 -0.38278075 -0.58353309 
4.13532220 11.15436981 -5.97331498 3.57269070 -2.36409245 1.32551876 -1.28222144 0.87113123 -0.55255947 0.21491920 -0.40065498 -0.15226638 -0.75205093 
3.79801273 1.42152004 -0.23726729 0.01879754 -0.12998216 -0.17856841 -0.26799477 0.17923338 -0.09148475 -0.13065339 -0.14761966 -0.36396395 -0.59245363 
4.72732286 -1.21760323 -0.11922642 -0.04185598 -0.12675715 -0.20483385 -0.25658587 0.16782163 -0.09471046 -0.14067662 -0.14769869 -0.37410654 -0.58637193 
5.95240193 11.17600501 -5.99543810 3.59229666 -2.38023843 1.33833963 -1.29213312 0.87865730 -0.55820344 0.21916439 -0.40384922 -0.14984300 -0.75386822 
6.10886016 13.78979861 -8.98167322 6.54687149 -5.09790302 3.73980981 -3.35416574 2.61305527 -1.99422836 1.39740574 -1.36125360 0.62208931 -1.36761722 
5.25443365 4.79290930 -1.27771033 0.37131248 -0.24688914 -0.10653909 -0.31020471 0.20708802 -0.10092279 -0.11404655 -0.15781909 -0.34569054 -0.60615812 
2.61310409 0.42722130 -0.12102604 -0.01061849 -0.12535968 -0.18905613 -0.26233911 0.17455327 -0.09193616 -0.13435275 -0.14695936 -0.36800145 -0.58979533 
2.08536313 0.61663215 -0.13647920 -0.00623800 -0.12583092 -0.18715668 -0.26328202 0.17539193 -0.09177389 -0.13365194 -0.14701912 -0.36725928 -0.59026540 
3.87430350 7.81420514 -3.06030546 1.33346419 -0.74453708 0.17199759 -0.47118920 0.30387186 -0.15717358 -0.07032256 -0.19136492 -0.31243414 -0.63229677 
4.17323085 13.46195795 -8.57265579 6.10785459 -4.66208005 3.32688421 -2.97590783 2.27527574 -1.69870810 1.14293890 -1.14545168 0.44165025 -1.21923044 
3.62856619 12.42438724 -7.34372695 4.85270255 -3.47450064 2.25179408 -2.03321290 1.46796290 -1.01999158 0.57947471 -0.68342996 0.06683909 -0.91970305 
2.70272308 7.00154118 -2.50157607 0.99234511 -0.54832666 0.05633768 -0.40224502 0.26189083 -0.13169836 -0.08868971 -0.17758117 -0.32468668 -0.62274730 
1.84357488 12.06677926 -6.94303848 4.46496150 -3.12660029 1.95245859 -1.78338740 1.26399191 -0.85620196 0.44903452 -0.58044788 -0.01401388 -0.85707156 
2.76708391 10.50904074 -5.33279999 3.02086534 -1.92185291 0.98294780 -1.02343471 0.67878641 -0.41113529 0.11010027 -0.32265200 -0.21115301 -0.70811973 
3.34952165 14.13445326 -9.42250884 7.03153968 -5.59044831 4.21709714 -3.80103471 3.02062706 -2.35814317 1.71681263 -1.63705122 0.85657795 -1.56355980 
3.34442911 14.06148095 -9.32824151 6.92690822 -5.48313021 4.11218108 -3.70196350 2.92952215 -2.27615275 1.64431527 -1.57401424 0.80263426 -1.51820416 
3.53965168 12.24452827 -7.14074338 4.65492020 -3.29585260 2.09711867 -1.90334700 1.36132997 -0.93390495 0.51059492 -0.62882557 0.02382521 -0.88627872 
4.12262438 13.19860630 -8.25133286 5.77030155 -4.33394735 3.02219288 -2.70220129 2.03543805 -1.49266059 0.96849972 -0.99984845 0.32166572 -1.12192220 
4.58702003 13.78226606 -8.97216295 6.53654625 -5.08753833 3.72988472 -3.34498003 2.60477091 -1.98691126 1.39104903 -1.35581778 0.61750933 -1.36382322 
4.51944659 12.71516399 -7.67814466 5.18454325 -3.77962199 2.52047475 -2.26250370 1.65919994 -1.17669899 0.70653730 -0.78536680 0.14794794 -0.98332948 
3.54266716 4.49673689 -1.14627654 0.31656040 -0.22500707 -0.11791275 -0.30381571 0.20317844 -0.09901288 -0.11608257 -0.15625681 -0.34774242 -0.60455137 
1.91706420 -12.58958948 -6.62321177 -4.21529810 -2.86064032 -2.08246010 -1.49984803 -0.72532234 -0.74206961 -0.62755167 -0.49664130 -0.63405125 -0.74330936 
1.69684095 7.49177593 -2.83163214 1.18991429 -0.65979233 0.12115669 -0.44048855 0.28501834 -0.14560751 -0.07856563 -0.18522857 -0.31775634 -0.62816794 
2.77116384 -4.50293437 -0.82671248 -0.24891302 -0.18694285 -0.24874634 -0.26129595 0.15167231 -0.10825945 -0.15771654 -0.15652779 -0.38662291 -0.58322580 
3.93788077 11.22882292 -6.04962447 3.64046891 -2.42003097 1.37002680 -1.31669578 0.89735488 -0.57225811 0.22975520 -0.41182963 -0.14378358 -0.75841577 
4.52577689 13.70221273 -8.87141878 6.42751067 -4.97841937 3.62569924 -3.24882921 2.51829255 -1.91073133 1.32503142 -1.29949550 0.57015696 -1.32467792 
4.54798726 14.03103038 -9.28905288 6.88356894 -5.43883543 4.06902515 -3.66134649 2.89229074 -2.24274955 1.61486567 -1.54847825 0.78083832 -1.49992352 
3.65306616 1.50240553 -0.25054020 0.02205676 -0.13064047 -0.17764132 -0.26853636 0.17964972 -0.09149391 -0.13034677 -0.14771203 -0.36361813 -0.59269153 
