8.64356717 1.19920779 -0.20374537 0.01062487 -0.12842794 -0.18104592 -0.26657315 0.17812053 -0.09149689 -0.13148932 -0.14739650 -0.36489959 -0.59181723 
3.98340551 13.27192655 -8.34014743 5.86294979 -4.42339273 3.10470118 -2.77584416 2.09956740 -1.54742497 1.01460491 -1.03813200 0.35306393 -1.14727105 
3.55129085 14.45851489 -9.84720772 7.50952756 -6.08740667 4.70932978 -4.27179824 3.45891506 -2.75731639 2.07377975 -1.95078658 1.12777727 -1.79379849 
3.21164880 14.05127926 -9.31510265 6.91236741 -5.46825851 4.09768208 -3.68830867 2.91699767 -2.26490929 1.63439695 -1.56540936 0.79528598 -1.51203806 
3.00984111 15.60699805 -11.43243126 9.38528358 -8.13537885 6.83606855 -6.40165494 5.53256801 -4.72941855 3.91159972 -3.63084965 2.63515895 -3.11998739 
3.02314478 15.60703756 -11.43248792 9.38535308 -8.13545736 6.83615275 -6.40174187 5.53265513 -4.72950369 3.91168112 -3.63092585 2.63522886 -3.12005019 
3.25498025 13.88671357 -9.10450753 6.68073023 -5.23276352 3.86940342 -3.47451385 2.72195246 -2.09071711 1.48148101 -1.43335183 0.68299534 -1.41819766 
3.44946053 15.60229027 -11.42568041 9.37700444 -8.12602735 6.82604164 -6.39130374 5.52219583 -4.71928262 3.90191103 -3.62177959 2.62683905 -3.11251400 
3.47077452 15.60245227 -11.42591268 9.37728924 -8.12634901 6.82638648 -6.39165969 5.52255246 -4.71963109 3.90224410 -3.62209136 2.62712501 -3.11277084 
3.31696766 14.16699093 -9.46470339 7.07854663 -5.63883604 4.26456570 -3.84600941 3.06211980 -2.39560176 1.75003205 -1.66601654 0.88142978 -1.58450743 
3.12650362 15.60732727 -11.43290344 9.38586274 -8.13603311 6.83677017 -6.40237935 5.53329397 -4.73012805 3.91227800 -3.63148469 2.63574152 -3.12051073 
2.93147252 13.62242870 -8.77160886 6.32010405 -4.87153047 3.52418989 -3.15563527 2.43489536 -1.83762160 1.26196213 -1.24591835 0.52529044 -1.28772776 
2.93914285 13.54827028 -8.67936870 6.22139265 -4.77382542 3.43188316 -3.07131635 2.35980735 -1.77210443 1.20569029 -1.19831231 0.48557549 -1.25513884 
3.15152977 15.60739304 -11.43299776 9.38597843 -8.13616382 6.83691033 -6.40252406 5.53343900 -4.73026980 3.91241351 -3.63161156 2.63585791 -3.12061529 
2.95887402 13.65976609 -8.81824405 6.37021200 -4.92132240 3.57140797 -3.19892488 2.47358193 -1.87149182 1.29114516 -1.27068076 0.54600495 -1.30477002 
2.96643084 13.58654016 -8.72690580 6.27219875 -4.82404976 3.47927471 -3.11455561 2.39826880 -1.80562646 1.23445218 -1.22262130 0.50583695 -1.27175058 
2.97243699 13.67804203 -8.84111849 6.39483903 -4.94584191 3.59470361 -3.22032119 2.49273677 -1.88829032 1.30564190 -1.28299985 0.55632438 -1.31327118 
2.72585175 15.60999040 -11.43672330 9.39054849 -8.14132701 6.84244765 -6.40824168 5.53916935 -4.73587069 3.91776822 -3.63662521 2.64045763 -3.12474762 
2.72585175 15.60999040 -11.43672330 9.39054849 -8.14132701 6.84244765 -6.40824168 5.53916935 -4.73587069 3.91776822 -3.63662521 2.64045763 -3.12474762 
2.97993828 13.60527638 -8.75022882 6.29717700 -4.84879165 3.50266613 -3.13593747 2.41732243 -1.82226202 1.24874868 -1.23472283 0.51593767 -1.28004294 
3.58790218 12.22017856 -7.11348982 4.62857653 -3.27224284 2.07682796 -1.88643195 1.34753560 -0.92284071 0.50179285 -0.62188320 0.01837929 -0.88206359 
4.03232862 14.56108158 -9.98369635 7.66541002 -6.25179650 4.87439174 -4.43175688 3.60974669 -2.89637810 2.19958338 -2.06257103 1.22540318 -1.87749557 
4.05828889 14.88305635 -10.41864458 8.16939177 -6.79080759 5.42298147 -4.97041331 4.12416596 -3.37650374 2.63901863 -2.45738413 1.57383072 -2.17920987 
3.42836486 7.90092398 -3.12337954 1.37398761 -0.76899498 0.18690762 -0.48030554 0.30952023 -0.16067354 -0.06784712 -0.19319537 -0.31087833 -0.63349815 
2.03683148 11.79804541 -6.64958933 4.18795764 -2.88400979 1.74845134 -1.61681920 1.13081610 -0.75136530 0.36697272 -0.51663084 -0.06352216 -0.81915009 
1.99857174 12.11612328 -6.99763391 4.51715161 -3.17287058 1.99182008 -1.81588048 1.29024358 -0.87707200 0.46550952 -0.59335405 -0.00394467 -0.86482528 
2.59734948 13.12056122 -8.15734121 5.67279937 -4.24032810 2.93628400 -2.62590979 1.96932543 -1.43646621 0.92139458 -0.96089101 0.28983001 -1.09630844 
2.83074470 15.60999040 -11.43672330 9.39054849 -8.14132701 6.84244765 -6.40824168 5.53916935 -4.73587069 3.91776822 -3.63662521 2.64045763 -3.12474762 
2.83074470 15.60999040 -11.43672330 9.39054849 -8.14132701 6.84244765 -6.40824168 5.53916935 -4.73587069 3.91776822 -3.63662521 2.64045763 -3.12474762 
2.83074470 15.60999040 -11.43672330 9.39054849 -8.14132701 6.84244765 -6.40824168 5.53916935 -4.73587069 3.91776822 -3.63662521 2.64045763 -3.12474762 
2.59031590 13.00742186 -8.02208327 5.53348136 -4.10748104 2.81518148 -2.51905032 1.87729259 -1.35870130 0.85656133 -0.90754067 0.24642840 -1.06153848 
2.58102357 13.09373404 -8.12516252 5.63954845 -4.20852248 2.90720376 -2.60017582 1.94710058 -1.41763706 0.90565835 -0.94791282 0.27925083 -1.08781709 
2.57394269 12.97957416 -7.98897242 5.49955573 -4.07529721 2.78598687 -2.49341176 1.85531258 -1.34021057 0.84120772 -0.89495350 0.23622253 -1.05338822 
2.24401773 15.60356159 -11.42750325 9.37923971 -8.12855190 6.82874827 -6.39409765 5.52499517 -4.72201797 3.90452549 -3.62422694 2.62908384 -3.11453026 
2.22434592 15.60343414 -11.42732050 9.37901560 -8.12829878 6.82847688 -6.39381751 5.52471447 -4.72174369 3.90426332 -3.62398152 2.62885873 -3.11432806 
2.53124597 13.01055137 -8.02580871 5.53730290 -4.11111047 2.81847735 -2.52194776 1.87977906 -1.36079506 0.85830141 -0.90896837 0.24758684 -1.06246423 
2.52401959 12.89323743 -7.88677223 5.39528706 -3.97679323 2.69698631 -2.41555143 1.78880901 -1.28446186 0.79506669 -0.85723842 0.20572291 -1.02909242 
2.51437963 12.98188808 -7.99172094 5.50236920 -4.07796374 2.78840358 -2.49553227 1.85712900 -1.34173742 0.84247461 -0.89599141 0.23706359 -1.05405950 
2.50710352 12.86349080 -7.85171888 5.35968002 -3.94329795 2.66684549 -2.38928693 1.76646037 -1.26579534 0.77966829 -0.84469022 0.19560260 -1.02105119 
2.16414222 15.60302820 -11.42673845 9.37830184 -8.12749264 6.82761259 -6.39292532 5.52382054 -4.72087017 3.90342841 -3.62319996 2.62814185 -3.11368416 
2.14366476 15.60288449 -11.42653239 9.37804916 -8.12720725 6.82730662 -6.39260949 5.52350409 -4.72056096 3.90313286 -3.62292330 2.62788809 -3.11345623 
2.12297547 15.60273628 -11.42631989 9.37778858 -8.12691296 6.82699110 -6.39228380 5.52317777 -4.72024209 3.90282809 -3.62263801 2.62762641 -3.11322119 
2.10206993 15.60258339 -11.42610068 9.37751978 -8.12660937 6.82666562 -6.39194783 5.52284115 -4.71991318 3.90251371 -3.62234373 2.62735649 -3.11297875 
2.08094356 15.60242563 -11.42587448 9.37724240 -8.12629610 6.82632977 -6.39160115 5.52249381 -4.71957378 3.90218932 -3.62204008 2.62707798 -3.11272860 
2.41014531 12.79927529 -7.77632486 5.28336579 -3.87175724 2.60268088 -2.33355176 1.71917971 -1.22641984 0.74727287 -0.81835521 0.17440831 -1.00424505 
2.17048072 8.22447799 -3.36459672 1.53256943 -0.86685197 0.24757221 -0.51790151 0.33305176 -0.17541089 -0.05748260 -0.20081191 -0.30452876 -0.63837651 
1.66846847 11.35787504 -6.18307899 3.76002209 -2.51952597 1.44980457 -1.37894226 0.94503029 -0.60830165 0.25703950 -0.43246352 -0.12808332 -0.77022294 
1.63846809 10.80544134 -5.62234009 3.26649025 -2.11572878 1.13102945 -1.13381547 0.75980635 -0.47001121 0.15336100 -0.35464031 -0.18706244 -0.72604348 
1.59037494 11.16125400 -5.98034985 3.57892126 -2.36922035 1.32958834 -1.28536591 0.87351769 -0.55434830 0.21626420 -0.40166672 -0.15149892 -0.75262636 
1.92645974 15.60116543 -11.42406771 9.37502699 -8.12379415 6.82364753 -6.38883257 5.51972001 -4.71686352 3.89959897 -3.61961542 2.62485410 -3.11073120 
2.28141718 12.56038142 -7.49916810 5.00602476 -3.61465154 2.37451652 -2.13737634 1.55438542 -1.09045547 0.63635144 -0.72887371 0.10287165 -0.94787567 
2.27343354 12.42623723 -7.34583013 4.85476632 -3.47637757 2.25342969 -2.03459473 1.46910427 -1.02091823 0.58021984 -0.68402329 0.06730819 -0.92006883 
1.88003755 15.60074733 -11.42346830 9.37429205 -8.12296419 6.82275780 -6.38791424 5.51879999 -4.71596461 3.89873987 -3.61881129 2.62411659 -3.11006882 
1.47771154 10.35254234 -5.18310411 2.89640304 -1.82551648 0.91066310 -0.97044004 0.64047891 -0.38368939 0.09012903 -0.30798268 -0.22218794 -0.69992556 
1.42490839 10.72141546 -5.53945772 3.19552670 -2.05921431 1.08751377 -1.10113402 0.73565156 -0.45234601 0.14032244 -0.34496852 -0.19435269 -0.72061331 
2.18425395 12.36991889 -7.28194385 4.79220944 -3.41960113 2.20404907 -1.99295429 1.43477139 -0.99309158 0.55787783 -0.66625709 0.05327751 -0.90914006 
2.17596494 12.22875873 -7.12308707 4.63784763 -3.28054678 2.08396046 -1.89237459 1.35237934 -0.92672386 0.50488071 -0.62431772 0.02028845 -0.88354083 
2.16425751 12.32960865 -7.23639464 4.74777523 -3.37942027 2.16922333 -1.96368522 1.41071581 -0.97365385 0.54231328 -0.65390998 0.04354594 -0.90157420 
2.15590500 12.18697060 -7.07640868 4.59281428 -3.24026246 2.04940051 -1.86361309 1.32896209 -0.90797016 0.48998144 -0.61258032 0.01108994 -0.87642765 
1.73393340 15.59929817 -11.42139085 9.37174501 -8.12008801 6.81967466 -6.38473215 5.51561218 -4.71285009 3.89576338 -3.61602539 2.62156156 -3.10777414 
1.70851036 15.59902381 -11.42099757 9.37126285 -8.11954357 6.81909108 -6.38412986 5.51500883 -4.71226064 3.89520007 -3.61549817 2.62107805 -3.10733991 
1.68276000 15.59873877 -11.42058898 9.37076193 -8.11897796 6.81848481 -6.38350417 5.51438205 -4.71164830 3.89461490 -3.61495049 2.62057579 -3.10688884 
1.24269307 9.63094824 -4.52123439 2.36745594 -1.43137861 0.62472527 -0.76716548 0.49756461 -0.28386201 0.01858861 -0.25590329 -0.26148679 -0.67074794 
1.18209199 10.01547227 -4.86813717 2.64028384 -1.63149067 0.76785496 -0.86758525 0.56732245 -0.33204862 0.05290362 -0.28079910 -0.24265324 -0.68473935 
1.57630943 15.59747997 -11.41878463 9.36854998 -8.11648044 6.81580786 -6.38074158 5.51161476 -4.70894487 3.89203150 -3.61253270 2.61835854 -3.10489767 
1.11491699 9.20693419 -4.15400232 2.08958506 -1.23503787 0.48877983 -0.67453820 0.43486390 -0.24156519 -0.01121467 -0.23436282 -0.27796559 -0.65845324 
1.04956715 9.59776088 -4.49191300 2.34485063 -1.41511665 0.61329090 -0.75926698 0.49215363 -0.28017177 0.01597713 -0.25401372 -0.26292332 -0.66967882 
1.93045849 11.82901751 -6.68307562 4.21926551 -2.91117196 1.77109218 -1.63514868 1.14535276 -0.76272109 0.37580334 -0.52345941 -0.05824735 -0.82317409 
1.92135052 11.66820508 -6.51015563 4.05843860 -2.77234931 1.65592631 -1.54233434 1.07205869 -0.70569541 0.33160843 -0.48938211 -0.08451573 -0.80317411 
1.90783286 11.77762256 -6.62755623 4.16740059 -2.86621089 1.73364330 -1.60485267 1.12134203 -0.74397633 0.36123470 -0.51219890 -0.06694272 -0.81654276 
2.22102388 15.60999040 -11.43672330 9.39054849 -8.14132701 6.84244765 -6.40824168 5.53916935 -4.73587069 3.91776822 -3.63662521 2.64045763 -3.12474762 
2.22102388 15.60999040 -11.43672330 9.39054849 -8.14132701 6.84244765 -6.40824168 5.53916935 -4.73587069 3.91776822 -3.63662521 2.64045763 -3.12474762 
2.22102388 15.60999040 -11.43672330 9.39054849 -8.14132701 6.84244765 -6.40824168 5.53916935 -4.73587069 3.91776822 -3.63662521 2.64045763 -3.12474762 
1.89865082 11.61496117 -6.45341931 4.00612823 -2.72757854 1.61907981 -1.51286423 1.04895404 -0.68784108 0.31785004 -0.47882437 -0.09262611 -0.79701916 
1.88495784 11.72511543 -6.57108277 4.11486557 -2.82085499 1.69601021 -1.57451894 1.09738482 -0.72533453 0.34678607 -0.50105731 -0.07553148 -0.81000333 
1.87570082 11.56056803 -6.39572338 3.95316679 -2.68244449 1.58208279 -1.48338638 1.02592653 -0.67010665 0.30422243 -0.46839147 -0.10062752 -0.79095626 
1.37519357 15.59470655 -11.41480978 9.36367780 -8.11097990 6.80991278 -6.37465854 5.50552197 -4.70299326 3.88634465 -3.60721086 2.61347848 -3.10051551 
1.34473789 15.59423626 -11.41413584 9.36285179 -8.11004745 6.80891354 -6.37362753 5.50448939 -4.70198468 3.88538101 -3.60630913 2.61265166 -3.09977309 
1.81478240 11.56056803 -6.39572338 3.95316679 -2.68244449 1.58208279 -1.48338638 1.02592653 -0.67010665 0.30422243 -0.46839147 -0.10062752 -0.79095626 
2.14020480 15.60999040 -11.43672330 9.39054849 -8.14132701 6.84244765 -6.40824168 5.53916935 -4.73587069 3.91776822 -3.63662521 2.64045763 -3.12474762 
2.14020480 15.60999040 -11.43672330 9.39054849 -8.14132701 6.84244765 -6.40824168 5.53916935 -4.73587069 3.91776822 -3.63662521 2.64045763 -3.12474762 
1.80529486 11.39012878 -6.21666786 3.79031512 -2.54490181 1.47027515 -1.39500618 0.95740026 -0.61770079 0.26418311 -0.43788337 -0.12395124 -0.77333629 
1.79085493 11.50325176 -6.33521649 3.89787919 -2.63553808 1.54379281 -1.45299906 1.00227732 -0.65195742 0.29031645 -0.45777101 -0.10875946 -0.78480398 
1.78128870 11.33076658 -6.15492105 3.73468983 -2.49835668 1.43276553 -1.36559948 0.93477621 -0.60052479 0.25113772 -0.42799127 -0.13149037 -0.76765771 
1.76664974 11.44463537 -6.27364434 3.84188650 -2.58825405 1.50536156 -1.42262506 0.97873026 -0.63395247 0.27656217 -0.44729219 -0.11676984 -0.77875308 
1.75700390 11.27006110 -6.09210602 3.67838513 -2.45147234 1.39515316 -1.33623845 0.91227823 -0.58350890 0.23825289 -0.41824462 -0.13890763 -0.76207890 
1.74216063 11.38467634 -6.21098313 3.78518247 -2.54059763 1.46679950 -1.39227612 0.95529610 -0.61610063 0.26296612 -0.43695953 -0.12465582 -0.77280525 
1.73243428 11.20796846 -6.02819963 3.62139637 -2.40425556 1.35744951 -1.30693523 0.88991701 -0.56666160 0.22553468 -0.40864742 -0.14620064 -0.75660117 
1.71738120 11.32333031 -6.14720848 3.72776122 -2.49257482 1.42811780 -1.36196447 0.93198590 -0.59841089 0.24953490 -0.42677754 -0.13241462 -0.76696211 
1.70757343 11.14444284 -5.96317826 3.56371931 -2.35671389 1.31966677 -1.27770245 0.86770355 -0.54999151 0.21298917 -0.39920364 -0.15336712 -0.75122576 
1.69230484 11.26055095 -6.08229551 3.66961726 -2.44419232 1.38932837 -1.33170294 0.90881109 -0.58089241 0.23627512 -0.41675064 -0.14004359 -0.76122519 
2.03436000 15.60999040 -11.43672330 9.39054849 -8.14132701 6.84244765 -6.40824168 5.53916935 -4.73587069 3.91776822 -3.63662521 2.64045763 -3.12474762 
2.39060427 12.65172539 -7.60452445 5.11085593 -3.71129629 2.45982926 -2.21035286 1.61538592 -1.14054639 0.67704153 -0.76157119 0.12892401 -0.96833891 
2.39822847 12.77778855 -7.75118237 5.25799878 -3.84805213 2.58148390 -2.31519308 1.70364951 -1.21352090 0.73668638 -0.80976835 0.16751111 -0.99878599 
2.40850769 12.68506325 -7.64316687 5.14948917 -3.74707831 2.49155524 -2.23760681 1.63826034 -1.15940303 0.69241289 -0.77396233 0.13882372 -0.97613476 
2.41607778 12.80992476 -7.78880196 5.29596962 -3.88354932 2.61323721 -2.34270457 1.72693049 -1.23286387 0.75256647 -0.82265249 0.17786251 -1.00698090 
2.07737241 15.60999040 -11.43672330 9.39054849 -8.14132701 6.84244765 -6.40824168 5.53916935 -4.73587069 3.91776822 -3.63662521 2.64045763 -3.12474762 
2.07737241 15.60999040 -11.43672330 9.39054849 -8.14132701 6.84244765 -6.40824168 5.53916935 -4.73587069 3.91776822 -3.63662521 2.64045763 -3.12474762 
2.07737241 15.60999040 -11.43672330 9.39054849 -8.14132701 6.84244765 -6.40824168 5.53916935 -4.73587069 3.91776822 -3.63662521 2.64045763 -3.12474762 
2.07737241 15.60999040 -11.43672330 9.39054849 -8.14132701 6.84244765 -6.40824168 5.53916935 -4.73587069 3.91776822 -3.63662521 2.64045763 -3.12474762 
2.07737241 15.60999040 -11.43672330 9.39054849 -8.14132701 6.84244765 -6.40824168 5.53916935 -4.73587069 3.91776822 -3.63662521 2.64045763 -3.12474762 
2.07737241 15.60999040 -11.43672330 9.39054849 -8.14132701 6.84244765 -6.40824168 5.53916935 -4.73587069 3.91776822 -3.63662521 2.64045763 -3.12474762 
2.42625590 12.71782491 -7.68124071 5.18764993 -3.78250968 2.52304384 -2.26471790 1.66106419 -1.17824042 0.70779725 -0.78638497 0.14876313 -0.98397273 
2.69225281 15.60588093 -11.43082916 9.38331858 -8.13315910 6.83368825 -6.39919743 5.53010529 -4.72701172 3.90929892 -3.62869559 2.63318291 -3.11821228 
2.45131541 12.87253886 -7.86237247 5.37049346 -3.95346233 2.67598529 -2.39724570 1.77322796 -1.27144426 0.78432545 -0.84848330 0.19866032 -1.02347965 
2.11947923 15.60999040 -11.43672330 9.39054849 -8.14132701 6.84244765 -6.40824168 5.53916935 -4.73587069 3.91776822 -3.63662521 2.64045763 -3.12474762 
2.11947923 15.60999040 -11.43672330 9.39054849 -8.14132701 6.84244765 -6.40824168 5.53916935 -4.73587069 3.91776822 -3.63662521 2.64045763 -3.12474762 
2.46129705 12.78167478 -7.75572665 5.26258059 -3.85233098 2.58530765 -2.31850285 1.70644773 -1.21584374 0.73859184 -0.81131320 0.16875148 -0.99976736 
2.46870887 12.90304323 -7.89834520 5.40706033 -3.98788435 2.70698051 -2.42427195 1.79623891 -1.29067527 0.80019802 -0.86142425 0.20910190 -1.03177955 
2.47859501 12.81278949 -7.79216009 5.29936359 -3.88672629 2.61608260 -2.34517278 1.72902155 -1.23460311 0.75399576 -0.82381318 0.17879576 -1.00772028 
2.73864595 15.60606700 -11.43109600 9.38364584 -8.13352878 6.83408466 -6.39960669 5.53051542 -4.72741252 3.90968206 -3.62905429 2.63351196 -3.11850786 
2.75387423 15.60612622 -11.43118093 9.38375001 -8.13364645 6.83421084 -6.39973696 5.53064596 -4.72754010 3.90980401 -3.62916846 2.63361669 -3.11860195 
2.52001726 12.99149599 -8.00313869 5.51406196 -4.08905066 2.79845597 -2.50435617 1.86469040 -1.34809576 0.84775214 -0.90031648 0.24056930 -1.05685826 
2.20112322 15.60999040 -11.43672330 9.39054849 -8.14132701 6.84244765 -6.40824168 5.53916935 -4.73587069 3.91776822 -3.63662521 2.64045763 -3.12474762 
2.20112322 15.60999040 -11.43672330 9.39054849 -8.14132701 6.84244765 -6.40824168 5.53916935 -4.73587069 3.91776822 -3.63662521 2.64045763 -3.12474762 
2.52962728 12.90304323 -7.89834520 5.40706033 -3.98788435 2.70698051 -2.42427195 1.79623891 -1.29067527 0.80019802 -0.86142425 0.20910190 -1.03177955 
2.53683723 13.01999967 -8.03706168 5.54885155 -4.12208361 2.82844641 -2.53071538 1.88730618 -1.36713584 0.86357294 -0.91329500 0.25109849 -1.06527129 
2.22102388 15.60999040 -11.43672330 9.39054849 -8.14132701 6.84244765 -6.40824168 5.53916935 -4.73587069 3.91776822 -3.63662521 2.64045763 -3.12474762 
2.54635853 12.93213728 -7.93273457 5.44209608 -4.02093727 2.73680504 -2.45032989 1.81846849 -1.30928780 0.81558615 -0.87398974 0.21925443 -1.03986018 
2.55351958 13.04803194 -8.07049670 5.58321313 -4.15477744 2.85818739 -2.55690511 1.90981781 -1.38612156 0.87937399 -0.92627657 0.26164408 -1.07370802 
2.56295374 12.96075498 -7.96663690 5.47671052 -4.05366181 2.76639288 -2.47623146 1.84060619 -1.32785674 0.83096346 -0.88656534 0.22942867 -1.04796833 
2.81365368 15.60635019 -11.43150213 9.38414396 -8.13409147 6.83468804 -6.40022964 5.53113967 -4.72802261 3.91026526 -3.62960029 2.63401283 -3.11895780 
2.82832348 15.60640314 -11.43157807 9.38423710 -8.13419669 6.83480087 -6.40034612 5.53125640 -4.72813669 3.91037432 -3.62970239 2.63410649 -3.11904194 
3.08344113 13.66588672 -8.82590126 6.37845228 -4.92952320 3.57919625 -3.20607533 2.47998083 -1.87710148 1.29598449 -1.27479181 0.54944765 -1.30760530 
3.10052999 13.92129820 -9.14855463 6.72895529 -5.28157111 3.91651028 -3.51844582 2.76186767 -2.12622402 1.51253484 -1.46007515 0.70564374 -1.43706497 
3.12144360 13.71662863 -8.88951646 6.44705173 -4.99793044 3.64428703 -3.26594672 2.53365610 -1.92423816 1.33671445 -1.30944510 0.57850825 -1.33157093 
3.13825308 13.96635441 -9.20610666 6.79214437 -5.34569977 3.97856832 -3.57647014 2.81471801 -2.17335025 1.55384383 -1.49569935 0.73589574 -1.46231438 
3.15874568 13.76541610 -8.95090813 6.51349012 -5.06441374 3.70775899 -3.32451879 2.58633157 -1.97063686 1.37692044 -1.34374388 0.60734256 -1.35540607 
3.17528446 14.00965071 -9.26159021 6.85325297 -5.40790617 4.03894261 -3.63308075 2.86642268 -2.21957725 1.59446586 -1.53081385 0.76578055 -1.48730989 
2.96939075 15.60687465 -11.43225428 9.38506650 -8.13513362 6.83580558 -6.40138344 5.53229592 -4.72915263 3.91134551 -3.63061165 2.63494062 -3.11979125 
2.98296531 15.60691661 -11.43231447 9.38514033 -8.13521702 6.83589502 -6.40147578 5.53238846 -4.72924306 3.91143197 -3.63069259 2.63501487 -3.11985795 
2.99644835 15.60695774 -11.43237345 9.38521268 -8.13529875 6.83598266 -6.40156626 5.53247914 -4.72933169 3.91151669 -3.63077191 2.63508764 -3.11992332 
3.23134761 13.85752795 -9.06742384 6.64022093 -5.19185534 3.83000443 -3.43784589 2.68870346 -2.06119697 1.45570975 -1.41121222 0.66426146 -1.40261505 
3.24736951 14.09132610 -9.36673560 6.96956976 -5.52682251 4.15483466 -3.74218518 2.96646006 -2.30935228 1.67363503 -1.59947848 0.82440159 -1.53648706 
3.04948955 15.60711426 -11.43259794 9.38548802 -8.13560980 6.83631621 -6.40191065 5.53282426 -4.72966899 3.91183914 -3.63107381 2.63536459 -3.12017212 
3.27833972 13.91518241 -9.14075738 6.72040984 -5.27291392 3.90814686 -3.51063893 2.75476828 -2.11990330 1.50700239 -1.45531060 0.70160286 -1.43369643 
3.47077452 15.60245227 -11.42591268 9.37728924 -8.12634901 6.82638648 -6.39165969 5.52255246 -4.71963109 3.90224410 -3.62209136 2.62712501 -3.11277084 
3.31696766 14.16699093 -9.46470339 7.07854663 -5.63883604 4.26456570 -3.84600941 3.06211980 -2.39560176 1.75003205 -1.66601654 0.88142978 -1.58450743 
3.12650362 15.60732727 -11.43290344 9.38586274 -8.13603311 6.83677017 -6.40237935 5.53329397 -4.73012805 3.91227800 -3.63148469 2.63574152 -3.12051073 
3.13905584 15.60736046 -11.43295104 9.38592113 -8.13609908 6.83684091 -6.40245238 5.53336717 -4.73019959 3.91234639 -3.63154872 2.63580026 -3.12056350 
3.35803411 14.00951333 -9.26141389 6.85305847 -5.40770788 4.03874989 -3.63289979 2.86625718 -2.21942909 1.59433551 -1.53070105 0.76568444 -1.48722943 
3.54363403 15.60298078 -11.42667046 9.37821847 -8.12739848 6.82751163 -6.39282112 5.52371613 -4.72076815 3.90333089 -3.62310868 2.62805812 -3.11360895 
3.56397266 15.60312160 -11.42687237 9.37846607 -8.12767812 6.82781145 -6.39313060 5.52402622 -4.72107115 3.90362050 -3.62337978 2.62830678 -3.11383230 
3.58410655 15.60325822 -11.42706826 9.37870629 -8.12794943 6.82810233 -6.39343087 5.52432707 -4.72136513 3.90390149 -3.62364281 2.62854805 -3.11404901 
3.60403977 15.60339081 -11.42725837 9.37893942 -8.12821273 6.82838463 -6.39372228 5.52461906 -4.72165045 3.90417420 -3.62389810 2.62878221 -3.11425933 
3.78747445 14.39597372 -9.76447143 7.41556917 -5.98886496 4.61090813 -4.17690843 3.36988319 -2.67562418 2.00021065 -1.88569695 1.07116198 -1.74544871 
3.67171405 12.62715282 -7.57610723 5.08250819 -3.68509727 2.43664761 -2.19047823 1.59873668 -1.12684639 0.66589195 -0.75259662 0.12176305 -0.96270657 
3.31845730 15.60779207 -11.43357008 9.38668044 -8.13695689 6.83776082 -6.40340219 5.53431904 -4.73112991 3.91323578 -3.63238141 2.63656418 -3.12124977 
3.32986409 15.60781699 -11.43360582 9.38672428 -8.13700641 6.83781392 -6.40345703 5.53437399 -4.73118362 3.91328712 -3.63242949 2.63660828 -3.12128939 
3.71217010 12.47085554 -7.39664993 4.90472349 -3.52189175 2.29315836 -2.06821277 1.49691506 -1.04353028 0.59842623 -0.69853735 0.07879467 -0.92903363 
3.86115390 14.70777685 -10.18064257 7.89225975 -6.49300937 5.11852024 -4.67016362 3.83622758 -3.10668590 2.39113605 -2.23387843 1.37592423 -2.00729183 
3.57355809 14.42020458 -9.79648271 7.45187441 -6.02689229 4.64884220 -4.21343738 3.40411728 -2.70700091 2.02843745 -1.91064520 1.09284152 -1.76394636 
3.58978838 14.26027337 -9.58622447 7.21452407 -5.77940876 4.40303786 -3.97773298 3.18411739 -2.50615067 1.84841737 -1.75209061 0.95551256 -1.64714003 
3.75673363 15.60432368 -11.42859602 9.38057981 -8.13006551 6.83037115 -6.39577296 5.52667381 -4.72365833 3.90609342 -3.62569471 2.63043018 -3.11573958 
4.07581012 13.07462989 -8.10228796 5.61595198 -4.18598926 2.88663416 -2.58200121 1.93142759 -1.40437764 0.89459147 -0.93879666 0.27182783 -1.08186519 
4.09600737 13.39468578 -8.48996345 6.02036356 -4.57643883 3.24683317 -2.90353654 2.21146869 -1.64356701 1.09600179 -1.10607486 0.40905246 -1.19267770 
3.68105464 14.51492662 -9.92215312 7.59498663 -6.17739092 4.79954798 -4.35910127 3.54112198 -2.83300655 2.14216632 -2.01147866 1.18072156 -1.83913928 
3.69638284 14.36445471 -9.72291492 7.36852880 -5.93968529 4.56193713 -4.12983342 3.32583987 -2.63532241 1.96401048 -1.85374805 1.04343705 -1.72182392 
3.85533265 15.60485488 -11.42935775 9.38151398 -8.13112068 6.83150252 -6.39694092 5.52784414 -4.72480199 3.90718662 -3.62671811 2.63136893 -3.11658282 
3.87274897 15.60494341 -11.42948470 9.38166967 -8.13129654 6.83169108 -6.39713558 5.52803919 -4.72499261 3.90736883 -3.62688868 2.63152540 -3.11672337 
4.03337218 14.60696332 -10.04507551 7.73586644 -6.32646416 4.94971942 -4.50509001 3.67920150 -2.96068571 2.25799448 -2.11467152 1.27106846 -1.91678008 
3.92952964 13.08279410 -8.11205934 5.62602763 -4.19560708 2.89541052 -2.58975286 1.93810990 -1.41002898 0.89930684 -0.94267975 0.27498889 -1.08439917 
3.62539420 15.60837280 -11.43440301 9.38770215 -8.13811116 6.83899869 -6.40468033 5.53559998 -4.73238188 3.91443268 -3.63350206 2.63759227 -3.12217337 
3.47279361 14.26334019 -9.59023362 7.21902521 -5.78407720 4.40765095 -3.98213458 3.18820597 -2.50986604 1.85173277 -1.75499849 0.95802126 -1.64926580 
3.66606444 12.43876029 -7.36007540 4.86875239 -3.48910432 2.26452591 -2.04397385 1.47685498 -1.02721370 0.58528415 -0.68805728 0.07049854 -0.92255719 
3.94929839 15.60531478 -11.43001726 9.38232281 -8.13203430 6.83248215 -6.39795226 5.52885754 -4.72579233 3.90813328 -3.62760434 2.63218188 -3.11731307 
3.82782022 14.63416643 -10.08156132 7.77785224 -6.37106691 4.99482076 -4.54909572 3.72097030 -2.99943979 2.29326470 -2.14619030 1.29874301 -1.94062789 
3.11239024 6.41220737 -2.13291765 0.78586561 -0.43897640 -0.00481693 -0.36710881 0.24095085 -0.11944376 -0.09798781 -0.17041832 -0.33161257 -0.61728659 
2.79458818 7.72838325 -2.99853970 1.29416709 -0.72104039 0.15777197 -0.46253841 0.29853305 -0.15387975 -0.07265917 -0.18963229 -0.31391934 -0.63114757 
4.86718099 5.97129093 -1.87715324 0.65198705 -0.37250623 -0.04076436 -0.34685603 0.22896165 -0.11263185 -0.10345527 -0.16613989 -0.33604180 -0.61378019 
5.46882899 15.58458109 -11.40030404 9.34590426 -8.09092157 6.78842332 -6.35249136 5.48332637 -4.68131853 3.86564005 -3.58784038 2.59572051 -3.08457314 
4.79514499 -0.40987222 -0.09043856 -0.02652403 -0.12492558 -0.19716063 -0.25887286 0.17104483 -0.09304926 -0.13749200 -0.14705492 -0.37116816 -0.58790879 
4.77442223 0.01322937 -0.09821233 -0.01895780 -0.12483647 -0.19310921 -0.26048417 0.17278413 -0.09240756 -0.13589266 -0.14693378 -0.36958815 -0.58882411 
4.77859934 -1.39350002 -0.13308872 -0.04588087 -0.12748150 -0.20652435 -0.25622731 0.16712230 -0.09514800 -0.14140162 -0.14791147 -0.37473870 -0.58607363 
6.10694056 0.41347410 -0.12002703 -0.01092017 -0.12533153 -0.18919272 -0.26227301 0.17449318 -0.09194926 -0.13440366 -0.14695620 -0.36805490 -0.58976185 
6.85746259 15.40603961 -11.14608263 9.03619961 -7.74331609 6.41794769 -5.97222272 5.10436467 -4.31290628 3.51519958 -3.26128146 2.29745908 -2.81774406 
6.23892290 2.32920463 -0.41915689 0.06597174 -0.14098419 -0.16707842 -0.27491497 0.18433055 -0.09204190 -0.12709210 -0.14901555 -0.35989336 -0.59533160 
4.63661590 -6.08654147 -1.50666138 -0.52747598 -0.29805537 -0.30276919 -0.28221562 0.13559539 -0.12160644 -0.17081567 -0.16569152 -0.39464020 -0.58428270 
4.84787783 10.51531278 -5.33884519 3.02592803 -1.92579910 0.98592754 -1.02563212 0.68038337 -0.41228513 0.11093973 -0.32326995 -0.21068809 -0.70846515 
3.60631021 -5.35986253 -1.16724475 -0.37955524 -0.23593753 -0.27265837 -0.26977607 0.14438717 -0.11455247 -0.16415938 -0.16093874 -0.39065789 -0.58350067 
3.37185115 5.61200186 -1.68141745 0.55503880 -0.32683615 -0.06494575 -0.33336117 0.22096598 -0.10821099 -0.10720657 -0.16318433 -0.33927884 -0.61121659 
3.83664681 14.64098038 -10.09071144 7.78839383 -6.38227810 5.00616947 -4.56018027 3.73150199 -3.00922080 2.30217459 -2.15415944 1.30574593 -1.94666719 
3.53512525 14.32496751 -9.67098528 7.30989043 -5.87852623 4.50117707 -4.07155556 3.27143234 -2.58563997 1.91947178 -1.81451298 1.00944874 -1.69291043 
3.35434995 15.60999040 -11.43672330 9.39054849 -8.14132701 6.84244765 -6.40824168 5.53916935 -4.73587069 3.91776822 -3.63662521 2.64045763 -3.12474762 
2.99137694 10.87502168 -5.69145391 3.32606123 -2.16347879 1.16801501 -1.16174726 0.78055729 -0.48525974 0.16465506 -0.36303935 -0.18072573 -0.73076830 
1.85972777 6.68462633 -2.29951675 0.87725707 -0.48641250 0.02140571 -0.38206392 0.24983354 -0.12459521 -0.09401635 -0.17349568 -0.32857329 -0.61968735 
0.16261033 -12.01306468 -6.01751217 -3.66483762 -2.39699401 -1.70827675 -1.20725243 -0.49957925 -0.56963217 -0.49676481 -0.39865427 -0.56146072 -0.69070157 
-1.03738858 0.23251494 -0.10842283 -0.01471584 -0.12503244 -0.19097681 -0.26143194 0.17371130 -0.09213821 -0.13507495 -0.14692947 -0.36875336 -0.58932907 
1.99650833 -0.29414746 -0.09100386 -0.02449456 -0.12484262 -0.19605850 -0.25928534 0.17151516 -0.09285798 -0.13705104 -0.14700706 -0.37073957 -0.58815152 
3.83372303 7.60034056 -2.90760043 1.23701146 -0.68726294 0.13749461 -0.45028836 0.29100825 -0.14926186 -0.07594873 -0.18718420 -0.31604062 -0.62950220 
4.59236204 13.75230753 -8.93439112 6.49559251 -5.04648174 3.69061877 -3.30868343 2.57207445 -1.95806508 1.36601558 -1.33443235 0.59950766 -1.34892410 
4.71007367 15.24484589 -10.91911828 8.76261622 -7.43935470 6.09710344 -5.64593226 4.78206124 -4.00220727 3.22200062 -2.99010993 2.05152897 -2.59919515 
4.26002540 10.76322567 -5.58061962 3.23070442 -2.08717916 1.10901114 -1.11725428 0.74754899 -0.46103545 0.14672990 -0.34971817 -0.19077341 -0.72327862 
3.21918603 9.15994987 -4.11429594 2.06023323 -1.21476289 0.47501263 -0.66532001 0.42871824 -0.23747719 -0.01408146 -0.23229203 -0.27956507 -0.65725531 
2.36129384 15.58723918 -11.40411111 9.35056792 -8.09618361 6.79405965 -6.35830431 5.48914570 -4.68700029 3.87106660 -3.59291647 2.60037336 -3.08874970 
2.92150720 10.85090636 -5.66745098 3.30533181 -2.14683111 1.15509777 -1.15197611 0.77328715 -0.47990986 0.16068849 -0.36008730 -0.18295359 -0.72910661 
3.66606444 12.43876029 -7.36007540 4.86875239 -3.48910432 2.26452591 -2.04397385 1.47685498 -1.02721370 0.58528415 -0.68805728 0.07049854 -0.92255719 
3.94929839 15.60531478 -11.43001726 9.38232281 -8.13203430 6.83248215 -6.39795226 5.52885754 -4.72579233 3.90813328 -3.62760434 2.63218188 -3.11731307 
3.69286309 12.60824593 -7.55427982 5.06077031 -3.66503966 2.41892740 -2.17530849 1.58604693 -1.11641872 0.65741591 -0.74578160 0.11633041 -0.95843745 
