11.12752060 0.24621792 -0.10920097 -0.01443892 -0.12505059 -0.19084255 -0.26149375 0.17376994 -0.09212283 -0.13502403 -0.14693054 -0.36870079 -0.58936133 
4.40057987 15.60701130 -11.43245028 9.38530690 -8.13540519 6.83609680 -6.40168411 5.53259724 -4.72944711 3.91162704 -3.63087522 2.63518241 -3.12000846 
4.60850267 13.99116330 -9.23787734 6.82711317 -5.38127408 4.01307372 -3.60880523 2.84423387 -2.19972447 1.57700805 -1.51571303 0.75292084 -1.47654777 
4.78509058 15.60999040 -11.43672330 9.39054849 -8.14132701 6.84244765 -6.40824168 5.53916935 -4.73587069 3.91776822 -3.63662521 2.64045763 -3.12474762 
4.78509058 15.60999040 -11.43672330 9.39054849 -8.14132701 6.84244765 -6.40824168 5.53916935 -4.73587069 3.91776822 -3.63662521 2.64045763 -3.12474762 
4.78509058 15.60999040 -11.43672330 9.39054849 -8.14132701 6.84244765 -6.40824168 5.53916935 -4.73587069 3.91776822 -3.63662521 2.64045763 -3.12474762 
4.87654615 15.16144327 -10.80264575 8.62331124 -7.28573874 5.93611277 -5.48333236 4.62250545 -3.84936417 3.07862498 -2.85825318 1.93258029 -2.49402140 
4.87905360 15.18595750 -10.83681194 8.66409763 -7.33063300 5.98308009 -5.53068937 4.66890079 -3.89373887 3.12019005 -2.89642584 1.96697103 -2.52439178 
4.79057755 15.60999040 -11.43672330 9.39054849 -8.14132701 6.84244765 -6.40824168 5.53916935 -4.73587069 3.91776822 -3.63662521 2.64045763 -3.12474762 
4.79057755 15.60999040 -11.43672330 9.39054849 -8.14132701 6.84244765 -6.40824168 5.53916935 -4.73587069 3.91776822 -3.63662521 2.64045763 -3.12474762 
4.79057755 15.60999040 -11.43672330 9.39054849 -8.14132701 6.84244765 -6.40824168 5.53916935 -4.73587069 3.91776822 -3.63662521 2.64045763 -3.12474762 
4.79057755 15.60999040 -11.43672330 9.39054849 -8.14132701 6.84244765 -6.40824168 5.53916935 -4.73587069 3.91776822 -3.63662521 2.64045763 -3.12474762 
4.79057755 15.60999040 -11.43672330 9.39054849 -8.14132701 6.84244765 -6.40824168 5.53916935 -4.73587069 3.91776822 -3.63662521 2.64045763 -3.12474762 
4.79057755 15.60999040 -11.43672330 9.39054849 -8.14132701 6.84244765 -6.40824168 5.53916935 -4.73587069 3.91776822 -3.63662521 2.64045763 -3.12474762 
4.88178319 15.16351437 -10.80553011 8.62675199 -7.28952339 5.94006954 -5.48731940 4.62640911 -3.85309562 3.08211822 -2.86145961 1.93546761 -2.49656998 
4.88428439 15.18792458 -10.83955598 8.66737616 -7.33424470 5.98686153 -5.53450507 4.67264171 -3.89731934 3.12354603 -2.89950982 1.96975109 -2.52684820 
4.79604951 15.60999040 -11.43672330 9.39054849 -8.14132701 6.84244765 -6.40824168 5.53916935 -4.73587069 3.91776822 -3.63662521 2.64045763 -3.12474762 
4.79604951 15.60999040 -11.43672330 9.39054849 -8.14132701 6.84244765 -6.40824168 5.53916935 -4.73587069 3.91776822 -3.63662521 2.64045763 -3.12474762 
4.70510965 15.08874485 -10.70165818 8.50313434 -7.15385798 5.79854078 -5.34500442 4.48734810 -3.72042327 2.95813976 -2.74785461 1.83333346 -2.40655576 
4.70211690 15.11439789 -10.73723647 8.54540837 -7.20018060 5.84679421 -5.39345698 4.53462814 -3.76547215 3.00018443 -2.78633603 1.86789101 -2.43698042 
4.69938931 15.08614907 -10.69806155 8.49886476 -7.14918365 5.79367575 -5.34012331 4.48258885 -3.71589203 2.95391371 -2.74398934 1.82986452 -2.40350354 
4.59602867 15.60937739 -11.43584397 9.38946976 -8.14010821 6.84114047 -6.40689186 5.53781646 -4.73454830 3.91650390 -3.63544137 2.63937148 -3.12377181 
4.69064190 15.10940658 -10.73030911 8.53717177 -7.19114934 5.83738068 -5.38399897 4.52539372 -3.75666868 2.99196378 -2.77880838 1.86112781 -2.43102344 
4.68789942 15.08090074 -10.69079160 8.49023678 -7.13974008 5.78384923 -5.33026654 4.47298027 -3.70674568 2.94538509 -2.73619025 1.82286639 -2.39734711 
4.68487967 15.10688343 -10.72680818 8.53301020 -7.18658732 5.83262664 -5.37922351 4.52073212 -3.75222552 2.98781555 -2.77501052 1.85771621 -2.42801901 
4.77407127 15.60999040 -11.43672330 9.39054849 -8.14132701 6.84244765 -6.40824168 5.53916935 -4.73587069 3.91776822 -3.63662521 2.64045763 -3.12474762 
4.68212968 15.07824784 -10.68711781 8.48587785 -7.13497029 5.77888719 -5.32529037 4.46813046 -3.70213016 2.94108215 -2.73225612 1.81933692 -2.39424267 
4.57782839 15.60936613 -11.43582782 9.38944995 -8.14008583 6.84111646 -6.40686708 5.53779162 -4.73452402 3.91648069 -3.63541964 2.63935154 -3.12375389 
4.57172463 15.60936231 -11.43582234 9.38944323 -8.14007823 6.84110832 -6.40685866 5.53778319 -4.73451578 3.91647281 -3.63541226 2.63934477 -3.12374781 
4.56560219 15.60935846 -11.43581681 9.38943644 -8.14007056 6.84110009 -6.40685017 5.53777468 -4.73450746 3.91646486 -3.63540481 2.63933794 -3.12374167 
4.55946095 15.60935456 -11.43581122 9.38942960 -8.14006282 6.84109179 -6.40684160 5.53776609 -4.73449906 3.91645683 -3.63539730 2.63933104 -3.12373548 
4.55330080 15.60935064 -11.43580559 9.38942268 -8.14005501 6.84108342 -6.40683295 5.53775742 -4.73449059 3.91644873 -3.63538971 2.63932409 -3.12372922 
4.64995402 15.09134843 -10.70526624 8.50741821 -7.15854872 5.80342366 -5.34990418 4.49212622 -3.72497311 2.96238371 -2.75173676 1.83681793 -2.40962200 
4.64715813 15.06191638 -10.66451638 8.45907796 -7.10566186 5.74841491 -5.29474813 4.43837956 -3.67383081 2.91471201 -2.70815720 1.79772604 -2.37524199 
4.54092327 15.60934267 -11.43579416 9.38940867 -8.14003918 6.84106643 -6.40681541 5.53773984 -4.73447341 3.91643230 -3.63537433 2.63930997 -3.12371655 
4.53470567 15.60933863 -11.43578837 9.38940156 -8.14003115 6.84105782 -6.40680652 5.53773093 -4.73446470 3.91642397 -3.63536653 2.63930282 -3.12371012 
4.42474026 14.91371005 -10.46056733 8.21854304 -6.84397546 5.47768519 -5.02469190 4.17652694 -3.42584801 2.68459488 -2.49868764 1.61057883 -2.21127792 
4.29811130 15.60669019 -11.43198974 9.38474203 -8.13476708 6.83541252 -6.40097761 5.53188924 -4.72875516 3.91096555 -3.63025592 2.63461428 -3.11949809 
4.28404342 15.60664348 -11.43192276 9.38465987 -8.13467427 6.83531299 -6.40087486 5.53178626 -4.72865453 3.91086935 -3.63016585 2.63453165 -3.11942387 
4.26987589 15.60659578 -11.43185434 9.38457596 -8.13457947 6.83521134 -6.40076991 5.53168109 -4.72855174 3.91077109 -3.63007385 2.63444726 -3.11934806 
4.25560729 15.60654705 -11.43178445 9.38449024 -8.13448264 6.83510751 -6.40066271 5.53157366 -4.72844675 3.91067072 -3.62997989 2.63436106 -3.11927062 
4.36077797 14.98006886 -10.55162698 8.32564746 -6.96019328 5.59761728 -5.14403516 4.29197384 -3.53493384 2.78560550 -2.59044830 1.69240381 -2.28283586 
4.35115071 14.86970563 -10.40041370 8.14804870 -6.76775303 5.39929312 -4.94693986 4.10155041 -3.35521701 2.61937999 -2.43960603 1.55802966 -2.16543466 
4.34032365 14.96905872 -10.53648960 8.30781032 -6.94080424 5.57757476 -5.12405855 4.27261913 -3.51661809 2.76862145 -2.57499874 1.67860960 -2.27075791 
4.33060348 14.85700328 -10.38308392 8.12777812 -6.74587534 5.37683208 -4.92469989 4.08013931 -3.33507845 2.60081331 -2.42280920 1.54310986 -2.15243529 
4.19749258 15.60634125 -11.43148931 9.38412824 -8.13407371 6.83466900 -6.40020997 5.53111997 -4.72800335 3.91024685 -3.62958305 2.63399702 -3.11894360 
4.30576266 14.95007723 -10.51041973 8.27712127 -6.90747699 5.54315582 -5.08978309 4.23943897 -3.48524463 2.73955160 -2.54857469 1.65503305 -2.25012830 
4.18734399 13.30021683 -8.37454919 5.89897084 -4.45829555 3.13700953 -2.80477854 2.12484614 -1.56907981 1.03288853 -1.05335467 0.36557917 -1.15739845 
4.03072514 14.82393591 -10.33804209 8.07517321 -6.68918353 5.31871098 -4.86722949 4.02488370 -3.28317267 2.55301632 -2.37961764 1.50478605 -2.11907851 
4.13763858 15.60611644 -11.43116691 9.38373281 -8.13362703 6.83419001 -6.39971545 5.53062440 -4.72751904 3.90978388 -3.62914961 2.63359940 -3.11858642 
3.99577664 14.57681723 -10.00472451 7.68952322 -6.27732546 4.90012166 -4.45678221 3.63342721 -2.91828470 2.21946498 -2.08029082 1.24092289 -1.89083734 
3.97394996 14.78653724 -10.28722570 8.01596375 -6.62551941 5.25358442 -4.80296809 3.96322467 -3.22536502 2.49988338 -2.33168883 1.46232948 -2.08218305 
3.95469995 14.54302900 -9.95960091 7.63781138 -6.22261011 4.84500723 -4.40320677 3.58275798 -2.87143530 2.17696704 -2.04243141 1.20777857 -1.86235615 
3.78262451 15.59759273 -11.41894626 9.36874812 -8.11670415 6.81604763 -6.38098902 5.51186261 -4.70918700 3.89226287 -3.61274924 2.61855710 -3.10507598 
3.90703528 14.74054373 -10.22491304 7.94356197 -6.54788101 5.17436873 -4.72500090 3.88859600 -3.15556066 2.43586538 -2.27406204 1.41138295 -2.03799298 
3.88718055 14.48551827 -9.88304525 7.55035131 -6.13034992 4.75234403 -4.31338447 3.49803909 -2.79330819 2.10627225 -1.97960101 1.15289511 -1.81529417 
3.70871665 15.59664576 -11.41758897 9.36708431 -8.11482566 6.81403429 -6.37891137 5.50978153 -4.70715403 3.89032026 -3.61093123 2.61688995 -3.10357887 
3.68028159 15.59626253 -11.41703972 9.36641105 -8.11406555 6.81321964 -6.37807073 5.50893953 -4.70633153 3.88953433 -3.61019573 2.61621550 -3.10297323 
3.81122869 14.67095555 -10.13101598 7.83488551 -6.43178279 5.05633972 -4.60923796 3.77816355 -3.05260179 2.34173124 -2.18957288 1.33689330 -1.97355140 
3.79047860 14.39875403 -9.76814166 7.41972865 -5.99321861 4.61524810 -4.18108483 3.37379468 -2.67920695 2.00343184 -1.88854240 1.07363331 -1.74755626 
3.76612265 14.63662047 -10.08485623 7.78164764 -6.37510282 4.99890561 -4.55308495 3.72476008 -3.00295900 2.29647011 -2.14905694 1.30126182 -1.94279988 
3.74493876 14.35604754 -9.71184629 7.35601680 -5.92662181 4.54894585 -4.11736075 3.31418457 -2.62466968 1.95445247 -1.84532136 1.03613165 -1.71560476 
3.55216598 15.59439540 -11.41436389 9.36313130 -8.11036297 6.80925166 -6.37397640 5.50483879 -4.70232596 3.88570708 -3.60661424 2.61293142 -3.10002430 
3.52139796 15.59391059 -11.41366916 9.36227983 -8.10940179 6.80822165 -6.37291365 5.50377445 -4.70128636 3.88471381 -3.60568481 2.61207921 -3.09925909 
3.49014923 15.59340287 -11.41294160 9.36138815 -8.10839525 6.80714306 -6.37180082 5.50265996 -4.70019783 3.88367381 -3.60471166 2.61118693 -3.09845792 
3.28340473 13.78015416 -8.96949751 6.53365339 -5.08463539 3.72710581 -3.34240894 2.60245281 -1.98486442 1.38927132 -1.35429800 0.61622914 -1.36276297 
3.23841157 14.22293014 -9.53747810 7.15987256 -5.72280341 4.34717703 -3.92450102 3.13473199 -2.46132647 1.80846346 -1.71708510 0.92534249 -1.62159961 
3.20070267 13.67130937 -8.83268817 6.38575903 -4.93679790 3.58610768 -3.21242313 2.48566353 -1.88208502 1.30028510 -1.27844633 0.55250891 -1.31012714 
3.15362587 14.13320873 -9.42089693 7.02974605 -5.58860412 4.21529000 -3.79932435 3.01905076 -2.35672155 1.71555310 -1.63595397 0.85563731 -1.56276758 
3.11447853 13.55247734 -8.68458784 6.22696383 -4.77932618 3.43706767 -3.07604131 2.36400566 -1.77575975 1.20882349 -1.20095801 0.48777882 -1.25694383 
2.82608672 15.55342402 -11.35572754 9.29135399 -8.02943218 6.72262116 -6.28468716 5.41550499 -4.61515334 3.80249436 -3.52881468 2.54165234 -3.03607007 
2.52352873 12.47236841 -7.39837626 4.90642354 -3.52344330 2.29451492 -2.06936250 1.49786762 -1.04430590 0.59905153 -0.69903641 0.07919001 -0.92934246 
2.43484616 13.28258310 -8.35309739 5.87650051 -4.43651447 3.11684017 -2.78670908 2.10905423 -1.55554736 1.02145934 -1.04383621 0.35775162 -1.15106281 
2.62622391 15.54117581 -11.33822852 9.26996789 -8.00535599 6.69688709 -6.25820038 5.38904031 -4.58936162 3.77790364 -3.50584951 2.52063411 -3.01723049 
2.56048233 15.53660549 -11.33170244 9.26199625 -7.99638602 6.68730390 -6.24834126 5.37919360 -4.57976916 3.76876132 -3.49731458 2.51282538 -3.01023339 
2.77363956 13.67260007 -8.83430399 6.38749903 -4.93853067 3.58775431 -3.21393580 2.48701799 -1.88327309 1.30131055 -1.27931788 0.55323910 -1.31072876 
2.95124129 15.58166294 -11.39612523 9.34078609 -8.08514763 6.78223962 -6.34611482 5.47694373 -4.67508758 3.85968971 -3.58227499 2.59061972 -3.07999496 
2.90957764 15.58046896 -11.39441568 9.33869251 -8.08278608 6.77971077 -6.34350738 5.47433406 -4.67254019 3.85725727 -3.58000010 2.58853490 -3.07812390 
2.86702766 15.57919813 -11.39259623 9.33646450 -8.08027309 6.77701992 -6.34073309 5.47155757 -4.66983011 3.85466962 -3.57758018 2.58631729 -3.07613374 
2.82355283 15.57784372 -11.39065729 9.33409036 -8.07759547 6.77415300 -6.33777747 5.46859980 -4.66694328 3.85191336 -3.57500272 2.58395543 -3.07401423 
2.53616984 12.60129303 -7.54626114 5.05279243 -3.65768555 2.41243626 -2.16975654 1.58140657 -1.11260864 0.65432118 -0.74329497 0.11434929 -0.95688147 
1.80785015 10.81044917 -5.62729981 3.27075319 -2.11913650 1.13366237 -1.13579921 0.76127690 -0.47108963 0.15415856 -0.35523279 -0.18661563 -0.72637648 
1.67365054 11.84551174 -6.70094429 4.23600374 -2.92572085 1.78324052 -1.64500011 1.15317808 -0.76884324 0.38057016 -0.52714950 -0.05539462 -0.82535201 
1.93838666 15.47586176 -11.24514864 9.15648155 -7.87788355 6.56092940 -6.11855295 5.24978226 -4.45389700 3.64897312 -3.38564051 2.41078651 -2.91891292 
2.22892211 12.82350893 -7.80473252 5.31207673 -3.89863254 2.62675129 -2.35443152 1.73686897 -1.24113302 0.75936403 -0.82817413 0.18230329 -1.01049999 
2.74189915 13.53606083 -8.66423136 6.20524390 -4.75789003 3.41687229 -3.05764341 2.34766475 -1.76153759 1.19663703 -1.19067102 0.47921442 -1.24992980 
2.70859656 13.01037259 -8.02559586 5.53708454 -4.11090307 2.81828899 -2.52178215 1.87963693 -1.36067537 0.85820192 -0.90888674 0.24752060 -1.06241129 
2.66465106 13.42413318 -8.52610907 6.05855395 -4.61377134 3.28168367 -2.93500406 2.23917871 -1.66748559 1.11633956 -1.12311940 0.42314951 -1.20415033 
2.63025421 12.87514929 -7.86544751 5.37361601 -3.95639871 2.67862676 -2.39954675 1.77518536 -1.27307870 0.78567339 -0.84958148 0.19954583 -1.02418310 
2.27013609 15.55449286 -11.35725525 9.29322181 -8.03153576 6.72487042 -6.28700302 5.41781969 -4.61740990 3.80464648 -3.53082511 2.54349281 -3.03772018 
2.21132104 15.55119215 -11.35253784 9.28745457 -8.02504098 6.71792629 -6.27985369 5.41067434 -4.61044440 3.79800369 -3.52461997 2.53781248 -3.03262759 
2.15072426 15.54758994 -11.34739066 9.28116324 -8.01795743 6.71035409 -6.27205915 5.40288549 -4.60285285 3.79076496 -3.51785915 2.53162432 -3.02708043 
2.08823444 15.54364861 -11.34176028 9.27428288 -8.01021237 6.70207648 -6.26354018 5.39437434 -4.59455880 3.78285772 -3.51047514 2.52486676 -3.02102371 
2.37759902 12.96636013 -7.97328596 5.48350794 -4.06009616 2.77221742 -2.48133623 1.84497401 -1.33152433 0.83400363 -0.88905380 0.23144355 -1.04957526 
2.87235421 13.62752213 -8.77796300 6.32692344 -4.87829916 3.53060170 -3.16150742 2.44013774 -1.84220681 1.26590916 -1.24926458 0.52808743 -1.29002714 
2.85349759 13.33567667 -8.41777404 5.94433636 -4.50235331 3.17788163 -2.84146004 2.15695889 -1.59664310 1.05620323 -1.07279911 0.38158994 -1.17037348 
2.55469446 15.59121625 -11.40980851 9.35754863 -8.10406150 6.80249942 -6.36701006 5.49786243 -4.69551229 3.87919747 -3.60052329 2.60734682 -3.09501009 
2.52089325 15.59057477 -11.40888945 9.35642244 -8.10279045 6.80113759 -6.36560520 5.49645567 -4.69413847 3.87788506 -3.59929538 2.60622108 -3.09399940 
2.20583433 12.04535317 -6.91940110 4.44242882 -3.10667804 1.93555467 -1.76946763 1.25277241 -0.84730239 0.44202272 -0.57496426 -0.01828643 -0.85378564 
1.74265282 15.51704264 -11.30379000 9.22792621 -7.95807617 6.64640241 -6.20628897 5.33721976 -4.53890278 3.72983391 -3.46099210 2.47960941 -2.98048339 
1.66574872 15.50983892 -11.29352059 9.21540159 -7.94400398 6.63138941 -6.19086454 5.32183453 -4.52393316 3.71558321 -3.44770263 2.46746308 -2.96961001 
1.58577006 15.50177346 -11.28202842 9.20139225 -7.92827064 6.61461135 -6.17363367 5.30465414 -4.50722302 3.69968111 -3.43287803 2.45391783 -2.95748783 
1.50246086 15.49270470 -11.26911388 9.18565730 -7.91060823 6.59578512 -6.15430820 5.28539367 -4.48849751 3.68186807 -3.41627810 2.43875571 -2.94392308 
1.41553175 15.48246112 -11.25453550 9.16790569 -7.89069345 6.57456956 -6.13254128 5.26371067 -4.46742664 3.66183281 -3.39761507 2.42171586 -2.92868406 
1.32465398 15.47083337 -11.23799902 9.14778333 -7.86813359 6.55055089 -6.10791284 5.23919089 -4.44361178 3.63919980 -3.37654219 2.40248431 -2.91149218 
1.74542566 11.69774611 -6.54174507 4.08766219 -2.79744315 1.67664213 -1.55895155 1.08512275 -0.71581712 0.33942507 -0.49539128 -0.07989361 -0.80668608 
2.39392668 12.88211432 -7.87365526 5.38195357 -3.96424194 2.68568464 -2.40569704 1.78041876 -1.27744991 0.78927935 -0.85252002 0.20191583 -1.02606624 
2.37094569 12.50153618 -7.43170045 4.93927937 -3.55346380 2.32079136 -2.09165617 1.51635696 -1.05937524 0.61121088 -0.70874846 0.08688860 -0.93536014 
2.33927033 12.78478793 -7.75936796 5.26625294 -3.85576139 2.58837397 -2.32115762 1.70869271 -1.21770774 0.74012121 -0.81255335 0.16974736 -1.00055541 
2.58513389 15.60541697 -11.43016380 9.38250254 -8.13223731 6.83269982 -6.39817698 5.52908273 -4.72601240 3.90834365 -3.62780128 2.63236253 -3.11747535 
2.29706451 12.35539763 -7.26551822 4.77616982 -3.40508268 2.19145394 -1.98235939 1.42605628 -0.98604378 0.55223035 -0.66177419 0.04974239 -0.90639030 
1.51340571 10.28886522 -5.12282316 2.84677732 -1.78747298 0.88236451 -0.94985982 0.62571188 -0.37318123 0.08251665 -0.30240725 -0.22638222 -0.69681268 
1.42634410 10.90153639 -5.71790541 3.34895529 -2.18190400 1.18233934 -1.17260263 0.78864790 -0.49122279 0.16908143 -0.36633647 -0.17823659 -0.73262559 
1.37228358 9.86036142 -4.72661255 2.52778971 -1.54813277 0.70769965 -0.82503893 0.53755476 -0.31135142 0.03811508 -0.27005309 -0.25076528 -0.67871728 
1.27765400 10.49020393 -5.31466570 3.00569529 -1.91004119 0.97403758 -1.01686987 0.67401941 -0.40770563 0.10759771 -0.32081044 -0.21253848 -0.70709050 
2.06294613 12.25095319 -7.14794354 4.66188836 -3.30210497 2.10249805 -1.90783623 1.36499471 -0.93684723 0.51293761 -0.63067468 0.02527663 -0.88740275 
2.33957512 15.60414638 -11.42834179 9.38026803 -8.12971336 6.82999357 -6.39538318 5.52628325 -4.72327667 3.90572861 -3.62535320 2.63011691 -3.11545820 
2.32082540 15.60403598 -11.42818349 9.38007390 -8.12949409 6.82975846 -6.39514048 5.52604006 -4.72303903 3.90550146 -3.62514056 2.62992187 -3.11528300 
2.30189824 15.60392243 -11.42802066 9.37987422 -8.12926855 6.82951665 -6.39489085 5.52578994 -4.72279460 3.90526783 -3.62492185 2.62972125 -3.11510280 
2.28279025 15.60380560 -11.42785313 9.37966878 -8.12903651 6.82926786 -6.39463402 5.52553260 -4.72254314 3.90502747 -3.62469684 2.62951486 -3.11491742 
1.94970164 11.59590694 -6.43317763 3.98752069 -2.71169876 1.60604585 -1.50246629 1.04082179 -0.68157116 0.31302766 -0.47512969 -0.09546119 -0.79486988 
1.43979236 15.55342402 -11.35572754 9.29135399 -8.02943218 6.72262116 -6.28468716 5.41550499 -4.61515334 3.80249436 -3.52881468 2.54165234 -3.03607007 
1.86347251 11.81962253 -6.67290880 4.20975181 -2.90291105 1.76420089 -1.62956542 1.14092163 -0.75925722 0.37310818 -0.52137427 -0.05985863 -0.82194448 
2.49737265 12.95273845 -7.95713242 5.46699890 -4.04447352 2.75807933 -2.46894863 1.83437749 -1.32262881 0.82663158 -0.88302081 0.22655962 -1.04568087 
2.99335627 13.62375354 -8.77326138 6.32187733 -4.87329034 3.52585675 -3.15716165 2.43625787 -1.83881318 1.26298775 -1.24678777 0.52601709 -1.28832507 
2.99929336 13.71383333 -8.88600573 6.44325942 -4.99414241 3.64067685 -3.26262084 2.53066991 -1.92161194 1.33444209 -1.30750929 0.57688295 -1.33022906 
3.00668597 13.64197652 -8.79600829 6.34630361 -4.89754850 3.54884816 -3.17822882 2.45507510 -1.85527942 1.27716859 -1.25881517 0.53607426 -1.29659608 
3.01258909 13.73135831 -8.90802811 6.46706068 -5.01792906 3.66335796 -3.28352584 2.54944846 -1.93813429 1.34874417 -1.31969796 0.58712031 -1.33868408 
2.30047572 8.70902215 -3.74320774 1.79264483 -1.03427025 0.35485838 -0.58624378 0.37676286 -0.20337925 -0.03792963 -0.21504329 -0.29305509 -0.64710350 
0.88456219 8.16230863 -3.31752749 1.50118160 -0.84721880 0.23527474 -0.51021643 0.32821094 -0.17235950 -0.05962264 -0.19924470 -0.30582069 -0.63738702 
-0.23785450 15.02833923 -10.61812772 8.40416178 -7.04569983 5.68616559 -5.23244636 4.37777663 -3.61626172 2.86113536 -2.65925374 1.75392103 -2.33676917 
0.63732236 8.38310118 -3.48624605 1.61466967 -0.91880236 0.28040707 -0.53857479 0.34615022 -0.18371550 -0.05166833 -0.20505839 -0.30106026 -0.64102572 
1.64275942 11.29390310 -6.11673688 3.70042908 -2.46980050 1.40983616 -1.34768514 0.92103836 -0.59012672 0.24325940 -0.42202895 -0.13602902 -0.76424308 
2.67638038 10.05965613 -4.90884461 2.67294086 -1.65590624 0.78561409 -0.88023674 0.57623171 -0.33828007 0.05737086 -0.28405082 -0.24020201 -0.68655836 
3.50752775 12.05001448 -6.92453992 4.44732422 -3.11100349 1.93922255 -1.77248622 1.25520407 -0.84923022 0.44354093 -0.57615111 -0.01736199 -0.85449640 
3.81857890 15.59802891 -11.41957145 9.36951452 -8.11756949 6.81697512 -6.38194616 5.51282137 -4.71012362 3.89315790 -3.61358688 2.61932526 -3.10576581 
3.69808026 14.58286008 -10.01280605 7.69879726 -6.28715109 4.91003148 -4.46642713 3.64255975 -2.92673838 2.22714175 -2.08713671 1.24692195 -1.89599714 
3.38424344 14.23722834 -9.55612686 7.18076365 -5.74442447 4.36849766 -3.94480345 3.15355404 -2.47839848 1.82367073 -1.73040076 0.93681223 -1.63130396 
2.99929336 13.71383333 -8.88600573 6.44325942 -4.99414241 3.64067685 -3.26262084 2.53066991 -1.92161194 1.33444209 -1.30750929 0.57688295 -1.33022906 
2.50710352 12.86349080 -7.85171888 5.35968002 -3.94329795 2.66684549 -2.38928693 1.76646037 -1.26579534 0.77966829 -0.84469022 0.19560260 -1.02105119 
2.16414222 15.60302820 -11.42673845 9.37830184 -8.12749264 6.82761259 -6.39292532 5.52382054 -4.72087017 3.90342841 -3.62319996 2.62814185 -3.11368416 
1.81176929 11.25911178 -6.08081161 3.66829167 -2.44309217 1.38844849 -1.33101808 0.90828776 -0.58049761 0.23597677 -0.41652533 -0.14021489 -0.76109647 
2.22068616 8.64035656 -3.68828606 1.75409326 -1.00893675 0.33835551 -0.57558557 0.36986999 -0.19892207 -0.04104248 -0.21278564 -0.29484937 -0.64574527 
2.43800310 12.73935279 -7.70631287 5.21283124 -3.80593708 2.54390418 -2.28271149 1.67622600 -1.19078628 0.71805907 -0.79468279 0.15541026 -0.98922048 
2.08094356 15.60242563 -11.42587448 9.37724240 -8.12629610 6.82632977 -6.39160115 5.52249381 -4.71957378 3.90218932 -3.62204008 2.62707798 -3.11272860 
2.05959165 15.60226277 -11.42564098 9.37695608 -8.12597274 6.82598309 -6.39124330 5.52213528 -4.71922345 3.90185448 -3.62172665 2.62679050 -3.11247039 
2.39224391 12.76695026 -7.73851613 5.24523507 -3.83613887 2.57084325 -2.30598735 1.69587031 -1.20706625 0.73139373 -0.80547900 0.16406829 -0.99606291 
2.38460151 12.64048226 -7.59151534 5.09787202 -3.69929059 2.44920125 -2.20123687 1.60774600 -1.13425719 0.67192122 -0.75744833 0.12563335 -0.96574998 
1.66411521 10.87479321 -5.69122626 3.32586442 -2.16332057 1.16789213 -1.16165423 0.78048802 -0.48520873 0.16461722 -0.36301118 -0.18074700 -0.73075244 
1.61673079 11.22838086 -6.04916991 3.64006390 -2.41969571 1.36975929 -1.31648803 0.89719646 -0.57213883 0.22966520 -0.41176175 -0.14383515 -0.75837705 
1.58622226 10.66172429 -5.48096426 3.14575838 -2.01982063 1.05734942 -1.07859759 0.71907518 -0.44027731 0.13144317 -0.33839716 -0.19930238 -0.71692973 
0.94425740 15.51816805 -11.30539477 9.22988389 -7.96027629 6.64875017 -6.20870161 5.33962676 -4.54124524 3.73206430 -3.46307241 2.48151110 -2.98218605 
0.31321989 5.64905082 -1.70107499 0.56455185 -0.33121906 -0.06264191 -0.33464373 0.22172728 -0.10862658 -0.10684465 -0.16346979 -0.33895863 -0.61147007 
0.13339064 6.25844022 -2.04177326 0.73724723 -0.41440644 -0.01821233 -0.35953035 0.23646160 -0.11687174 -0.10001763 -0.16883521 -0.33322088 -0.61601410 
0.07435710 4.37583999 -1.09484400 0.29585577 -0.21699946 -0.12210328 -0.30144580 0.20171356 -0.09832153 -0.11686162 -0.15566777 -0.34854581 -0.60392470 
-0.13392768 4.91139789 -1.33245476 0.39487812 -0.25660466 -0.10150578 -0.31301758 0.20879417 -0.10178126 -0.11317576 -0.15849488 -0.34483388 -0.60683119 
0.43470656 15.45990219 -11.22246463 9.12889354 -7.84696971 6.52803273 -6.08483701 5.21623018 -4.42132344 3.61802856 -3.35684000 2.38451195 -2.89543293 
-0.29275691 2.04525772 -0.35448216 0.04850235 -0.13659255 -0.17096824 -0.27253800 0.18262634 -0.09175539 -0.12823996 -0.14849181 -0.36121447 -0.59438038 
-0.55288367 2.36191446 -0.42706199 0.06816412 -0.14155641 -0.16660852 -0.27520281 0.18453435 -0.09208204 -0.12695731 -0.14908124 -0.35973806 -0.59544435 
-0.57271072 -0.19938371 -0.09234208 -0.02281951 -0.12480716 -0.19515313 -0.25963891 0.17190308 -0.09271014 -0.13669208 -0.14697612 -0.37038671 -0.58835454 
-0.87786990 -0.19938371 -0.09234208 -0.02281951 -0.12480716 -0.19515313 -0.25963891 0.17190308 -0.09271014 -0.13669208 -0.14697612 -0.37038671 -0.58835454 
-0.85106184 -3.19482422 -0.43140752 -0.12289251 -0.14665059 -0.22623662 -0.25588199 0.15934910 -0.10132273 -0.14983829 -0.15168528 -0.38131227 -0.58380797 
-3.21372797 10.86716731 -5.68363040 3.31929994 -2.15804513 1.16379630 -1.15855417 0.77818021 -0.48350963 0.16335699 -0.36207302 -0.18145508 -0.73022423 
-2.48200851 12.54416369 -7.48054240 4.98756827 -3.59770484 2.35961414 -2.12467591 1.54380689 -1.08179825 0.62934036 -0.72325527 0.09840555 -0.94437550 
0.06466443 3.99718655 -0.94207501 0.23684671 -0.19505895 -0.13375484 -0.29479047 0.19754545 -0.09644622 -0.11913388 -0.15398886 -0.35094634 -0.60206230 
0.14713281 6.63244678 -2.26709870 0.85922177 -0.47692619 0.01612378 -0.37903841 0.24803340 -0.12354514 -0.09481719 -0.17287732 -0.32917555 -0.61921210 
0.08478714 -7.35501244 -2.21064288 -0.88326555 -0.46937993 -0.39028486 -0.32378494 0.10949917 -0.14054066 -0.18677584 -0.17727209 -0.40362564 -0.58740566 
0.61162409 15.57737241 -11.38998261 9.33326430 -8.07666386 6.77315558 -6.33674925 5.46757088 -4.66593906 3.85095460 -3.57410620 2.58313393 -3.07327705 
2.32489814 5.40093173 -1.57173487 0.50289906 -0.30321604 -0.07730707 -0.32648589 0.21687622 -0.10600159 -0.10917112 -0.16163524 -0.34104865 -0.60981654 
3.39087877 11.72417056 -6.57006881 4.11392437 -2.82004412 1.69533874 -1.57397874 1.09695893 -0.72500370 0.34653002 -0.50086010 -0.07568336 -0.80988778 
3.56943746 14.53209941 -9.94502780 7.62113601 -6.20499235 4.82728625 -4.38600440 3.56651047 -2.85643196 2.16337381 -2.03033585 1.19720096 -1.85327618 
3.42614787 15.59231266 -11.41137944 9.35947370 -8.10623431 6.80482753 -6.36941186 5.50026756 -4.69786121 3.88144146 -3.60262287 2.60927179 -3.09673838 
2.95529494 8.35688020 -3.46598294 1.60089690 -0.91002797 0.27483165 -0.53504889 0.34390844 -0.18228933 -0.05266599 -0.20433082 -0.30165143 -0.64057492 
1.60508258 10.87502168 -5.69145391 3.32606123 -2.16347879 1.16801501 -1.16174726 0.78055729 -0.48525974 0.16465506 -0.36303935 -0.18072573 -0.73076830 
0.38182125 -4.11720129 -0.69450790 -0.20350005 -0.17149893 -0.24079347 -0.25896524 0.15425367 -0.10593597 -0.15518611 -0.15488579 -0.38497327 -0.58328593 
-1.79156769 13.66588672 -8.82590126 6.37845228 -4.92952320 3.57919625 -3.20607533 2.47998083 -1.87710148 1.29598449 -1.27479181 0.54944765 -1.30760530 
-1.57089633 -16.49756292 -11.52860093 -9.53969103 -8.22823439 -7.26281481 -6.34945855 -5.17187101 -4.74849411 -4.18147894 -3.60009773 -3.30264149 -2.99975411 
1.09776636 3.26556687 -0.68261138 0.14569820 -0.16413789 -0.15121439 -0.28455090 0.19092046 -0.09385530 -0.12295119 -0.15137015 -0.35515618 -0.59884434 
2.16261336 12.20098925 -7.09205013 4.60788802 -3.25373223 2.06094459 -1.87321102 1.33676938 -0.91421714 0.49494067 -0.61648447 0.01414792 -0.87879116 
2.46027292 15.60480974 -11.42929303 9.38143460 -8.13103102 6.83140638 -6.39684167 5.52774468 -4.72470480 3.90709372 -3.62663114 2.63128915 -3.11651116 
2.76569496 13.19864550 -8.25138021 5.77035082 -4.33399478 3.02223653 -2.70224015 2.03547181 -1.49268935 0.96852389 -0.99986848 0.32168211 -1.12193542 
2.78526126 13.50535754 -8.62622659 6.16476278 -4.71800430 3.37935519 -3.02351840 2.31740046 -1.73523526 1.17412973 -1.17169578 0.46343490 -1.23702101 
2.52934324 15.60515496 -11.42978808 9.38204174 -8.13171680 6.83214171 -6.39760080 5.52850536 -4.72544817 3.90780429 -3.62729635 2.63189935 -3.11705928 
2.82464935 13.29134107 -8.36374804 5.88765322 -4.44732164 3.12684459 -2.79566926 2.11688280 -1.56225400 1.02712217 -1.04855122 0.36162820 -1.15419988 
3.06039670 15.59864129 -11.42044924 9.37059062 -8.11878453 6.81827747 -6.38329019 5.51416771 -4.71143890 3.89441479 -3.61476320 2.62040403 -3.10673460 
3.50674365 11.98456947 -6.85257139 4.37893003 -3.05071395 1.88821141 -1.73059373 1.22152501 -0.82258018 0.42258796 -0.55979460 -0.03008795 -0.84472225 
4.12035036 13.05318193 -8.07664713 5.58954183 -4.16080624 2.86367801 -2.56174551 1.91398288 -1.38963789 0.88230326 -0.92868524 0.26360229 -1.07527578 
4.49136804 14.78503671 -10.28518959 8.01359444 -6.62297506 5.25098477 -4.80040599 3.96076910 -3.22306534 2.49777185 -2.32978598 1.46064544 -2.08072088 
4.63006731 15.58121675 -11.39548637 9.34000369 -8.08426507 6.78129451 -6.34514032 5.47596838 -4.67413549 3.85878057 -3.58142472 2.58984048 -3.07929561 
4.57334061 15.22384087 -10.88972272 8.72738775 -7.40043238 6.05623766 -5.60458521 4.74141969 -3.96321269 3.18536565 -2.95636962 2.02105035 -2.57221148 
4.19579632 12.11612328 -6.99763391 4.51715161 -3.17287058 1.99182008 -1.81588048 1.29024358 -0.87707200 0.46550952 -0.59335405 -0.00394467 -0.86482528 
3.49365772 12.27718372 -7.17737807 4.69041096 -3.32772956 2.12457085 -1.92627742 1.38006532 -0.94895928 0.52259018 -0.63829966 0.03126557 -0.89204369 
2.88966258 13.56438004 -8.69936289 6.24274466 -4.79491640 3.45176960 -3.08944717 2.37592338 -1.78614121 1.21772619 -1.20847876 0.49404455 -1.26207872 
2.63134598 15.60999040 -11.43672330 9.39054849 -8.14132701 6.84244765 -6.40824168 5.53916935 -4.73587069 3.91776822 -3.63662521 2.64045763 -3.12474762 
2.36648699 12.60635373 -7.55209713 5.05859831 -3.66303710 2.41715952 -2.17379614 1.58478269 -1.11538052 0.65657251 -0.74510384 0.11579037 -0.95801326 
2.35596414 12.70055804 -7.66116182 5.16751333 -3.76380258 2.50640937 -2.25038838 1.64900516 -1.16827410 0.69965428 -0.77980704 0.14349830 -0.97981967 
3.13922328 11.25980987 -6.08153138 3.66893463 -2.44362577 1.38887524 -1.33135023 0.90854157 -0.58068908 0.23612146 -0.41663460 -0.14013182 -0.76115889 
3.83729610 12.65411831 -7.60729473 5.11362228 -3.71385552 2.46209591 -2.21229795 1.61701678 -1.14188949 0.67813543 -0.76245231 0.12962748 -0.96889252 
4.72995549 10.48268855 -5.30743949 2.99965737 -1.90534529 0.97049885 -1.01426512 0.67212967 -0.40634713 0.10660698 -0.32008166 -0.21308674 -0.70668325 
