11.04442535 0.29339601 -0.11200609 -0.01347311 -0.12511860 -0.19037932 -0.26170890 0.17397253 -0.09207124 -0.13484883 -0.14693540 -0.36851939 -0.58947304 
4.52221216 15.60933044 -11.43577662 9.38938714 -8.14001486 6.84104035 -6.40678848 5.53771285 -4.73444703 3.91640708 -3.63535071 2.63928831 -3.12369708 
4.62037715 15.07786335 -10.68658542 8.48524622 -7.13427920 5.77816831 -5.32456951 4.46742796 -3.70146165 2.94045897 -2.73168640 1.81882583 -2.39379316 
4.61754183 15.04774330 -10.64492246 8.43586741 -7.08030315 5.72207345 -5.26836959 4.41270638 -3.64943018 2.89199240 -2.68740963 1.77913335 -2.35890570 
4.61440904 15.07510518 -10.68276666 8.48071620 -7.12932316 5.77301347 -5.31940092 4.46239149 -3.69666927 2.93599184 -2.72760277 1.81516275 -2.39057162 
4.61156571 15.04484479 -10.64091769 8.43112609 -7.07512581 5.71669824 -5.26298950 4.40747266 -3.64445816 2.88736492 -2.68318555 1.77534946 -2.35558224 
4.60842312 15.07232616 -10.67891976 8.47615361 -7.12433236 5.76782336 -5.31419779 4.45732214 -3.69184632 2.93149686 -2.72349421 1.81147777 -2.38733122 
4.70092669 15.60999040 -11.43672330 9.39054849 -8.14132701 6.84244765 -6.40824168 5.53916935 -4.73587069 3.91776822 -3.63662521 2.64045763 -3.12474762 
4.70092669 15.60999040 -11.43672330 9.39054849 -8.14132701 6.84244765 -6.40824168 5.53916935 -4.73587069 3.91776822 -3.63662521 2.64045763 -3.12474762 
4.70092669 15.60999040 -11.43672330 9.39054849 -8.14132701 6.84244765 -6.40824168 5.53916935 -4.73587069 3.91776822 -3.63662521 2.64045763 -3.12474762 
4.60557172 15.04192450 -10.63688363 8.42635100 -7.06991254 5.71128669 -5.25757394 4.40220530 -3.63945496 2.88270912 -2.67893621 1.77154345 -2.35223978 
4.60241927 15.06952608 -10.67504444 8.47155817 -7.11930650 5.76259765 -5.30895983 4.45221966 -3.68699257 2.92697380 -2.71936055 1.80777074 -2.38407182 
4.69518781 15.60999040 -11.43672330 9.39054849 -8.14132701 6.84244765 -6.40824168 5.53916935 -4.73587069 3.91776822 -3.63662521 2.64045763 -3.12474762 
4.59955976 15.03898220 -10.63281999 8.42154183 -7.06466304 5.70583849 -5.25212264 4.39690404 -3.63442036 2.87802480 -2.67466145 1.76771518 -2.34887819 
4.59639738 15.06670473 -10.67114044 8.46692955 -7.11424526 5.75733605 -5.30368675 4.44708377 -3.68210778 2.92242247 -2.71520162 1.80404152 -2.38079329 
4.59352972 15.03601768 -10.62872649 8.41669825 -7.05937698 5.70035333 -5.24663531 4.39156863 -3.62935413 2.87331175 -2.67036108 1.76386449 -2.34549735 
4.59035735 15.06386189 -10.66720748 8.46226746 -7.10914833 5.75203825 -5.29837827 4.44191422 -3.67719172 2.91784266 -2.71101722 1.80028995 -2.37749553 
4.58748149 15.03303073 -10.62460285 8.41181997 -7.05405404 5.69483089 -5.24111164 4.38619878 -3.62425602 2.86856977 -2.66603494 1.75999125 -2.34209715 
4.47785988 15.60930052 -11.43573369 9.38933449 -8.13995537 6.84097655 -6.40672260 5.53764682 -4.73438249 3.91634537 -3.63529293 2.63923530 -3.12364946 
4.47144278 15.60929607 -11.43572733 9.38932668 -8.13994654 6.84096708 -6.40671283 5.53763702 -4.73437291 3.91633622 -3.63528436 2.63922743 -3.12364239 
4.46500502 15.60929159 -11.43572089 9.38931879 -8.13993763 6.84095752 -6.40670296 5.53762713 -4.73436324 3.91632697 -3.63527570 2.63921949 -3.12363525 
4.45854647 15.60928706 -11.43571440 9.38931082 -8.13992863 6.84094787 -6.40669299 5.53761714 -4.73435347 3.91631764 -3.63526696 2.63921147 -3.12362805 
4.34432498 14.86550635 -10.39468294 8.14134355 -6.76051429 5.39185941 -4.93957745 4.09446066 -3.34854706 2.61322929 -2.43404046 1.55308505 -2.16112569 
4.33345892 14.96532648 -10.53136090 8.30176986 -6.93424132 5.57079371 -5.11730272 4.26607637 -3.51042902 2.76288456 -2.56978205 1.67395343 -2.26668238 
4.43250168 15.60926851 -11.43568779 9.38927817 -8.13989174 6.84090831 -6.40665214 5.53757619 -4.73431345 3.91627937 -3.63523114 2.63917860 -3.12359852 
4.42593714 15.60926376 -11.43568097 9.38926981 -8.13988229 6.84089817 -6.40664167 5.53756570 -4.73430320 3.91626957 -3.63522196 2.63917018 -3.12359095 
4.52893466 15.03420356 -10.62622191 8.41373521 -7.05614373 5.69699878 -5.24327990 4.38830655 -3.62625703 2.87043091 -2.66773280 1.76151130 -2.34343150 
4.52597413 15.00187669 -10.58164364 8.36105588 -6.99872261 5.63748505 -5.18381021 4.33054647 -3.57146848 2.81951239 -2.62131647 1.71998544 -2.30700317 
4.52268761 15.03110968 -10.62195120 8.40868356 -7.05063228 5.69128141 -5.23756189 4.38274835 -3.62098063 2.86552356 -2.66325619 1.75750369 -2.33991362 
4.51971835 14.99862760 -10.57716867 8.35577387 -6.99297165 5.63153095 -5.17786673 4.32477964 -3.56600360 2.81443815 -2.61669490 1.71585418 -2.30338185 
4.51642105 15.02799156 -10.61764796 8.40359446 -7.04508106 5.68552387 -5.23180474 4.37715309 -3.61566994 2.86058510 -2.65875189 1.75347185 -2.33637495 
4.61306483 15.60999040 -11.43672330 9.39054849 -8.14132701 6.84244765 -6.40824168 5.53916935 -4.73587069 3.91776822 -3.63662521 2.64045763 -3.12474762 
4.61306483 15.60999040 -11.43672330 9.39054849 -8.14132701 6.84244765 -6.40824168 5.53916935 -4.73587069 3.91776822 -3.63662521 2.64045763 -3.12474762 
4.51344300 14.99535320 -10.57265987 8.35045306 -6.98717966 5.62553556 -5.17188317 4.31897499 -3.56050385 2.80933240 -2.61204537 1.71169854 -2.29973968 
4.51013484 15.02484896 -10.61331186 8.39846756 -7.03948970 5.67972581 -5.22600813 4.37152048 -3.61032469 2.85561529 -2.65421968 1.74941562 -2.33281535 
4.60706783 15.60999040 -11.43672330 9.39054849 -8.14132701 6.84244765 -6.40824168 5.53916935 -4.73587069 3.91776822 -3.63662521 2.64045763 -3.12474762 
4.50714794 14.99205325 -10.56811690 8.34509310 -6.98134625 5.61949852 -5.16585920 4.31313223 -3.55496898 2.80419491 -2.60736767 1.70751836 -2.29607653 
4.50382886 15.02168162 -10.60894257 8.39330249 -7.03385785 5.67388687 -5.22017173 4.36585020 -3.60494462 2.85061392 -2.64965937 1.74533482 -2.32923470 
4.50083307 14.98872747 -10.56353943 8.33969361 -6.97547107 5.61341946 -5.15979449 4.30725106 -3.54939872 2.79902544 -2.60266163 1.70331349 -2.29239228 
4.38609089 15.60923422 -11.43563861 9.38921784 -8.13982358 6.84083521 -6.40657665 5.53750054 -4.73423951 3.91620867 -3.63516494 2.63911787 -3.12354396 
4.37937197 15.60922913 -11.43563130 9.38920888 -8.13981345 6.84082434 -6.40656543 5.53748929 -4.73422851 3.91619817 -3.63515510 2.63910884 -3.12353585 
4.37263041 15.60922398 -11.43562391 9.38919982 -8.13980321 6.84081336 -6.40655410 5.53747793 -4.73421741 3.91618755 -3.63514516 2.63909972 -3.12352765 
4.36586605 15.60921878 -11.43561645 9.38919067 -8.13979287 6.84080227 -6.40654265 5.53746646 -4.73420619 3.91617682 -3.63513512 2.63909051 -3.12351938 
4.35907874 15.60921353 -11.43560892 9.38918142 -8.13978243 6.84079107 -6.40653108 5.53745486 -4.73419486 3.91616599 -3.63512497 2.63908120 -3.12351102 
4.35226831 15.60920822 -11.43560130 9.38917208 -8.13977188 6.84077975 -6.40651939 5.53744315 -4.73418341 3.91615505 -3.63511473 2.63907180 -3.12350257 
4.45912288 14.99879569 -10.57740016 8.35604708 -6.99326909 5.63183887 -5.17817407 4.32507782 -3.56628615 2.81470048 -2.61693381 1.71606773 -2.30356902 
4.45606332 14.96470137 -10.53050203 8.30075844 -6.93314258 5.56965860 -5.11617198 4.26498142 -3.50939338 2.76192470 -2.56890932 1.67317455 -2.26600070 
4.33857748 15.60919744 -11.43558584 9.38915311 -8.13975045 6.84075677 -6.40649566 5.53741937 -4.73416017 3.91613282 -3.63509391 2.63905271 -3.12348541 
4.33169676 15.60919196 -11.43557799 9.38914348 -8.13973956 6.84074510 -6.40648361 5.53740729 -4.73414836 3.91612153 -3.63508335 2.63904301 -3.12347670 
4.32479228 15.60918643 -11.43557006 9.38913375 -8.13972857 6.84073331 -6.40647143 5.53739508 -4.73413643 3.91611013 -3.63507267 2.63903321 -3.12346790 
4.31786389 15.60918085 -11.43556204 9.38912392 -8.13971746 6.84072139 -6.40645913 5.53738275 -4.73412438 3.91609860 -3.63506188 2.63902331 -3.12345901 
4.31091141 15.60917520 -11.43555394 9.38911398 -8.13970624 6.84070935 -6.40644670 5.53737029 -4.73411220 3.91608696 -3.63505098 2.63901331 -3.12345002 
4.18796888 14.76362277 -10.25615572 7.97983523 -6.58674875 5.21399765 -4.76397815 3.92587925 -3.19041127 2.46780753 -2.30279854 1.43677431 -2.06000546 
4.17616829 14.87453205 -10.40700238 8.15575995 -6.77608035 5.40784711 -4.95541409 4.10971293 -3.36289811 2.62646482 -2.44601829 1.56372769 -2.17040121 
4.28285727 15.60915201 -11.43552068 9.38907318 -8.13966014 6.84065992 -6.40639565 5.53731913 -4.73406219 3.91603915 -3.63500621 2.63897224 -3.12341312 
4.27578181 15.60914606 -11.43551214 9.38906271 -8.13964831 6.84064723 -6.40638255 5.53730600 -4.73404936 3.91602688 -3.63499472 2.63896170 -3.12340365 
4.15066881 14.73765302 -10.22100336 7.93902674 -6.54302550 5.16942216 -4.72013950 3.88394942 -3.15122042 2.43189011 -2.27048807 1.40822697 -2.03525860 
4.13863310 14.85131741 -10.37533167 8.11871590 -6.73610044 5.36680225 -4.91477422 4.07058863 -3.32609998 2.59253963 -2.41532763 1.53646721 -2.14665004 
4.24722699 15.60912161 -11.43547707 9.38901969 -8.13959970 6.84059509 -6.40632872 5.53725205 -4.73399662 3.91597646 -3.63494751 2.63891839 -3.12336474 
4.12032183 14.71603413 -10.19178916 7.90516615 -6.50680269 5.13254830 -4.68392743 3.84936226 -3.11893584 2.40233962 -2.24393714 1.38479499 -2.01496807 
4.10809122 14.83197090 -10.34897718 8.08793377 -6.70292433 5.33278726 -4.88113771 4.03824625 -3.29571638 2.56455946 -2.39004201 1.51403011 -2.12711994 
4.09725688 14.69930459 -10.16921252 7.87903259 -6.47888100 5.10415896 -4.65608005 3.82279435 -3.09416342 2.37968834 -2.22360491 1.36686765 -1.99945778 
4.08487592 14.81698685 -10.32858983 8.06414856 -6.67731774 5.30656114 -4.85523009 4.01336010 -3.27235972 2.54306981 -2.37063852 1.49682641 -2.11215673 
4.07392404 14.68211546 -10.14604335 7.85224387 -6.45029107 5.07512117 -4.62762597 3.79567463 -3.06890072 2.35660972 -2.20290695 1.34863267 -1.98369355 
3.78145267 14.39038500 -9.75709607 7.40721308 -5.98012126 4.60219425 -4.16852513 3.36203365 -2.66843605 1.99374947 -1.87999069 1.06620699 -1.74122393 
3.75697867 14.62953444 -10.07534376 7.77069194 -6.36345466 4.98711792 -4.54157481 3.71382694 -2.99280775 2.28722519 -2.14079005 1.29399883 -1.93653760 
3.73570587 14.34724190 -9.70026022 7.34292767 -5.91296366 4.53537074 -4.10433458 3.30201840 -2.61355563 1.94448529 -1.83653789 1.02852019 -1.70912768 
3.54196247 15.59423626 -11.41413584 9.36285179 -8.11004745 6.80891354 -6.37362753 5.50448939 -4.70198468 3.88538101 -3.60630913 2.61265166 -3.09977309 
3.51103587 15.59374397 -11.41343039 9.36198719 -8.10907146 6.80786766 -6.37254843 5.50340867 -4.70092911 3.88437248 -3.60536542 2.61178636 -3.09899614 
3.47962355 15.59322828 -11.41269142 9.36108155 -8.10804917 6.80677221 -6.37141820 5.50227678 -4.69982357 3.88331625 -3.60437709 2.61088017 -3.09818248 
3.62439352 14.52189867 -9.93143674 7.60559557 -6.18858517 4.81079407 -4.37000532 3.55140899 -2.84249536 2.15075433 -2.01911289 1.18739149 -1.84485974 
3.75366856 15.60430631 -11.42857112 9.38054928 -8.13003102 6.83033417 -6.39573478 5.52663556 -4.72362095 3.90605769 -3.62566126 2.63039950 -3.11571203 
3.73517884 15.60420043 -11.42841930 9.38036308 -8.12982072 6.83010868 -6.39550201 5.52640232 -4.72339302 3.90583982 -3.62545731 2.63021242 -3.11554398 
3.71651659 15.60409157 -11.42826319 9.38017165 -8.12960449 6.82987684 -6.39526268 5.52616251 -4.72315868 3.90561583 -3.62524762 2.63002007 -3.11537121 
3.69767857 15.60397961 -11.42810265 9.37997476 -8.12938212 6.82963841 -6.39501655 5.52591588 -4.72291768 3.90538547 -3.62503198 2.62982227 -3.11519354 
3.67866142 15.60386443 -11.42793750 9.37977223 -8.12915336 6.82939314 -6.39476335 5.52566219 -4.72266977 3.90514850 -3.62481015 2.62961879 -3.11501077 
3.65946172 15.60374591 -11.42776755 9.37956383 -8.12891797 6.82914076 -6.39450283 5.52540114 -4.72241468 3.90490468 -3.62458190 2.62940943 -3.11482271 
3.64007591 15.60362393 -11.42759264 9.37934932 -8.12867570 6.82888101 -6.39423468 5.52513246 -4.72215213 3.90465373 -3.62434698 2.62919395 -3.11462916 
3.45834923 14.05852892 -9.32443856 6.92269841 -5.47882354 4.10798133 -3.69800736 2.92589269 -2.27289380 1.64143984 -1.57151910 0.80050311 -1.51641556 
3.42922425 14.34597655 -9.69859594 7.34104814 -5.91100308 4.53342272 -4.10246592 3.30027365 -2.61196223 1.94305671 -1.83527931 1.02742981 -1.70820002 
3.40454254 13.99685001 -9.24516798 6.83514635 -5.38945494 4.02101678 -3.61625597 2.85104144 -2.20581300 1.58236014 -1.52034095 0.75686067 -1.47984396 
3.37455606 14.29276330 -9.62874263 7.26230873 -5.82901885 4.45210678 -4.02459583 3.22768675 -2.54577735 1.88380720 -1.78315451 0.98233182 -1.66988141 
3.34926261 13.93146773 -9.16152793 6.74318168 -5.29599163 3.93044900 -3.53146386 2.77371197 -2.13677438 1.52177371 -1.46803514 0.71239744 -1.44269715 
2.90243972 13.23594523 -8.29650023 5.81735600 -4.37931615 3.06399099 -2.73946323 2.06784850 -1.52030705 0.99175067 -1.01913632 0.33747085 -1.13467161 
2.84694583 13.76927630 -8.95577511 6.51876712 -5.06970401 3.71281854 -3.32919574 2.59054464 -1.97435381 1.38014611 -1.34649949 0.60966216 -1.35732589 
2.80223125 13.07376288 -8.10125063 5.61488272 -4.18496891 2.88570338 -2.58117935 1.93071932 -1.40377880 0.89409194 -0.93838540 0.27149311 -1.08159693 
2.45763277 15.52885413 -11.32063850 9.24848668 -7.98119002 6.67107460 -6.23165011 5.36252862 -4.56353928 3.75329737 -3.48288180 2.49962386 -2.99840677 
2.38600631 15.52298985 -11.31227178 9.23827479 -7.96970794 6.65881637 -6.21904759 5.34995018 -4.55129326 3.74163286 -3.47199827 2.48967152 -2.98949323 
2.31172000 15.51647224 -11.30297667 9.22693407 -7.95696122 6.64521271 -6.20506645 5.33600013 -4.53771591 3.72870387 -3.45993813 2.47864598 -2.97962082 
2.23456874 15.50920150 -11.29261212 9.21429389 -7.94275969 6.63006222 -6.18950126 5.32047499 -4.52261059 3.71432438 -3.44652892 2.46639050 -2.96864997 
2.15432274 15.50105820 -11.28100956 9.20015057 -7.92687651 6.61312501 -6.17210758 5.30313285 -4.50574369 3.69827360 -3.43156614 2.45271937 -2.95641545 
2.07072342 15.49189856 -11.26796624 9.18425945 -7.90903960 6.59411359 -6.15259280 5.28368448 -4.48683619 3.68028806 -3.41480601 2.43741139 -2.94272062 
1.98347841 15.48154821 -11.25323675 9.16632478 -7.88892047 6.57268137 -6.13060460 5.26178200 -4.46555293 3.66005166 -3.39595631 2.42020171 -2.92733022 
1.89225534 15.46979424 -11.23652183 9.14598652 -7.86611987 6.54840772 -6.10571601 5.23700447 -4.44148886 3.63718283 -3.37466477 2.40077138 -2.90996129 
2.18951162 12.75244108 -7.72157677 5.22818175 -3.82023674 2.55665250 -2.29372083 1.68551322 -1.19847944 0.72435782 -0.79978057 0.15949709 -0.99244930 
2.13106430 11.75463921 -6.60280599 4.14434891 -2.84628617 1.71709320 -1.59149881 1.11078494 -0.73575395 0.35485685 -0.50727759 -0.07073824 -0.81365157 
2.04527480 12.48032668 -7.40746087 4.91537314 -3.53161405 2.30166122 -2.07542119 1.50288890 -1.04839565 0.60234956 -0.70166924 0.08127607 -0.93097236 
2.28936301 15.55553185 -11.35874040 9.29503771 -8.03358099 6.72705742 -6.28925490 5.42007056 -4.61960434 3.80673947 -3.53278037 2.54528287 -3.03932514 
2.23111882 15.55232418 -11.35415564 9.28943227 -8.02726803 6.72030728 -6.28230490 5.41312405 -4.61283233 3.80028087 -3.52674702 2.53975956 -3.03437313 
2.17112782 15.54882639 -11.34915728 9.28332239 -8.02038830 6.71295249 -6.27473368 5.40555790 -4.60545742 3.79324835 -3.52017846 2.53374708 -3.02898322 
2.44887266 13.08638627 -8.11636060 5.63046477 -4.19984442 2.89927870 -2.59317075 1.94105742 -1.41252265 0.90138822 -0.94439428 0.27638500 -1.08551861 
2.41129410 12.46822674 -7.39365070 4.90177039 -3.51919703 2.29080265 -2.06621651 1.49526136 -1.04218394 0.59734094 -0.69767125 0.07810863 -0.92849776 
2.00175723 15.53778954 -11.33339299 9.26406105 -7.99870917 6.68978564 -6.25089423 5.38174314 -4.58225267 3.77112811 -3.49952396 2.51484664 -3.01204445 
1.93435427 15.53287458 -11.32637641 9.25549213 -7.98906912 6.67948859 -6.24030270 5.37116682 -4.57195120 3.76131163 -3.49036106 2.50646455 -3.00453459 
1.86460098 15.52744448 -11.31862702 9.24603126 -7.97842884 6.66812640 -6.22861875 5.35950271 -4.56059302 3.75049073 -3.48026283 2.49722875 -2.99626148 
1.79232757 15.52142530 -11.31004013 9.23555160 -7.96664669 6.65554887 -6.21568898 5.34659862 -4.54803085 3.73852589 -3.46909979 2.48702143 -2.98712008 
1.32246273 9.52212327 -4.42545356 2.29388032 -1.37863367 0.58775043 -0.74169384 0.48015666 -0.27201596 0.01021348 -0.24984527 -0.26609742 -0.66731506 
1.18442880 10.41497325 -5.24255806 2.94562648 -1.86345990 0.93902748 -0.99116301 0.65541092 -0.39435613 0.09787562 -0.31366544 -0.21791330 -0.70309891 
1.53061777 15.49584899 -11.27359070 9.19111083 -7.91672872 6.60230782 -6.16100282 5.29206476 -4.49498238 3.68803611 -3.42202534 2.44400452 -2.94861838 
1.00270901 8.39968625 -3.49909422 1.62342255 -0.92439098 0.28396437 -0.54082771 0.34758429 -0.18462886 -0.05102954 -0.20552403 -0.30068255 -0.64131360 
0.83511067 9.32532459 -4.25492582 2.16480416 -1.28740947 0.52458219 -0.69865438 0.45102515 -0.25236664 -0.00362929 -0.23984190 -0.27374889 -0.66160678 
1.22945190 15.45756394 -11.21914316 9.12485630 -7.84244821 6.52322370 -6.07991064 5.21133006 -4.41656836 3.61351319 -3.35263916 2.38068099 -2.89201064 
1.12949360 15.44233335 -11.19752070 9.09858853 -7.81304502 6.49196618 -6.04790562 5.17950999 -4.38570345 3.58421614 -3.32539333 2.35584302 -2.86982984 
1.59195969 11.32900698 -6.15309562 3.73304956 -2.49698758 1.43166474 -1.36473838 0.93411508 -0.60002384 0.25075783 -0.42770357 -0.13170947 -0.76749280 
1.54055078 10.36833174 -5.19810760 2.90879878 -1.83505216 0.91777835 -0.97562956 0.64421240 -0.38635258 0.09206132 -0.30939932 -0.22112231 -0.70071656 
1.45486823 10.97741817 -5.79395586 3.41506887 -2.23534133 1.22404722 -1.20432741 0.81237444 -0.50876631 0.18213523 -0.37607746 -0.17087695 -0.73812153 
1.78804588 15.56985118 -11.37921877 9.32008841 -8.06180797 6.75725370 -6.32035960 5.45117331 -4.64993844 3.83568105 -3.55982642 2.57005113 -3.06153883 
2.14576319 12.41847185 -7.33700404 4.84610762 -3.46850454 2.24657033 -2.02880088 1.46431957 -1.01703435 0.57709727 -0.68153726 0.06534291 -0.91853658 
2.12044929 11.98456947 -6.85257139 4.37893003 -3.05071395 1.88821141 -1.73059373 1.22152501 -0.82258018 0.42258796 -0.55979460 -0.03008795 -0.84472225 
2.08396499 12.29409614 -7.19638957 4.70886455 -3.34433549 2.13889731 -1.93826467 1.38987561 -0.95685439 0.52888961 -0.64328112 0.03518156 -0.89508074 
2.35815071 15.60425374 -11.42849574 9.38045682 -8.12992660 6.83022220 -6.39561920 5.52651974 -4.72350777 3.90594951 -3.62555999 2.63030660 -3.11562858 
2.03683148 11.79804541 -6.64958933 4.18795764 -2.88400979 1.74845134 -1.61681920 1.13081610 -0.75136530 0.36697272 -0.51663084 -0.06352216 -0.81915009 
1.55354408 15.55941053 -11.36428551 9.30181876 -8.04121952 6.73522652 -6.29766745 5.42848038 -4.62780428 3.81456115 -3.54008816 2.55197382 -3.04532483 
1.95451200 12.02146511 -6.89309688 4.41739901 -3.08458674 1.91684128 -1.75408218 1.24039025 -0.83749458 0.43430487 -0.56893495 -0.02298020 -0.85017862 
1.92733675 11.54271305 -6.37684260 3.93588667 -2.66776078 1.57007878 -1.47384657 1.01849230 -0.66439431 0.29984118 -0.46504256 -0.10319318 -0.78901415 
1.41031421 15.55176227 -11.35335259 9.28845055 -8.02616252 6.71912533 -6.28108808 5.41190795 -4.61164689 3.79915039 -3.52569106 2.53879293 -3.03350655 
1.35002184 15.54821278 -11.34828054 9.28225083 -8.01918186 6.71166288 -6.27340627 5.40423152 -4.60416469 3.79201575 -3.51902728 2.53269345 -3.02803876 
1.28785569 15.54433082 -11.34273475 9.27547357 -8.01155257 6.70350870 -6.26501403 5.39584672 -4.59599351 3.78422542 -3.51175225 2.52603545 -3.02207113 
1.22369558 15.54007383 -11.33665480 9.26804537 -8.00319249 6.69457546 -6.25582198 5.38666470 -4.58704715 3.77569761 -3.50378989 2.51874960 -3.01554175 
1.69386530 11.42034859 -6.24822388 3.81884875 -2.56886434 1.48965107 -1.41024501 0.96915953 -0.62665347 0.27099820 -0.44306061 -0.12000093 -0.77631501 
1.66411521 10.87479321 -5.69122626 3.32586442 -2.16332057 1.16789213 -1.16165423 0.78048802 -0.48520873 0.16461722 -0.36301118 -0.18074700 -0.73075244 
1.61673079 11.22838086 -6.04916991 3.64006390 -2.41969571 1.36975929 -1.31648803 0.89719646 -0.57213883 0.22966520 -0.41176175 -0.14383515 -0.75837705 
2.31902970 12.63174379 -7.58141231 5.08779626 -3.68998087 2.44096569 -2.19417777 1.60183381 -1.12939330 0.66796355 -0.75426324 0.12309229 -0.96375163 
2.58236394 15.60999040 -11.43672330 9.39054849 -8.14132701 6.84244765 -6.40824168 5.53916935 -4.73587069 3.91776822 -3.63662521 2.64045763 -3.12474762 
2.85500391 13.42669259 -8.52925447 6.06188117 -4.61702752 3.28472668 -2.93775459 2.24160328 -1.66958047 1.11812244 -1.12461486 0.42438732 -1.20515845 
3.07549181 15.60718802 -11.43270372 9.38561777 -8.13575637 6.83647340 -6.40207294 5.53298690 -4.72982794 3.91199110 -3.63121607 2.63549510 -3.12028936 
3.08836726 15.60722384 -11.43275509 9.38568078 -8.13582756 6.83654973 -6.40215175 5.53306589 -4.72990514 3.91206490 -3.63128517 2.63555849 -3.12034630 
3.31288022 13.95659351 -9.19362251 6.77842032 -5.33175471 3.96505775 -3.56382343 2.80318636 -2.16305671 1.54481196 -1.48790310 0.72926939 -1.45677917 
3.50232557 15.60268585 -11.42624758 9.37769991 -8.12681281 6.82688373 -6.39217297 5.52306673 -4.72013359 3.90272438 -3.62254094 2.62753737 -3.11314122 
3.35088620 14.20275452 -9.51119639 7.13046606 -5.69240497 4.31723465 -3.89601969 3.10835526 -2.43742653 1.78719452 -1.69847873 0.90932919 -1.60806209 
3.16392639 15.60742501 -11.43304362 9.38603468 -8.13622736 6.83697847 -6.40259442 5.53350951 -4.73033871 3.91247939 -3.63167324 2.63591450 -3.12066612 
3.17624664 15.60745640 -11.43308864 9.38608990 -8.13628974 6.83704537 -6.40266349 5.53357873 -4.73040636 3.91254406 -3.63173379 2.63597005 -3.12071603 
2.98590971 13.69606282 -8.86370410 6.41918684 -4.97011430 3.61779265 -3.24155290 2.51176606 -1.90499716 1.32007444 -1.29527631 0.56661735 -1.32175782 
2.49004619 12.83324121 -7.81615628 5.32363727 -3.90946752 2.63646704 -2.36286911 1.74402519 -1.24709157 0.76426542 -0.83215792 0.18550896 -1.01304158 
2.48022273 12.92309085 -7.92203328 5.43118544 -4.01063656 2.72750393 -2.44219794 1.81152674 -1.30347194 0.81077509 -0.87005913 0.21607716 -1.03733020 
2.47284527 12.80247666 -7.78007455 5.28715249 -3.87529909 2.60585073 -2.33629947 1.72150596 -1.22835344 0.74886093 -0.81964413 0.17544418 -1.00506537 
2.12297547 15.60273628 -11.42631989 9.37778858 -8.12691296 6.82699110 -6.39228380 5.52317777 -4.72024209 3.90282809 -3.62263801 2.62762641 -3.11322119 
2.10206993 15.60258339 -11.42610068 9.37751978 -8.12660937 6.82666562 -6.39194783 5.52284115 -4.71991318 3.90251371 -3.62234373 2.62735649 -3.11297875 
2.08094356 15.60242563 -11.42587448 9.37724240 -8.12629610 6.82632977 -6.39160115 5.52249381 -4.71957378 3.90218932 -3.62204008 2.62707798 -3.11272860 
2.05959165 15.60226277 -11.42564098 9.37695608 -8.12597274 6.82598309 -6.39124330 5.52213528 -4.71922345 3.90185448 -3.62172665 2.62679050 -3.11247039 
2.39224391 12.76695026 -7.73851613 5.24523507 -3.83613887 2.57084325 -2.30598735 1.69587031 -1.20706625 0.73139373 -0.80547900 0.16406829 -0.99606291 
2.38460151 12.64048226 -7.59151534 5.09787202 -3.69929059 2.44920125 -2.20123687 1.60774600 -1.13425719 0.67192122 -0.75744833 0.12563335 -0.96574998 
2.37418444 12.73404935 -7.70013234 5.20661998 -3.80015497 2.53875270 -2.27826551 1.67247772 -1.18768314 0.71551971 -0.79262859 0.15376411 -0.98792044 
2.63134598 15.60999040 -11.43672330 9.39054849 -8.14132701 6.84244765 -6.40824168 5.53916935 -4.73587069 3.91776822 -3.63662521 2.64045763 -3.12474762 
2.63134598 15.60999040 -11.43672330 9.39054849 -8.14132701 6.84244765 -6.40824168 5.53916935 -4.73587069 3.91776822 -3.63662521 2.64045763 -3.12474762 
2.36648699 12.60635373 -7.55209713 5.05859831 -3.66303710 2.41715952 -2.17379614 1.58478269 -1.11538052 0.65657251 -0.74510384 0.11579037 -0.95801326 
2.35596414 12.70055804 -7.66116182 5.16751333 -3.76380258 2.50640937 -2.25038838 1.64900516 -1.16827410 0.69965428 -0.77980704 0.14349830 -0.97981967 
2.34821092 12.57161478 -7.51208347 5.01883630 -3.62642717 2.38488174 -2.14621832 1.56175680 -1.09649322 0.64124491 -0.73279790 0.10599283 -0.95032318 
2.33758019 12.66646136 -7.62159257 5.12790788 -3.72707882 2.47381355 -2.22235831 1.62545600 -1.14884286 0.68380100 -0.76701752 0.13327348 -0.97176270 
2.32977048 12.53624993 -7.47146237 4.97857908 -3.58945845 2.35236876 -2.11850621 1.53867205 -1.07759921 0.62594205 -0.72053364 0.09624326 -0.94268170 
1.94927293 15.60136393 -11.42435230 9.37537593 -8.12418821 6.82406997 -6.38926860 5.52015685 -4.71729034 3.90000690 -3.61999725 2.62520431 -3.11104573 
2.30030971 12.59638934 -7.54060845 5.04717105 -3.65250599 2.40786642 -2.16584949 1.57814230 -1.10992944 0.65214573 -0.74154752 0.11295744 -0.95578857 
2.29238481 12.46357798 -7.38834844 4.89655113 -3.51443574 2.28664144 -2.06269114 1.49234164 -1.03980743 0.59542561 -0.69614304 0.07689832 -0.92755251 
1.90338333 15.60096000 -11.42377320 9.37466589 -8.12338636 6.82321037 -6.38838135 5.51926796 -4.71642184 3.89917685 -3.61922031 2.62449172 -3.11040573 
1.88003755 15.60074733 -11.42346830 9.37429205 -8.12296419 6.82275780 -6.38791424 5.51879999 -4.71596461 3.89873987 -3.61881129 2.62411659 -3.11006882 
1.85641606 15.60052706 -11.42315252 9.37390487 -8.12252697 6.82228910 -6.38743048 5.51831534 -4.71549110 3.89828732 -3.61838771 2.62372811 -3.10971991 
1.83251224 15.60029883 -11.42282533 9.37350371 -8.12207396 6.82180348 -6.38692927 5.51781322 -4.71500051 3.89781847 -3.61794887 2.62332563 -3.10935844 
2.20405780 12.40946341 -7.32677198 4.83607615 -3.45938908 2.23863327 -2.02210062 1.45878938 -1.01254772 0.57349179 -0.67866796 0.06307543 -0.91676931 
2.48064710 15.60999040 -11.43672330 9.39054849 -8.14132701 6.84244765 -6.40824168 5.53916935 -4.73587069 3.91776822 -3.63662521 2.64045763 -3.12474762 
2.48064710 15.60999040 -11.43672330 9.39054849 -8.14132701 6.84244765 -6.40824168 5.53916935 -4.73587069 3.91776822 -3.63662521 2.64045763 -3.12474762 
2.48064710 15.60999040 -11.43672330 9.39054849 -8.14132701 6.84244765 -6.40824168 5.53916935 -4.73587069 3.91776822 -3.63662521 2.64045763 -3.12474762 
2.48064710 15.60999040 -11.43672330 9.39054849 -8.14132701 6.84244765 -6.40824168 5.53916935 -4.73587069 3.91776822 -3.63662521 2.64045763 -3.12474762 
2.48064710 15.60999040 -11.43672330 9.39054849 -8.14132701 6.84244765 -6.40824168 5.53916935 -4.73587069 3.91776822 -3.63662521 2.64045763 -3.12474762 
2.48064710 15.60999040 -11.43672330 9.39054849 -8.14132701 6.84244765 -6.40824168 5.53916935 -4.73587069 3.91776822 -3.63662521 2.64045763 -3.12474762 
2.48064710 15.60999040 -11.43672330 9.39054849 -8.14132701 6.84244765 -6.40824168 5.53916935 -4.73587069 3.91776822 -3.63662521 2.64045763 -3.12474762 
2.19583146 12.26975538 -7.16903600 4.68232140 -3.32045672 2.11830184 -1.92103644 1.37577960 -0.94551286 0.51984217 -0.63612790 0.02955914 -0.89072089 
2.18425395 12.36991889 -7.28194385 4.79220944 -3.41960113 2.20404907 -1.99295429 1.43477139 -0.99309158 0.55787783 -0.66625709 0.05327751 -0.90914006 
2.17596494 12.22875873 -7.12308707 4.63784763 -3.28054678 2.08396046 -1.89237459 1.35237934 -0.92672386 0.50488071 -0.62431772 0.02028845 -0.88354083 
1.75903735 15.59956237 -11.42176958 9.37220933 -8.12061232 6.82023668 -6.38531218 5.51619324 -4.71341778 3.89630589 -3.61653315 2.62202723 -3.10819235 
1.73393340 15.59929817 -11.42139085 9.37174501 -8.12008801 6.81967466 -6.38473215 5.51561218 -4.71285009 3.89576338 -3.61602539 2.62156156 -3.10777414 
1.30388592 9.82592384 -4.69548306 2.50326441 -1.53011545 0.69479612 -0.81597592 0.53125335 -0.30699520 0.03501203 -0.26780170 -0.25246763 -0.67745287 
-0.07850519 3.46949768 -0.75020450 0.16829044 -0.17142170 -0.14690573 -0.28711449 0.19260880 -0.09445817 -0.12195062 -0.15202456 -0.35403357 -0.59969525 
-0.30718854 3.93294726 -0.91740853 0.22767848 -0.19177545 -0.13553177 -0.29376491 0.19689484 -0.09616790 -0.11949673 -0.15372745 -0.35133738 -0.60176057 
0.28410282 15.43675431 -11.18960570 9.08897929 -7.80229544 6.48054539 -6.03621829 5.16789645 -4.37444428 3.57353407 -3.31546370 2.34679480 -2.86175287 
-0.45972538 0.77192509 -0.15149790 -0.00229311 -0.12634183 -0.18557183 -0.26410055 0.17609576 -0.09166669 -0.13307749 -0.14709092 -0.36664220 -0.59066318 
-0.74634813 0.92196805 -0.16801937 0.00187047 -0.12695330 -0.18401282 -0.26493129 0.17679117 -0.09158579 -0.13252162 -0.14718003 -0.36603808 -0.59105833 
0.83441360 8.86691463 -3.87108668 1.88346918 -1.09463461 0.39454868 -0.61208326 0.39358498 -0.21432507 -0.03028327 -0.22058085 -0.28868608 -0.65040213 
1.28239897 15.59322828 -11.41269142 9.36108155 -8.10804917 6.80677221 -6.37141820 5.50227678 -4.69982357 3.88331625 -3.60437709 2.61088017 -3.09818248 
1.76664974 11.44463537 -6.27364434 3.84188650 -2.58825405 1.50536156 -1.42262506 0.97873026 -0.63395247 0.27656217 -0.44729219 -0.11676984 -0.77875308 
2.09853663 15.60999040 -11.43672330 9.39054849 -8.14132701 6.84244765 -6.40824168 5.53916935 -4.73587069 3.91776822 -3.63662521 2.64045763 -3.12474762 
2.44385151 12.75002427 -7.71875704 5.22534487 -3.81759302 2.55429471 -2.29168392 1.68379433 -1.19705511 0.72319130 -0.79883621 0.15873983 -0.99185088 
2.70783707 15.60594440 -11.43092018 9.38343020 -8.13328519 6.83382346 -6.39933702 5.53024518 -4.72714843 3.90942960 -3.62881794 2.63329514 -3.11831310 
2.72330083 15.60600641 -11.43100910 9.38353927 -8.13340839 6.83395557 -6.39947341 5.53038185 -4.72728200 3.90955728 -3.62893747 2.63340480 -3.11841160 
2.99189356 13.53926004 -8.66819643 6.20947251 -4.76206144 3.42080049 -3.06122043 2.35084050 -1.76430046 1.19900353 -1.19266796 0.48087643 -1.25129052 
3.21077476 15.60022091 -11.42271363 9.37336677 -8.12191932 6.82163771 -6.38675818 5.51764182 -4.71483305 3.89765843 -3.61779908 2.62318824 -3.10923505 
3.23477418 15.60045188 -11.42304475 9.37377274 -8.12237775 6.82212915 -6.38726539 5.51814995 -4.71532950 3.89813289 -3.61824316 2.62359554 -3.10960084 
3.45480640 14.05452647 -9.31928369 6.91699345 -5.47298870 4.10229267 -3.69264985 2.92097863 -2.26848232 1.63754826 -1.56814284 0.79761988 -1.51399616 
3.47894265 14.39284621 -9.76034373 7.41089220 -5.98397064 4.60603011 -4.17221511 3.36548837 -2.67159938 1.99659264 -1.88250146 1.06838703 -1.74308256 
3.31657441 15.60119899 -11.42411582 9.37508598 -8.12386077 6.82371894 -6.38890628 5.51979385 -4.71693567 3.89966793 -3.61967996 2.62491330 -3.11078437 
