11.08488390 0.59649808 -0.13468699 -0.00672483 -0.12577317 -0.18736024 -0.26317892 0.17530179 -0.09178950 -0.13372641 -0.14701132 -0.36733870 -0.59021465 
5.34465869 13.95214645 -9.18793772 6.77217406 -5.32541097 3.95891456 -3.55807566 2.79794769 -2.15838249 1.54071230 -1.48436565 0.72626383 -1.45426937 
5.13072340 15.60855425 -11.43466327 9.38802140 -8.13847184 6.83938550 -6.40507973 5.53600027 -4.73277311 3.91480672 -3.63385227 2.63791357 -3.12246202 
5.06314948 15.27031515 -10.95481714 8.80546238 -7.48676112 6.14694487 -5.69642680 4.83175661 -4.04994605 3.26690163 -3.03150761 2.08896255 -2.63236803 
4.90507206 15.19566120 -10.85035194 8.68027905 -7.34846307 6.00175242 -5.54953500 4.68738101 -3.91143006 3.13677515 -2.91166953 1.98071484 -2.53653759 
4.72782916 15.09894292 -10.71579445 8.51992257 -7.17224509 5.81768540 -5.36421945 4.50609008 -3.73827345 2.97479305 -2.76309091 1.84701138 -2.41859389 
4.62599920 15.60939549 -11.43586992 9.38950161 -8.14014418 6.84117905 -6.40693171 5.53785639 -4.73458733 3.91654122 -3.63547631 2.63940354 -3.12380061 
4.71920716 15.12175000 -10.74744463 8.55755070 -7.21349956 5.86068205 -5.40741542 4.54826126 -3.77847330 3.01232862 -2.79745975 1.87788785 -2.44578787 
4.71650159 15.09388055 -10.70877591 8.51158596 -7.16311304 5.80817567 -5.35467333 4.49677764 -3.72940291 2.96651623 -2.75551742 1.84021172 -2.41260876 
4.71352658 15.11931705 -10.74406599 8.55353126 -7.20908995 5.85608342 -5.40279276 4.54374572 -3.77416651 3.00830522 -2.79377400 1.87457512 -2.44286897 
4.80150654 15.60999040 -11.43672330 9.39054849 -8.14132701 6.84244765 -6.40824168 5.53916935 -4.73587069 3.91776822 -3.63662521 2.64045763 -3.12474762 
4.80150654 15.60999040 -11.43672330 9.39054849 -8.14132701 6.84244765 -6.40824168 5.53916935 -4.73587069 3.91776822 -3.63662521 2.64045763 -3.12474762 
4.89221638 15.16761496 -10.81124206 8.63356713 -7.29702113 5.94790971 -5.49522094 4.63414674 -3.86049308 3.08904450 -2.86781815 1.94119411 -2.50162531 
4.89470518 15.19181900 -10.84498969 8.67386950 -7.34139920 5.99435358 -5.54206625 4.68005590 -3.90441663 3.13019926 -2.90562467 1.97526405 -2.53171998 
4.80694872 15.60999040 -11.43672330 9.39054849 -8.14132701 6.84244765 -6.40824168 5.53916935 -4.73587069 3.91776822 -3.63662521 2.64045763 -3.12474762 
4.80694872 15.60999040 -11.43672330 9.39054849 -8.14132701 6.84244765 -6.40824168 5.53916935 -4.73587069 3.91776822 -3.63662521 2.64045763 -3.12474762 
4.80694872 15.60999040 -11.43672330 9.39054849 -8.14132701 6.84244765 -6.40824168 5.53916935 -4.73587069 3.91776822 -3.63662521 2.64045763 -3.12474762 
4.80694872 15.60999040 -11.43672330 9.39054849 -8.14132701 6.84244765 -6.40824168 5.53916935 -4.73587069 3.91776822 -3.63662521 2.64045763 -3.12474762 
4.80694872 15.60999040 -11.43672330 9.39054849 -8.14132701 6.84244765 -6.40824168 5.53916935 -4.73587069 3.91776822 -3.63662521 2.64045763 -3.12474762 
4.71650159 15.09388055 -10.70877591 8.51158596 -7.16311304 5.80817567 -5.35467333 4.49677764 -3.72940291 2.96651623 -2.75551742 1.84021172 -2.41260876 
4.71352658 15.11931705 -10.74406599 8.55353126 -7.20908995 5.85608342 -5.40279276 4.54374572 -3.77416651 3.00830522 -2.79377400 1.87457512 -2.44286897 
4.71081371 15.09132195 -10.70522956 8.50737465 -7.15850102 5.80337400 -5.34985434 4.49207762 -3.72492683 2.96234054 -2.75169726 1.83678248 -2.40959080 
4.70782986 15.11686641 -10.74066335 8.54948390 -7.20465038 5.85145422 -5.39814002 4.53920142 -3.76983287 3.00425721 -2.79006615 1.87124289 -2.43993319 
4.79604951 15.60999040 -11.43672330 9.39054849 -8.14132701 6.84244765 -6.40824168 5.53916935 -4.73587069 3.91776822 -3.63662521 2.64045763 -3.12474762 
4.79604951 15.60999040 -11.43672330 9.39054849 -8.14132701 6.84244765 -6.40824168 5.53916935 -4.73587069 3.91776822 -3.63662521 2.64045763 -3.12474762 
4.79604951 15.60999040 -11.43672330 9.39054849 -8.14132701 6.84244765 -6.40824168 5.53916935 -4.73587069 3.91776822 -3.63662521 2.64045763 -3.12474762 
4.79604951 15.60999040 -11.43672330 9.39054849 -8.14132701 6.84244765 -6.40824168 5.53916935 -4.73587069 3.91776822 -3.63662521 2.64045763 -3.12474762 
4.79604951 15.60999040 -11.43672330 9.39054849 -8.14132701 6.84244765 -6.40824168 5.53916935 -4.73587069 3.91776822 -3.63662521 2.64045763 -3.12474762 
4.79604951 15.60999040 -11.43672330 9.39054849 -8.14132701 6.84244765 -6.40824168 5.53916935 -4.73587069 3.91776822 -3.63662521 2.64045763 -3.12474762 
4.79604951 15.60999040 -11.43672330 9.39054849 -8.14132701 6.84244765 -6.40824168 5.53916935 -4.73587069 3.91776822 -3.63662521 2.64045763 -3.12474762 
4.70510965 15.08874485 -10.70165818 8.50313434 -7.15385798 5.79854078 -5.34500442 4.48734810 -3.72042327 2.95813976 -2.74785461 1.83333346 -2.40655576 
4.70211690 15.11439789 -10.73723647 8.54540837 -7.20018060 5.84679421 -5.39345698 4.53462814 -3.76547215 3.00018443 -2.78633603 1.86789101 -2.43698042 
4.79057755 15.60999040 -11.43672330 9.39054849 -8.14132701 6.84244765 -6.40824168 5.53916935 -4.73587069 3.91776822 -3.63662521 2.64045763 -3.12474762 
4.69938931 15.08614907 -10.69806155 8.49886476 -7.14918365 5.79367575 -5.34012331 4.48258885 -3.71589203 2.95391371 -2.74398934 1.82986452 -2.40350354 
4.69638761 15.11191134 -10.73378513 8.54130441 -7.19568034 5.84210311 -5.38874338 4.53002565 -3.76108415 2.99608668 -2.78258350 1.86451936 -2.43401054 
4.78509058 15.60999040 -11.43672330 9.39054849 -8.14132701 6.84244765 -6.40824168 5.53916935 -4.73587069 3.91776822 -3.63662521 2.64045763 -3.12474762 
4.69365259 15.08353442 -10.69443943 8.49456566 -7.14447778 5.78877866 -5.33521077 4.47779965 -3.71133290 2.94966222 -2.74010127 1.82637554 -2.40043403 
4.58998029 15.60937367 -11.43583863 9.38946322 -8.14010081 6.84113254 -6.40688368 5.53780826 -4.73454028 3.91649624 -3.63543419 2.63936490 -3.12376589 
4.58391357 15.60936992 -11.43583325 9.38945662 -8.14009335 6.84112454 -6.40687541 5.53779998 -4.73453219 3.91648850 -3.63542695 2.63935825 -3.12375992 
4.57782839 15.60936613 -11.43582782 9.38944995 -8.14008583 6.84111646 -6.40686708 5.53779162 -4.73452402 3.91648069 -3.63541964 2.63935154 -3.12375389 
4.57172463 15.60936231 -11.43582234 9.38944323 -8.14007823 6.84110832 -6.40685866 5.53778319 -4.73451578 3.91647281 -3.63541226 2.63934477 -3.12374781 
4.56560219 15.60935846 -11.43581681 9.38943644 -8.14007056 6.84110009 -6.40685017 5.53777468 -4.73450746 3.91646486 -3.63540481 2.63933794 -3.12374167 
4.55946095 15.60935456 -11.43581122 9.38942960 -8.14006282 6.84109179 -6.40684160 5.53776609 -4.73449906 3.91645683 -3.63539730 2.63933104 -3.12373548 
4.55330080 15.60935064 -11.43580559 9.38942268 -8.14005501 6.84108342 -6.40683295 5.53775742 -4.73449059 3.91644873 -3.63538971 2.63932409 -3.12372922 
4.54712161 15.60934667 -11.43579990 9.38941571 -8.14004713 6.84107496 -6.40682423 5.53774867 -4.73448204 3.91644055 -3.63538206 2.63931706 -3.12372291 
4.54092327 15.60934267 -11.43579416 9.38940867 -8.14003918 6.84106643 -6.40681541 5.53773984 -4.73447341 3.91643230 -3.63537433 2.63930997 -3.12371655 
4.53470567 15.60933863 -11.43578837 9.38940156 -8.14003115 6.84105782 -6.40680652 5.53773093 -4.73446470 3.91642397 -3.63536653 2.63930282 -3.12371012 
4.52846867 15.60933455 -11.43578252 9.38939438 -8.14002304 6.84104913 -6.40679755 5.53772193 -4.73445590 3.91641556 -3.63535866 2.63929560 -3.12370363 
4.52221216 15.60933044 -11.43577662 9.38938714 -8.14001486 6.84104035 -6.40678848 5.53771285 -4.73444703 3.91640708 -3.63535071 2.63928831 -3.12369708 
4.41155952 14.90599714 -10.45001056 8.20615660 -6.83056695 5.46387962 -5.01098429 4.16329493 -3.41337050 2.67306330 -2.48823123 1.60127070 -2.20315111 
4.40107124 15.00127946 -10.58082100 8.36008479 -6.99766522 5.63639022 -5.18271725 4.32948591 -3.57046338 2.81857907 -2.62046636 1.71922548 -2.30633697 
4.49698856 15.60931358 -11.43575244 9.38935749 -8.13998135 6.84100441 -6.40675138 5.53767566 -4.73441067 3.91637232 -3.63531817 2.63925845 -3.12367025 
4.38493541 14.89019427 -10.42839860 8.18081870 -6.80315897 5.43568043 -4.98300475 4.13630435 -3.38793538 2.64957083 -2.46694149 1.58232931 -2.18662223 
4.37429920 14.98725683 -10.56151564 8.33730676 -6.97287434 5.61073300 -5.15711475 4.30465278 -3.54693812 2.79674217 -2.60058329 1.70145668 -2.29076554 
4.47144278 15.60929607 -11.43572733 9.38932668 -8.13994654 6.84096708 -6.40671283 5.53763702 -4.73437291 3.91633622 -3.63528436 2.63922743 -3.12364239 
4.46500502 15.60929159 -11.43572089 9.38931879 -8.13993763 6.84095752 -6.40670296 5.53762713 -4.73436324 3.91632697 -3.63527570 2.63921949 -3.12363525 
4.45854647 15.60928706 -11.43571440 9.38931082 -8.13992863 6.84094787 -6.40669299 5.53761714 -4.73435347 3.91631764 -3.63526696 2.63921147 -3.12362805 
4.55988121 15.04931790 -10.64709836 8.43844387 -7.08311694 5.72499517 -5.27129436 4.41555193 -3.65213377 2.89450893 -2.68970702 1.78119155 -2.36071362 
4.46048645 13.73225719 -8.90915843 6.46828312 -5.01915153 3.66452433 -3.28460152 2.55041529 -1.93898543 1.34948132 -1.32032649 0.58764846 -1.33912047 
4.33345892 14.96532648 -10.53136090 8.30176986 -6.93424132 5.57079371 -5.11730272 4.26607637 -3.51042902 2.76288456 -2.56978205 1.67395343 -2.26668238 
4.21653352 13.34493883 -8.42908364 5.95622552 -4.51391821 3.18862675 -2.85111778 2.16542586 -1.60392055 1.06236678 -1.07794562 0.38583220 -1.17381492 
3.92271949 15.59920787 -11.42126141 9.37158631 -8.11990882 6.81948258 -6.38453391 5.51541359 -4.71265608 3.89557797 -3.61585186 2.62140242 -3.10763121 
3.89718827 15.59893001 -11.42086311 9.37109801 -8.11935744 6.81889156 -6.38392396 5.51480257 -4.71205913 3.89500750 -3.61531793 2.62091276 -3.10719147 
3.87132692 15.59864129 -11.42044924 9.37059062 -8.11878453 6.81827747 -6.38329019 5.51416771 -4.71143890 3.89441479 -3.61476320 2.62040403 -3.10673460 
3.70031586 14.25753554 -9.58264614 7.21050744 -5.77524366 4.39892291 -3.97380740 3.18047164 -2.50283826 1.84546203 -1.74949894 0.95327698 -1.64524595 
3.83345266 12.97438937 -7.98281560 5.49325521 -4.06932737 2.78057774 -2.48866678 1.85124907 -1.33679565 0.83837484 -0.89263306 0.23434254 -1.05188798 
3.93803141 14.52906112 -9.94097867 7.61650497 -6.20010186 4.82236930 -4.38123341 3.56200618 -2.85227426 2.15960832 -2.02698644 1.19427288 -1.85076350 
3.91552257 14.74649434 -10.23296368 7.95290351 -6.55788513 5.18456329 -4.73502262 3.89817736 -3.16451255 2.44406644 -2.28143686 1.41789661 -2.04363766 
4.02838031 15.60566981 -11.43052639 9.38294723 -8.13273963 6.83323845 -6.39873306 5.52963996 -4.72655696 3.90886420 -3.62828861 2.63280958 -3.11787692 
4.14619651 14.85604472 -10.38177678 8.12624986 -6.74422664 5.37514013 -4.92302527 4.07852774 -3.33356324 2.59941687 -2.42154630 1.54198844 -2.15145852 
4.13555264 14.72693982 -10.20652077 7.92223459 -6.52505549 5.15112292 -4.70216275 3.86677385 -3.13518337 2.41720693 -2.25729169 1.39657775 -2.02516865 
3.98786642 15.60549142 -11.43027057 9.38263349 -8.13238523 6.83285844 -6.39834073 5.52924682 -4.72617276 3.90849694 -3.62794479 2.63249418 -3.11759360 
3.97142825 15.60541697 -11.43016380 9.38250254 -8.13223731 6.83269982 -6.39817698 5.52908273 -4.72601240 3.90834365 -3.62780128 2.63236253 -3.11747535 
3.81731604 14.42336267 -9.80065894 7.45661531 -6.03186262 4.65380471 -4.21822016 3.40860329 -2.71111576 2.03214200 -1.91392181 1.09569074 -1.76637896 
3.47120362 14.00943434 -9.26131250 6.85294664 -5.40759387 4.03863908 -3.63279574 2.86616203 -2.21934391 1.59426056 -1.53063619 0.76562919 -1.48718316 
3.23488089 15.57218125 -11.38255285 9.32416897 -8.06640813 6.76217706 -6.32543328 5.45624878 -4.65489044 3.84040748 -3.56424485 2.57409877 -3.06517013 
2.98764436 13.28429550 -8.35517930 5.87867999 -4.43862589 3.11879428 -2.78845881 2.11058264 -1.55685644 1.02256446 -1.04475619 0.35850788 -1.15167470 
2.66109405 15.50725263 -11.28983482 9.21090777 -7.93895633 6.62600576 -6.18533479 5.31632021 -4.51856906 3.71047787 -3.44294266 2.46311341 -2.96571691 
2.84858998 13.85926504 -9.06962877 6.64262719 -5.19428298 3.83234037 -3.44001798 2.69067132 -2.06294269 1.45723259 -1.41251950 0.66536688 -1.40353392 
3.00778260 15.56268406 -11.36896657 9.30754441 -8.04767054 6.74212698 -6.30477488 5.43558678 -4.63473452 3.82117276 -3.54626632 2.55763128 -3.05039847 
3.39573568 12.13917680 -7.02321685 4.54167750 -3.19467528 2.01041786 -1.83127176 1.30270835 -0.88700406 0.47336549 -0.59951890 0.00087166 -0.86853885 
3.52107892 14.12804631 -9.41421213 7.02230929 -5.58095941 4.20780039 -3.79223730 3.01252049 -2.35083324 1.71033705 -1.63141076 0.85174320 -1.55948837 
3.30321279 15.59001480 -11.40808721 9.35543944 -8.10168104 6.79994899 -6.36437906 5.49522793 -4.69293950 3.87673972 -3.59822382 2.60523869 -3.09311743 
3.26833083 15.58931035 -11.40707800 9.35420288 -8.10028553 6.79845390 -6.36283682 5.49368371 -4.69143152 3.87529924 -3.59687615 2.60400321 -3.09200826 
3.03753586 13.44168797 -8.54769526 6.08140039 -4.63614196 3.30260049 -2.95391982 2.25586078 -1.68190591 1.12861749 -1.13342210 0.43168034 -1.21110058 
2.98603896 13.94223055 -9.17526863 6.75826078 -5.31128755 3.94524415 -3.54529108 2.78630071 -2.14799491 1.53160526 -1.47651051 0.71959218 -1.44870011 
2.94391998 13.30066787 -8.37509826 5.89954637 -4.45885379 3.13752679 -2.80524222 2.12525161 -1.56942746 1.03318229 -1.05359945 0.36578055 -1.15756151 
2.88968769 13.82386394 -9.02474891 6.59370802 -5.14498673 3.78495937 -3.39600837 2.65084149 -2.02764487 1.42647070 -1.38613569 0.64307557 -1.38501921 
3.05827947 15.58451537 -11.40020992 9.34578898 -8.09079150 6.78828401 -6.35234770 5.48318256 -4.68117813 3.86550596 -3.58771496 2.59560555 -3.08446996 
3.23696333 14.15080057 -9.44369541 7.05512926 -5.61471740 4.24089256 -3.82356836 3.04140576 -2.37689261 1.73343263 -1.65153660 0.86900118 -1.57402730 
3.39148717 15.60183187 -11.42502318 9.37619854 -8.12511721 6.82506590 -6.39029657 5.52118675 -4.71829664 3.90096867 -3.62089749 2.62602999 -3.11178733 
3.36930648 15.60164937 -11.42476153 9.37587771 -8.12475488 6.82467746 -6.38989564 5.52078506 -4.71790416 3.90059355 -3.62054636 2.62570794 -3.11149807 
3.34687705 15.60146068 -11.42449101 9.37554601 -8.12438029 6.82427588 -6.38948113 5.52036978 -4.71749839 3.90020574 -3.62018336 2.62537501 -3.11119905 
2.95925153 10.62470822 -5.44485167 3.11516269 -1.99570257 1.03895112 -1.06490001 0.70903275 -0.43298770 0.12609139 -0.33444235 -0.20228002 -0.71471492 
2.61855349 13.45494069 -8.56401038 6.09868741 -4.65308749 3.31846141 -2.96827797 2.26853588 -1.69287289 1.13796336 -1.14127089 0.43818416 -1.21640319 
2.35396352 8.58289549 -3.64264819 1.72226871 -0.98815608 0.32488806 -0.56692593 0.36428980 -0.19532604 -0.04355409 -0.21096231 -0.29630467 -0.64464200 
1.82175624 12.16786020 -7.05511492 4.57232008 -3.22197229 2.03374394 -1.85061095 1.31839732 -0.89952561 0.48328376 -0.60731180 0.00696597 -0.87324218 
1.48543500 4.51553038 -1.15438725 0.31986299 -0.22629836 -0.11723892 -0.30419585 0.20341260 -0.09912473 -0.11595890 -0.15635083 -0.34761582 -0.60465026 
0.41845563 8.34315846 -3.45540334 1.59372138 -0.90546599 0.27193760 -0.53322117 0.34274762 -0.18155161 -0.05318217 -0.20395422 -0.30195791 -0.64034110 
0.81066464 15.04159866 -10.63643358 8.42581834 -7.06933106 5.71068315 -5.25697001 4.40161795 -3.63889712 2.88219006 -2.67846250 1.77111919 -2.35186721 
0.04758054 3.23811797 -0.67379248 0.14281280 -0.16322779 -0.15176624 -0.28422066 0.19070129 -0.09378049 -0.12308265 -0.15128622 -0.35530454 -0.59873234 
-0.45734348 4.27168588 -1.05156532 0.27875620 -0.21050355 -0.12552185 -0.29950418 0.20050640 -0.09776348 -0.11751091 -0.15518153 -0.34922311 -0.60339762 
0.03912099 14.53902103 -9.95425551 7.63169342 -6.21614492 4.83850273 -4.39689127 3.57679181 -2.86592490 2.17197360 -2.03798734 1.20389156 -1.85901896 
0.71873392 9.16581233 -4.11923957 2.06388020 -1.21727708 0.47671696 -0.66645950 0.42947695 -0.23798129 -0.01372807 -0.23254731 -0.27936770 -0.65740318 
1.64609412 11.62228859 -6.46121213 4.01329966 -2.73370511 1.62411338 -1.51688355 1.05210033 -0.69026887 0.31971861 -0.48025680 -0.09152650 -0.79785309 
1.57514651 10.30628518 -5.13927795 2.86029526 -1.79781492 0.89004329 -0.95543479 0.62970593 -0.37601933 0.08457077 -0.30391086 -0.22525102 -0.69765217 
1.98269077 7.97555634 -3.17819621 1.40952625 -0.79063137 0.20018325 -0.48846444 0.31459462 -0.16383066 -0.06561968 -0.19483830 -0.30949261 -0.63456613 
2.46909566 15.58954924 -11.40742024 9.35462221 -8.10075875 6.79896088 -6.36335979 5.49420735 -4.69194286 3.87578768 -3.59733312 2.60442214 -3.09238436 
2.43380337 15.58881985 -11.40637534 9.35334196 -8.09931396 6.79741305 -6.36176318 5.49260872 -4.69038179 3.87429651 -3.59593806 2.60314323 -3.09123623 
2.69425998 13.37149918 -8.46155935 5.99041026 -4.54721326 3.21959965 -2.87898942 2.18988909 -1.62497019 1.08021283 -1.09286114 0.39813775 -1.18380582 
2.67393194 13.04866160 -8.07124855 5.58398664 -4.15551417 2.85885825 -2.55749644 1.91032656 -1.38655101 0.87973169 -0.92657066 0.26188315 -1.07389940 
2.34274816 15.58681642 -11.40350556 9.34982608 -8.09534653 6.79316297 -6.35737948 5.48821980 -4.68609623 3.87020310 -3.59210871 2.59963291 -3.08808502 
2.30513282 15.58593485 -11.40224289 9.34827926 -8.09360120 6.79129345 -6.35545133 5.48628949 -4.68421151 3.86840300 -3.59042483 2.59808941 -3.08669949 
1.95563464 11.47263370 -6.30301575 3.86856254 -2.61075330 1.52362733 -1.43704554 0.98989800 -0.64248344 0.28307396 -0.45225003 -0.11298151 -0.78161356 
1.41553175 15.48246112 -11.25453550 9.16790569 -7.89069345 6.57456956 -6.13254128 5.26371067 -4.46742664 3.66183281 -3.39761507 2.42171586 -2.92868406 
1.32465398 15.47083337 -11.23799902 9.14778333 -7.86813359 6.55055089 -6.10791284 5.23919089 -4.44361178 3.63919980 -3.37654219 2.40248431 -2.91149218 
0.74871280 7.39052711 -2.76172324 1.14710249 -0.63511292 0.10659868 -0.43181008 0.27973583 -0.14240144 -0.08087357 -0.18349724 -0.31929257 -0.62697061 
0.55271345 8.31673222 -3.43507552 1.57996394 -0.89673753 0.26640943 -0.52973464 0.34053564 -0.18014735 -0.05416497 -0.20323686 -0.30254265 -0.63989476 
0.46464076 6.11720411 -1.95989490 0.69442477 -0.39316766 -0.02968922 -0.35306785 0.23263703 -0.11469991 -0.10176244 -0.16746921 -0.33463657 -0.61489321 
1.17467654 4.11325015 -0.98756100 0.25401905 -0.20130286 -0.13040464 -0.29671569 0.19876037 -0.09697715 -0.11846250 -0.15447789 -0.35022830 -0.60261764 
1.78804588 15.56985118 -11.37921877 9.32008841 -8.06180797 6.75725370 -6.32035960 5.45117331 -4.64993844 3.83568105 -3.55982642 2.57005113 -3.06153883 
2.14576319 12.41847185 -7.33700404 4.84610762 -3.46850454 2.24657033 -2.02880088 1.46431957 -1.01703435 0.57709727 -0.68153726 0.06534291 -0.91853658 
2.41286423 15.60455865 -11.42893297 9.38099303 -8.13053225 6.83087159 -6.39628958 5.52719148 -4.72416419 3.90657696 -3.62614737 2.63084540 -3.11611256 
2.39479219 15.60445977 -11.42879118 9.38081914 -8.13033584 6.83066099 -6.39607218 5.52697363 -4.72395131 3.90637348 -3.62595688 2.63067066 -3.11595560 
2.07906229 11.89314972 -6.75269053 4.28460157 -2.96806857 1.81868456 -1.67380770 1.17611009 -0.78682057 0.39459177 -0.53801992 -0.04698160 -0.83178158 
1.18985003 9.26643191 -4.20456588 2.12716066 -1.26112618 0.50657134 -0.68649670 0.44286288 -0.24690219 -0.00746873 -0.23706854 -0.27588064 -0.66001329 
0.29361614 15.24567863 -10.92028452 8.76401485 -7.44090102 6.09872801 -5.64757698 4.78367885 -4.00376020 3.22346036 -2.99145501 2.05274460 -2.60027187 
0.13163201 15.18879457 -10.84076970 8.66882644 -7.33584250 5.98853456 -5.53619339 4.67429708 -3.89890383 3.12503126 -2.90087477 1.97098161 -2.52793554 
-0.04460906 15.11795778 -10.74217861 8.55128619 -7.20662724 5.85351543 -5.40021163 4.54122467 -3.77176226 3.00605937 -2.79171682 1.87272630 -2.44124007 
0.75778808 8.82500792 -3.83692989 1.85906530 -1.07832237 0.38377287 -0.60503959 0.38898400 -0.21132193 -0.03238166 -0.21906215 -0.28988012 -0.64950177 
2.18284609 8.50097630 -3.57809183 1.67758015 -0.95918033 0.30621599 -0.55497744 0.35662049 -0.19040213 -0.04699396 -0.20846217 -0.29830999 -0.64311924 
2.66334666 15.60999040 -11.43672330 9.39054849 -8.14132701 6.84244765 -6.40824168 5.53916935 -4.73587069 3.91776822 -3.63662521 2.64045763 -3.12474762 
2.66334666 15.60999040 -11.43672330 9.39054849 -8.14132701 6.84244765 -6.40824168 5.53916935 -4.73587069 3.91776822 -3.63662521 2.64045763 -3.12474762 
2.66334666 15.60999040 -11.43672330 9.39054849 -8.14132701 6.84244765 -6.40824168 5.53916935 -4.73587069 3.91776822 -3.63662521 2.64045763 -3.12474762 
2.40255726 12.67401535 -7.63034979 5.13666425 -3.73519006 2.48100627 -2.22853792 1.63064321 -1.15311944 0.68728749 -0.76982831 0.13551929 -0.97353137 
2.03800934 15.60209460 -11.42539986 9.37666042 -8.12563884 6.82562512 -6.39087380 5.52176507 -4.71886172 3.90150875 -3.62140303 2.62649367 -3.11220379 
2.01619159 15.60192088 -11.42515080 9.37635503 -8.12529393 6.82525536 -6.39049213 5.52138268 -4.71848809 3.90115164 -3.62106876 2.62618708 -3.11192842 
1.99413321 15.60174138 -11.42489344 9.37603945 -8.12493754 6.82487329 -6.39009776 5.52098757 -4.71810202 3.90078266 -3.62072338 2.62587030 -3.11164390 
2.33758019 12.66646136 -7.62159257 5.12790788 -3.72707882 2.47381355 -2.22235831 1.62545600 -1.14884286 0.68380100 -0.76701752 0.13327348 -0.97176270 
2.86927163 13.44769366 -8.55508671 6.08923009 -4.64381501 3.30978065 -2.96041812 2.26159603 -1.68686716 1.13284451 -1.13697132 0.43462084 -1.21349758 
3.30143221 13.94295828 -9.17619811 6.75928121 -5.31232306 3.94624614 -3.54622787 2.78715390 -2.14875563 1.53227203 -1.47708548 0.72008041 -1.44910757 
3.31696766 14.16699093 -9.46470339 7.07854663 -5.63883604 4.26456570 -3.84600941 3.06211980 -2.39560176 1.75003205 -1.66601654 0.88142978 -1.58450743 
3.12650362 15.60732727 -11.43290344 9.38586274 -8.13603311 6.83677017 -6.40237935 5.53329397 -4.73012805 3.91227800 -3.63148469 2.63574152 -3.12051073 
3.13905584 15.60736046 -11.43295104 9.38592113 -8.13609908 6.83684091 -6.40245238 5.53336717 -4.73019959 3.91234639 -3.63154872 2.63580026 -3.12056350 
2.75122404 10.28382506 -5.11806734 2.84287428 -1.78448989 0.88015155 -0.94825449 0.62456264 -0.37236516 0.08192626 -0.30197521 -0.22670727 -0.69657147 
2.08094356 15.60242563 -11.42587448 9.37724240 -8.12629610 6.82632977 -6.39160115 5.52249381 -4.71957378 3.90218932 -3.62204008 2.62707798 -3.11272860 
2.05959165 15.60226277 -11.42564098 9.37695608 -8.12597274 6.82598309 -6.39124330 5.52213528 -4.71922345 3.90185448 -3.62172665 2.62679050 -3.11247039 
1.68945465 10.94254764 -5.75894348 3.38457770 -2.21065427 1.20474878 -1.18962662 0.80136487 -0.50061544 0.17606455 -0.37154417 -0.17430308 -0.73556215 
1.64275942 11.29390310 -6.11673688 3.70042908 -2.46980050 1.40983616 -1.34768514 0.92103836 -0.59012672 0.24325940 -0.42202895 -0.13602902 -0.76424308 
2.33758019 12.66646136 -7.62159257 5.12790788 -3.72707882 2.47381355 -2.22235831 1.62545600 -1.14884286 0.68380100 -0.76701752 0.13327348 -0.97176270 
2.59882494 15.60999040 -11.43672330 9.39054849 -8.14132701 6.84244765 -6.40824168 5.53916935 -4.73587069 3.91776822 -3.63662521 2.64045763 -3.12474762 
2.59882494 15.60999040 -11.43672330 9.39054849 -8.14132701 6.84244765 -6.40824168 5.53916935 -4.73587069 3.91776822 -3.63662521 2.64045763 -3.12474762 
2.59882494 15.60999040 -11.43672330 9.39054849 -8.14132701 6.84244765 -6.40824168 5.53916935 -4.73587069 3.91776822 -3.63662521 2.64045763 -3.12474762 
2.59882494 15.60999040 -11.43672330 9.39054849 -8.14132701 6.84244765 -6.40824168 5.53916935 -4.73587069 3.91776822 -3.63662521 2.64045763 -3.12474762 
2.32977048 12.53624993 -7.47146237 4.97857908 -3.58945845 2.35236876 -2.11850621 1.53867205 -1.07759921 0.62594205 -0.72053364 0.09624326 -0.94268170 
2.31902970 12.63174379 -7.58141231 5.08779626 -3.68998087 2.44096569 -2.19417777 1.60183381 -1.12939330 0.66796355 -0.75426324 0.12309229 -0.96375163 
2.58236394 15.60999040 -11.43672330 9.39054849 -8.14132701 6.84244765 -6.40824168 5.53916935 -4.73587069 3.91776822 -3.63662521 2.64045763 -3.12474762 
2.31116277 12.50024318 -7.43022156 4.93781969 -3.55212869 2.31962159 -2.09066276 1.51553231 -1.05870254 0.61066767 -0.70831427 0.08654422 -0.93509081 
2.30030971 12.59638934 -7.54060845 5.04717105 -3.65250599 2.40786642 -2.16584949 1.57814230 -1.10992944 0.65214573 -0.74154752 0.11295744 -0.95578857 
2.29238481 12.46357798 -7.38834844 4.89655113 -3.51443574 2.28664144 -2.06269114 1.49234164 -1.03980743 0.59542561 -0.69614304 0.07689832 -0.92755251 
2.28141718 12.56038142 -7.49916810 5.00602476 -3.61465154 2.37451652 -2.13737634 1.55438542 -1.09045547 0.63635144 -0.72887371 0.10287165 -0.94787567 
2.27343354 12.42623723 -7.34583013 4.85476632 -3.47637757 2.25342969 -2.03459473 1.46910427 -1.02091823 0.58021984 -0.68402329 0.06730819 -0.92006883 
2.26234897 12.52370291 -7.45707801 4.96434980 -3.57641500 2.34091697 -2.10876144 1.53056727 -1.07097572 0.62058470 -0.71624529 0.09283771 -0.94001511 
2.53215209 15.60999040 -11.43672330 9.39054849 -8.14132701 6.84244765 -6.40824168 5.53916935 -4.73587069 3.91776822 -3.63662521 2.64045763 -3.12474762 
2.25430584 12.38820322 -7.30265343 4.81245813 -3.43795228 2.21998794 -2.00637712 1.44582465 -1.00203943 0.56505439 -0.67195840 0.05777649 -0.91264178 
2.24310188 12.48633608 -7.41432462 4.92213853 -3.53779392 2.30706895 -2.08000811 1.50669217 -1.05149471 0.60484966 -0.70366578 0.08285845 -0.93220906 
2.23499847 12.34945766 -7.25880481 4.76961940 -3.39915809 2.18631798 -1.97804212 1.42250740 -0.98317570 0.54993344 -0.65995185 0.04830593 -0.90527341 
1.83251224 15.60029883 -11.42282533 9.37350371 -8.12207396 6.82180348 -6.38692927 5.51781322 -4.71500051 3.89781847 -3.61794887 2.62332563 -3.10935844 
1.80831928 15.60006225 -11.42248617 9.37308789 -8.12160440 6.82130013 -6.38640976 5.51729277 -4.71449202 3.89733252 -3.61749403 2.62290848 -3.10898379 
1.78383010 15.59981691 -11.42213447 9.37265669 -8.12111747 6.82077817 -6.38587105 5.51675310 -4.71396476 3.89682862 -3.61702240 2.62247594 -3.10859533 
2.16425751 12.32960865 -7.23639464 4.74777523 -3.37942027 2.16922333 -1.96368522 1.41071581 -0.97365385 0.54231328 -0.65390998 0.04354594 -0.90157420 
2.15590500 12.18697060 -7.07640868 4.59281428 -3.24026246 2.04940051 -1.86361309 1.32896209 -0.90797016 0.48998144 -0.61258032 0.01108994 -0.87642765 
2.14406480 12.28851158 -7.19010899 4.70276559 -3.33884482 2.13415840 -1.93429797 1.38662808 -0.95423991 0.52680289 -0.64163053 0.03388371 -0.89407398 
2.42778059 15.60999040 -11.43672330 9.39054849 -8.14132701 6.84244765 -6.40824168 5.53916935 -4.73587069 3.91776822 -3.63662521 2.64045763 -3.12474762 
2.13564796 12.14436916 -7.02898558 4.54721405 -3.19960288 2.01462504 -1.83475700 1.30553355 -0.88925721 0.47514905 -0.60091947 0.00196645 -0.86938340 
1.04743857 2.33162113 -0.41973768 0.06613238 -0.14102597 -0.16704387 -0.27493613 0.18434556 -0.09204481 -0.12708216 -0.14902037 -0.35988191 -0.59533991 
0.47593146 -3.60693387 -0.53971795 -0.15444258 -0.15593822 -0.23211546 -0.25689209 0.15722388 -0.10323704 -0.15211800 -0.15299641 -0.38290683 -0.58351360 
1.75879528 10.52723222 -5.35034325 3.03556512 -1.93331677 0.99160812 -1.02982403 0.68343169 -0.41448121 0.11254362 -0.32445092 -0.20979953 -0.70912534 
2.20202281 15.38458378 -11.11573176 8.99945353 -7.70231773 6.37449871 -5.92786664 5.06038992 -4.27036677 3.47492390 -3.22391583 2.26347268 -2.78745837 
1.72317702 7.17453047 -2.61561615 1.05929074 -0.58539074 0.07762182 -0.41468919 0.26937413 -0.13616138 -0.08540606 -0.18007720 -0.32238107 -0.62455604 
-0.00362963 -8.90516201 -3.26381919 -1.52090064 -0.83316534 -0.59844044 -0.43881114 0.03874224 -0.18803142 -0.22196707 -0.20230464 -0.42174159 -0.59673633 
1.23858492 4.11951237 -0.99004888 0.25496815 -0.20165144 -0.13021858 -0.29682230 0.19882741 -0.09700686 -0.11842567 -0.15450490 -0.35018913 -0.60264798 
2.61415224 9.77255460 -4.64744983 2.46557738 -1.50253933 0.67511607 -0.80219740 0.52170059 -0.30040854 0.03032646 -0.26440423 -0.25503885 -0.67554253 
3.04733954 15.59849267 -11.42023621 9.37032946 -8.11848965 6.81796139 -6.38296400 5.51384095 -4.71111967 3.89410973 -3.61447770 2.62014220 -3.10649946 
3.07336917 15.59878704 -11.42065817 9.37084676 -8.11907375 6.81858748 -6.38361013 5.51448819 -4.71175200 3.89471399 -3.61504324 2.62066084 -3.10696523 
2.68703437 10.18438790 -5.02470489 2.76661444 -1.72647089 0.83728732 -0.91727701 0.60246237 -0.35672150 0.07063116 -0.29371944 -0.23292006 -0.69196148 
1.65695144 11.01289929 -5.82969367 3.44628577 -2.26069016 1.24391645 -1.21950144 0.82376532 -0.51721806 0.18844046 -0.38079183 -0.16731187 -0.74078630 
1.64123378 11.13049656 -5.94895230 3.55114151 -2.34637937 1.31147783 -1.27138425 0.86291500 -0.54640671 0.21029646 -0.39717969 -0.15490175 -0.75007560 
1.99040219 15.60999040 -11.43672330 9.39054849 -8.14132701 6.84244765 -6.40824168 5.53916935 -4.73587069 3.91776822 -3.63662521 2.64045763 -3.12474762 
2.69106563 10.01218951 -4.86511967 2.63786839 -1.62968863 0.76654670 -0.86665487 0.56666829 -0.33159174 0.05257636 -0.28056099 -0.24283279 -0.68460610 
3.52713075 12.02896055 -6.90134487 4.42524228 -3.09150480 1.92269801 -1.75889460 1.24426115 -0.84055911 0.43671529 -0.57081728 -0.02151526 -0.85130406 
3.99095490 14.47998553 -9.87569685 7.54197434 -6.12153172 4.74350519 -4.30483338 3.48998910 -2.78589808 2.09957866 -1.97366182 1.14771514 -1.81085897 
4.27802891 14.66994649 -10.12965781 7.83331731 -6.43011137 5.05464429 -4.60757866 3.77658395 -3.05113204 2.34039002 -2.18837125 1.33583569 -1.97263794 
4.53534155 14.81417563 -10.32476725 8.05969155 -6.67252219 5.30165228 -4.85038344 4.00870694 -3.26799471 2.53905560 -2.36701561 1.49361558 -2.10936518 
4.57334061 15.22384087 -10.88972272 8.72738775 -7.40043238 6.05623766 -5.60458521 4.74141969 -3.96321269 3.18536565 -2.95636962 2.02105035 -2.57221148 
4.40263735 15.12998417 -10.75888357 8.57116390 -7.22843921 5.87626707 -5.42308669 4.56357390 -3.79308214 3.02597987 -2.80996851 1.88913336 -2.45569871 
3.98379055 11.59251841 -6.42958137 3.98421780 -2.70888258 1.60373628 -1.50062528 1.03938302 -0.68046266 0.31217558 -0.47447718 -0.09596171 -0.79449055 
3.02331326 8.53442192 -3.60437663 1.69572896 -0.97091883 0.31376527 -0.55980016 0.35971178 -0.19238422 -0.04560910 -0.20946914 -0.29750089 -0.64373400 
2.21571074 -15.49176430 -10.13110999 -7.87718195 -6.40552175 -5.36456329 -4.44450932 -3.31347300 -2.97832169 -2.53090620 -2.09178653 -1.95106868 -1.81262616 
