10.50899371 0.47903374 -0.12494033 -0.00946274 -0.12547292 -0.18853986 -0.26259106 0.17478065 -0.09188837 -0.13416095 -0.14697268 -0.36779953 -0.58992228 
4.63491005 15.60763317 -11.43334217 9.38640088 -8.13664106 6.83742213 -6.40305249 5.53396858 -4.73078738 3.91290832 -3.63207483 2.63628291 -3.12099709 
4.74497116 15.05299240 -10.65217698 8.44445845 -7.08968665 5.73181798 -5.27812530 4.42219885 -3.65844997 2.90038889 -2.69507566 1.78600178 -2.36493941 
4.84731575 15.60570421 -11.43057572 9.38300774 -8.13280798 6.83331174 -6.39880872 5.52971578 -4.72663106 3.90893503 -3.62835492 2.63287041 -3.11793156 
4.86323070 15.60577179 -11.43067264 9.38312661 -8.13294225 6.83345573 -6.39895737 5.52986474 -4.72677663 3.90907419 -3.62848520 2.63298991 -3.11803891 
4.87902001 15.60583779 -11.43076729 9.38324269 -8.13307338 6.83359633 -6.39910253 5.53001020 -4.72691879 3.90921008 -3.62861242 2.63310662 -3.11814375 
4.89468564 15.60590225 -11.43085974 9.38335608 -8.13320146 6.83373367 -6.39924432 5.53015229 -4.72705764 3.90934282 -3.62873669 2.63322061 -3.11824615 
4.99645584 15.14022482 -10.77311887 8.58811512 -7.24705289 5.89569556 -5.44263309 4.58268273 -3.81132161 3.04303165 -2.82560007 1.90319209 -2.46809374 
5.01297605 15.29467584 -10.98901931 8.84657744 -7.53232169 6.19491543 -5.74509396 4.87971776 -4.09607792 3.31034378 -3.07160616 2.12526048 -2.66456733 
4.86129922 15.22561591 -10.89220519 8.73036097 -7.40371541 6.05968267 -5.60806890 4.74484214 -3.96649481 3.18844771 -2.95920689 2.02361226 -2.57447872 
4.87503429 15.11242891 -10.73450347 8.54215853 -7.19661687 5.84307930 -5.38972420 4.53098330 -3.76199712 2.99693922 -2.78336418 1.86522077 -2.43462834 
4.88755058 15.23457492 -10.90473933 8.74537815 -7.42030286 6.07709400 -5.62568104 4.76214978 -3.98309741 3.20404241 -2.97356656 2.03658136 -2.58595865 
4.72002416 15.14828732 -10.78433336 8.60147713 -7.26173372 5.91102740 -5.45806610 4.59777788 -3.82573697 3.05651450 -2.83796530 1.91431768 -2.47790653 
4.62996155 15.60939784 -11.43587330 9.38950575 -8.14014886 6.84118407 -6.40693688 5.53786158 -4.73459241 3.91654607 -3.63548086 2.63940771 -3.12380435 
4.63589039 15.60940134 -11.43587832 9.38951191 -8.14015582 6.84119153 -6.40694460 5.53786931 -4.73459996 3.91655329 -3.63548762 2.63941391 -3.12380993 
4.64180171 15.60940481 -11.43588330 9.38951802 -8.14016272 6.84119894 -6.40695224 5.53787697 -4.73460745 3.91656045 -3.63549432 2.63942006 -3.12381545 
4.54961867 15.04434458 -10.64022665 8.43030804 -7.07423262 5.71577101 -5.26206152 4.40657001 -3.64360072 2.88656698 -2.68245722 1.77469709 -2.35500929 
4.55285926 15.01566991 -10.60065215 8.38350507 -7.02317811 5.66281751 -5.20911017 4.35510626 -3.59475307 2.84114197 -2.64102468 1.73760968 -2.32245768 
4.55578249 15.04733623 -10.64435998 8.43520142 -7.07957585 5.72131830 -5.26761371 4.41197101 -3.64873153 2.89134213 -2.68681600 1.77860156 -2.35843859 
4.55901266 15.01878830 -10.60495213 8.38858619 -7.02871632 5.66855725 -5.21484539 4.36067634 -3.60003636 2.84605185 -2.64550025 1.74161354 -2.32596992 
4.56192743 15.05030492 -10.64846243 8.44005919 -7.08488120 5.72682725 -5.27312847 4.41733650 -3.65382943 2.89608736 -2.69114810 1.78248266 -2.36184779 
4.56514724 15.02188296 -10.60922029 8.39363075 -7.03421574 5.67425788 -5.22054256 4.36621044 -3.60528640 2.85093161 -2.64994903 1.74559401 -2.32946210 
4.56805358 15.05325088 -10.65253429 8.44488166 -7.09014899 5.73229817 -5.27860612 4.42266677 -3.65889466 2.90080291 -2.69545371 1.78634054 -2.36523704 
4.46392744 15.60999040 -11.43672330 9.39054849 -8.14132701 6.84244765 -6.40824168 5.53916935 -4.73587069 3.91776822 -3.63662521 2.64045763 -3.12474762 
4.57126311 15.02495411 -10.61345693 8.39863907 -7.03967673 5.67991973 -5.22620199 4.37170884 -3.61050343 2.85578146 -2.65437120 1.74955122 -2.33293435 
4.57416108 15.05617434 -10.65657586 8.44966918 -7.09537956 5.73773141 -5.28404697 4.42796209 -3.66392747 2.90548897 -2.69973300 1.79017535 -2.36860645 
4.36340995 14.91242033 -10.45880168 8.21647094 -6.84173191 5.47537475 -5.02239742 4.17431166 -3.42375868 2.68266362 -2.49693617 1.60901946 -2.20991626 
4.35983088 14.94518743 -10.50370946 8.26922826 -6.89891200 5.53431673 -5.08098705 4.23092980 -3.47720403 2.73210598 -2.54181070 1.64900130 -2.24485326 
4.46392744 15.60999040 -11.43672330 9.39054849 -8.14132701 6.84244765 -6.40824168 5.53916935 -4.73587069 3.91776822 -3.63662521 2.64045763 -3.12474762 
4.35662519 14.90845294 -10.45337123 8.21009905 -6.83483399 5.46827231 -5.01534513 4.16750383 -3.41733883 2.67673029 -2.49155589 1.60422989 -2.20573444 
4.35303334 14.94137343 -10.49847707 8.26307539 -6.89223714 5.52743009 -5.07413572 4.22430355 -3.47094416 2.72631063 -2.53654703 1.64430839 -2.24074988 
4.45746540 15.60999040 -11.43672330 9.39054849 -8.14132701 6.84244765 -6.40824168 5.53916935 -4.73587069 3.91776822 -3.63662521 2.64045763 -3.12474762 
4.45746540 15.60999040 -11.43672330 9.39054849 -8.14132701 6.84244765 -6.40824168 5.53916935 -4.73587069 3.91776822 -3.63662521 2.64045763 -3.12474762 
4.56514724 15.02188296 -10.60922029 8.39363075 -7.03421574 5.67425788 -5.22054256 4.36621044 -3.60528640 2.85093161 -2.64994903 1.74559401 -2.32946210 
4.56805358 15.05325088 -10.65253429 8.44488166 -7.09014899 5.73229817 -5.27860612 4.42266677 -3.65889466 2.90080291 -2.69545371 1.78634054 -2.36523704 
4.46392744 15.60999040 -11.43672330 9.39054849 -8.14132701 6.84244765 -6.40824168 5.53916935 -4.73587069 3.91776822 -3.63662521 2.64045763 -3.12474762 
4.46392744 15.60999040 -11.43672330 9.39054849 -8.14132701 6.84244765 -6.40824168 5.53916935 -4.73587069 3.91776822 -3.63662521 2.64045763 -3.12474762 
4.46392744 15.60999040 -11.43672330 9.39054849 -8.14132701 6.84244765 -6.40824168 5.53916935 -4.73587069 3.91776822 -3.63662521 2.64045763 -3.12474762 
4.35662519 14.90845294 -10.45337123 8.21009905 -6.83483399 5.46827231 -5.01534513 4.16750383 -3.41733883 2.67673029 -2.49155589 1.60422989 -2.20573444 
4.35303334 14.94137343 -10.49847707 8.26307539 -6.89223714 5.52743009 -5.07413572 4.22430355 -3.47094416 2.72631063 -2.53654703 1.64430839 -2.24074988 
4.45746540 15.60999040 -11.43672330 9.39054849 -8.14132701 6.84244765 -6.40824168 5.53916935 -4.73587069 3.91776822 -3.63662521 2.64045763 -3.12474762 
4.34981741 14.90445266 -10.44789730 8.20367783 -6.82788444 5.46111846 -5.00824348 4.16064991 -3.41087694 2.67075934 -2.48614256 1.59941180 -2.20152846 
4.34621269 14.93752753 -10.49320232 8.25687430 -6.88551162 5.52049282 -5.06723558 4.21763155 -3.46464239 2.72047764 -2.53125017 1.63958673 -2.23662206 
4.45098241 15.60999040 -11.43672330 9.39054849 -8.14132701 6.84244765 -6.40824168 5.53916935 -4.73587069 3.91776822 -3.63662521 2.64045763 -3.12474762 
4.45098241 15.60999040 -11.43672330 9.39054849 -8.14132701 6.84244765 -6.40824168 5.53916935 -4.73587069 3.91776822 -3.63662521 2.64045763 -3.12474762 
4.45098241 15.60999040 -11.43672330 9.39054849 -8.14132701 6.84244765 -6.40824168 5.53916935 -4.73587069 3.91776822 -3.63662521 2.64045763 -3.12474762 
4.45098241 15.60999040 -11.43672330 9.39054849 -8.14132701 6.84244765 -6.40824168 5.53916935 -4.73587069 3.91776822 -3.63662521 2.64045763 -3.12474762 
4.45098241 15.60999040 -11.43672330 9.39054849 -8.14132701 6.84244765 -6.40824168 5.53916935 -4.73587069 3.91776822 -3.63662521 2.64045763 -3.12474762 
4.45098241 15.60999040 -11.43672330 9.39054849 -8.14132701 6.84244765 -6.40824168 5.53916935 -4.73587069 3.91776822 -3.63662521 2.64045763 -3.12474762 
4.55901266 15.01878830 -10.60495213 8.38858619 -7.02871632 5.66855725 -5.21484539 4.36067634 -3.60003636 2.84605185 -2.64550025 1.74161354 -2.32596992 
4.56192743 15.05030492 -10.64846243 8.44005919 -7.08488120 5.72682725 -5.27312847 4.41733650 -3.65382943 2.89608736 -2.69114810 1.78248266 -2.36184779 
4.45746540 15.60999040 -11.43672330 9.39054849 -8.14132701 6.84244765 -6.40824168 5.53916935 -4.73587069 3.91776822 -3.63662521 2.64045763 -3.12474762 
4.45746540 15.60999040 -11.43672330 9.39054849 -8.14132701 6.84244765 -6.40824168 5.53916935 -4.73587069 3.91776822 -3.63662521 2.64045763 -3.12474762 
4.45746540 15.60999040 -11.43672330 9.39054849 -8.14132701 6.84244765 -6.40824168 5.53916935 -4.73587069 3.91776822 -3.63662521 2.64045763 -3.12474762 
4.45746540 15.60999040 -11.43672330 9.39054849 -8.14132701 6.84244765 -6.40824168 5.53916935 -4.73587069 3.91776822 -3.63662521 2.64045763 -3.12474762 
4.45746540 15.60999040 -11.43672330 9.39054849 -8.14132701 6.84244765 -6.40824168 5.53916935 -4.73587069 3.91776822 -3.63662521 2.64045763 -3.12474762 
4.45746540 15.60999040 -11.43672330 9.39054849 -8.14132701 6.84244765 -6.40824168 5.53916935 -4.73587069 3.91776822 -3.63662521 2.64045763 -3.12474762 
4.45746540 15.60999040 -11.43672330 9.39054849 -8.14132701 6.84244765 -6.40824168 5.53916935 -4.73587069 3.91776822 -3.63662521 2.64045763 -3.12474762 
4.45746540 15.60999040 -11.43672330 9.39054849 -8.14132701 6.84244765 -6.40824168 5.53916935 -4.73587069 3.91776822 -3.63662521 2.64045763 -3.12474762 
4.45746540 15.60999040 -11.43672330 9.39054849 -8.14132701 6.84244765 -6.40824168 5.53916935 -4.73587069 3.91776822 -3.63662521 2.64045763 -3.12474762 
4.45746540 15.60999040 -11.43672330 9.39054849 -8.14132701 6.84244765 -6.40824168 5.53916935 -4.73587069 3.91776822 -3.63662521 2.64045763 -3.12474762 
4.45746540 15.60999040 -11.43672330 9.39054849 -8.14132701 6.84244765 -6.40824168 5.53916935 -4.73587069 3.91776822 -3.63662521 2.64045763 -3.12474762 
4.45746540 15.60999040 -11.43672330 9.39054849 -8.14132701 6.84244765 -6.40824168 5.53916935 -4.73587069 3.91776822 -3.63662521 2.64045763 -3.12474762 
4.45746540 15.60999040 -11.43672330 9.39054849 -8.14132701 6.84244765 -6.40824168 5.53916935 -4.73587069 3.91776822 -3.63662521 2.64045763 -3.12474762 
4.45746540 15.60999040 -11.43672330 9.39054849 -8.14132701 6.84244765 -6.40824168 5.53916935 -4.73587069 3.91776822 -3.63662521 2.64045763 -3.12474762 
4.45746540 15.60999040 -11.43672330 9.39054849 -8.14132701 6.84244765 -6.40824168 5.53916935 -4.73587069 3.91776822 -3.63662521 2.64045763 -3.12474762 
4.45746540 15.60999040 -11.43672330 9.39054849 -8.14132701 6.84244765 -6.40824168 5.53916935 -4.73587069 3.91776822 -3.63662521 2.64045763 -3.12474762 
4.45746540 15.60999040 -11.43672330 9.39054849 -8.14132701 6.84244765 -6.40824168 5.53916935 -4.73587069 3.91776822 -3.63662521 2.64045763 -3.12474762 
4.34981741 14.90445266 -10.44789730 8.20367783 -6.82788444 5.46111846 -5.00824348 4.16064991 -3.41087694 2.67075934 -2.48614256 1.59941180 -2.20152846 
4.34621269 14.93752753 -10.49320232 8.25687430 -6.88551162 5.52049282 -5.06723558 4.21763155 -3.46464239 2.72047764 -2.53125017 1.63958673 -2.23662206 
4.45098241 15.60999040 -11.43672330 9.39054849 -8.14132701 6.84244765 -6.40824168 5.53916935 -4.73587069 3.91776822 -3.63662521 2.64045763 -3.12474762 
4.55901266 15.01878830 -10.60495213 8.38858619 -7.02871632 5.66855725 -5.21484539 4.36067634 -3.60003636 2.84605185 -2.64550025 1.74161354 -2.32596992 
4.56192743 15.05030492 -10.64846243 8.44005919 -7.08488120 5.72682725 -5.27312847 4.41733650 -3.65382943 2.89608736 -2.69114810 1.78248266 -2.36184779 
4.45746540 15.60999040 -11.43672330 9.39054849 -8.14132701 6.84244765 -6.40824168 5.53916935 -4.73587069 3.91776822 -3.63662521 2.64045763 -3.12474762 
4.45746540 15.60999040 -11.43672330 9.39054849 -8.14132701 6.84244765 -6.40824168 5.53916935 -4.73587069 3.91776822 -3.63662521 2.64045763 -3.12474762 
4.45746540 15.60999040 -11.43672330 9.39054849 -8.14132701 6.84244765 -6.40824168 5.53916935 -4.73587069 3.91776822 -3.63662521 2.64045763 -3.12474762 
4.45746540 15.60999040 -11.43672330 9.39054849 -8.14132701 6.84244765 -6.40824168 5.53916935 -4.73587069 3.91776822 -3.63662521 2.64045763 -3.12474762 
4.45746540 15.60999040 -11.43672330 9.39054849 -8.14132701 6.84244765 -6.40824168 5.53916935 -4.73587069 3.91776822 -3.63662521 2.64045763 -3.12474762 
4.45746540 15.60999040 -11.43672330 9.39054849 -8.14132701 6.84244765 -6.40824168 5.53916935 -4.73587069 3.91776822 -3.63662521 2.64045763 -3.12474762 
4.45746540 15.60999040 -11.43672330 9.39054849 -8.14132701 6.84244765 -6.40824168 5.53916935 -4.73587069 3.91776822 -3.63662521 2.64045763 -3.12474762 
4.45746540 15.60999040 -11.43672330 9.39054849 -8.14132701 6.84244765 -6.40824168 5.53916935 -4.73587069 3.91776822 -3.63662521 2.64045763 -3.12474762 
4.45746540 15.60999040 -11.43672330 9.39054849 -8.14132701 6.84244765 -6.40824168 5.53916935 -4.73587069 3.91776822 -3.63662521 2.64045763 -3.12474762 
4.45746540 15.60999040 -11.43672330 9.39054849 -8.14132701 6.84244765 -6.40824168 5.53916935 -4.73587069 3.91776822 -3.63662521 2.64045763 -3.12474762 
4.45746540 15.60999040 -11.43672330 9.39054849 -8.14132701 6.84244765 -6.40824168 5.53916935 -4.73587069 3.91776822 -3.63662521 2.64045763 -3.12474762 
4.45746540 15.60999040 -11.43672330 9.39054849 -8.14132701 6.84244765 -6.40824168 5.53916935 -4.73587069 3.91776822 -3.63662521 2.64045763 -3.12474762 
4.34981741 14.90445266 -10.44789730 8.20367783 -6.82788444 5.46111846 -5.00824348 4.16064991 -3.41087694 2.67075934 -2.48614256 1.59941180 -2.20152846 
4.34621269 14.93752753 -10.49320232 8.25687430 -6.88551162 5.52049282 -5.06723558 4.21763155 -3.46464239 2.72047764 -2.53125017 1.63958673 -2.23662206 
4.45098241 15.60999040 -11.43672330 9.39054849 -8.14132701 6.84244765 -6.40824168 5.53916935 -4.73587069 3.91776822 -3.63662521 2.64045763 -3.12474762 
4.45098241 15.60999040 -11.43672330 9.39054849 -8.14132701 6.84244765 -6.40824168 5.53916935 -4.73587069 3.91776822 -3.63662521 2.64045763 -3.12474762 
4.45098241 15.60999040 -11.43672330 9.39054849 -8.14132701 6.84244765 -6.40824168 5.53916935 -4.73587069 3.91776822 -3.63662521 2.64045763 -3.12474762 
4.45098241 15.60999040 -11.43672330 9.39054849 -8.14132701 6.84244765 -6.40824168 5.53916935 -4.73587069 3.91776822 -3.63662521 2.64045763 -3.12474762 
4.45098241 15.60999040 -11.43672330 9.39054849 -8.14132701 6.84244765 -6.40824168 5.53916935 -4.73587069 3.91776822 -3.63662521 2.64045763 -3.12474762 
4.34298646 14.90041916 -10.44237942 8.19720680 -6.82088278 5.45391275 -5.00109205 4.15374955 -3.40437269 2.66475050 -2.48069596 1.59456501 -2.19729818 
4.33936877 14.93364940 -10.48788480 8.25062450 -6.87873495 5.51350444 -5.06028619 4.21091341 -3.45829838 2.71460674 -2.52591989 1.63483612 -2.23246964 
4.44447834 15.60999040 -11.43672330 9.39054849 -8.14132701 6.84244765 -6.40824168 5.53916935 -4.73587069 3.91776822 -3.63662521 2.64045763 -3.12474762 
4.44447834 15.60999040 -11.43672330 9.39054849 -8.14132701 6.84244765 -6.40824168 5.53916935 -4.73587069 3.91776822 -3.63662521 2.64045763 -3.12474762 
4.44447834 15.60999040 -11.43672330 9.39054849 -8.14132701 6.84244765 -6.40824168 5.53916935 -4.73587069 3.91776822 -3.63662521 2.64045763 -3.12474762 
4.44447834 15.60999040 -11.43672330 9.39054849 -8.14132701 6.84244765 -6.40824168 5.53916935 -4.73587069 3.91776822 -3.63662521 2.64045763 -3.12474762 
4.44447834 15.60999040 -11.43672330 9.39054849 -8.14132701 6.84244765 -6.40824168 5.53916935 -4.73587069 3.91776822 -3.63662521 2.64045763 -3.12474762 
4.44447834 15.60999040 -11.43672330 9.39054849 -8.14132701 6.84244765 -6.40824168 5.53916935 -4.73587069 3.91776822 -3.63662521 2.64045763 -3.12474762 
4.33613217 14.89635205 -10.43681714 8.19068545 -6.81382851 5.44665471 -4.99389043 4.14680236 -3.39782576 2.65870352 -2.47521588 1.58968934 -2.19304346 
4.33250142 14.92973868 -10.48252403 8.24432550 -6.87190664 5.50646448 -5.05328712 4.20414876 -3.45191180 2.70869763 -2.52055595 1.63005639 -2.22829248 
4.43795305 15.60999040 -11.43672330 9.39054849 -8.14132701 6.84244765 -6.40824168 5.53916935 -4.73587069 3.91776822 -3.63662521 2.64045763 -3.12474762 
4.43795305 15.60999040 -11.43672330 9.39054849 -8.14132701 6.84244765 -6.40824168 5.53916935 -4.73587069 3.91776822 -3.63662521 2.64045763 -3.12474762 
4.43795305 15.60999040 -11.43672330 9.39054849 -8.14132701 6.84244765 -6.40824168 5.53916935 -4.73587069 3.91776822 -3.63662521 2.64045763 -3.12474762 
4.43795305 15.60999040 -11.43672330 9.39054849 -8.14132701 6.84244765 -6.40824168 5.53916935 -4.73587069 3.91776822 -3.63662521 2.64045763 -3.12474762 
4.43795305 15.60999040 -11.43672330 9.39054849 -8.14132701 6.84244765 -6.40824168 5.53916935 -4.73587069 3.91776822 -3.63662521 2.64045763 -3.12474762 
4.54668691 15.01252754 -10.59632005 8.37838703 -7.01760079 5.65703832 -5.20333659 4.34949991 -3.58943629 2.83620174 -2.63652213 1.73358226 -2.31892526 
4.54961867 15.04434458 -10.64022665 8.43030804 -7.07423262 5.71577101 -5.26206152 4.40657001 -3.64360072 2.88656698 -2.68245722 1.77469709 -2.35500929 
4.44447834 15.60999040 -11.43672330 9.39054849 -8.14132701 6.84244765 -6.40824168 5.53916935 -4.73587069 3.91776822 -3.63662521 2.64045763 -3.12474762 
4.44447834 15.60999040 -11.43672330 9.39054849 -8.14132701 6.84244765 -6.40824168 5.53916935 -4.73587069 3.91776822 -3.63662521 2.64045763 -3.12474762 
4.44447834 15.60999040 -11.43672330 9.39054849 -8.14132701 6.84244765 -6.40824168 5.53916935 -4.73587069 3.91776822 -3.63662521 2.64045763 -3.12474762 
4.44447834 15.60999040 -11.43672330 9.39054849 -8.14132701 6.84244765 -6.40824168 5.53916935 -4.73587069 3.91776822 -3.63662521 2.64045763 -3.12474762 
4.44447834 15.60999040 -11.43672330 9.39054849 -8.14132701 6.84244765 -6.40824168 5.53916935 -4.73587069 3.91776822 -3.63662521 2.64045763 -3.12474762 
4.44447834 15.60999040 -11.43672330 9.39054849 -8.14132701 6.84244765 -6.40824168 5.53916935 -4.73587069 3.91776822 -3.63662521 2.64045763 -3.12474762 
4.44447834 15.60999040 -11.43672330 9.39054849 -8.14132701 6.84244765 -6.40824168 5.53916935 -4.73587069 3.91776822 -3.63662521 2.64045763 -3.12474762 
4.44447834 15.60999040 -11.43672330 9.39054849 -8.14132701 6.84244765 -6.40824168 5.53916935 -4.73587069 3.91776822 -3.63662521 2.64045763 -3.12474762 
4.33613217 14.89635205 -10.43681714 8.19068545 -6.81382851 5.44665471 -4.99389043 4.14680236 -3.39782576 2.65870352 -2.47521588 1.58968934 -2.19304346 
4.33250142 14.92973868 -10.48252403 8.24432550 -6.87190664 5.50646448 -5.05328712 4.20414876 -3.45191180 2.70869763 -2.52055595 1.63005639 -2.22829248 
4.43795305 15.60999040 -11.43672330 9.39054849 -8.14132701 6.84244765 -6.40824168 5.53916935 -4.73587069 3.91776822 -3.63662521 2.64045763 -3.12474762 
4.43795305 15.60999040 -11.43672330 9.39054849 -8.14132701 6.84244765 -6.40824168 5.53916935 -4.73587069 3.91776822 -3.63662521 2.64045763 -3.12474762 
4.32925439 14.89225097 -10.43121000 8.18411328 -6.80672114 5.43934388 -4.98663818 4.13980797 -3.39123583 2.65261811 -2.46970211 1.58478463 -2.18876417 
4.32561049 14.92579501 -10.47711956 8.23797681 -6.86502619 5.49937248 -5.04623796 4.19733720 -3.44548233 2.70275005 -2.51515814 1.62524734 -2.22409043 
4.43140640 15.60999040 -11.43672330 9.39054849 -8.14132701 6.84244765 -6.40824168 5.53916935 -4.73587069 3.91776822 -3.63662521 2.64045763 -3.12474762 
4.32235295 14.88811556 -10.42555752 8.17748979 -6.79956016 5.43197977 -4.97933487 4.13276600 -3.38460258 2.64649402 -2.46415441 1.57985069 -2.18446017 
4.31869580 14.92181803 -10.47167093 8.23157793 -6.85809310 5.49222796 -5.03913826 4.19047837 -3.43900964 2.69676372 -2.50972621 1.62040879 -2.21986335 
4.42483825 15.60999040 -11.43672330 9.39054849 -8.14132701 6.84244765 -6.40824168 5.53916935 -4.73587069 3.91776822 -3.63662521 2.64045763 -3.12474762 
4.31542770 14.88394543 -10.41985924 8.17081446 -6.79234507 5.42456191 -4.97198008 4.12567608 -3.37792569 2.64033098 -2.45857257 1.57488735 -2.18013132 
4.31175720 14.91780736 -10.46617768 8.22512834 -6.85110685 5.48503043 -5.03198758 4.18357186 -3.43249338 2.69073834 -2.50425993 1.61554055 -2.21561107 
4.41824846 15.60999040 -11.43672330 9.39054849 -8.14132701 6.84244765 -6.40824168 5.53916935 -4.73587069 3.91776822 -3.63662521 2.64045763 -3.12474762 
4.30847847 14.87974019 -10.41411466 8.16408678 -6.78507534 5.41708981 -4.96457336 4.11853783 -3.37120483 2.63412870 -2.45295636 1.56989443 -2.17577748 
4.30479453 14.91376263 -10.46063932 8.21862753 -6.84406695 5.47777941 -5.02478547 4.17661728 -3.42593322 2.68467365 -2.49875908 1.61064243 -2.21133346 
4.30150508 14.87549946 -10.40832330 8.15730622 -6.77775046 5.40956300 -4.95711427 4.11135084 -3.36443967 2.62788692 -2.44730557 1.56487175 -2.17139853 
4.17400368 15.60905563 -11.43538243 9.38890358 -8.13946852 6.84045441 -6.40618345 5.53710645 -4.73385432 3.91584041 -3.63482012 2.63880151 -3.12325974 
4.16653172 15.60904862 -11.43537237 9.38889125 -8.13945459 6.84043947 -6.40616802 5.53709099 -4.73383920 3.91582595 -3.63480659 2.63878910 -3.12324859 
4.28376034 14.90142025 -10.44374878 8.19881254 -6.82262002 5.45570046 -5.00286613 4.15546120 -3.40598595 2.66624076 -2.48204668 1.59576690 -2.19834712 
4.39166999 15.60999040 -11.43672330 9.39054849 -8.14132701 6.84244765 -6.40824168 5.53916935 -4.73587069 3.91776822 -3.63662521 2.64045763 -3.12474762 
4.39166999 15.60999040 -11.43672330 9.39054849 -8.14132701 6.84244765 -6.40824168 5.53916935 -4.73587069 3.91776822 -3.63662521 2.64045763 -3.12474762 
4.39166999 15.60999040 -11.43672330 9.39054849 -8.14132701 6.84244765 -6.40824168 5.53916935 -4.73587069 3.91776822 -3.63662521 2.64045763 -3.12474762 
4.28043836 14.86256036 -10.39066354 8.13664186 -6.75543962 5.38664921 -4.93441832 4.08949361 -3.34387506 2.60892180 -2.43014344 1.54962341 -2.15810953 
4.15150352 15.60903436 -11.43535193 9.38886617 -8.13942625 6.84040907 -6.40613664 5.53705953 -4.73380845 3.91579656 -3.63477907 2.63876385 -3.12322590 
4.14394686 15.60902711 -11.43534153 9.38885341 -8.13941184 6.84039362 -6.40612067 5.53704354 -4.73379282 3.91578161 -3.63476507 2.63875101 -3.12321437 
4.01034507 14.63390041 -10.08120418 7.77744088 -6.37062953 4.99437811 -4.54866347 3.72055970 -2.99905853 2.29291746 -2.14587978 1.29847019 -1.94039264 
3.85241513 15.60483990 -11.42933627 9.38148764 -8.13109092 6.83147061 -6.39690798 5.52781113 -4.72476974 3.90715579 -3.62668924 2.63134245 -3.11655904 
3.98105374 14.74695608 -10.23358851 7.95362869 -6.55866190 5.18535501 -4.73580107 3.89892175 -3.16520815 2.44470381 -2.28201011 1.41840300 -2.04407655 
4.09799734 15.60898183 -11.43527658 9.38877373 -8.13932182 6.84029707 -6.40602099 5.53694363 -4.73369517 3.91568825 -3.63467765 2.63867081 -3.12314232 
3.96130506 14.59530632 -10.02946222 7.71792326 -6.30742702 4.93049317 -4.48635318 3.66143760 -2.94422223 2.24302675 -2.10130917 1.25934689 -1.90668842 
3.79915859 15.60455865 -11.42893297 9.38099303 -8.13053225 6.83087159 -6.39628958 5.52719148 -4.72416419 3.90657696 -3.62614737 2.63084540 -3.11611256 
3.93126336 14.71156977 -10.18576187 7.89818639 -6.49934236 5.12496010 -4.67648132 3.84225571 -3.11230727 2.39627664 -2.23849319 1.37999355 -2.01081282 
3.79102600 12.62234420 -7.57055272 5.07697349 -3.67998770 2.43213122 -2.18661002 1.59549936 -1.12418499 0.66372779 -0.75085594 0.12037503 -0.96161551 
3.23656099 13.71911102 -8.89263480 6.45042082 -5.00129634 3.64749548 -3.26890301 2.53631088 -1.92657330 1.33873525 -1.31116685 0.57995403 -1.33276472 
2.74626009 12.88549460 -7.87764027 5.38600317 -3.96805289 2.68911524 -2.40868754 1.78296429 -1.27957677 0.79103437 -0.85395059 0.20306990 -1.02698343 
2.37094569 15.47408301 -11.24261925 9.15340399 -7.87443354 6.55725664 -6.11478729 5.24603354 -4.45025635 3.64551340 -3.38241952 2.40784717 -2.91628549 
2.58780940 13.51085815 -8.63302885 6.17200164 -4.72513033 3.38605230 -3.02960493 2.32279406 -1.73991914 1.17813491 -1.17507015 0.46623923 -1.23931380 
3.24976687 11.81962253 -6.67290880 4.20975181 -2.90291105 1.76420089 -1.62956542 1.14092163 -0.75925722 0.37310818 -0.52137427 -0.05985863 -0.82194448 
4.19556651 10.45275204 -5.27870511 2.97568812 -1.88673371 0.95649410 -1.00397064 0.66467033 -0.40099098 0.10270386 -0.31721200 -0.21524548 -0.70507991 
4.68818495 15.02514649 -10.61372234 8.39895286 -7.04001891 5.68027454 -5.22655668 4.37205346 -3.61083044 2.85608549 -2.65464844 1.74979933 -2.33315206 
4.70185993 15.16693535 -10.81029529 8.63243737 -7.29577809 5.94660976 -5.49391069 4.63286355 -3.85926619 3.08789566 -2.86676339 1.94024413 -2.50078661 
4.07091483 7.09685559 -2.56408310 1.02886394 -0.56845254 0.06786100 -0.40896845 0.26592908 -0.13410197 -0.08691625 -0.17893127 -0.32343373 -0.62373087 
3.05002455 -14.50572706 -8.85252538 -6.45375808 -4.94260059 -3.93345768 -3.09324693 -2.06997773 -1.85842347 -1.54139122 -1.23340165 -1.21949266 -1.20049424 
4.05233974 9.33507378 -4.26329230 2.17107911 -1.29180501 0.52760265 -0.70069829 0.45240031 -0.25328909 -0.00298074 -0.24031040 -0.27338927 -0.66187544 
4.33670943 14.26881709 -9.59739561 7.22706848 -5.79242183 4.41589894 -3.99000655 3.19552003 -2.51651414 1.85766660 -1.76020411 0.96251324 -1.65307288 
3.48763561 2.98541486 -0.59571312 0.11790673 -0.15557621 -0.15656439 -0.28133160 0.18876593 -0.09315801 -0.12426037 -0.15055798 -0.35664145 -0.59772826 
4.35243054 -2.25716670 -0.24056425 -0.07282686 -0.13339719 -0.21520222 -0.25524221 0.16359779 -0.09770443 -0.14518414 -0.14934614 -0.37784434 -0.58480174 
5.80423476 9.56548320 -4.46348959 2.32300626 -1.39944971 0.60230394 -0.75169557 0.48697760 -0.27664855 0.01348596 -0.25221173 -0.26429458 -0.66865790 
6.47560485 13.73121010 -8.90784174 6.46685913 -5.01772751 3.66316566 -3.28334851 2.54928908 -1.93799398 1.34862266 -1.31959436 0.58703325 -1.33861215 
6.62086228 15.44949238 -11.20768150 9.11092916 -7.82685537 6.50664414 -6.06293131 5.19444574 -4.40018798 3.59796232 -3.33817482 2.36749300 -2.88023187 
6.36736708 13.61017868 -8.75633664 6.30372388 -4.85528198 3.50880710 -3.14155521 2.42233222 -1.82663918 1.25251292 -1.23791116 0.51860040 -1.28223017 
5.80864272 11.91879639 -6.78063425 4.31092237 -2.99107009 1.83798814 -1.68953731 1.18866213 -0.79668334 0.40229949 -0.54400551 -0.04234323 -0.83533066 
5.10946889 12.72280622 -7.68703835 5.19346914 -3.78792025 2.52785873 -2.26886876 1.66455990 -1.18113150 0.71016088 -0.78829542 0.15029296 -0.98518007 
4.67413814 15.12928904 -10.75791765 8.57001409 -7.22717708 5.87495012 -5.42176217 4.56227941 -3.79184690 3.02482538 -2.80891046 1.88818200 -2.45486012 
4.48053578 15.00985222 -10.59263257 8.37403140 -7.01285516 5.65212179 -5.19842568 4.34473202 -3.58491537 2.83200164 -2.63269468 1.73015915 -2.31592325 
4.48389555 14.97973048 -10.55116158 8.32509887 -6.95959676 5.59700045 -5.14342016 4.29137781 -3.53436965 2.78508218 -2.58997213 1.69197857 -2.28246344 
4.58796010 15.60937243 -11.43583684 9.38946103 -8.14009833 6.84112988 -6.40688093 5.53780550 -4.73453759 3.91649366 -3.63543178 2.63936269 -3.12376390 
4.49327462 15.01634705 -10.60158579 8.38460822 -7.02438041 5.66406347 -5.21035506 4.35631522 -3.59589971 2.84220750 -2.64199590 1.73847849 -2.32321977 
4.49661208 14.98649581 -10.56046845 8.33607181 -6.97153088 5.60934323 -5.15572854 4.30330879 -3.54566542 2.79556126 -2.59950843 1.70049644 -2.28992432 
4.49961383 15.01955619 -10.60601112 8.38983772 -7.03008059 5.66997135 -5.21625853 4.36204894 -3.60133842 2.84726201 -2.64660347 1.74260057 -2.32683582 
4.39166999 15.60999040 -11.43672330 9.39054849 -8.14132701 6.84244765 -6.40824168 5.53916935 -4.73587069 3.91776822 -3.63662521 2.64045763 -3.12474762 
4.39166999 15.60999040 -11.43672330 9.39054849 -8.14132701 6.84244765 -6.40824168 5.53916935 -4.73587069 3.91776822 -3.63662521 2.64045763 -3.12474762 
4.28043836 14.86256036 -10.39066354 8.13664186 -6.75543962 5.38664921 -4.93441832 4.08949361 -3.34387506 2.60892180 -2.43014344 1.54962341 -2.15810953 
4.15150352 15.60903436 -11.43535193 9.38886617 -8.13942625 6.84040907 -6.40613664 5.53705953 -4.73380845 3.91579656 -3.63477907 2.63876385 -3.12322590 
4.14394686 15.60902711 -11.43534153 9.38885341 -8.13941184 6.84039362 -6.40612067 5.53704354 -4.73379282 3.91578161 -3.63476507 2.63875101 -3.12321437 
4.26250332 14.88875732 -10.42643460 8.17851742 -6.80067105 5.43312205 -4.98046760 4.13385809 -3.38563119 2.64744359 -2.46501453 1.58061559 -2.18512736 
4.37150175 15.60999040 -11.43672330 9.39054849 -8.14132701 6.84244765 -6.40824168 5.53916935 -4.73587069 3.91776822 -3.63662521 2.64045763 -3.12474762 
4.48389555 14.97973048 -10.55116158 8.32509887 -6.95959676 5.59700045 -5.14342016 4.29137781 -3.53436965 2.78508218 -2.58997213 1.69197857 -2.28246344 
4.58796010 15.60937243 -11.43583684 9.38946103 -8.14009833 6.84112988 -6.40688093 5.53780550 -4.73453759 3.91649366 -3.63543178 2.63936269 -3.12376390 
4.49327462 15.01634705 -10.60158579 8.38460822 -7.02438041 5.66406347 -5.21035506 4.35631522 -3.59589971 2.84220750 -2.64199590 1.73847849 -2.32321977 
4.38496982 15.60999040 -11.43672330 9.39054849 -8.14132701 6.84244765 -6.40824168 5.53916935 -4.73587069 3.91776822 -3.63662521 2.64045763 -3.12474762 
4.27336669 14.85817367 -10.38468004 8.12964438 -6.74788881 5.37889850 -4.92674526 4.08210779 -3.33692935 2.60251923 -2.42435206 1.54447993 -2.15362870 
4.14394686 15.60902711 -11.43534153 9.38885341 -8.13941184 6.84039362 -6.40612067 5.53704354 -4.73379282 3.91578161 -3.63476507 2.63875101 -3.12321437 
4.26250332 14.88875732 -10.42643460 8.17851742 -6.80067105 5.43312205 -4.98046760 4.13385809 -3.38563119 2.64744359 -2.46501453 1.58061559 -2.18512736 
4.37150175 15.60999040 -11.43672330 9.39054849 -8.14132701 6.84244765 -6.40824168 5.53916935 -4.73587069 3.91776822 -3.63662521 2.64045763 -3.12474762 
4.48389555 14.97973048 -10.55116158 8.32509887 -6.95959676 5.59700045 -5.14342016 4.29137781 -3.53436965 2.78508218 -2.58997213 1.69197857 -2.28246344 
4.58796010 15.60937243 -11.43583684 9.38946103 -8.14009833 6.84112988 -6.40688093 5.53780550 -4.73453759 3.91649366 -3.63543178 2.63936269 -3.12376390 
4.59401458 15.60937616 -11.43584219 9.38946759 -8.14010575 6.84113783 -6.40688914 5.53781373 -4.73454563 3.91650135 -3.63543899 2.63936929 -3.12376984 
4.60005079 15.60937985 -11.43584750 9.38947409 -8.14011310 6.84114571 -6.40689728 5.53782189 -4.73455361 3.91650898 -3.63544612 2.63937584 -3.12377572 
4.50593306 15.02274016 -10.61040271 8.39502844 -7.03573966 5.67583774 -5.22212164 4.36774450 -3.60674186 2.85228457 -2.65118261 1.74669783 -2.33043060 
4.28748520 14.86690995 -10.39659825 8.14358430 -6.76293314 5.39434320 -4.94203721 4.09682913 -3.35077512 2.61528375 -2.43589934 1.55473642 -2.16256469 
3.91232418 12.84427738 -7.82912108 5.33676759 -3.92178316 2.64751856 -2.37247350 1.75217654 -1.25388311 0.76985530 -0.83670376 0.18916862 -1.01594442 
