9.26434843 -0.40590380 -0.09043848 -0.02645453 -0.12492201 -0.19712289 -0.25888665 0.17106090 -0.09304250 -0.13747683 -0.14705309 -0.37115350 -0.58791702 
1.11434068 15.01112317 -10.59438427 8.37610041 -7.01510932 5.65445703 -5.20075816 4.34699648 -3.58706245 2.83399629 -2.63451230 1.73178469 -2.31734878 
1.31074387 15.10448342 -10.72347866 8.52905301 -7.18225004 5.82810746 -5.37468460 4.51630205 -3.74800358 2.98387435 -2.77140264 1.85447561 -2.42516547 
0.71591664 1.51322704 -0.25235951 0.02250505 -0.13073256 -0.17751615 -0.26860983 0.17970591 -0.09149570 -0.13030563 -0.14772485 -0.36357164 -0.59272362 
-1.35828865 -5.20342752 -1.10025849 -0.35238274 -0.22524735 -0.26750291 -0.26781116 0.14591892 -0.11326542 -0.16288499 -0.16004654 -0.38987566 -0.58340350 
-0.86825560 14.63111559 -10.07746593 7.77313563 -6.36605233 4.98974625 -4.54414082 3.71626392 -2.99507010 2.28928524 -2.14263190 1.29561680 -1.93793246 
-1.16712306 14.37529618 -9.73719835 7.38468555 -5.95656508 4.57873407 -4.14596958 3.34092737 -2.64911985 1.97639663 -1.86467365 1.05291333 -1.72989483 
1.12174150 3.60852173 -0.79837939 0.18489820 -0.17694530 -0.14374063 -0.28898139 0.19382475 -0.09491912 -0.12124252 -0.15250292 -0.35324676 -0.60029499 
1.36339975 10.01069051 -4.86374211 2.63676593 -1.62886632 0.76594982 -0.86623046 0.56636994 -0.33138339 0.05242713 -0.28045242 -0.24291466 -0.68454534 
1.87731490 7.28742454 -2.69146652 1.10459445 -0.61089011 0.09242248 -0.42340848 0.27464133 -0.13932508 -0.08310068 -0.18182022 -0.32079756 -0.62579524 
2.40984325 15.60999040 -11.43672330 9.39054849 -8.14132701 6.84244765 -6.40824168 5.53916935 -4.73587069 3.91776822 -3.63662521 2.64045763 -3.12474762 
2.40984325 15.60999040 -11.43672330 9.39054849 -8.14132701 6.84244765 -6.40824168 5.53916935 -4.73587069 3.91776822 -3.63662521 2.64045763 -3.12474762 
2.70652751 13.19856592 -8.25128409 5.77025081 -4.33389849 3.02214793 -2.70216127 2.03540328 -1.49263097 0.96847483 -0.99982783 0.32164883 -1.12190859 
2.94196208 15.60678809 -11.43213015 9.38491425 -8.13496162 6.83562113 -6.40119300 5.53210508 -4.72896611 3.91116721 -3.63044472 2.63478748 -3.11965368 
3.18323706 13.79690581 -8.99065133 6.55662406 -5.10769786 3.74919381 -3.36285480 2.62089532 -2.00115609 1.40342671 -1.36640433 0.62643066 -1.37121479 
3.38412091 15.60177171 -11.42493692 9.37609278 -8.12499776 6.82493785 -6.39016440 5.52105433 -4.71816725 3.90084500 -3.62078173 2.62592382 -3.11169197 
3.22362610 14.06479987 -9.33251809 6.93164338 -5.48797538 4.11690692 -3.70641612 2.93360789 -2.27982206 1.64755337 -1.57682453 0.80503496 -1.52021929 
3.02314478 15.60703756 -11.43248792 9.38535308 -8.13545736 6.83615275 -6.40174187 5.53265513 -4.72950369 3.91168112 -3.63092585 2.63522886 -3.12005019 
2.81800412 13.46180940 -8.57247271 6.10766041 -4.66188953 3.32670572 -2.97574611 2.27513285 -1.69858436 1.14283337 -1.14536299 0.44157671 -1.21917045 
2.54902983 15.60999040 -11.43672330 9.39054849 -8.14132701 6.84244765 -6.40824168 5.53916935 -4.73587069 3.91776822 -3.63662521 2.64045763 -3.12474762 
2.27343354 12.42623723 -7.34583013 4.85476632 -3.47637757 2.25342969 -2.03459473 1.46910427 -1.02091823 0.58021984 -0.68402329 0.06730819 -0.92006883 
2.26234897 12.52370291 -7.45707801 4.96434980 -3.57641500 2.34091697 -2.10876144 1.53056727 -1.07097572 0.62058470 -0.71624529 0.09283771 -0.94001511 
2.53215209 15.60999040 -11.43672330 9.39054849 -8.14132701 6.84244765 -6.40824168 5.53916935 -4.73587069 3.91776822 -3.63662521 2.64045763 -3.12474762 
2.53215209 15.60999040 -11.43672330 9.39054849 -8.14132701 6.84244765 -6.40824168 5.53916935 -4.73587069 3.91776822 -3.63662521 2.64045763 -3.12474762 
2.53215209 15.60999040 -11.43672330 9.39054849 -8.14132701 6.84244765 -6.40824168 5.53916935 -4.73587069 3.91776822 -3.63662521 2.64045763 -3.12474762 
2.53215209 15.60999040 -11.43672330 9.39054849 -8.14132701 6.84244765 -6.40824168 5.53916935 -4.73587069 3.91776822 -3.63662521 2.64045763 -3.12474762 
2.53215209 15.60999040 -11.43672330 9.39054849 -8.14132701 6.84244765 -6.40824168 5.53916935 -4.73587069 3.91776822 -3.63662521 2.64045763 -3.12474762 
2.53215209 15.60999040 -11.43672330 9.39054849 -8.14132701 6.84244765 -6.40824168 5.53916935 -4.73587069 3.91776822 -3.63662521 2.64045763 -3.12474762 
2.25430584 12.38820322 -7.30265343 4.81245813 -3.43795228 2.21998794 -2.00637712 1.44582465 -1.00203943 0.56505439 -0.67195840 0.05777649 -0.91264178 
2.24310188 12.48633608 -7.41432462 4.92213853 -3.53779392 2.30706895 -2.08000811 1.50669217 -1.05149471 0.60484966 -0.70366578 0.08285845 -0.93220906 
2.23499847 12.34945766 -7.25880481 4.76961940 -3.39915809 2.18631798 -1.97804212 1.42250740 -0.98317570 0.54993344 -0.65995185 0.04830593 -0.90527341 
2.22367261 12.44826258 -7.37089403 4.87938324 -3.49878601 2.27297385 -2.05111991 1.48276463 -1.03201710 0.58915057 -0.69113877 0.07293672 -0.92445972 
2.21550815 12.30998158 -7.21427040 4.72624290 -3.35999340 2.15242186 -1.94959380 1.39915737 -0.96433186 0.53486124 -0.64800716 0.03889923 -0.89796576 
2.20405780 12.40946341 -7.32677198 4.83607615 -3.45938908 2.23863327 -2.02210062 1.45878938 -1.01254772 0.57349179 -0.67866796 0.06307543 -0.91676931 
2.48064710 15.60999040 -11.43672330 9.39054849 -8.14132701 6.84244765 -6.40824168 5.53916935 -4.73587069 3.91776822 -3.63662521 2.64045763 -3.12474762 
2.19583146 12.26975538 -7.16903600 4.68232140 -3.32045672 2.11830184 -1.92103644 1.37577960 -0.94551286 0.51984217 -0.63612790 0.02955914 -0.89072089 
2.18425395 12.36991889 -7.28194385 4.79220944 -3.41960113 2.20404907 -1.99295429 1.43477139 -0.99309158 0.55787783 -0.66625709 0.05327751 -0.90914006 
2.46317974 15.60999040 -11.43672330 9.39054849 -8.14132701 6.84244765 -6.40824168 5.53916935 -4.73587069 3.91776822 -3.63662521 2.64045763 -3.12474762 
2.75222028 13.27065772 -8.33860625 5.86133781 -4.42183245 3.10325835 -2.77455327 2.09844069 -1.54646066 1.01379141 -1.03745522 0.35250793 -1.14682143 
2.98296531 15.60691661 -11.43231447 9.38514033 -8.13521702 6.83589502 -6.40147578 5.53238846 -4.72924306 3.91143197 -3.63069259 2.63501487 -3.11985795 
3.21942687 13.84265863 -9.04856133 6.61964826 -5.17111183 3.81005552 -3.41930624 2.67191566 -2.04631173 1.44273108 -1.40007564 0.65484835 -1.39479356 
3.59849489 14.21037857 -9.52112332 7.14156840 -5.70387692 4.32852986 -3.90675947 3.11829760 -2.44643193 1.79520576 -1.70548474 0.91535693 -1.61315637 
3.77353401 15.59747997 -11.41878463 9.36854998 -8.11648044 6.81580786 -6.38074158 5.51161476 -4.70894487 3.89203150 -3.61253270 2.61835854 -3.10489767 
3.80068250 15.59781374 -11.41926305 9.36913646 -8.11714262 6.81651759 -6.38147399 5.51234840 -4.70966157 3.89271636 -3.61317365 2.61894631 -3.10542550 
3.82746741 15.59813436 -11.41972260 9.36969982 -8.11777871 6.81719937 -6.38217759 5.51305319 -4.71035008 3.89337431 -3.61378941 2.61951100 -3.10593261 
3.70749551 14.59044222 -10.02295108 7.71044471 -6.29949684 4.92248842 -4.47855616 3.65404907 -2.93737781 2.23680696 -2.09575884 1.25448005 -1.90249992 
3.23255845 11.63503751 -6.47478236 4.02579808 -2.74439108 1.63289948 -1.52390428 1.05759980 -0.69451515 0.32298852 -0.48276459 -0.08960082 -0.79931393 
2.50710352 12.86349080 -7.85171888 5.35968002 -3.94329795 2.66684549 -2.38928693 1.76646037 -1.26579534 0.77966829 -0.84469022 0.19560260 -1.02105119 
1.60394257 -6.76448130 -1.86525700 -0.70094942 -0.37814890 -0.34276302 -0.30044954 0.12388110 -0.13036169 -0.17846600 -0.17124182 -0.39903496 -0.58561465 
1.75425435 5.78167929 -1.77243718 0.59950964 -0.34751248 -0.05404710 -0.33943357 0.22456723 -0.11018742 -0.10550393 -0.16452694 -0.33778752 -0.61239741 
1.82951994 7.75590791 -3.01827804 1.30668346 -0.72850035 0.16227790 -0.46527351 0.30021878 -0.15491824 -0.07192168 -0.19017968 -0.31344873 -0.63151196 
2.75823747 -4.99417799 -1.01402377 -0.31843970 -0.21224518 -0.26120963 -0.26550147 0.14781160 -0.11164839 -0.16125387 -0.15891689 -0.38886381 -0.58330808 
4.90548812 6.09837450 -1.94911183 0.68884622 -0.39042937 -0.03116207 -0.35224042 0.23214747 -0.11442332 -0.10198696 -0.16729312 -0.33482110 -0.61474707 
6.34077393 9.05574614 -4.02693487 1.99613854 -1.17080943 0.44534963 -0.64556535 0.41560883 -0.22879412 -0.02016403 -0.22789752 -0.28297149 -0.65470051 
7.08641782 13.25384153 -8.31819439 5.84000258 -4.40119488 3.08418612 -2.75749984 2.08356464 -1.53373595 1.00306231 -1.02853363 0.34518151 -1.14089934 
7.38956185 15.26788672 -10.95141070 8.80137092 -7.48223100 6.14217885 -5.69159521 4.82699853 -4.04537260 3.26259763 -3.02753733 2.08537066 -2.62918346 
7.36803012 15.05654067 -10.65708236 8.45026924 -7.09603521 5.73841253 -5.28472911 4.42862605 -3.66455857 2.90607663 -2.70026970 1.79065634 -2.36902909 
7.02659777 13.05173658 -8.07492077 5.58776519 -4.15911356 2.86213623 -2.56038615 1.91281303 -1.38865014 0.88148033 -0.92800850 0.26305206 -1.07483523 
6.33131824 10.49901629 -5.32314544 3.01278576 -1.91555959 0.97819877 -1.01993462 0.67624411 -0.40930571 0.10876502 -0.32166930 -0.21189233 -0.70757049 
5.22884096 8.64035656 -3.68828606 1.75409326 -1.00893675 0.33835551 -0.57558557 0.36986999 -0.19892207 -0.04104248 -0.21278564 -0.29484937 -0.64574527 
3.95422848 11.27006110 -6.09210602 3.67838513 -2.45147234 1.39515316 -1.33623845 0.91227823 -0.58350890 0.23825289 -0.41824462 -0.13890763 -0.76207890 
3.23656099 13.71911102 -8.89263480 6.45042082 -5.00129634 3.64749548 -3.26890301 2.53631088 -1.92657330 1.33873525 -1.31116685 0.57995403 -1.33276472 
3.61166565 10.57482746 -5.39638295 3.07425533 -1.96357560 1.01452587 -1.04677257 0.69578114 -0.42339444 0.11906156 -0.32925431 -0.20618503 -0.71181156 
4.25632685 13.49276233 -8.61066150 6.14820951 -4.70171949 3.36405999 -3.00962594 2.30509671 -1.72455640 1.16500299 -1.16401021 0.45705049 -1.23180341 
4.68265241 13.97175552 -9.21301848 6.79974674 -5.35342861 3.98606010 -3.58348632 2.82111859 -2.17906622 1.55886136 -1.50003220 0.73957979 -1.46539291 
4.78041580 15.19678432 -10.85191966 8.68215326 -7.35052892 6.00391655 -5.55171989 4.68952417 -3.91348229 3.13869959 -2.91343876 1.98231037 -2.53794793 
4.69902378 15.60777945 -11.43355198 9.38665824 -8.13693181 6.83773392 -6.40337442 5.53429121 -4.73110271 3.91320977 -3.63235707 2.63654184 -3.12122970 
4.71046319 15.60780458 -11.43358803 9.38670245 -8.13698175 6.83778748 -6.40342973 5.53434663 -4.73115688 3.91326156 -3.63240556 2.63658632 -3.12126966 
4.53345372 13.90164734 -9.12351347 6.70152441 -5.25379455 3.88968833 -3.49341958 2.73911904 -2.10597872 1.49482114 -1.44482560 0.69271475 -1.42629063 
4.30974728 15.60999040 -11.43672330 9.39054849 -8.14132701 6.84244765 -6.40824168 5.53916935 -4.73587069 3.91776822 -3.63662521 2.64045763 -3.12474762 
4.30974728 15.60999040 -11.43672330 9.39054849 -8.14132701 6.84244765 -6.40824168 5.53916935 -4.73587069 3.91776822 -3.63662521 2.64045763 -3.12474762 
4.19388817 14.80734778 -10.31548614 8.04887353 -6.66088612 5.28974483 -4.83863029 3.99742616 -3.25741532 2.52932891 -2.35823920 1.48583920 -2.10260571 
4.18997502 14.84408737 -10.36547850 8.10720272 -6.72368700 5.35407015 -4.90217923 4.05847399 -3.31471523 2.58205212 -2.40584723 1.52805241 -2.13932350 
4.18650435 14.80248159 -10.30887423 8.04116974 -6.65260291 5.28127153 -4.83026973 3.98940433 -3.24989471 2.52241660 -2.35200404 1.48031604 -2.09780607 
4.05096727 15.60893328 -11.43520694 9.38868831 -8.13922530 6.84019356 -6.40591411 5.53683651 -4.73359046 3.91558815 -3.63458393 2.63858482 -3.12306506 
4.04302027 15.60892485 -11.43519484 9.38867347 -8.13920854 6.84017559 -6.40589554 5.53681790 -4.73357228 3.91557076 -3.63456765 2.63856988 -3.12305165 
4.03504157 15.60891632 -11.43518260 9.38865846 -8.13919158 6.84015740 -6.40587676 5.53679908 -4.73355388 3.91555317 -3.63455118 2.63855477 -3.12303807 
3.89400012 14.54029254 -9.95595115 7.63363395 -6.21819540 4.84056550 -4.39889393 3.57868354 -2.86767198 2.17355666 -2.03939613 1.20512368 -1.86007673 
3.88020742 14.67403201 -10.13515740 7.83966802 -6.43688077 5.06151162 -4.61430027 3.78298329 -3.05708687 2.34582456 -2.19324055 1.34012170 -1.97634003 
3.86816839 14.51853664 -9.92695946 7.60047849 -6.18318512 4.80536839 -4.36474407 3.54644492 -2.83791599 2.14660929 -2.01542786 1.18417164 -1.84209801 
3.54156269 14.15019889 -9.44291518 7.05426004 -5.61382267 4.24001484 -3.82273676 3.04063856 -2.37620001 1.73281842 -1.65100106 0.86854169 -1.57364000 
3.51371871 14.42478217 -9.80253639 7.45874693 -6.03409774 4.65603664 -4.22037157 3.41062148 -2.71296722 2.03380905 -1.91539647 1.09697319 -1.76747401 
3.64979230 15.60368536 -11.42768073 9.37945735 -8.12879771 6.82901183 -6.39436972 5.52526778 -4.72228436 3.90478011 -3.62446529 2.62930247 -3.11472664 
3.79212104 14.60620070 -10.04405367 7.73469168 -6.32521733 4.94845977 -4.50386201 3.67803689 -2.95960603 2.25701259 -2.11379471 1.27029910 -1.91611754 
3.77958518 14.44115650 -9.82420702 7.48336655 -6.05992813 4.68184496 -4.24526252 3.43398374 -2.73441051 2.05312605 -1.93249199 1.11184702 -1.78017966 
3.92592148 13.02470416 -8.04266782 5.55460804 -4.12755604 2.83342054 -2.53509213 1.89106541 -1.37030397 0.86620789 -0.91545845 0.25285501 -1.06667581 
4.04079239 14.70124217 -10.17182594 7.88205624 -6.48210997 5.10744049 -4.65929748 3.82586262 -3.09702314 2.38230216 -2.22595024 1.36893484 -2.00124566 
3.89429446 15.60875405 -11.43494985 9.38837295 -8.13886901 6.83981145 -6.40551955 5.53644106 -4.73320395 3.91521862 -3.63423793 2.63826739 -3.12277989 
3.88569849 15.60874338 -11.43493455 9.38835417 -8.13884780 6.83978870 -6.40549606 5.53641752 -4.73318094 3.91519663 -3.63421734 2.63824849 -3.12276291 
3.73378687 14.39942746 -9.76903075 7.42073637 -5.99427349 4.61629978 -4.18209700 3.37474274 -2.68007543 2.00421274 -1.88923227 1.07423253 -1.74806731 
3.71876256 14.54665069 -9.96443243 7.64334263 -6.22845677 4.85089087 -4.40892079 3.58815718 -2.87642314 2.18148787 -2.04645566 1.21129904 -1.86537920 
3.56478136 12.17188520 -7.05959700 4.57663131 -3.22581764 2.03703379 -1.85334161 1.32061498 -0.90129736 0.48468842 -0.60841633 0.00783030 -0.87390962 
3.34102850 14.25924261 -9.58487719 7.21301168 -5.77784037 4.40148827 -3.97625462 3.18274434 -2.50490310 1.84730424 -1.75111441 0.95467045 -1.64642653 
3.48836429 15.60258339 -11.42610068 9.37751978 -8.12660937 6.82666562 -6.39194783 5.52284115 -4.71991318 3.90251371 -3.62234373 2.62735649 -3.11297875 
3.29242739 13.86207281 -9.07319335 6.64651788 -5.19820886 3.83611853 -3.44353163 2.69385508 -2.06576743 1.45969700 -1.41463533 0.66715621 -1.40502145 
3.26055761 14.17597915 -9.47637682 7.09157033 -5.65226126 4.27775380 -3.85852113 3.07367759 -2.40604867 1.75930744 -1.67411302 0.88838360 -1.59037459 
3.23394781 13.78832163 -8.97980804 6.54484603 -5.09586940 3.73786205 -3.35236272 2.61142886 -1.99279159 1.39615733 -1.36018588 0.62118956 -1.36687177 
3.20104610 14.11179299 -9.39318212 6.99893125 -5.55694519 4.18428992 -3.77000566 2.99204896 -2.33238586 1.69400562 -1.61719404 0.83956415 -1.54923770 
3.35812321 15.60155582 -11.42462740 9.37571325 -8.12456915 6.82447835 -6.38969012 5.52057916 -4.71770297 3.90040127 -3.62036638 2.62554287 -3.11134981 
3.33556729 15.60136393 -11.42435230 9.37537593 -8.12418821 6.82406997 -6.38926860 5.52015685 -4.71729034 3.90000690 -3.61999725 2.62520431 -3.11104573 
3.31275410 15.60116543 -11.42406771 9.37502699 -8.12379415 6.82364753 -6.38883257 5.51972001 -4.71686352 3.89959897 -3.61961542 2.62485410 -3.11073120 
3.28967769 15.60096000 -11.42377320 9.37466589 -8.12338636 6.82321037 -6.38838135 5.51926796 -4.71642184 3.89917685 -3.61922031 2.62449172 -3.11040573 
3.45999448 14.31299228 -9.65526578 7.29217174 -5.86007787 4.48287962 -4.05403398 3.25509999 -2.57074852 1.90614113 -1.80278565 0.99930260 -1.68428973 
3.60897384 15.60834603 -11.43436462 9.38765506 -8.13805795 6.83894163 -6.40462141 5.53554093 -4.73232416 3.91437751 -3.63345040 2.63754488 -3.12213080 
3.43470175 14.09627224 -9.37312320 6.97665756 -5.53409019 4.16193769 -3.74889066 2.97262471 -2.31489876 1.67853812 -1.60374076 0.82804822 -1.53955247 
3.41705753 14.27047432 -9.59956327 7.22950347 -5.79494866 4.41839709 -3.99239135 3.19773630 -2.51852903 1.85946537 -1.76178243 0.96387543 -1.65422756 
3.40220017 14.05996298 -9.32628588 6.92474327 -5.48091534 4.11002109 -3.69992871 2.92765530 -2.27447640 1.64283614 -1.57273068 0.80153791 -1.51728400 
2.98151277 13.44138594 -8.54732363 6.08100682 -4.63575635 3.30223972 -2.95359338 2.25557273 -1.68165678 1.12840527 -1.13324394 0.43153275 -1.21098029 
2.68715397 15.57320002 -11.38401074 9.32595346 -8.06842005 6.76433052 -6.32765269 5.45846917 -4.65705698 3.84247549 -3.56617822 2.57587002 -3.06675928 
2.90214211 13.75391281 -8.93641294 6.49778242 -5.04867498 3.69271435 -3.31061876 2.57381626 -1.95960045 1.36734694 -1.33556884 0.60046364 -1.34971479 
2.87103020 13.27419824 -8.34290714 5.86583663 -4.42618734 3.10728574 -2.77815680 2.10158617 -1.54915295 1.01606279 -1.03934496 0.35406054 -1.14807703 
2.83087197 13.65936152 -8.81773804 6.36966758 -4.92078071 3.57089364 -3.19845278 2.47315953 -1.87112159 1.29082583 -1.27040954 0.54577786 -1.30458303 
3.01653719 15.59813436 -11.41972260 9.36969982 -8.11777871 6.81719937 -6.38217759 5.51305319 -4.71035008 3.89337431 -3.61378941 2.61951100 -3.10593261 
2.98975228 15.59781374 -11.41926305 9.36913646 -8.11714262 6.81651759 -6.38147399 5.51234840 -4.70966157 3.89271636 -3.61317365 2.61894631 -3.10542550 
2.73910995 13.06161457 -8.08672320 5.59991520 -4.17069293 2.87268637 -2.56969069 1.92082258 -1.39541469 0.88711746 -0.93264527 0.26682275 -1.07785491 
2.69590414 13.46997139 -8.58253409 6.11833479 -4.67236611 3.33652348 -2.98464399 2.28299655 -1.70539567 1.14864368 -1.15024715 0.44562740 -1.22247571 
2.66195295 12.93050327 -7.93080109 5.44012423 -4.01907514 2.73512318 -2.44885908 1.81721264 -1.30823540 0.81471539 -0.87327820 0.21867916 -1.03940203 
2.61685031 13.35254603 -8.43837838 5.96600261 -4.52343439 3.19747348 -2.85907369 2.17240460 -1.60992197 1.06745207 -1.08219369 0.38933531 -1.17665786 
2.58176422 12.78876608 -7.76402232 5.27094823 -3.86014851 2.59229641 -2.32455443 1.71156586 -1.22009382 0.74207934 -0.81414147 0.17102288 -1.00156489 
2.21132104 15.55119215 -11.35253784 9.28745457 -8.02504098 6.71792629 -6.27985369 5.41067434 -4.61044440 3.79800369 -3.52461997 2.53781248 -3.03262759 
2.15072426 15.54758994 -11.34739066 9.28116324 -8.01795743 6.71035409 -6.27205915 5.40288549 -4.60285285 3.79076496 -3.51785915 2.53162432 -3.02708043 
2.08823444 15.54364861 -11.34176028 9.27428288 -8.01021237 6.70207648 -6.26354018 5.39437434 -4.59455880 3.78285772 -3.51047514 2.52486676 -3.02102371 
1.67857171 10.60333831 -5.42405936 3.09759203 -1.98188647 1.02843550 -1.05708769 0.70331633 -0.42884577 0.12305438 -0.33220008 -0.20396791 -0.71345981 
1.56691558 11.43248168 -6.26091666 3.83034601 -2.57853625 1.49748415 -1.41641490 0.97392737 -0.63028821 0.27376807 -0.44516665 -0.11839309 -0.77752804 
1.86460098 15.52744448 -11.31862702 9.24603126 -7.97842884 6.66812640 -6.22861875 5.35950271 -4.56059302 3.75049073 -3.48026283 2.49722875 -2.99626148 
2.18770583 12.62493044 -7.57353986 5.07994972 -3.68273509 2.43455947 -2.18868961 1.59723966 -1.12561559 0.66489103 -0.75179150 0.12112101 -0.96220186 
2.14605673 11.91445438 -6.77589914 4.30645846 -2.98716588 1.83470904 -1.68686333 1.18652681 -0.79500439 0.40098664 -0.54298549 -0.04313396 -0.83472541 
1.66574872 15.50983892 -11.29352059 9.21540159 -7.94400398 6.63138941 -6.19086454 5.32183453 -4.52393316 3.71558321 -3.44770263 2.46746308 -2.96961001 
1.58577006 15.50177346 -11.28202842 9.20139225 -7.92827064 6.61461135 -6.17363367 5.30465414 -4.50722302 3.69968111 -3.43287803 2.45391783 -2.95748783 
1.50246086 15.49270470 -11.26911388 9.18565730 -7.91060823 6.59578512 -6.15430820 5.28539367 -4.48849751 3.68186807 -3.41627810 2.43875571 -2.94392308 
1.41553175 15.48246112 -11.25453550 9.16790569 -7.89069345 6.57456956 -6.13254128 5.26371067 -4.46742664 3.66183281 -3.39761507 2.42171586 -2.92868406 
1.81811245 11.86359750 -6.72056549 4.25440922 -2.94174063 1.79663409 -1.65587456 1.16182600 -0.77561635 0.38584870 -0.53123896 -0.05223126 -0.82776840 
2.10565191 15.58067312 -11.39470800 9.33905048 -8.08318986 6.78014313 -6.34395317 5.47478022 -4.67297570 3.85767311 -3.58038900 2.58889130 -3.07844375 
2.41182525 12.91341547 -7.91059632 5.41953295 -3.99964300 2.71758370 -2.43353017 1.80413211 -1.29728028 0.80565587 -0.86587879 0.21269948 -1.03464176 
2.65009117 15.60570421 -11.43057572 9.38300774 -8.13280798 6.83331174 -6.39880872 5.52971578 -4.72663106 3.90893503 -3.62835492 2.63287041 -3.11793156 
2.63404856 15.60563499 -11.43047646 9.38288599 -8.13267045 6.83316428 -6.39865648 5.52956322 -4.72648197 3.90879251 -3.62822150 2.63274801 -3.11782162 
2.35272303 12.46597139 -7.39107806 4.89923779 -3.51688644 2.28878311 -2.06450541 1.49384411 -1.04103029 0.59641110 -0.69692930 0.07752099 -0.92803879 
1.59382748 10.52159942 -5.34490799 3.03100829 -1.92976113 0.98892071 -1.02784044 0.68198894 -0.41344161 0.11178426 -0.32389174 -0.21022026 -0.70881273 
0.37728812 5.69031796 -1.72311305 0.57527700 -0.33618682 -0.06002655 -0.33610036 0.22259142 -0.10909980 -0.10643517 -0.16379274 -0.33859845 -0.61175523 
-1.48998093 13.26804631 -8.33543474 5.85802110 -4.41862256 3.10029048 -2.77189830 2.09612364 -1.54447784 1.01211887 -1.03606393 0.35136500 -1.14589729 
-0.08373111 5.52426268 -1.63534702 0.53294302 -0.31674238 -0.07023903 -0.33041603 0.21921606 -0.10726066 -0.10804281 -0.16252476 -0.34002556 -0.61062567 
0.44347528 15.29199424 -10.98525164 8.84204513 -7.52729600 6.18962056 -5.73971895 4.87441764 -4.09097713 3.30553788 -3.06716795 2.12124106 -2.66100020 
1.08436393 9.91411665 -4.77541582 2.56639847 -1.57661017 0.72816652 -0.83946052 0.54761089 -0.31832172 0.04308709 -0.27366288 -0.24803802 -0.68074240 
1.93212477 11.97261769 -6.83947030 4.36651797 -3.03980559 1.87900795 -1.72305596 1.21548076 -0.81780910 0.41884472 -0.55687787 -0.03235405 -0.84298411 
2.22434592 15.60343414 -11.42732050 9.37901560 -8.12829878 6.82847688 -6.39381751 5.52471447 -4.72174369 3.90426332 -3.62398152 2.62885873 -3.11432806 
2.20447869 15.60330286 -11.42713226 9.37878477 -8.12803807 6.82819736 -6.39352897 5.52442537 -4.72146118 3.90399330 -3.62372875 2.62862688 -3.11411981 
1.85876592 11.37622363 -6.20217559 3.77723490 -2.53393665 1.46142351 -1.38805547 0.95204460 -0.61362903 0.26108703 -0.43553350 -0.12574320 -0.77198582 
1.31918023 15.54631586 -11.34557043 9.27893872 -8.01545314 6.70767742 -6.26930423 5.40013292 -4.60017032 3.78820738 -3.51547067 2.52943836 -3.02512108 
0.60152562 -1.72891101 -0.16704968 -0.05473000 -0.12926335 -0.20980147 -0.25568741 0.16577749 -0.09605893 -0.14282334 -0.14839070 -0.37594209 -0.58554121 
-1.29805457 -4.23812835 -0.73454611 -0.21692105 -0.17596591 -0.24313912 -0.25961669 0.15348014 -0.10663589 -0.15595828 -0.15537980 -0.38548135 -0.58325612 
-1.11191067 -9.50558016 -3.72887514 -1.83769464 -1.03494249 -0.72449632 -0.51527300 -0.00990275 -0.22047127 -0.24489384 -0.21833828 -0.43302060 -0.60345671 
-1.66475863 12.98269080 -7.99267454 5.50334545 -4.07888911 2.78924234 -2.49626831 1.85775955 -1.34226750 0.84291447 -0.89635181 0.23735565 -1.05429262 
-1.17994479 13.71432343 -8.88662121 6.44392421 -4.99480640 3.64130961 -3.26320373 2.53119323 -1.92207214 1.33484026 -1.30784847 0.57716770 -1.33046415 
-1.49892954 -8.22842795 -2.77791836 -1.21227148 -0.64928694 -0.48979904 -0.37665191 0.07725141 -0.16240746 -0.20342849 -0.18921620 -0.41239604 -0.59159521 
-0.30718854 3.93294726 -0.91740853 0.22767848 -0.19177545 -0.13553177 -0.29376491 0.19689484 -0.09616790 -0.11949673 -0.15372745 -0.35133738 -0.60176057 
0.28410282 15.43675431 -11.18960570 9.08897929 -7.80229544 6.48054539 -6.03621829 5.16789645 -4.37444428 3.57353407 -3.31546370 2.34679480 -2.86175287 
0.17701126 15.41826936 -11.16340177 9.05719013 -7.76675927 6.44281602 -5.99763358 5.12957922 -4.33731833 3.53833078 -3.28275738 2.31700649 -2.83517455 
0.94460878 9.24965123 -4.19027306 2.11651674 -1.25372119 0.50151260 -0.68309128 0.44058200 -0.24537852 -0.00853856 -0.23629580 -0.27647554 -0.65956832 
0.90829896 8.47014045 -3.55394604 1.66096489 -0.94846885 0.29934527 -0.55059790 0.35381829 -0.18860848 -0.04824741 -0.20755021 -0.29904447 -0.64256074 
0.83441360 8.86691463 -3.87108668 1.88346918 -1.09463461 0.39454868 -0.61208326 0.39358498 -0.21432507 -0.03028327 -0.22058085 -0.28868608 -0.65040213 
0.79745661 8.04697541 -3.23111505 1.44411478 -0.81185435 0.21328203 -0.49655273 0.31964290 -0.16698321 -0.06339989 -0.19647204 -0.30812397 -0.63561908 
-0.90392801 -3.91682367 -0.63099415 -0.18281907 -0.16478628 -0.23716754 -0.25802843 0.15547258 -0.10482905 -0.15394606 -0.15410708 -0.38414777 -0.58335623 
-1.25964726 -4.68064178 -0.89202180 -0.27248327 -0.19530855 -0.25291756 -0.26263959 0.15035944 -0.10942494 -0.15895233 -0.15735159 -0.38741364 -0.58323386 
-0.70761620 15.17806660 -10.82580797 8.65095443 -7.31615859 5.96792985 -5.51540618 4.65392114 -3.87940539 3.10675859 -2.88408580 1.95584949 -2.51456697 
-0.88648071 15.10448342 -10.72347866 8.52905301 -7.18225004 5.82810746 -5.37468460 4.51630205 -3.74800358 2.98387435 -2.77140264 1.85447561 -2.42516547 
-1.08288390 15.01112317 -10.59438427 8.37610041 -7.01510932 5.65445703 -5.20075816 4.34699648 -3.58706245 2.83399629 -2.63451230 1.73178469 -2.31734878 
0.23604158 6.43510305 -2.14666741 0.79328571 -0.44276779 -0.00273853 -0.36828827 0.24165013 -0.11984643 -0.09767317 -0.17066311 -0.33136677 -0.61748095 
0.78131803 15.58241924 -11.39720818 9.34211240 -8.08664377 6.78384184 -6.34776691 5.47859732 -4.67670179 3.86123115 -3.58371664 2.59194096 -3.08118079 
1.39474512 10.45981290 -5.28547518 2.98132973 -1.89110995 0.95978416 -1.00638705 0.66641991 -0.40224637 0.10361825 -0.31788407 -0.21473992 -0.70545537 
1.77968116 15.60999040 -11.43672330 9.39054849 -8.14132701 6.84244765 -6.40824168 5.53916935 -4.73587069 3.91776822 -3.63662521 2.64045763 -3.12474762 
2.18260843 12.24251117 -7.13848369 4.65273403 -3.29389164 2.09543202 -1.90193986 1.36018159 -0.93298321 0.50986118 -0.62824654 0.02337080 -0.88592685 
2.19087645 12.38318445 -7.29696593 4.80689434 -3.43290735 2.21560408 -2.00268359 1.44278182 -0.99957517 0.56307722 -0.67038715 0.05653626 -0.91167621 
1.41283473 10.33572103 -5.16714463 2.88323682 -1.81540249 0.90312601 -0.96494936 0.63653305 -0.38087753 0.08809018 -0.30648854 -0.22331189 -0.69909133 
0.74022504 15.58127310 -11.39556704 9.34010249 -8.08437652 6.78141386 -6.34526338 5.47609154 -4.67425572 3.85889537 -3.58153208 2.58993888 -3.07938392 
0.10143362 4.84450432 -1.30139649 0.38145462 -0.25104936 -0.10438333 -0.31141031 0.20782027 -0.10128956 -0.11367159 -0.15810962 -0.34532014 -0.60644899 
-0.01855149 5.17991846 -1.46109208 0.45195373 -0.28082452 -0.08895411 -0.32000996 0.21300507 -0.10395220 -0.11106658 -0.16014411 -0.34280939 -0.60842594 
-0.05177264 3.97833202 -0.93479766 0.23413119 -0.19408272 -0.13428195 -0.29448658 0.19735292 -0.09636341 -0.11924101 -0.15391146 -0.35106158 -0.60197333 
-0.18327467 4.27694566 -1.05372802 0.27960361 -0.21082290 -0.12535330 -0.29960010 0.20056620 -0.09779086 -0.11747859 -0.15520562 -0.34918923 -0.60342396 
0.42618809 15.57080828 -11.38058822 9.32176441 -8.06369730 6.75927570 -6.32244326 5.45325764 -4.65197199 3.83762191 -3.56164076 2.57171316 -3.06302987 
0.37701272 15.56885872 -11.37779882 9.31835073 -8.05984920 6.75515751 -6.31819959 5.44901271 -4.64783057 3.83366935 -3.55794595 2.56832858 -3.05999356 
1.11603572 9.60954217 -4.50231064 2.35285847 -1.42087167 0.61733397 -0.76205763 0.49406408 -0.28147385 0.01689832 -0.25468019 -0.26241649 -0.67005607 
1.10437586 9.37087419 -4.29408787 2.19422778 -1.30805547 0.53879006 -0.70828117 0.45750944 -0.25672077 -0.00056691 -0.24205419 -0.27205195 -0.66287419 
1.08273330 9.50095182 -4.40694254 2.27974963 -1.36856495 0.58072924 -0.73687991 0.47688044 -0.26979505 0.00864584 -0.24871193 -0.26696172 -0.66667103 
1.07098586 9.25855412 -4.19785291 2.12215928 -1.25764524 0.50419247 -0.68489479 0.44178966 -0.24618507 -0.00797228 -0.23670482 -0.27616060 -0.65980390 
1.04891674 9.38908620 -4.30979770 2.20606789 -1.31638851 0.54453939 -0.71218569 0.46014466 -0.25849355 0.00068074 -0.24295560 -0.27136137 -0.66338971 
1.48777333 15.60999040 -11.43672330 9.39054849 -8.14132701 6.84244765 -6.40824168 5.53916935 -4.73587069 3.91776822 -3.63662521 2.64045763 -3.12474762 
1.48777333 15.60999040 -11.43672330 9.39054849 -8.14132701 6.84244765 -6.40824168 5.53916935 -4.73587069 3.91776822 -3.63662521 2.64045763 -3.12474762 
1.48777333 15.60999040 -11.43672330 9.39054849 -8.14132701 6.84244765 -6.40824168 5.53916935 -4.73587069 3.91776822 -3.63662521 2.64045763 -3.12474762 
1.95123634 11.73746837 -6.58434636 4.12718407 -2.83147323 1.70480736 -1.58159971 1.10296958 -0.72967466 0.35014636 -0.50364614 -0.07353713 -0.81152087 
1.69831169 6.35343887 -2.09783666 0.76703540 -0.42940387 -0.01005099 -0.36414290 0.23919321 -0.11843401 -0.09878041 -0.16980095 -0.33223585 -0.61679359 
1.04891674 9.38908620 -4.30979770 2.20606789 -1.31638851 0.54453939 -0.71218569 0.46014466 -0.25849355 0.00068074 -0.24295560 -0.27136137 -0.66338971 
1.03708312 9.14285217 -4.09989549 2.04962201 -1.20745567 0.47006379 -0.66201402 0.42651853 -0.23601666 -0.01510519 -0.23155251 -0.28013712 -0.65682662 
0.16724972 15.55941053 -11.36428551 9.30181876 -8.04121952 6.73522652 -6.29766745 5.42848038 -4.62780428 3.81456115 -3.54008816 2.55197382 -3.04532483 
0.11118231 15.55654209 -11.36018454 9.29680358 -8.03557000 6.72918441 -6.29144512 5.42225991 -4.62173891 3.80877544 -3.53468246 2.54702430 -3.04088658 
0.94423788 9.03234485 -4.00744888 1.98193353 -1.16112840 0.43885019 -0.64125675 0.41276079 -0.22691454 -0.02147962 -0.22694679 -0.28371082 -0.65414533 
0.93215747 8.77391458 -3.79549662 1.82960366 -1.05871980 0.37087252 -0.59663481 0.38350894 -0.20775738 -0.03487175 -0.21725906 -0.29130174 -0.64842870 
-0.00589920 15.55002666 -11.35087235 9.28541870 -8.02274859 6.71547560 -6.27733088 5.40815322 -4.60798700 3.79566036 -3.52243124 2.53580905 -3.03083160 
1.57904527 5.77999488 -1.77152114 0.59905674 -0.34729953 -0.05415975 -0.33937073 0.22453000 -0.11016686 -0.10552141 -0.16451316 -0.33780264 -0.61238543 
2.17767830 15.60312160 -11.42687237 9.37846607 -8.12767812 6.82781145 -6.39313060 5.52402622 -4.72107115 3.90362050 -3.62337978 2.62830678 -3.11383230 
