9.12220061 0.34475700 -0.11528201 -0.01239855 -0.12520256 -0.18987316 -0.26194728 0.17419433 -0.09201742 -0.13465830 -0.14694281 -0.36832121 -0.58959578 
2.80133240 15.60999040 -11.43672330 9.39054849 -8.14132701 6.84244765 -6.40824168 5.53916935 -4.73587069 3.91776822 -3.63662521 2.64045763 -3.12474762 
2.80133240 15.60999040 -11.43672330 9.39054849 -8.14132701 6.84244765 -6.40824168 5.53916935 -4.73587069 3.91776822 -3.63662521 2.64045763 -3.12474762 
2.80133240 15.60999040 -11.43672330 9.39054849 -8.14132701 6.84244765 -6.40824168 5.53916935 -4.73587069 3.91776822 -3.63662521 2.64045763 -3.12474762 
2.80133240 15.60999040 -11.43672330 9.39054849 -8.14132701 6.84244765 -6.40824168 5.53916935 -4.73587069 3.91776822 -3.63662521 2.64045763 -3.12474762 
2.55743699 12.95126800 -7.95538967 5.46521881 -4.04278994 2.75655653 -2.46761505 1.83323729 -1.32167209 0.82583906 -0.88237250 0.22603497 -1.04526266 
2.54797395 13.03873956 -8.05940533 5.57180644 -4.14391697 2.84830140 -2.54819409 1.90232563 -1.37979918 0.87410933 -0.92194919 0.25812719 -1.07089325 
2.54079667 12.92249273 -7.92132602 5.43046461 -4.00995626 2.72688985 -2.44166123 1.81106873 -1.30308833 0.81045784 -0.86980000 0.21586774 -1.03716349 
2.53124597 13.01055137 -8.02580871 5.53730290 -4.11111047 2.81847735 -2.52194776 1.87977906 -1.36079506 0.85830141 -0.90896837 0.24758684 -1.06246423 
2.52401959 12.89323743 -7.88677223 5.39528706 -3.97679323 2.69698631 -2.41555143 1.78880901 -1.28446186 0.79506669 -0.85723842 0.20572291 -1.02909242 
2.51437963 12.98188808 -7.99172094 5.50236920 -4.07796374 2.78840358 -2.49553227 1.85712900 -1.34173742 0.84247461 -0.89599141 0.23706359 -1.05405950 
2.50710352 12.86349080 -7.85171888 5.35968002 -3.94329795 2.66684549 -2.38928693 1.76646037 -1.26579534 0.77966829 -0.84469022 0.19560260 -1.02105119 
2.80927215 10.45275204 -5.27870511 2.97568812 -1.88673371 0.95649410 -1.00397064 0.66467033 -0.40099098 0.10270386 -0.31721200 -0.21524548 -0.70507991 
2.99929336 13.71383333 -8.88600573 6.44325942 -4.99414241 3.64067685 -3.26262084 2.53066991 -1.92161194 1.33444209 -1.30750929 0.57688295 -1.33022906 
2.75638669 15.60999040 -11.43672330 9.39054849 -8.14132701 6.84244765 -6.40824168 5.53916935 -4.73587069 3.91776822 -3.63662521 2.64045763 -3.12474762 
2.50710352 12.86349080 -7.85171888 5.35968002 -3.94329795 2.66684549 -2.38928693 1.76646037 -1.26579534 0.77966829 -0.84469022 0.19560260 -1.02105119 
2.16414222 15.60302820 -11.42673845 9.37830184 -8.12749264 6.82761259 -6.39292532 5.52382054 -4.72087017 3.90342841 -3.62319996 2.62814185 -3.11368416 
2.14366476 15.60288449 -11.42653239 9.37804916 -8.12720725 6.82730662 -6.39260949 5.52350409 -4.72056096 3.90313286 -3.62292330 2.62788809 -3.11345623 
2.12297547 15.60273628 -11.42631989 9.37778858 -8.12691296 6.82699110 -6.39228380 5.52317777 -4.72024209 3.90282809 -3.62263801 2.62762641 -3.11322119 
2.10206993 15.60258339 -11.42610068 9.37751978 -8.12660937 6.82666562 -6.39194783 5.52284115 -4.71991318 3.90251371 -3.62234373 2.62735649 -3.11297875 
2.42789130 12.83103848 -7.81356994 5.32101922 -3.90701310 2.63426558 -2.36095677 1.74240287 -1.24574045 0.76315377 -0.83125421 0.18478164 -1.01246484 
2.67915702 15.60999040 -11.43672330 9.39054849 -8.14132701 6.84244765 -6.40824168 5.53916935 -4.73587069 3.91776822 -3.63662521 2.64045763 -3.12474762 
2.42035691 12.70696751 -7.66861192 5.17498176 -3.77073803 2.51257404 -2.25569688 1.65347095 -1.17196365 0.70266789 -0.78224077 0.14544573 -0.98135551 
2.05959165 15.60226277 -11.42564098 9.37695608 -8.12597274 6.82598309 -6.39124330 5.52213528 -4.71922345 3.90185448 -3.62172665 2.62679050 -3.11247039 
2.03800934 15.60209460 -11.42539986 9.37666042 -8.12563884 6.82562512 -6.39087380 5.52176507 -4.71886172 3.90150875 -3.62140303 2.62649367 -3.11220379 
2.37418444 12.73404935 -7.70013234 5.20661998 -3.80015497 2.53875270 -2.27826551 1.67247772 -1.18768314 0.71551971 -0.79262859 0.15376411 -0.98792044 
2.63134598 15.60999040 -11.43672330 9.39054849 -8.14132701 6.84244765 -6.40824168 5.53916935 -4.73587069 3.91776822 -3.63662521 2.64045763 -3.12474762 
2.63134598 15.60999040 -11.43672330 9.39054849 -8.14132701 6.84244765 -6.40824168 5.53916935 -4.73587069 3.91776822 -3.63662521 2.64045763 -3.12474762 
2.36648699 12.60635373 -7.55209713 5.05859831 -3.66303710 2.41715952 -2.17379614 1.58478269 -1.11538052 0.65657251 -0.74510384 0.11579037 -0.95801326 
1.99413321 15.60174138 -11.42489344 9.37603945 -8.12493754 6.82487329 -6.39009776 5.52098757 -4.71810202 3.90078266 -3.62072338 2.62587030 -3.11164390 
1.61250621 10.73443740 -5.55226090 3.20645478 -2.06789106 1.09417639 -1.10612490 0.73933147 -0.45503127 0.14230123 -0.34643465 -0.19324799 -0.72143578 
0.98139735 15.52142530 -11.31004013 9.23555160 -7.96664669 6.65554887 -6.21568898 5.34659862 -4.54803085 3.73852589 -3.46909979 2.48702143 -2.98712008 
2.02488976 7.89386201 -3.11821817 1.37065670 -0.76697598 0.18567288 -0.47954870 0.30905043 -0.16038185 -0.06805316 -0.19304320 -0.31100717 -0.63339876 
2.25430584 12.38820322 -7.30265343 4.81245813 -3.43795228 2.21998794 -2.00637712 1.44582465 -1.00203943 0.56505439 -0.67195840 0.05777649 -0.91264178 
2.24310188 12.48633608 -7.41432462 4.92213853 -3.53779392 2.30706895 -2.08000811 1.50669217 -1.05149471 0.60484966 -0.70366578 0.08285845 -0.93220906 
2.51513072 15.60999040 -11.43672330 9.39054849 -8.14132701 6.84244765 -6.40824168 5.53916935 -4.73587069 3.91776822 -3.63662521 2.64045763 -3.12474762 
2.23499847 12.34945766 -7.25880481 4.76961940 -3.39915809 2.18631798 -1.97804212 1.42250740 -0.98317570 0.54993344 -0.65995185 0.04830593 -0.90527341 
1.83251224 15.60029883 -11.42282533 9.37350371 -8.12207396 6.82180348 -6.38692927 5.51781322 -4.71500051 3.89781847 -3.61794887 2.62332563 -3.10935844 
1.80831928 15.60006225 -11.42248617 9.37308789 -8.12160440 6.82130013 -6.38640976 5.51729277 -4.71449202 3.89733252 -3.61749403 2.62290848 -3.10898379 
1.78383010 15.59981691 -11.42213447 9.37265669 -8.12111747 6.82077817 -6.38587105 5.51675310 -4.71396476 3.89682862 -3.61702240 2.62247594 -3.10859533 
1.75903735 15.59956237 -11.42176958 9.37220933 -8.12061232 6.82023668 -6.38531218 5.51619324 -4.71341778 3.89630589 -3.61653315 2.62202723 -3.10819235 
1.73393340 15.59929817 -11.42139085 9.37174501 -8.12008801 6.81967466 -6.38473215 5.51561218 -4.71285009 3.89576338 -3.61602539 2.62156156 -3.10777414 
2.12367206 12.24660577 -7.14307114 4.65717257 -3.29787327 2.09885693 -1.90479740 1.36251382 -0.93485529 0.51135151 -0.62942269 0.02429386 -0.88664163 
2.11519005 12.10093182 -6.98080210 4.50103963 -3.15856735 1.97963744 -1.80581172 1.28209967 -0.87059066 0.46038834 -0.58933897 -0.00707919 -0.86241011 
2.10307541 12.20386853 -7.09526493 4.61098820 -3.25650431 2.06332183 -1.87518865 1.33837896 -0.91550572 0.49596409 -0.61729049 0.01477945 -0.87927942 
2.09452737 12.05663513 -6.93184221 4.45428372 -3.11715542 1.94444138 -1.77678292 1.25866663 -0.85197632 0.44570420 -0.57784269 -0.01604414 -0.85550983 
1.65667378 15.59844249 -11.42016427 9.37024127 -8.11839007 6.81785466 -6.38285385 5.51373061 -4.71101187 3.89400672 -3.61438129 2.62005378 -3.10642006 
1.63024283 15.59813436 -11.41972260 9.36969982 -8.11777871 6.81719937 -6.38217759 5.51305319 -4.71035008 3.89337431 -3.61378941 2.61951100 -3.10593261 
2.04002158 12.07042837 -6.94706836 4.46880686 -3.13000345 1.95534879 -1.78576947 1.26591349 -0.85772740 0.45023721 -0.58138901 -0.01328026 -0.85763602 
2.03127027 11.91834131 -6.78013789 4.31045436 -2.99066070 1.83764425 -1.68925685 1.18843814 -0.79650720 0.40216174 -0.54389848 -0.04242621 -0.83526714 
2.01856830 12.02412095 -6.89601879 4.42017700 -3.08703658 1.91891491 -1.75578577 1.24176032 -0.83857908 0.43515778 -0.56960092 -0.02246195 -0.85057673 
2.00974746 11.87035481 -6.72790410 4.26130002 -2.94774409 1.80165796 -1.65995707 1.16507532 -0.77816323 0.38783491 -0.53277861 -0.05103977 -0.82867892 
1.54878736 15.59713229 -11.41828631 9.36793912 -8.11579075 6.81506865 -6.37997875 5.51085066 -4.70819843 3.89131823 -3.61186518 2.61774640 -3.10434796 
1.97498212 11.92860248 -6.79133441 4.32101540 -2.99990251 1.84541022 -1.69559275 1.19350002 -0.80048896 0.40527641 -0.54631919 -0.04054919 -0.83670419 
1.96601954 11.77138109 -6.62083021 4.16113191 -2.86078899 1.72913691 -1.60121443 1.11846417 -0.74173372 0.35949441 -0.51085554 -0.06797906 -0.81575314 
2.36581340 9.04832544 -4.02075046 1.99162657 -1.16773204 0.44328226 -0.64419407 0.41470196 -0.22819536 -0.02058317 -0.22759464 -0.28320693 -0.65452374 
2.58648010 13.10272519 -8.13593983 5.65067749 -4.21916090 2.91692456 -2.60877290 1.95452106 -1.42392028 0.91090680 -0.95223935 0.28277611 -1.09064550 
2.27956464 15.60999040 -11.43672330 9.39054849 -8.14132701 6.84244765 -6.40824168 5.53916935 -4.73587069 3.91776822 -3.63662521 2.64045763 -3.12474762 
1.70762803 6.25523953 -2.03989824 0.73625750 -0.41391125 -0.01848100 -0.35937876 0.23637186 -0.11682056 -0.10005840 -0.16880334 -0.33325360 -0.61598820 
1.01513585 9.48528696 -4.39327189 2.26933247 -1.36115505 0.57556980 -0.73334718 0.47447899 -0.26816888 0.00749851 -0.24788255 -0.26759459 -0.66619933 
0.97930698 8.73076648 -3.76068714 1.80497199 -1.04240750 0.36017874 -0.58969073 0.37899787 -0.20482802 -0.03691779 -0.21577668 -0.29247395 -0.64754295 
0.90848110 9.12615813 -4.08586013 2.03929724 -1.20035727 0.46526298 -0.65881080 0.42438942 -0.23460434 -0.01609488 -0.23083755 -0.28069062 -0.65641171 
1.34473789 15.59423626 -11.41413584 9.36285179 -8.11004745 6.80891354 -6.37362753 5.50448939 -4.70198468 3.88538101 -3.60630913 2.61265166 -3.09977309 
1.81478240 11.56056803 -6.39572338 3.95316679 -2.68244449 1.58208279 -1.48338638 1.02592653 -0.67010665 0.30422243 -0.46839147 -0.10062752 -0.79095626 
1.80529486 11.39012878 -6.21666786 3.79031512 -2.54490181 1.47027515 -1.39500618 0.95740026 -0.61770079 0.26418311 -0.43788337 -0.12395124 -0.77333629 
1.79085493 11.50325176 -6.33521649 3.89787919 -2.63553808 1.54379281 -1.45299906 1.00227732 -0.65195742 0.29031645 -0.45777101 -0.10875946 -0.78480398 
2.11947923 15.60999040 -11.43672330 9.39054849 -8.14132701 6.84244765 -6.40824168 5.53916935 -4.73587069 3.91776822 -3.63662521 2.64045763 -3.12474762 
1.78128870 11.33076658 -6.15492105 3.73468983 -2.49835668 1.43276553 -1.36559948 0.93477621 -0.60052479 0.25113772 -0.42799127 -0.13149037 -0.76765771 
1.25048543 15.59268769 -11.41191680 9.36013223 -8.10697762 6.80562399 -6.37023357 5.50109044 -4.69866489 3.88220927 -3.60334129 2.60993047 -3.09732978 
1.74216063 11.38467634 -6.21098313 3.78518247 -2.54059763 1.46679950 -1.39227612 0.95529610 -0.61610063 0.26296612 -0.43695953 -0.12465582 -0.77280525 
1.73243428 11.20796846 -6.02819963 3.62139637 -2.40425556 1.35744951 -1.30693523 0.88991701 -0.56666160 0.22553468 -0.40864742 -0.14620064 -0.75660117 
1.71738120 11.32333031 -6.14720848 3.72776122 -2.49257482 1.42811780 -1.36196447 0.93198590 -0.59841089 0.24953490 -0.42677754 -0.13241462 -0.76696211 
1.70757343 11.14444284 -5.96317826 3.56371931 -2.35671389 1.31966677 -1.27770245 0.86770355 -0.54999151 0.21298917 -0.39920364 -0.15336712 -0.75122576 
1.15157090 15.59089954 -11.40935475 9.35699260 -8.10343395 6.80182704 -6.36631643 5.49716786 -4.69483397 3.87854947 -3.59991701 2.60679098 -3.09451105 
1.11748164 15.59024165 -11.40841221 9.35583766 -8.10213047 6.80043049 -6.36487577 5.49572528 -4.69342519 3.87720369 -3.59865789 2.60563664 -3.09347470 
1.08280130 15.58954924 -11.40742024 9.35462221 -8.10075875 6.79896088 -6.36335979 5.49420735 -4.69194286 3.87578768 -3.59733312 2.60442214 -3.09238436 
1.04750901 15.58881985 -11.40637534 9.35334196 -8.09931396 6.79741305 -6.36176318 5.49260872 -4.69038179 3.87429651 -3.59593806 2.60314323 -3.09123623 
1.01158280 15.58805080 -11.40527369 9.35199223 -8.09779083 6.79578135 -6.36008013 5.49092362 -4.68873632 3.87272478 -3.59446768 2.60179532 -3.09002618 
0.97499948 15.58723918 -11.40411111 9.35056792 -8.09618361 6.79405965 -6.35830431 5.48914570 -4.68700029 3.87106660 -3.59291647 2.60037336 -3.08874970 
1.53521284 10.85090636 -5.66745098 3.30533181 -2.14683111 1.15509777 -1.15197611 0.77328715 -0.47990986 0.16068849 -0.36008730 -0.18295359 -0.72910661 
1.52481130 10.65534006 -5.47472708 3.14046694 -2.01564402 1.05415954 -1.07622009 0.71733032 -0.43900955 0.13051180 -0.33770858 -0.19982087 -0.71654401 
1.50785381 10.77660820 -5.59382784 3.24201958 -2.09619528 1.11595688 -1.12247308 0.75140781 -0.46385862 0.14881423 -0.35126459 -0.18960770 -0.72414696 
1.87608536 15.60999040 -11.43672330 9.39054849 -8.14132701 6.84244765 -6.40824168 5.53916935 -4.73587069 3.91776822 -3.63662521 2.64045763 -3.12474762 
1.87608536 15.60999040 -11.43672330 9.39054849 -8.14132701 6.84244765 -6.40824168 5.53916935 -4.73587069 3.91776822 -3.63662521 2.64045763 -3.12474762 
1.87608536 15.60999040 -11.43672330 9.39054849 -8.14132701 6.84244765 -6.40824168 5.53916935 -4.73587069 3.91776822 -3.63662521 2.64045763 -3.12474762 
1.49736438 10.57843461 -5.39988050 3.07720121 -1.96588458 1.01627816 -1.04807085 0.69672875 -0.42407945 0.11956303 -0.32962414 -0.20590670 -0.71201845 
1.48013653 10.70042127 -5.51884829 3.17796178 -2.04528811 1.07683432 -1.09314403 0.72976705 -0.44805658 0.13716391 -0.34262955 -0.19611475 -0.71930169 
1.46955856 10.49957820 -5.32368638 3.01323827 -1.91591191 0.97846454 -1.02013043 0.67638629 -0.40940800 0.10883965 -0.32172422 -0.21185101 -0.70760118 
1.45205216 10.62227581 -5.44248293 3.11315930 -1.99412600 1.03775028 -1.06400727 0.70837910 -0.43251381 0.12574377 -0.33418563 -0.20247328 -0.71457120 
1.44138504 10.41869886 -5.24611707 2.94858182 -1.86574454 0.94073978 -0.99241701 0.65631649 -0.39500433 0.09834700 -0.31401153 -0.21765296 -0.70329220 
1.42359151 10.54209863 -5.36470195 3.04761418 -1.94272681 0.99872608 -1.03508174 0.68725848 -0.41724039 0.11455991 -0.32593612 -0.20868202 -0.70995573 
1.80422134 15.60999040 -11.43672330 9.39054849 -8.14132701 6.84244765 -6.40824168 5.53916935 -4.73587069 3.91776822 -3.63662521 2.64045763 -3.12474762 
1.80422134 15.60999040 -11.43672330 9.39054849 -8.14132701 6.84244765 -6.40824168 5.53916935 -4.73587069 3.91776822 -3.63662521 2.64045763 -3.12474762 
1.80422134 15.60999040 -11.43672330 9.39054849 -8.14132701 6.84244765 -6.40824168 5.53916935 -4.73587069 3.91776822 -3.63662521 2.64045763 -3.12474762 
1.41283473 10.33572103 -5.16714463 2.88323682 -1.81540249 0.90312601 -0.96494936 0.63653305 -0.38087753 0.08809018 -0.30648854 -0.22331189 -0.69909133 
0.74022504 15.58127310 -11.39556704 9.34010249 -8.08437652 6.78141386 -6.34526338 5.47609154 -4.67425572 3.85889537 -3.58153208 2.58993888 -3.07938392 
1.36550320 10.37533789 -5.20477218 2.91431064 -1.83929649 0.92094818 -0.97794341 0.64587831 -0.38754175 0.09292452 -0.31003234 -0.22064614 -0.70107003 
1.75483612 15.60999040 -11.43672330 9.39054849 -8.14132701 6.84244765 -6.40824168 5.53916935 -4.73587069 3.91776822 -3.63662521 2.64045763 -3.12474762 
1.75483612 15.60999040 -11.43672330 9.39054849 -8.14132701 6.84244765 -6.40824168 5.53916935 -4.73587069 3.91776822 -3.63662521 2.64045763 -3.12474762 
1.75483612 15.60999040 -11.43672330 9.39054849 -8.14132701 6.84244765 -6.40824168 5.53916935 -4.73587069 3.91776822 -3.63662521 2.64045763 -3.12474762 
1.75483612 15.60999040 -11.43672330 9.39054849 -8.14132701 6.84244765 -6.40824168 5.53916935 -4.73587069 3.91776822 -3.63662521 2.64045763 -3.12474762 
1.35456582 10.16314866 -5.00487793 2.75050835 -1.71428256 0.82832564 -0.91082907 0.59788069 -0.35349035 0.06830350 -0.29202043 -0.23419910 -0.69101247 
1.33585560 10.28858876 -5.12256225 2.84656314 -1.78730925 0.88224303 -0.94977168 0.62564877 -0.37313641 0.08248422 -0.30238352 -0.22640007 -0.69679943 
2.14242244 12.15866138 -7.04487699 4.56247756 -3.21319782 2.02624061 -1.84438588 1.31334395 -0.89548999 0.48008545 -0.60479768 0.00499911 -0.87172370 
2.15081774 12.30229936 -7.20562034 4.71783323 -3.35241391 2.14587313 -1.94410656 1.39466055 -0.96070824 0.53196671 -0.64571592 0.03709656 -0.89656662 
2.16261336 12.20098925 -7.09205013 4.60788802 -3.25373223 2.06094459 -1.87321102 1.33676938 -0.91421714 0.49494067 -0.61648447 0.01414792 -0.87879116 
2.17094461 12.34313177 -7.25165877 4.76265017 -3.39285765 2.18085861 -1.97345494 1.41873818 -0.98013072 0.54749568 -0.65801836 0.04678224 -0.90408897 
1.77968116 15.60999040 -11.43672330 9.39054849 -8.14132701 6.84244765 -6.40824168 5.53916935 -4.73587069 3.91776822 -3.63662521 2.64045763 -3.12474762 
1.77968116 15.60999040 -11.43672330 9.39054849 -8.14132701 6.84244765 -6.40824168 5.53916935 -4.73587069 3.91776822 -3.63662521 2.64045763 -3.12474762 
2.18260843 12.24251117 -7.13848369 4.65273403 -3.29389164 2.09543202 -1.90193986 1.36018159 -0.93298321 0.50986118 -0.62824654 0.02337080 -0.88592685 
2.19087645 12.38318445 -7.29696593 4.80689434 -3.43290735 2.21560408 -2.00268359 1.44278182 -0.99957517 0.56307722 -0.67038715 0.05653626 -0.91167621 
1.80422134 15.60999040 -11.43672330 9.39054849 -8.14132701 6.84244765 -6.40824168 5.53916935 -4.73587069 3.91776822 -3.63662521 2.64045763 -3.12474762 
2.20241128 12.28324870 -7.18419280 4.69702291 -3.33367703 2.12969991 -1.93056740 1.38357495 -0.95178279 0.52484235 -0.64008016 0.03266493 -0.89312874 
2.21061690 12.42247829 -7.34155706 4.85057364 -3.47256474 2.25010730 -2.03178804 1.46678613 -1.01903629 0.57870663 -0.68281843 0.06635563 -0.91932610 
2.22202546 12.32322264 -7.22919227 4.74076193 -3.37308956 2.16374556 -1.95908890 1.40694405 -0.97061063 0.53987962 -0.65198163 0.04202753 -0.90039477 
2.23016948 12.46103342 -7.38544701 4.89369593 -3.51183176 2.28436624 -2.06076407 1.49074601 -1.03850897 0.59437934 -0.69530838 0.07623739 -0.92703640 
1.46955856 10.49957820 -5.32368638 3.01323827 -1.91591191 0.97846454 -1.02013043 0.67638629 -0.40940800 0.10883965 -0.32172422 -0.21185101 -0.70760118 
1.45205216 10.62227581 -5.44248293 3.11315930 -1.99412600 1.03775028 -1.06400727 0.70837910 -0.43251381 0.12574377 -0.33418563 -0.20247328 -0.71457120 
1.82846406 15.60999040 -11.43672330 9.39054849 -8.14132701 6.84244765 -6.40824168 5.53916935 -4.73587069 3.91776822 -3.63662521 2.64045763 -3.12474762 
2.22202546 12.32322264 -7.22919227 4.74076193 -3.37308956 2.16374556 -1.95908890 1.40694405 -0.97061063 0.53987962 -0.65198163 0.04202753 -0.90039477 
2.23016948 12.46103342 -7.38544701 4.89369593 -3.51183176 2.28436624 -2.06076407 1.49074601 -1.03850897 0.59437934 -0.69530838 0.07623739 -0.92703640 
2.24145443 12.36245306 -7.27349652 4.78395837 -3.41213058 2.19756653 -1.98749992 1.43028371 -0.98946164 0.55496855 -0.66394734 0.05145583 -0.90772289 
2.24953765 12.49886929 -7.42865030 4.93626902 -3.55071048 2.31837915 -2.08960772 1.51465659 -1.05798824 0.61009090 -0.70785329 0.08617862 -0.93480488 
1.87608536 15.60999040 -11.43672330 9.39054849 -8.14132701 6.84244765 -6.40824168 5.53916935 -4.73587069 3.91776822 -3.63662521 2.64045763 -3.12474762 
1.49736438 10.57843461 -5.39988050 3.07720121 -1.96588458 1.01627816 -1.04807085 0.69672875 -0.42407945 0.11956303 -0.32962414 -0.20590670 -0.71201845 
1.48013653 10.70042127 -5.51884829 3.17796178 -2.04528811 1.07683432 -1.09314403 0.72976705 -0.44805658 0.13716391 -0.34262955 -0.19611475 -0.71930169 
1.85241644 15.60999040 -11.43672330 9.39054849 -8.14132701 6.84244765 -6.40824168 5.53916935 -4.73587069 3.91776822 -3.63662521 2.64045763 -3.12474762 
2.24145443 12.36245306 -7.27349652 4.78395837 -3.41213058 2.19756653 -1.98749992 1.43028371 -0.98946164 0.55496855 -0.66394734 0.05145583 -0.90772289 
2.24953765 12.49886929 -7.42865030 4.93626902 -3.55071048 2.31837915 -2.08960772 1.51465659 -1.05798824 0.61009090 -0.70785329 0.08617862 -0.93480488 
1.87608536 15.60999040 -11.43672330 9.39054849 -8.14132701 6.84244765 -6.40824168 5.53916935 -4.73587069 3.91776822 -3.63662521 2.64045763 -3.12474762 
1.87608536 15.60999040 -11.43672330 9.39054849 -8.14132701 6.84244765 -6.40824168 5.53916935 -4.73587069 3.91776822 -3.63662521 2.64045763 -3.12474762 
1.87608536 15.60999040 -11.43672330 9.39054849 -8.14132701 6.84244765 -6.40824168 5.53916935 -4.73587069 3.91776822 -3.63662521 2.64045763 -3.12474762 
2.26070154 12.40095937 -7.31711965 4.82661946 -3.45080161 2.23116064 -2.01579622 1.45358894 -1.00833092 0.57010481 -0.67597372 0.06094707 -0.91511104 
2.54624445 15.60523588 -11.42990411 9.38218404 -8.13187755 6.83231407 -6.39777874 5.52868367 -4.72562242 3.90797086 -3.62745228 2.63204239 -3.11718777 
2.56300403 15.60531478 -11.43001726 9.38232281 -8.13203430 6.83248215 -6.39795226 5.52885754 -4.72579233 3.90813328 -3.62760434 2.63218188 -3.11731307 
2.57962434 15.60539174 -11.43012762 9.38245816 -8.13218718 6.83264608 -6.39812150 5.52902713 -4.72595807 3.90829171 -3.62775265 2.63231793 -3.11743528 
2.59610767 15.60546681 -11.43023527 9.38259020 -8.13233633 6.83280600 -6.39828660 5.52919257 -4.72611975 3.90844626 -3.62789734 2.63245065 -3.11755450 
2.61245626 15.60554006 -11.43034032 9.38271903 -8.13248185 6.83296204 -6.39844769 5.52935400 -4.72627751 3.90859706 -3.62803852 2.63258016 -3.11767084 
2.62867230 15.60561154 -11.43044283 9.38284476 -8.13262387 6.83311433 -6.39860491 5.52951155 -4.72643147 3.90874424 -3.62817631 2.63270656 -3.11778438 
2.64475792 15.60568132 -11.43054290 9.38296748 -8.13276250 6.83326298 -6.39875838 5.52966534 -4.72658176 3.90888791 -3.62831080 2.63282993 -3.11789521 
2.66071519 15.60574944 -11.43064059 9.38308730 -8.13289785 6.83340811 -6.39890821 5.52981548 -4.72672849 3.90902817 -3.62844212 2.63295039 -3.11800341 
2.93766242 13.46125830 -8.57179359 6.10694014 -4.66118282 3.32604365 -2.97514624 2.27460286 -1.69812542 1.14244198 -1.14503405 0.44130397 -1.21894794 
2.95585665 13.73935581 -8.91808751 6.47794259 -5.02881400 3.67374588 -3.29310827 2.55806309 -1.94571976 1.35531508 -1.32530172 0.59182992 -1.34257609 
2.72330083 15.60600641 -11.43100910 9.38353927 -8.13340839 6.83395557 -6.39947341 5.53038185 -4.72728200 3.90955728 -3.62893747 2.63340480 -3.11841160 
2.73864595 15.60606700 -11.43109600 9.38364584 -8.13352878 6.83408466 -6.39960669 5.53051542 -4.72741252 3.90968206 -3.62905429 2.63351196 -3.11850786 
2.75387423 15.60612622 -11.43118093 9.38375001 -8.13364645 6.83421084 -6.39973696 5.53064596 -4.72754010 3.90980401 -3.62916846 2.63361669 -3.11860195 
2.76898743 15.60618411 -11.43126395 9.38385184 -8.13376148 6.83433418 -6.39986430 5.53077357 -4.72766481 3.90992323 -3.62928007 2.63371908 -3.11869393 
2.78398729 15.60624071 -11.43134512 9.38395139 -8.13387394 6.83445478 -6.39998881 5.53089833 -4.72778675 3.91003979 -3.62938920 2.63381919 -3.11878385 
2.79887549 15.60629606 -11.43142450 9.38404875 -8.13398391 6.83457270 -6.40011056 5.53102034 -4.72790599 3.91015378 -3.62949592 2.63391709 -3.11887179 
2.81365368 15.60635019 -11.43150213 9.38414396 -8.13409147 6.83468804 -6.40022964 5.53113967 -4.72802261 3.91026526 -3.62960029 2.63401283 -3.11895780 
2.82832348 15.60640314 -11.43157807 9.38423710 -8.13419669 6.83480087 -6.40034612 5.53125640 -4.72813669 3.91037432 -3.62970239 2.63410649 -3.11904194 
2.84288646 15.60645495 -11.43165236 9.38432823 -8.13429962 6.83491125 -6.40046008 5.53137061 -4.72824830 3.91048101 -3.62980228 2.63419813 -3.11912426 
2.85734416 15.60650564 -11.43172506 9.38441739 -8.13440035 6.83501926 -6.40057160 5.53148236 -4.72835752 3.91058542 -3.62990003 2.63428780 -3.11920481 
2.87169811 15.60655524 -11.43179621 9.38450466 -8.13449893 6.83512497 -6.40068074 5.53159173 -4.72846440 3.91068760 -3.62999569 2.63437555 -3.11928364 
2.88594977 15.60660380 -11.43186584 9.38459007 -8.13459541 6.83522843 -6.40078756 5.53169878 -4.72856902 3.91078761 -3.63008932 2.63446145 -3.11936080 
3.13395418 13.73310311 -8.91022224 6.46943369 -5.02030221 3.66562227 -3.28561415 2.55132549 -1.93978676 1.35017537 -1.32091830 0.58814577 -1.33953139 
3.15067248 13.98097738 -9.22482608 6.81274072 -5.36664540 3.99887773 -3.59549589 2.83207943 -2.18885899 1.56746107 -1.50746132 0.74589878 -1.47067513 
2.94196208 15.60678809 -11.43213015 9.38491425 -8.13496162 6.83562113 -6.40119300 5.53210508 -4.72896611 3.91116721 -3.63044472 2.63478748 -3.11965368 
2.95572344 15.60683181 -11.43219285 9.38499116 -8.13504850 6.83571430 -6.40128920 5.53220148 -4.72906033 3.91125728 -3.63052904 2.63486483 -3.11972317 
3.19537244 13.81235088 -9.01017847 6.57785272 -5.12903527 3.76965166 -3.38181150 2.63801188 -2.01629120 1.41658922 -1.37767121 0.63593240 -1.37909287 
3.21164880 14.05127926 -9.31510265 6.91236741 -5.46825851 4.09768208 -3.68830867 2.91699767 -2.26490929 1.63439695 -1.56540936 0.79528598 -1.51203806 
3.23134761 13.85752795 -9.06742384 6.64022093 -5.19185534 3.83000443 -3.43784589 2.68870346 -2.06119697 1.45570975 -1.41121222 0.66426146 -1.40261505 
3.42791697 15.60212300 -11.42544059 9.37671037 -8.12569524 6.82568559 -6.39093621 5.52182760 -4.71892282 3.90156715 -3.62145769 2.62654381 -3.11224882 
3.44946053 15.60229027 -11.42568041 9.37700444 -8.12602735 6.82604164 -6.39130374 5.52219583 -4.71928262 3.90191103 -3.62177959 2.62683905 -3.11251400 
3.12434543 11.37454955 -6.20043201 3.77566222 -2.53261910 1.46036054 -1.38722125 0.95140215 -0.61314083 0.26071596 -0.43525195 -0.12595785 -0.77182408 
2.61515156 15.60999040 -11.43672330 9.39054849 -8.14132701 6.84244765 -6.40824168 5.53916935 -4.73587069 3.91776822 -3.63662521 2.64045763 -3.12474762 
2.88343974 13.46839162 -8.58058621 6.11626774 -4.67033689 3.33462144 -2.98291979 2.28147243 -1.70407525 1.14751710 -1.14929998 0.44484174 -1.22183452 
2.88966258 13.56438004 -8.69936289 6.24274466 -4.79491640 3.45176960 -3.08944717 2.37592338 -1.78614121 1.21772619 -1.20847876 0.49404455 -1.26207872 
2.89750959 13.48879247 -8.60575864 6.14299852 -4.69659602 3.35925056 -3.00525998 2.30123207 -1.72120385 1.16213907 -1.16159958 0.45504880 -1.23016818 
2.90369529 13.58400917 -8.72375770 6.26882981 -4.82071520 3.47612443 -3.11167798 2.39570625 -1.80339057 1.23253184 -1.22099672 0.50448167 -1.27063850 
2.91148253 13.50890208 -8.63060958 6.16942676 -4.72259526 3.38366953 -3.02743915 2.32087463 -1.73825210 1.17670928 -1.17386894 0.46524086 -1.23849747 
3.33558337 13.98337232 -9.22789386 6.81611812 -5.37008209 4.00221191 -3.59862104 2.83493271 -2.19140908 1.56970123 -1.50939714 0.74754581 -1.47205231 
3.35088620 14.20275452 -9.51119639 7.13046606 -5.69240497 4.31723465 -3.89601969 3.10835526 -2.43742653 1.78719452 -1.69847873 0.90932919 -1.60806209 
3.36916655 14.02235109 -9.27789896 6.87125065 -5.42626245 4.05679125 -3.64984677 2.88176236 -2.23331478 1.60655676 -1.54128106 0.77470124 -1.49478104 
3.55382920 15.60305173 -11.42677218 9.37834321 -8.12753936 6.82766268 -6.39297703 5.52387235 -4.72092080 3.90347679 -3.62324525 2.62818340 -3.11372147 
3.57406494 15.60319043 -11.42697105 9.37858708 -8.12781479 6.82795798 -6.39328186 5.52417777 -4.72121924 3.90376205 -3.62351228 2.62842832 -3.11394147 
3.59409799 15.60332501 -11.42716403 9.37882372 -8.12808206 6.82824453 -6.39357766 5.52447415 -4.72150885 3.90403886 -3.62377140 2.62866600 -3.11415495 
3.61393238 15.60345564 -11.42735133 9.37905341 -8.12834148 6.82852267 -6.39386478 5.52476183 -4.72178996 3.90430756 -3.62402293 2.62889671 -3.11436218 
3.79647347 14.40428676 -9.77544748 7.42801070 -6.00188969 4.62389425 -4.18940731 3.38159121 -2.68635000 2.00985546 -1.89421796 1.07856366 -1.75176168 
3.68116720 12.64490496 -7.59663134 5.10297678 -3.70400955 2.45337769 -2.20481830 1.61074685 -1.13672697 0.67393159 -0.75906679 0.12692493 -0.96676599 
3.51889632 14.18717662 -9.49093016 7.10781851 -5.66902189 4.29422927 -3.87416164 3.08813458 -2.41912393 1.77092301 -1.68425766 0.89710089 -1.59773317 
3.53299952 14.38277423 -9.74705701 7.39584426 -5.96823034 4.59034894 -4.15713391 3.35137195 -2.65867647 1.98498008 -1.87224860 1.05948639 -1.73549551 
3.54958446 14.21919998 -9.53261612 7.15442939 -5.71717349 4.34162860 -3.91922059 3.12983929 -2.45689104 1.80451449 -1.71362898 0.92236683 -1.61908303 
3.87570364 14.47549462 -9.86973430 7.53517954 -6.11438142 4.73634044 -4.29790403 3.48346779 -2.77989689 2.09415924 -1.96885443 1.14352333 -1.80727069 
4.02973682 15.60029883 -11.42282533 9.37350371 -8.12207396 6.82180348 -6.38692927 5.51781322 -4.71500051 3.89781847 -3.61794887 2.62332563 -3.10935844 
3.92116090 14.75042855 -10.23828817 7.95908383 -6.56450593 5.19131222 -4.74165911 3.90452407 -3.17044394 2.44950178 -2.28632581 1.42221571 -2.04738138 
3.79315270 15.60452599 -11.42888613 9.38093559 -8.13046737 6.83080202 -6.39621776 5.52711951 -4.72409387 3.90650974 -3.62608445 2.63078768 -3.11606071 
3.66193221 14.49854418 -9.90035728 7.57009911 -6.15115069 4.77320591 -4.33357882 3.51706061 -2.81082710 2.12210520 -1.99365632 1.16515925 -1.82579956 
3.16430814 11.39737005 -6.22422179 3.79713902 -2.55062719 1.47490065 -1.39864107 0.96020301 -0.61983306 0.26580532 -0.43911513 -0.12301168 -0.77404456 
2.15801273 8.06104997 -3.24159711 1.45099849 -0.81609729 0.21590978 -0.49817983 0.32066059 -0.16762011 -0.06295190 -0.19680134 -0.30784917 -0.63583028 
1.05996871 15.43089661 -11.18129849 9.07889748 -7.79102105 6.46857088 -6.02396812 5.15572722 -4.36264972 3.56234703 -3.30506727 2.33732346 -2.85330008 
1.53819266 11.19366884 -6.01353159 3.60835810 -2.39348678 1.34887531 -1.30028963 0.88485883 -0.56285986 0.22267014 -0.40648907 -0.14783937 -0.75537136 
2.91634713 8.12945049 -3.29278864 1.48477015 -0.83700454 0.22890156 -0.50624622 0.32571623 -0.17079084 -0.06072378 -0.19843731 -0.30648900 -0.63687456 
3.94558627 11.19786304 -6.01783194 3.61217901 -2.39664130 1.35138600 -1.30223489 0.88633892 -0.56397195 0.22350787 -0.40712015 -0.14736028 -0.75573087 
4.30514490 15.59692276 -11.41798599 9.36757098 -8.11537511 6.81462317 -6.37951905 5.51039020 -4.70774862 3.89088841 -3.61146293 2.61737753 -3.10401671 
4.10369001 13.40614328 -8.50401755 6.03520296 -4.59093558 3.26035780 -2.91574104 2.22220967 -1.65283321 1.10387669 -1.11267143 0.41450589 -1.19711402 
3.41342458 9.86305138 -4.72904857 2.52971227 -1.54954755 0.70871438 -0.82575261 0.53805157 -0.31169525 0.03836014 -0.27023093 -0.25063085 -0.67881712 
3.04146600 -13.37973238 -7.50203446 -5.05904459 -3.61063852 -2.71988622 -2.02425139 -1.14905929 -1.07957145 -0.89318968 -0.70273791 -0.79181171 -0.86182702 
5.01216446 5.47657700 -1.61059259 0.52118701 -0.31142202 -0.07302243 -0.32886810 0.21829519 -0.10676348 -0.10848542 -0.16217572 -0.34042473 -0.61030989 
