10.55336397 1.52999420 -0.25519871 0.02320546 -0.13087715 -0.17732167 -0.26872415 0.17979320 -0.09149873 -0.13024184 -0.14774492 -0.36349949 -0.59277346 
5.95235991 5.82716699 -1.79726946 0.61182807 -0.35332275 -0.05097016 -0.34115060 0.22558431 -0.11075019 -0.10502712 -0.16490266 -0.33737661 -0.61272287 
3.71927639 -4.76868555 -0.92540779 -0.28481332 -0.19977367 -0.25511946 -0.26337664 0.14967561 -0.11002684 -0.15958242 -0.15777636 -0.38781345 -0.58324676 
2.54926127 8.50117901 -3.57825084 1.67768975 -0.95925110 0.30626144 -0.55500644 0.35663906 -0.19041403 -0.04698565 -0.20846822 -0.29830512 -0.64312294 
2.50272874 7.42268506 -2.78382891 1.16058471 -0.64285454 0.11115300 -0.43451956 0.28138286 -0.14339933 -0.08015389 -0.18403781 -0.31881108 -0.62734615 
1.74417181 -12.70870863 -6.75208837 -4.33574696 -2.96489153 -2.16879936 -1.56908232 -0.77995462 -0.78464312 -0.66040321 -0.52165231 -0.65285635 -0.75716797 
3.91809229 4.99135631 -1.37009581 0.41133454 -0.26348987 -0.09793979 -0.31500675 0.20999610 -0.10239382 -0.11256817 -0.15896843 -0.34424343 -0.60729574 
4.74432847 14.00951333 -9.26141389 6.85305847 -5.40770788 4.03874989 -3.63289979 2.86625718 -2.21942909 1.59433551 -1.53070105 0.76568444 -1.48722943 
4.23118776 1.04215059 -0.18267809 0.00548522 -0.12753440 -0.18274158 -0.26562569 0.17736000 -0.09153745 -0.13207518 -0.14726555 -0.36554822 -0.59138267 
5.53103960 -0.84745783 -0.09892611 -0.03438095 -0.12563486 -0.20131105 -0.25750474 0.16929098 -0.09387853 -0.13919089 -0.14733618 -0.37276940 -0.58704217 
7.48866164 7.07178866 -2.54756641 1.01917286 -0.56308985 0.06478259 -0.40716909 0.26484724 -0.13345692 -0.08739098 -0.17857034 -0.32376730 -0.62346916 
8.31337431 13.32252005 -8.40172279 5.92747641 -4.48596632 3.16266793 -2.82779610 2.14498828 -1.58636135 1.04750078 -1.06553699 0.37560701 -1.16552248 
8.49583263 15.51108679 -11.29529916 9.21757035 -7.94644028 6.63398817 -6.19353409 5.32449690 -4.52652323 3.71804856 -3.45000140 2.46956386 -2.97149041 
8.09007180 10.81781107 -5.63459507 3.27702693 -2.12415424 1.13754109 -1.13872290 0.76344512 -0.47268031 0.15533530 -0.35610712 -0.18595621 -0.72686797 
6.90094342 5.24674739 -1.49409390 0.46697279 -0.28735241 -0.08556443 -0.32189518 0.21413439 -0.10454531 -0.11050964 -0.16058163 -0.34228642 -0.60883867 
5.41301874 -13.88961465 -8.09921344 -5.66152260 -4.17272098 -3.22033684 -2.45507126 -1.51211017 -1.38018920 -1.13837297 -0.89953276 -0.94738833 -0.98264295 
7.02703808 6.60040982 -2.24731396 0.84827412 -0.47119745 0.01294319 -0.37721980 0.24695217 -0.12291585 -0.09529909 -0.17250469 -0.32954044 -0.61892404 
8.03403021 11.86614259 -6.72332904 4.25700370 -2.94400064 1.79852504 -1.65741096 1.16304867 -0.77657457 0.38659590 -0.53181811 -0.05178311 -0.82811085 
8.37187370 15.55345788 -11.35577594 9.29141316 -8.02949882 6.72269242 -6.28476052 5.41557831 -4.61522482 3.80256253 -3.52887836 2.54171064 -3.03612233 
8.13324261 12.56285883 -7.50201546 5.00884828 -3.61724591 2.37679944 -2.13932319 1.55600800 -1.09178412 0.63742802 -0.72973686 0.10355804 -0.94841382 
7.21414174 6.76957015 -2.35280495 0.90716356 -0.50227454 0.03027963 -0.38716219 0.25287106 -0.12637356 -0.09266883 -0.17453370 -0.32757109 -0.62047759 
5.18959727 -1.92706666 -0.19175437 -0.06084571 -0.13060164 -0.21178497 -0.25546029 0.16497113 -0.09664532 -0.14369017 -0.14871989 -0.37665371 -0.58524942 
3.75039821 3.38357359 -0.72127931 0.15851995 -0.16823802 -0.14876735 -0.28601004 0.19188420 -0.09419386 -0.12237749 -0.15174211 -0.35451102 -0.59933264 
3.78457415 4.75370886 -1.25987090 0.36372860 -0.24379953 -0.10814086 -0.30930800 0.20654236 -0.10065118 -0.11432720 -0.15760211 -0.34596929 -0.60593937 
2.50815030 -10.66943859 -4.72147342 -2.57822553 -1.55018674 -1.07275474 -0.74410852 -0.16317433 -0.32534947 -0.31874839 -0.27005531 -0.46922970 -0.62676938 
3.76951805 9.05611120 -4.02723924 1.99636069 -1.17096100 0.44545149 -0.64563293 0.41565354 -0.22882365 -0.02014337 -0.22791245 -0.28295989 -0.65470922 
4.23523392 15.60209460 -11.42539986 9.37666042 -8.12563884 6.82562512 -6.39087380 5.52176507 -4.71886172 3.90150875 -3.62140303 2.62649367 -3.11220379 
4.01938486 13.22819802 -8.28711815 5.80757127 -4.36987190 3.05528117 -2.73169101 2.06108179 -1.51452971 0.98688777 -1.01509914 0.33416032 -1.13199933 
3.42549488 12.00224847 -6.87197423 4.39733415 -3.06690708 1.90188850 -1.74180709 1.23052546 -0.82969139 0.42817167 -0.56414847 -0.02670347 -0.84731953 
2.98746977 15.60693042 -11.43233427 9.38516461 -8.13524445 6.83592443 -6.40150614 5.53241889 -4.72927280 3.91146040 -3.63071921 2.63503929 -3.11987989 
2.97392585 15.60688873 -11.43227448 9.38509128 -8.13516161 6.83583560 -6.40141443 5.53232698 -4.72918298 3.91137453 -3.63063881 2.63496553 -3.11981364 
3.40404380 11.95526121 -6.82046790 4.34853599 -3.02402011 1.86570389 -1.71217093 1.20676098 -0.81093244 0.41345379 -0.55268013 -0.03561368 -0.84048514 
3.55548105 14.34459168 -9.69677461 7.33899144 -5.90885789 4.53129145 -4.10042165 3.29836508 -2.61021936 1.94149424 -1.83390286 1.02623740 -1.70718563 
3.37669655 15.60999040 -11.43672330 9.39054849 -8.14132701 6.84244765 -6.40824168 5.53916935 -4.73587069 3.91776822 -3.63662521 2.64045763 -3.12474762 
3.56095952 14.29056681 -9.62586504 7.25907131 -5.82565431 4.44877568 -4.02141145 3.22472344 -2.54307980 1.88139605 -1.78103640 0.98050176 -1.66832851 
3.56558230 14.35423932 -9.70946653 7.35332766 -5.92381510 4.54615558 -4.11468272 3.31168282 -2.62238381 1.95240209 -1.84351415 1.03456531 -1.71427164 
3.38777691 15.60999040 -11.43672330 9.39054849 -8.14132701 6.84244765 -6.40824168 5.53916935 -4.73587069 3.91776822 -3.63662521 2.64045763 -3.12474762 
3.38777691 15.60999040 -11.43672330 9.39054849 -8.14132701 6.84244765 -6.40824168 5.53916935 -4.73587069 3.91776822 -3.63662521 2.64045763 -3.12474762 
3.38777691 15.60999040 -11.43672330 9.39054849 -8.14132701 6.84244765 -6.40824168 5.53916935 -4.73587069 3.91776822 -3.63662521 2.64045763 -3.12474762 
3.38777691 15.60999040 -11.43672330 9.39054849 -8.14132701 6.84244765 -6.40824168 5.53916935 -4.73587069 3.91776822 -3.63662521 2.64045763 -3.12474762 
3.20481007 13.89766244 -9.11843992 6.69597134 -5.24817610 3.88426723 -3.48836529 2.73452812 -2.10189591 1.49125127 -1.44175427 0.69011232 -1.42412313 
3.19817230 13.96290932 -9.20169938 6.78729829 -5.34077457 3.97379558 -3.57200165 2.81064271 -2.16971181 1.55065079 -1.49294267 0.73355235 -1.46035658 
3.37669655 15.60999040 -11.43672330 9.39054849 -8.14132701 6.84244765 -6.40824168 5.53916935 -4.73587069 3.91776822 -3.63662521 2.64045763 -3.12474762 
3.37669655 15.60999040 -11.43672330 9.39054849 -8.14132701 6.84244765 -6.40824168 5.53916935 -4.73587069 3.91776822 -3.63662521 2.64045763 -3.12474762 
3.19272754 13.88286410 -9.09961176 6.67537740 -5.22735324 3.86418835 -3.46965631 2.71754435 -2.08680038 1.47805924 -1.43041026 0.68050470 -1.41612474 
3.18604616 13.94850738 -9.18328718 6.76706567 -5.32022430 3.95389321 -3.55337874 2.79366788 -2.15456474 1.53736459 -1.48147765 0.72381056 -1.45222116 
3.18057235 13.86787481 -9.08056158 6.65456266 -5.20632881 3.84393519 -3.45080310 2.70044558 -2.07161628 1.46480100 -1.41901840 0.67086370 -1.40810424 
3.17384679 13.93391781 -9.16465494 6.74661226 -5.29947054 3.93381309 -3.53460702 2.77657286 -2.13932369 1.52400692 -1.46995987 0.71403101 -1.44405985 
3.16834362 13.85269118 -9.06128587 6.63352408 -5.18510053 3.82350620 -3.43180475 2.68323144 -2.05634363 1.45147685 -1.40757913 0.66118985 -1.40006220 
3.16157330 13.91913726 -9.14579916 6.72593499 -5.27851090 3.91355353 -3.51568547 2.75935717 -2.12398860 1.51057799 -1.45838973 0.70421417 -1.43587315 
3.34308231 15.60999040 -11.43672330 9.39054849 -8.14132701 6.84244765 -6.40824168 5.53916935 -4.73587069 3.91776822 -3.63662521 2.64045763 -3.12474762 
3.34308231 15.60999040 -11.43672330 9.39054849 -8.14132701 6.84244765 -6.40824168 5.53916935 -4.73587069 3.91776822 -3.63662521 2.64045763 -3.12474762 
3.34308231 15.60999040 -11.43672330 9.39054849 -8.14132701 6.84244765 -6.40824168 5.53916935 -4.73587069 3.91776822 -3.63662521 2.64045763 -3.12474762 
3.15604047 13.83730977 -9.04178109 6.61225862 -5.16366605 3.80289979 -3.41266037 2.66590158 -2.04098248 1.43808710 -1.39609294 0.65148370 -1.39199917 
3.14922480 13.90416231 -9.12671628 6.70503074 -5.25734296 3.89311284 -3.49661306 2.74202033 -2.10855940 1.49707803 -1.44676764 0.69436055 -1.42766160 
3.33175084 15.60999040 -11.43672330 9.39054849 -8.14132701 6.84244765 -6.40824168 5.53916935 -4.73587069 3.91776822 -3.63662521 2.64045763 -3.12474762 
3.14366199 13.82172704 -9.02204360 6.59076316 -5.14202305 3.78211440 -3.39336905 2.64845565 -2.02553291 1.42463210 -1.38456034 0.64174583 -1.38391574 
3.36046296 11.85834883 -6.71486816 4.24906214 -2.93708429 1.79273925 -1.65271085 1.15930898 -0.77364421 0.38431121 -0.53004746 -0.05315313 -0.82706407 
3.51456160 14.30489359 -9.64464258 7.28020581 -5.84762762 4.47053924 -4.04222432 3.24409861 -2.56072362 1.89717197 -1.79489940 0.99248303 -1.67849821 
3.33175084 15.60999040 -11.43672330 9.39054849 -8.14132701 6.84244765 -6.40824168 5.53916935 -4.73587069 3.91776822 -3.63662521 2.64045763 -3.12474762 
3.14366199 13.82172704 -9.02204360 6.59076316 -5.14202305 3.78211440 -3.39336905 2.64845565 -2.02553291 1.42463210 -1.38456034 0.64174583 -1.38391574 
3.13680037 13.88898945 -9.10740265 6.68389633 -5.23596428 3.87248932 -3.47738877 2.72456188 -2.09303608 1.48350729 -1.43509403 0.68447068 -1.41942575 
3.13120727 13.80593936 -9.00206970 6.56903454 -5.12016913 3.76114844 -3.37392991 2.63089334 -2.00999501 1.41111222 -1.37298186 0.63197684 -1.37581253 
2.89067784 15.60661976 -11.43188873 9.38461814 -8.13462712 6.83526244 -6.40082267 5.53173396 -4.72860341 3.91082048 -3.63012009 2.63448968 -3.11938616 
2.87645995 15.60657155 -11.43181958 9.38453333 -8.13453132 6.83515970 -6.40071660 5.53162766 -4.72849952 3.91072117 -3.63002712 2.63440439 -3.11930954 
2.86214027 15.60652229 -11.43174894 9.38444669 -8.13443344 6.83505475 -6.40060824 5.53151908 -4.72839340 3.91061972 -3.62993214 2.63431726 -3.11923127 
3.08632453 13.82624603 -9.02776513 6.59699183 -5.14829206 3.78813278 -3.39895281 2.65350353 -2.03000165 1.42852270 -1.38789408 0.64455999 -1.38625116 
3.27410996 15.60999040 -11.43672330 9.39054849 -8.14132701 6.84244765 -6.40824168 5.53916935 -4.73587069 3.91776822 -3.63662521 2.64045763 -3.12474762 
3.46797379 14.19578562 -9.50212730 7.12032830 -5.68193489 4.30693080 -3.88622705 3.09929379 -2.42922252 1.77989918 -1.69210125 0.90384421 -1.60342813 
3.63518208 15.60838855 -11.43442560 9.38772986 -8.13814246 6.83903226 -6.40471499 5.53563472 -4.73241583 3.91446514 -3.63353245 2.63762016 -3.12219842 
3.64492231 15.60840407 -11.43444786 9.38775716 -8.13817331 6.83906534 -6.40474915 5.53566895 -4.73244929 3.91449713 -3.63356240 2.63764764 -3.12222311 
3.65461532 15.60841936 -11.43446980 9.38778407 -8.13820371 6.83909794 -6.40478281 5.53570269 -4.73248227 3.91452866 -3.63359192 2.63767472 -3.12224744 
3.66426159 15.60843444 -11.43449142 9.38781059 -8.13823367 6.83913008 -6.40481599 5.53573595 -4.73251477 3.91455973 -3.63362102 2.63770141 -3.12227142 
3.51456160 14.30489359 -9.64464258 7.28020581 -5.84762762 4.47053924 -4.04222432 3.24409861 -2.56072362 1.89717197 -1.79489940 0.99248303 -1.67849821 
3.33175084 15.60999040 -11.43672330 9.39054849 -8.14132701 6.84244765 -6.40824168 5.53916935 -4.73587069 3.91776822 -3.63662521 2.64045763 -3.12474762 
3.33175084 15.60999040 -11.43672330 9.39054849 -8.14132701 6.84244765 -6.40824168 5.53916935 -4.73587069 3.91776822 -3.63662521 2.64045763 -3.12474762 
3.33175084 15.60999040 -11.43672330 9.39054849 -8.14132701 6.84244765 -6.40824168 5.53916935 -4.73587069 3.91776822 -3.63662521 2.64045763 -3.12474762 
3.14366199 13.82172704 -9.02204360 6.59076316 -5.14202305 3.78211440 -3.39336905 2.64845565 -2.02553291 1.42463210 -1.38456034 0.64174583 -1.38391574 
3.13680037 13.88898945 -9.10740265 6.68389633 -5.23596428 3.87248932 -3.47738877 2.72456188 -2.09303608 1.48350729 -1.43509403 0.68447068 -1.41942575 
3.32035479 15.60999040 -11.43672330 9.39054849 -8.14132701 6.84244765 -6.40824168 5.53916935 -4.73587069 3.91776822 -3.63662521 2.64045763 -3.12474762 
3.32035479 15.60999040 -11.43672330 9.39054849 -8.14132701 6.84244765 -6.40824168 5.53916935 -4.73587069 3.91776822 -3.63662521 2.64045763 -3.12474762 
3.32035479 15.60999040 -11.43672330 9.39054849 -8.14132701 6.84244765 -6.40824168 5.53916935 -4.73587069 3.91776822 -3.63662521 2.64045763 -3.12474762 
3.32035479 15.60999040 -11.43672330 9.39054849 -8.14132701 6.84244765 -6.40824168 5.53916935 -4.73587069 3.91776822 -3.63662521 2.64045763 -3.12474762 
3.32035479 15.60999040 -11.43672330 9.39054849 -8.14132701 6.84244765 -6.40824168 5.53916935 -4.73587069 3.91776822 -3.63662521 2.64045763 -3.12474762 
3.32035479 15.60999040 -11.43672330 9.39054849 -8.14132701 6.84244765 -6.40824168 5.53916935 -4.73587069 3.91776822 -3.63662521 2.64045763 -3.12474762 
3.32035479 15.60999040 -11.43672330 9.39054849 -8.14132701 6.84244765 -6.40824168 5.53916935 -4.73587069 3.91776822 -3.63662521 2.64045763 -3.12474762 
3.32035479 15.60999040 -11.43672330 9.39054849 -8.14132701 6.84244765 -6.40824168 5.53916935 -4.73587069 3.91776822 -3.63662521 2.64045763 -3.12474762 
3.50983134 14.23910700 -9.55857857 7.18351171 -5.74727010 4.37130524 -3.94747831 3.15603509 -2.48064992 1.82567716 -1.73215836 0.93832678 -1.63258589 
3.51456160 14.30489359 -9.64464258 7.28020581 -5.84762762 4.47053924 -4.04222432 3.24409861 -2.56072362 1.89717197 -1.79489940 0.99248303 -1.67849821 
3.33175084 15.60999040 -11.43672330 9.39054849 -8.14132701 6.84244765 -6.40824168 5.53916935 -4.73587069 3.91776822 -3.63662521 2.64045763 -3.12474762 
3.33175084 15.60999040 -11.43672330 9.39054849 -8.14132701 6.84244765 -6.40824168 5.53916935 -4.73587069 3.91776822 -3.63662521 2.64045763 -3.12474762 
3.33175084 15.60999040 -11.43672330 9.39054849 -8.14132701 6.84244765 -6.40824168 5.53916935 -4.73587069 3.91776822 -3.63662521 2.64045763 -3.12474762 
3.52016129 14.24963217 -9.57232046 7.19892126 -5.76323353 4.38706152 -3.96249568 3.16996963 -2.49329951 1.83695404 -1.74203999 0.94684456 -1.63979752 
3.52486967 14.31498763 -9.65788407 7.29512200 -5.86314860 4.48592424 -4.05694858 3.25781595 -2.57322413 1.90835666 -1.80473420 1.00098801 -1.68572140 
3.53043856 14.26003897 -9.58591809 7.21418013 -5.77905208 4.40268544 -3.97739675 3.18380511 -2.50586692 1.84816419 -1.75186857 0.95532102 -1.64697774 
3.69292433 15.60847838 -11.43455445 9.38788791 -8.13832102 6.83922376 -6.40491272 5.53583289 -4.73260952 3.91465032 -3.63370583 2.63777922 -3.12234132 
3.54532887 14.33483496 -9.68394816 7.32451296 -5.89376213 4.51629904 -4.08604626 3.28494848 -2.59797156 1.93051755 -1.82423584 1.01786521 -1.70006520 
3.55083715 14.28050456 -9.61268844 7.24425332 -5.81026090 4.43354127 -4.00685371 3.21118138 -2.53075668 1.87038501 -1.77136674 0.97214968 -1.66124335 
3.71180714 15.60850665 -11.43459500 9.38793765 -8.13837722 6.83928402 -6.40497495 5.53589526 -4.73267048 3.91470860 -3.63376040 2.63782928 -3.12238630 
3.56558230 14.35423932 -9.70946653 7.35332766 -5.92381510 4.54615558 -4.11468272 3.31168282 -2.62238381 1.95240209 -1.84351415 1.03456531 -1.71427164 
3.38777691 15.60999040 -11.43672330 9.39054849 -8.14132701 6.84244765 -6.40824168 5.53916935 -4.73587069 3.91776822 -3.63662521 2.64045763 -3.12474762 
3.57103128 14.30051763 -9.63890512 7.27374595 -5.84090912 4.46388272 -4.03585659 3.23816895 -2.55532225 1.89234109 -1.79065319 0.98881229 -1.67538175 
3.57563314 14.36377952 -9.72202575 7.36752341 -5.93863531 4.56089269 -4.12883044 3.32490240 -2.63446538 1.96324136 -1.85306983 1.04284896 -1.72132318 
3.58105292 14.31035865 -9.65181053 7.28827902 -5.85602685 4.47886363 -4.05019005 3.25151855 -2.56748444 1.90322036 -1.80021715 0.99708121 -1.68240297 
3.73980122 15.60854759 -11.43465372 9.38800968 -8.13845860 6.83937130 -6.40506507 5.53598558 -4.73275876 3.91479300 -3.63383942 2.63790178 -3.12245143 
3.59558552 14.38254395 -9.74675333 7.39550046 -5.96787084 4.58999091 -4.15678969 3.35104985 -2.65838169 1.98471526 -1.87201485 1.05928353 -1.73532262 
3.60094785 14.32971781 -9.67722461 7.31692734 -5.88585705 4.50845187 -4.07852555 3.27793256 -2.59156962 1.92478239 -1.81918693 1.01349417 -1.69634900 
3.75824860 15.60857395 -11.43469153 9.38805606 -8.13851100 6.83942750 -6.40512310 5.53604373 -4.73281560 3.91484734 -3.63389030 2.63794846 -3.12249336 
3.61534209 14.40089737 -9.77097154 7.42293629 -5.99657654 4.61859601 -4.18430707 3.37681298 -2.68197199 2.00591816 -1.89073898 1.07554132 -1.74918359 
3.62064816 14.34865688 -9.70212150 7.34502987 -5.91515671 4.53754993 -4.10642517 3.30397053 -2.61533855 1.94608390 -1.83794638 1.02974051 -1.71016595 
3.77652739 15.60859960 -11.43472831 9.38810119 -8.13856198 6.83948217 -6.40517955 5.53610031 -4.73287089 3.91490020 -3.63393980 2.63799387 -3.12253416 
3.93632899 14.57517050 -10.00252281 7.68699730 -6.27464999 4.89742392 -4.45415721 3.63094223 -2.91598494 2.21737701 -2.07842921 1.23929186 -1.88943474 
3.94799767 14.72359605 -10.20200273 7.91699854 -6.51945473 5.14542206 -4.69656474 3.86142753 -3.13019342 2.41263996 -2.25318862 1.39295695 -2.02203351 
3.81259129 15.60864884 -11.43479895 9.38818783 -8.13865987 6.83958715 -6.40528794 5.53620894 -4.73297708 3.91500172 -3.63403485 2.63808107 -3.12261250 
3.82150657 15.60866074 -11.43481602 9.38820877 -8.13868353 6.83961252 -6.40531414 5.53623520 -4.73300274 3.91502626 -3.63405782 2.63810215 -3.12263144 
3.83038228 15.60867249 -11.43483286 9.38822943 -8.13870687 6.83963756 -6.40534000 5.53626111 -4.73302807 3.91505047 -3.63408049 2.63812295 -3.12265012 
3.83921877 15.60868408 -11.43484949 9.38824983 -8.13872991 6.83966227 -6.40536551 5.53628668 -4.73305306 3.91507436 -3.63410286 2.63814347 -3.12266856 
3.84801640 15.60869551 -11.43486589 9.38826995 -8.13875265 6.83968665 -6.40539069 5.53631192 -4.73307772 3.91509794 -3.63412494 2.63816372 -3.12268676 
3.85677549 15.60870680 -11.43488208 9.38828981 -8.13877508 6.83971072 -6.40541554 5.53633682 -4.73310206 3.91512121 -3.63414673 2.63818371 -3.12270472 
4.01034507 14.63390041 -10.08120418 7.77744088 -6.37062953 4.99437811 -4.54866347 3.72055970 -2.99905853 2.29291746 -2.14587978 1.29847019 -1.94039264 
4.02162310 14.77491693 -10.27146336 7.99762819 -6.60583572 5.23347932 -4.78315936 3.94424521 -3.20759544 2.48357197 -2.31699320 1.44932685 -2.07089608 
3.89143324 15.60875051 -11.43494478 9.38836672 -8.13886197 6.83980390 -6.40551175 5.53643325 -4.73319631 3.91521132 -3.63423110 2.63826112 -3.12277425 
4.04238600 14.65845251 -10.11419405 7.81546977 -6.41109691 5.03536419 -4.58871665 3.75863453 -3.03443678 2.32515985 -2.17473059 1.32383351 -1.96227461 
4.17773961 15.60626854 -11.43138503 9.38400034 -8.13392923 6.83451407 -6.40005002 5.53095968 -4.72784670 3.91009710 -3.62944286 2.63386841 -3.11882807 
4.19257260 15.60632327 -11.43146353 9.38409662 -8.13403799 6.83463069 -6.40017043 5.53108034 -4.72796462 3.91020983 -3.62954839 2.63396522 -3.11891504 
4.20729639 15.60637681 -11.43154031 9.38419079 -8.13414437 6.83474476 -6.40028820 5.53119836 -4.72807996 3.91032009 -3.62965162 2.63405992 -3.11900010 
4.22191258 15.60642918 -11.43161542 9.38428291 -8.13424844 6.83485636 -6.40040341 5.53131382 -4.72819280 3.91042796 -3.62975261 2.63415256 -3.11908332 
4.11577037 14.83687418 -10.35565323 8.09572766 -6.71132044 5.34139181 -4.88964284 4.04642073 -3.30339271 2.57162588 -2.39642561 1.51969264 -2.13204723 
4.12795167 14.72151132 -10.19918644 7.91373527 -6.51596478 5.14187035 -4.69307768 3.85809778 -3.12708610 2.40979644 -2.25063429 1.39070314 -2.02008225 
4.25799247 15.60655524 -11.43179621 9.38450466 -8.13449893 6.83512497 -6.40068074 5.53159173 -4.72846440 3.91068760 -3.62999569 2.63437555 -3.11928364 
4.27224413 15.60660380 -11.43186584 9.38459007 -8.13459541 6.83522843 -6.40078756 5.53169878 -4.72856902 3.91078761 -3.63008932 2.63446145 -3.11936080 
4.40402302 14.86690995 -10.39659825 8.14358430 -6.76293314 5.39434320 -4.94203721 4.09682913 -3.35077512 2.61528375 -2.43589934 1.55473642 -2.16256469 
4.41965317 15.04324294 -10.63870482 8.42850662 -7.07226584 5.71372938 -5.26001832 4.40458268 -3.64171302 2.88481031 -2.68085388 1.77326099 -2.35374808 
4.32134009 15.60676589 -11.43209830 9.38487519 -8.13491750 6.83557382 -6.40114416 5.53205613 -4.72891827 3.91112148 -3.63040190 2.63474820 -3.11961840 
4.33514895 15.60681006 -11.43216166 9.38495290 -8.13500529 6.83566796 -6.40124135 5.53215353 -4.72901346 3.91121248 -3.63048710 2.63482635 -3.11968861 
4.34886313 15.60685334 -11.43222372 9.38502902 -8.13509128 6.83576018 -6.40133656 5.53224895 -4.72910671 3.91130162 -3.63057056 2.63490292 -3.11975738 
4.47572599 14.90995391 -10.45542554 8.21250930 -6.83744302 5.47095849 -5.01801215 4.17007821 -3.41976634 2.67897369 -2.49359005 1.60604062 -2.20731532 
4.49083975 15.07701689 -10.68541340 8.48385582 -7.13275795 5.77658595 -5.32298284 4.46588177 -3.69999031 2.93908742 -2.73043254 1.81770105 -2.39280392 
4.50749004 14.92832872 -10.48059162 8.24205530 -6.86944608 5.50392807 -5.05076585 4.20171229 -3.44961185 2.70656992 -2.51862479 1.62833577 -2.22678896 
4.62204675 15.60462311 -11.42902540 9.38110638 -8.13066028 6.83100887 -6.39643130 5.52733348 -4.72430297 3.90670961 -3.62627155 2.63095931 -3.11621488 
4.63985067 15.60471766 -11.42916099 9.38127267 -8.13084811 6.83121026 -6.39663920 5.52754181 -4.72450655 3.90690421 -3.62645373 2.63112641 -3.11636498 
4.55958495 15.10793930 -10.72827315 8.53475153 -7.18849613 5.83461571 -5.38122145 4.52268235 -3.75408428 2.98955087 -2.77659922 1.85914328 -2.42927572 
4.57564957 14.96636246 -10.53278437 8.30344623 -6.93606253 5.57267530 -5.11917716 4.26789156 -3.51214595 2.76447594 -2.57122903 1.67524486 -2.26781270 
4.68656722 15.60495794 -11.42950554 9.38169523 -8.13132540 6.83172203 -6.39716754 5.52807121 -4.72502390 3.90739874 -3.62691668 2.63155108 -3.11674644 
4.60814090 15.12881394 -10.75725749 8.56922830 -7.22631454 5.87405015 -5.42085705 4.56139486 -3.79100286 3.02403654 -2.80818753 1.88753198 -2.45428718 
4.62380472 14.99211575 -10.56820294 8.34519460 -6.98145670 5.61961281 -5.16597323 4.31324283 -3.55507374 2.80429214 -2.60745619 1.70759746 -2.29614584 
4.73221744 15.60518216 -11.42982708 9.38208957 -8.13177084 6.83219965 -6.39766061 5.52856530 -4.72550674 3.90786028 -3.62734876 2.63194744 -3.11710247 
4.74907117 15.60526240 -11.42994214 9.38223069 -8.13193024 6.83237056 -6.39783706 5.52874211 -4.72567953 3.90802545 -3.62750339 2.63208928 -3.11722989 
4.76578407 15.60534065 -11.43005435 9.38236830 -8.13208568 6.83253724 -6.39800914 5.52891454 -4.72584804 3.90818653 -3.62765419 2.63222761 -3.11735414 
4.78235847 15.60541697 -11.43016380 9.38250254 -8.13223731 6.83269982 -6.39817698 5.52908273 -4.72601240 3.90834365 -3.62780128 2.63236253 -3.11747535 
4.79879664 15.60549142 -11.43027057 9.38263349 -8.13238523 6.83285844 -6.39834073 5.52924682 -4.72617276 3.90849694 -3.62794479 2.63249418 -3.11759360 
4.81510081 15.60556408 -11.43037477 9.38276128 -8.13252957 6.83301322 -6.39850052 5.52940694 -4.72632924 3.90864652 -3.62808482 2.63262263 -3.11770899 
4.83127314 15.60563499 -11.43047646 9.38288599 -8.13267045 6.83316428 -6.39865648 5.52956322 -4.72648197 3.90879251 -3.62822150 2.63274801 -3.11782162 
4.75828377 15.18856299 -10.84044662 8.66844038 -7.33541715 5.98808919 -5.53574394 4.67385638 -3.89848200 3.12463585 -2.90051138 1.97065400 -2.52764605 
4.77277230 15.06619675 -10.67043762 8.46609636 -7.11333429 5.75638912 -5.30273785 4.44615964 -3.68122891 2.92160367 -2.71445346 1.80337071 -2.38020361 
4.78591081 15.19880306 -10.85473784 8.68552272 -7.35424330 6.00780799 -5.55564901 4.69337858 -3.91717348 3.14216118 -2.91662143 1.98518076 -2.54048532 
4.70475166 15.60779207 -11.43357008 9.38668044 -8.13695689 6.83776082 -6.40340219 5.53431904 -4.73112991 3.91323578 -3.63238141 2.63656418 -3.12124977 
4.71615845 15.60781699 -11.43360582 9.38672428 -8.13700641 6.83781392 -6.40345703 5.53437399 -4.73118362 3.91328712 -3.63242949 2.63660828 -3.12128939 
4.72750054 15.60784148 -11.43364095 9.38676737 -8.13705509 6.83786613 -6.40351093 5.53442802 -4.73123642 3.91333760 -3.63247675 2.63665164 -3.12132834 
4.64491655 15.11683152 -10.74061491 8.54942629 -7.20458719 5.85138834 -5.39807381 4.53913675 -3.76977120 3.00419962 -2.79001339 1.87119548 -2.43989143 
4.65415165 15.03675850 -10.62974936 8.41790846 -7.06069766 5.70172365 -5.24800609 4.39290137 -3.63061956 2.87448890 -2.67143510 1.76482615 -2.34634163 
4.66250058 15.12436165 -10.75107205 8.56186682 -7.21823540 5.86562164 -5.41238154 4.55311298 -3.78310133 3.01665268 -2.80142140 1.88144897 -2.44892596 
4.56968590 15.60936103 -11.43582050 9.38944098 -8.14007568 6.84110558 -6.40685584 5.53778036 -4.73451301 3.91647017 -3.63540978 2.63934250 -3.12374577 
4.57579587 15.60936486 -11.43582600 9.38944772 -8.14008330 6.84111376 -6.40686428 5.53778882 -4.73452128 3.91647807 -3.63541718 2.63934929 -3.12375187 
4.48053578 15.00985222 -10.59263257 8.37403140 -7.01285516 5.65212179 -5.19842568 4.34473202 -3.58491537 2.83200164 -2.63269468 1.73015915 -2.31592325 
4.37150175 15.60999040 -11.43672330 9.39054849 -8.14132701 6.84244765 -6.40824168 5.53916935 -4.73587069 3.91776822 -3.63662521 2.64045763 -3.12474762 
4.37150175 15.60999040 -11.43672330 9.39054849 -8.14132701 6.84244765 -6.40824168 5.53916935 -4.73587069 3.91776822 -3.63662521 2.64045763 -3.12474762 
4.25914816 14.84928731 -10.37256452 8.11548200 -6.73261308 5.36322479 -4.91123474 4.06718363 -3.32289967 2.58959113 -2.41266193 1.53410084 -2.14458947 
4.25536731 14.88446321 -10.42056668 8.17164311 -6.79324060 5.42548251 -4.97289276 4.12655580 -3.37875408 2.64109554 -2.45926496 1.57550297 -2.18066820 
4.36473356 15.60999040 -11.43672330 9.39054849 -8.14132701 6.84244765 -6.40824168 5.53916935 -4.73587069 3.91776822 -3.63662521 2.64045763 -3.12474762 
4.25200095 14.84478678 -10.36643145 8.10831597 -6.72488705 5.35530075 -4.90339635 4.05964446 -3.31581499 2.58306503 -2.40676272 1.52886488 -2.14003079 
4.12110406 15.60900486 -11.43530961 9.38881426 -8.13936760 6.84034618 -6.40607169 5.53699444 -4.73374483 3.91573573 -3.63472212 2.63871160 -3.12317896 
3.74271641 10.65751177 -5.47684836 3.14226624 -2.01706398 1.05524386 -1.07702813 0.71792326 -0.43944030 0.13082823 -0.33794251 -0.19964473 -0.71667504 
3.11190994 15.56729988 -11.37556872 9.31562180 -8.05677330 6.75186605 -6.31480815 5.44562057 -4.64452142 3.83051134 -3.55499411 2.56562476 -3.05756812 
3.27368429 14.25894078 -9.58448269 7.21256885 -5.77738117 4.40103460 -3.97582182 3.18234239 -2.50453790 1.84697839 -1.75082866 0.95442396 -1.64621769 
4.10069104 10.22004927 -5.05808585 2.79380133 -1.74709650 0.85248686 -0.92823582 0.61026403 -0.36223304 0.07460577 -0.29662240 -0.23073508 -0.69358269 
4.91460936 12.12622073 -7.00883329 4.52788275 -3.18240632 1.99994952 -1.82260526 1.29568735 -0.88140788 0.46893785 -0.59604354 -0.00184401 -0.86644459 
4.92719414 12.34148555 -7.24979972 4.76083769 -3.39121959 2.17943962 -1.97226298 1.41775903 -0.97933990 0.54686271 -0.65751642 0.04638675 -0.90378159 
3.95532023 -6.47399003 -1.70664196 -0.62214786 -0.34088580 -0.32396022 -0.29168442 0.12941954 -0.12629283 -0.17498127 -0.16870923 -0.39705509 -0.58496138 
5.74157517 2.24214500 -0.39857469 0.06032222 -0.13953040 -0.16830608 -0.27416336 0.18379592 -0.09194238 -0.12744814 -0.14884617 -0.36030349 -0.59503474 
6.85119161 11.97556567 -6.84270055 4.36957723 -3.04249328 1.88127483 -1.72491199 1.21696859 -0.81898319 0.41976565 -0.55759531 -0.03179674 -0.84341151 
7.16120697 15.60559036 -11.43041246 9.38280750 -8.13258179 6.83306921 -6.39855833 5.52946487 -4.72638585 3.90870063 -3.62813548 2.63266910 -3.11775073 
6.77500556 10.28004851 -5.11450532 2.83995214 -1.78225737 0.87849597 -0.94705387 0.62370338 -0.37175517 0.08148504 -0.30165236 -0.22695017 -0.69639121 
5.47577638 4.06161728 -0.96717950 0.24628208 -0.19847478 -0.13191779 -0.29584744 0.19821346 -0.09673641 -0.11876375 -0.15425764 -0.35054960 -0.60236895 
3.56293276 -13.52934262 -7.67480571 -5.23097547 -3.76888303 -2.85893113 -2.14240075 -1.24740638 -1.16006647 -0.95813070 -0.75431702 -0.83217661 -0.89285159 
4.26230532 11.86186796 -6.71868784 4.25264675 -2.94020563 1.79534996 -1.65483135 1.16099594 -0.77496590 0.38534156 -0.53084591 -0.05253538 -0.82753603 
4.58905080 15.58791857 -11.40508428 9.35176017 -8.09752896 6.79550083 -6.35979078 5.49063392 -4.68845345 3.87245459 -3.59421491 2.60156361 -3.08981818 
4.42604102 13.92622672 -9.15484075 6.73584731 -5.28855591 3.92326053 -3.52474914 2.76760173 -2.13133085 1.51700619 -1.46392702 0.70891146 -1.43978970 
3.97713903 13.21141911 -8.26681746 5.78641848 -4.34947318 3.03648466 -2.71493159 2.04650210 -1.50209116 0.97642535 -1.00641888 0.32704657 -1.12626030 
3.11933654 6.51442172 -2.19465926 0.81935881 -0.45617543 0.00463582 -0.37248114 0.24413758 -0.12128295 -0.09655696 -0.17153016 -0.33050199 -0.61816452 
1.28296964 9.57539924 -4.47221166 2.32970228 -1.40424715 0.60566526 -0.75401007 0.48855872 -0.27772408 0.01424622 -0.25276161 -0.26387600 -0.66896958 
-0.15621143 2.60592596 -0.48899817 0.08577519 -0.14630429 -0.16293991 -0.27744957 0.18610813 -0.09243070 -0.12593258 -0.14960739 -0.35855803 -0.59630704 
0.78469033 1.54263989 -0.25735635 0.02373841 -0.13098776 -0.17717454 -0.26881075 0.17985922 -0.09150123 -0.13019367 -0.14776023 -0.36344500 -0.59281115 
1.90949262 11.92271673 -6.78491097 4.31495548 -2.99459866 1.84095263 -1.69195545 1.19059368 -0.79820247 0.40348763 -0.54492882 -0.04162737 -0.83587867 
2.53124597 13.01055137 -8.02580871 5.53730290 -4.11111047 2.81847735 -2.52194776 1.87977906 -1.36079506 0.85830141 -0.90896837 0.24758684 -1.06246423 
2.77148110 15.60999040 -11.43672330 9.39054849 -8.14132701 6.84244765 -6.40824168 5.53916935 -4.73587069 3.91776822 -3.63662521 2.64045763 -3.12474762 
3.01992852 13.65995013 -8.81847424 6.37045967 -4.92156883 3.57164195 -3.19913966 2.47377410 -1.87166025 1.29129044 -1.27080416 0.54610827 -1.30485510 
3.02579805 13.74864240 -8.92977586 6.49059447 -5.04147704 3.68583773 -3.30426878 2.56810189 -1.95456389 1.36298007 -1.33184154 0.59732860 -1.34712204 
2.31845183 8.77391458 -3.79549662 1.82960366 -1.05871980 0.37087252 -0.59663481 0.38350894 -0.20775738 -0.03487175 -0.21725906 -0.29130174 -0.64842870 
