9.89826070 0.34475700 -0.11528201 -0.01239855 -0.12520256 -0.18987316 -0.26194728 0.17419433 -0.09201742 -0.13465830 -0.14694281 -0.36832121 -0.58959578 
3.57739250 15.60999040 -11.43672330 9.39054849 -8.14132701 6.84244765 -6.40824168 5.53916935 -4.73587069 3.91776822 -3.63662521 2.64045763 -3.12474762 
3.41077652 14.13481802 -9.42298132 7.03206544 -5.59098893 4.21762693 -3.80153615 3.02108922 -2.35856000 1.71718196 -1.63737297 0.85685379 -1.56379213 
3.40483766 14.19346003 -9.49910187 7.11694745 -5.67844433 4.30349669 -3.88296428 3.09627550 -2.42649059 1.77747047 -1.68997864 0.90201906 -1.60188650 
3.39986905 14.12295615 -9.40762334 7.01498199 -5.57342985 4.20042607 -3.78526163 3.00609489 -2.34504105 1.70520764 -1.62694422 0.84791579 -1.55626612 
3.19255647 15.60749736 -11.43314738 9.38616196 -8.13637115 6.83713267 -6.40275363 5.53366906 -4.73049465 3.91262847 -3.63181281 2.63604254 -3.12078115 
3.38289302 14.17028204 -9.46897683 7.08331343 -5.64374885 4.26939084 -3.85058625 3.06634695 -2.39942197 1.75342332 -1.66897633 0.88397149 -1.58665166 
3.54701216 15.60999040 -11.43672330 9.39054849 -8.14132701 6.84244765 -6.40824168 5.53916935 -4.73587069 3.91776822 -3.63662521 2.64045763 -3.12474762 
3.37787555 14.09880624 -9.37639657 6.98029069 -5.53781649 4.16558046 -3.75233037 2.97578772 -2.31774523 1.68105493 -1.60592906 0.82992079 -1.54112687 
3.37183048 14.15848300 -9.45366075 7.06623421 -5.62615159 4.25211242 -3.83420139 3.05121792 -2.38575282 1.74129185 -1.65839078 0.87488309 -1.57898608 
3.36678823 14.08651358 -9.36052278 6.96267828 -5.51975847 4.14793289 -3.73567171 2.96047374 -2.30396781 1.66887647 -1.59534292 0.82086424 -1.53351418 
3.36070691 14.14654085 -9.43817228 7.04897708 -5.60838540 4.23468169 -3.81768456 3.03597818 -2.37199333 1.72908832 -1.64774905 0.86575184 -1.57128871 
3.52649916 15.60999040 -11.43672330 9.39054849 -8.14132701 6.84244765 -6.40824168 5.53916935 -4.73587069 3.91776822 -3.63662521 2.64045763 -3.12474762 
3.52649916 15.60999040 -11.43672330 9.39054849 -8.14132701 6.84244765 -6.40824168 5.53916935 -4.73587069 3.91776822 -3.63662521 2.64045763 -3.12474762 
3.52649916 15.60999040 -11.43672330 9.39054849 -8.14132701 6.84244765 -6.40824168 5.53916935 -4.73587069 3.91776822 -3.63662521 2.64045763 -3.12474762 
3.52649916 15.60999040 -11.43672330 9.39054849 -8.14132701 6.84244765 -6.40824168 5.53916935 -4.73587069 3.91776822 -3.63662521 2.64045763 -3.12474762 
3.52649916 15.60999040 -11.43672330 9.39054849 -8.14132701 6.84244765 -6.40824168 5.53916935 -4.73587069 3.91776822 -3.63662521 2.64045763 -3.12474762 
3.52649916 15.60999040 -11.43672330 9.39054849 -8.14132701 6.84244765 -6.40824168 5.53916935 -4.73587069 3.91776822 -3.63662521 2.64045763 -3.12474762 
3.52649916 15.60999040 -11.43672330 9.39054849 -8.14132701 6.84244765 -6.40824168 5.53916935 -4.73587069 3.91776822 -3.63662521 2.64045763 -3.12474762 
3.52649916 15.60999040 -11.43672330 9.39054849 -8.14132701 6.84244765 -6.40824168 5.53916935 -4.73587069 3.91776822 -3.63662521 2.64045763 -3.12474762 
3.52649916 15.60999040 -11.43672330 9.39054849 -8.14132701 6.84244765 -6.40824168 5.53916935 -4.73587069 3.91776822 -3.63662521 2.64045763 -3.12474762 
3.52649916 15.60999040 -11.43672330 9.39054849 -8.14132701 6.84244765 -6.40824168 5.53916935 -4.73587069 3.91776822 -3.63662521 2.64045763 -3.12474762 
3.52649916 15.60999040 -11.43672330 9.39054849 -8.14132701 6.84244765 -6.40824168 5.53916935 -4.73587069 3.91776822 -3.63662521 2.64045763 -3.12474762 
3.69757656 14.42044847 -9.79680520 7.45224047 -6.02727603 4.64922530 -4.21380658 3.40446353 -2.70731849 2.02872334 -1.91089805 1.09306137 -1.76413405 
3.70192241 14.47871220 -9.87400607 7.54004734 -6.11950369 4.74147285 -4.30286762 3.48813891 -2.78419530 2.09804082 -1.97229753 1.14652546 -1.80984050 
3.53678196 15.60999040 -11.43672330 9.39054849 -8.14132701 6.84244765 -6.40824168 5.53916935 -4.73587069 3.91776822 -3.63662521 2.64045763 -3.12474762 
3.53678196 15.60999040 -11.43672330 9.39054849 -8.14132701 6.84244765 -6.40824168 5.53916935 -4.73587069 3.91776822 -3.63662521 2.64045763 -3.12474762 
3.70698914 14.42899933 -9.80811517 7.46508224 -6.04074191 4.66267254 -4.22676916 3.41662396 -2.71847471 2.03876876 -1.91978441 1.10078975 -1.77073329 
3.71131644 14.48690305 -9.88488492 7.55244898 -6.13255858 4.75455836 -4.31552717 3.50005664 -2.79516574 2.10795050 -1.98109038 1.15419431 -1.81640676 
3.54701216 15.60999040 -11.43672330 9.39054849 -8.14132701 6.84244765 -6.40824168 5.53916935 -4.73587069 3.91776822 -3.63662521 2.64045763 -3.12474762 
3.71635789 14.43746055 -9.81931339 7.47780457 -6.05409014 4.67600958 -4.23963234 3.42869732 -2.72955654 2.04875187 -1.92861957 1.10847680 -1.77729987 
3.72066681 14.49500753 -9.89565532 7.56473385 -6.14549757 4.76753446 -4.32808723 3.51188648 -2.80606040 2.11779612 -1.98983009 1.16181986 -1.82293842 
3.72568323 14.44583339 -9.83040131 7.49040888 -6.06732199 4.68923750 -4.25239695 3.44068425 -2.74056441 2.05867294 -1.93740367 1.11612260 -1.78383378 
3.72997392 14.50302685 -9.90631868 7.57690335 -6.15832192 4.78040223 -4.34054866 3.52362910 -2.81687977 2.12757801 -1.99851686 1.16940220 -1.82943553 
3.73496556 14.45411907 -9.84138035 7.50289656 -6.08043870 4.70235732 -4.26506383 3.45258536 -2.75149875 2.06853225 -1.94613689 1.12372721 -1.79033503 
3.73923817 14.51096221 -9.91687639 7.58895885 -6.17103289 4.79316274 -4.35291233 3.53528517 -2.82762433 2.13729650 -2.00715091 1.17694146 -1.83589812 
3.57739250 15.60999040 -11.43672330 9.39054849 -8.14132701 6.84244765 -6.40824168 5.53916935 -4.73587069 3.91776822 -3.63662521 2.64045763 -3.12474762 
3.74420525 14.46231880 -9.85225190 7.51526899 -6.09344150 4.71537009 -4.27763380 3.46440128 -2.76236000 2.07833009 -1.95481939 1.13129072 -1.79680364 
3.74845993 14.51881477 -9.92732981 7.60090172 -6.18363171 4.80581705 -4.36517909 3.54685534 -2.83829457 2.14695193 -2.01573245 1.18443776 -1.84232625 
3.58741758 15.60999040 -11.43672330 9.39054849 -8.14132701 6.84244765 -6.40824168 5.53916935 -4.73587069 3.91776822 -3.63662521 2.64045763 -3.12474762 
3.58741758 15.60999040 -11.43672330 9.39054849 -8.14132701 6.84244765 -6.40824168 5.53916935 -4.73587069 3.91776822 -3.63662521 2.64045763 -3.12474762 
3.75340272 14.47043376 -9.86301733 7.52752751 -6.10633161 4.72827684 -4.29010768 3.47613263 -2.77314861 2.08806676 -1.96345135 1.13881319 -1.80323961 
3.75763961 14.52658568 -9.93768029 7.61273330 -6.19611961 4.81836621 -4.37734980 3.55834028 -2.84889098 2.15654464 -2.02426169 1.19189121 -1.84871997 
3.59739266 15.60999040 -11.43672330 9.39054849 -8.14132701 6.84244765 -6.40824168 5.53916935 -4.73587069 3.91776822 -3.63662521 2.64045763 -3.12474762 
3.59739266 15.60999040 -11.43672330 9.39054849 -8.14132701 6.84244765 -6.40824168 5.53916935 -4.73587069 3.91776822 -3.63662521 2.64045763 -3.12474762 
3.59739266 15.60999040 -11.43672330 9.39054849 -8.14132701 6.84244765 -6.40824168 5.53916935 -4.73587069 3.91776822 -3.63662521 2.64045763 -3.12474762 
3.59739266 15.60999040 -11.43672330 9.39054849 -8.14132701 6.84244765 -6.40824168 5.53916935 -4.73587069 3.91776822 -3.63662521 2.64045763 -3.12474762 
3.59739266 15.60999040 -11.43672330 9.39054849 -8.14132701 6.84244765 -6.40824168 5.53916935 -4.73587069 3.91776822 -3.63662521 2.64045763 -3.12474762 
3.59739266 15.60999040 -11.43672330 9.39054849 -8.14132701 6.84244765 -6.40824168 5.53916935 -4.73587069 3.91776822 -3.63662521 2.64045763 -3.12474762 
3.59739266 15.60999040 -11.43672330 9.39054849 -8.14132701 6.84244765 -6.40824168 5.53916935 -4.73587069 3.91776822 -3.63662521 2.64045763 -3.12474762 
3.59739266 15.60999040 -11.43672330 9.39054849 -8.14132701 6.84244765 -6.40824168 5.53916935 -4.73587069 3.91776822 -3.63662521 2.64045763 -3.12474762 
3.59739266 15.60999040 -11.43672330 9.39054849 -8.14132701 6.84244765 -6.40824168 5.53916935 -4.73587069 3.91776822 -3.63662521 2.64045763 -3.12474762 
3.59739266 15.60999040 -11.43672330 9.39054849 -8.14132701 6.84244765 -6.40824168 5.53916935 -4.73587069 3.91776822 -3.63662521 2.64045763 -3.12474762 
3.76255832 14.47846513 -9.87367801 7.53967348 -6.11911024 4.74107858 -4.30248628 3.48778002 -2.78386501 2.09774254 -1.97203293 1.14629472 -1.80964298 
3.76677758 14.53427605 -9.94792915 7.62445490 -6.20849779 4.83081124 -4.38942531 3.56974064 -2.85941403 2.16607496 -2.03273885 1.19930194 -1.85507933 
3.60731824 15.60999040 -11.43672330 9.39054849 -8.14132701 6.84244765 -6.40824168 5.53916935 -4.73587069 3.91776822 -3.63662521 2.64045763 -3.12474762 
3.60731824 15.60999040 -11.43672330 9.39054849 -8.14132701 6.84244765 -6.40824168 5.53916935 -4.73587069 3.91776822 -3.63662521 2.64045763 -3.12474762 
3.60731824 15.60999040 -11.43672330 9.39054849 -8.14132701 6.84244765 -6.40824168 5.53916935 -4.73587069 3.91776822 -3.63662521 2.64045763 -3.12474762 
3.77167245 14.48641405 -9.88423526 7.55170819 -6.13177857 4.75377632 -4.31477041 3.49934406 -2.79450965 2.10735773 -1.98056431 1.15373540 -1.81601376 
3.77587421 14.54188701 -9.95807769 7.63606784 -6.22076744 4.84315319 -4.40140644 3.58105709 -2.86986422 2.17554323 -2.04116415 1.20667009 -1.86140440 
3.61719480 15.60999040 -11.43672330 9.39054849 -8.14132701 6.84244765 -6.40824168 5.53916935 -4.73587069 3.91776822 -3.63662521 2.64045763 -3.12474762 
3.78074547 14.49428163 -9.89469039 7.56363296 -6.14433777 4.76637106 -4.32696088 3.51082538 -2.80508297 2.11691263 -1.98904569 1.16113533 -1.82235199 
3.78492988 14.54941963 -9.96812718 7.64757339 -6.23292973 4.85539305 -4.41329404 3.59229025 -2.88024202 2.18494980 -2.04953783 1.21399578 -1.86769524 
3.62702283 15.60999040 -11.43672330 9.39054849 -8.14132701 6.84244765 -6.40824168 5.53916935 -4.73587069 3.91776822 -3.63662521 2.64045763 -3.12474762 
3.78977776 14.50206899 -9.90504468 7.57544905 -6.15678901 4.77886378 -4.33905847 3.52222457 -2.81558540 2.12640754 -1.99747724 1.16849460 -1.82865770 
3.79394495 14.55687499 -9.97807889 7.65897282 -6.24498584 4.86753183 -4.42508892 3.60344080 -2.89054792 2.19429501 -2.05786010 1.22127916 -1.87395193 
3.63680280 15.60999040 -11.43672330 9.39054849 -8.14132701 6.84244765 -6.40824168 5.53916935 -4.73587069 3.91776822 -3.63662521 2.64045763 -3.12474762 
3.63680280 15.60999040 -11.43672330 9.39054849 -8.14132701 6.84244765 -6.40824168 5.53916935 -4.73587069 3.91776822 -3.63662521 2.64045763 -3.12474762 
3.79876966 14.50977722 -9.91529942 7.58715774 -6.16913342 4.79125546 -4.35106398 3.53354225 -2.82601739 2.13584276 -2.00585916 1.17581332 -1.83493093 
3.80291979 14.56425413 -9.98793406 7.67026737 -6.25693690 4.87957053 -4.43679190 3.61450936 -2.90078240 2.20357920 -2.06613121 1.22852037 -1.88017453 
3.64653518 15.60999040 -11.43672330 9.39054849 -8.14132701 6.84244765 -6.40824168 5.53916935 -4.73587069 3.91776822 -3.63662521 2.64045763 -3.12474762 
3.64653518 15.60999040 -11.43672330 9.39054849 -8.14132701 6.84244765 -6.40824168 5.53916935 -4.73587069 3.91776822 -3.63662521 2.64045763 -3.12474762 
3.80772155 14.51740737 -9.92545583 7.59876025 -6.18137215 4.80354707 -4.36297819 3.54477902 -2.83637939 2.14521860 -2.01419164 1.18309159 -1.84117173 
3.81185474 14.57155809 -9.99769390 7.68145828 -6.26878404 4.89151014 -4.44840381 3.62549657 -2.91094595 2.21280272 -2.07435137 1.23571956 -1.88636313 
3.65622043 15.60999040 -11.43672330 9.39054849 -8.14132701 6.84244765 -6.40824168 5.53916935 -4.73587069 3.91776822 -3.63662521 2.64045763 -3.12474762 
3.81663377 14.52496050 -9.93551517 7.61025783 -6.19350629 4.81573956 -4.37480188 3.55593548 -2.84667183 2.15453536 -2.02247487 1.19032953 -1.84738014 
3.82075016 14.57878788 -10.00735962 7.69254675 -6.28052839 4.90335161 -4.45992543 3.63640309 -2.92103905 2.22196592 -2.08252084 1.24287686 -1.89251780 
3.66585901 15.60999040 -11.43672330 9.39054849 -8.14132701 6.84244765 -6.40824168 5.53916935 -4.73587069 3.91776822 -3.63662521 2.64045763 -3.12474762 
3.82550666 14.53243765 -9.94547863 7.62165168 -6.20553697 4.82783388 -4.38653582 3.56701224 -2.85689516 2.16379336 -2.03070907 1.19752725 -1.85355621 
3.82960639 14.58594450 -10.01693240 7.70353397 -6.29217104 4.91509592 -4.47135757 3.64722952 -2.93106217 2.23106914 -2.09063984 1.24999244 -1.89863863 
3.67545135 15.60999040 -11.43672330 9.39054849 -8.14132701 6.84244765 -6.40824168 5.53916935 -4.73587069 3.91776822 -3.63662521 2.64045763 -3.12474762 
3.83434059 14.53983982 -9.95534740 7.63294298 -6.21746526 4.83983096 -4.39818079 3.57800988 -2.86704982 2.17299290 -2.03889442 1.20468488 -1.85970001 
3.83842378 14.59302893 -10.02641340 7.71442114 -6.30371309 4.92674401 -4.48270102 3.65797652 -2.94101579 2.24011273 -2.09870863 1.25706645 -1.90472570 
3.84313588 14.54716801 -9.96512266 7.64413292 -6.22929225 4.85173175 -4.40973753 3.58892901 -2.87713625 2.18213429 -2.04703113 1.21180252 -1.86581158 
3.84720267 14.60004213 -10.03580376 7.72520940 -6.31515562 4.93829683 -4.49395657 3.66864470 -2.95090040 2.24909706 -2.10672743 1.26409904 -1.91077912 
3.85189286 14.55442320 -9.97480556 7.65522266 -6.24101899 4.86353715 -4.42120681 3.59977021 -2.88715489 2.19121785 -2.05511942 1.21888032 -1.87189099 
3.85594338 14.60698504 -10.04510462 7.73589990 -6.32649968 4.94975531 -4.50512499 3.67923468 -2.96071647 2.25802245 -2.11469650 1.27109038 -1.91679896 
3.86061188 14.56160636 -9.98439725 7.66621333 -6.25264654 4.87524807 -4.43258936 3.61053408 -2.89710619 2.20024390 -2.06315949 1.22591839 -1.87793832 
3.86464625 14.61385861 -10.05431708 7.74649378 -6.33774633 4.96112037 -4.51620706 3.68974709 -2.97046448 2.26688927 -2.12261609 1.27804062 -1.92278533 
3.86929324 14.56871843 -9.99389883 7.67710607 -6.26417594 4.88686542 -4.44388595 3.62122119 -2.90699058 2.20921274 -2.07115155 1.23291687 -1.88395362 
3.87331160 14.62066374 -10.06344224 7.75699213 -6.34889661 4.97239292 -4.52720353 3.70018253 -2.98014490 2.27569787 -2.13048643 1.28494994 -1.92873833 
3.87793729 14.57576034 -10.00331141 7.68790199 -6.27560821 4.89839008 -4.45509729 3.63183214 -2.91680850 2.21812470 -2.07909582 1.23987589 -1.88993696 
3.88193975 14.62740134 -10.07248117 7.76739606 -6.35995153 4.98357387 -4.53811517 3.71054163 -2.98975820 2.28444860 -2.13830778 1.29181849 -1.93465806 
3.88654433 14.58273302 -10.01263608 7.69860217 -6.28694436 4.90982294 -4.46622413 3.64236749 -2.92656039 2.22698009 -2.08699252 1.24679559 -1.89588844 
3.89053101 14.63407228 -10.08143493 7.77770666 -6.37091212 4.99466410 -4.54894274 3.72082498 -2.99930486 2.29314181 -2.14608040 1.29864645 -1.94054463 
3.89511467 14.58963735 -10.02187390 7.70920771 -6.29818539 4.92116487 -4.47726718 3.65282784 -2.93624670 2.23577923 -2.09484186 1.25367610 -1.90180811 
3.89908571 14.64067745 -10.09030456 7.78792498 -6.38177936 5.00566451 -4.55968697 3.73103320 -3.00878534 2.30177785 -2.15380453 1.30543400 -1.94639814 
3.90364864 14.59647424 -10.03102593 7.71971967 -6.30933230 4.93241674 -4.48822718 3.66321374 -2.94586785 2.24452244 -2.10264407 1.26051758 -1.90769608 
4.04036424 15.60892202 -11.43519078 9.38866849 -8.13920291 6.84016955 -6.40588931 5.53681165 -4.73356617 3.91556492 -3.63456218 2.63856487 -3.12304714 
3.91608663 14.65369387 -10.10779555 7.80808899 -6.40323775 5.02739932 -4.58092837 3.75122661 -3.02754966 2.31887984 -2.16910834 1.31888853 -1.95800643 
3.92060864 14.60994912 -10.04907675 7.74046705 -6.33134762 4.95465368 -4.50990082 3.68376449 -2.96491643 2.26184234 -2.11810797 1.27408401 -1.91937720 
3.92453346 14.66010679 -10.11641891 7.81803675 -6.41383084 5.03813545 -4.59142700 3.76121300 -3.03683442 2.32734650 -2.17668854 1.32555587 -1.96376144 
3.92903528 14.61658882 -10.05797756 7.75070452 -6.34221795 4.96564044 -4.52061587 3.69393047 -2.97434473 2.27041968 -2.12577012 1.28080925 -1.92517053 
3.93294492 14.66645727 -10.12496217 7.82789635 -6.42433446 5.04878519 -4.60184522 3.77112662 -3.04605487 2.33575740 -2.18422127 1.33218349 -1.96948385 
3.93742674 14.62316447 -10.06679664 7.76085253 -6.35299799 4.97654050 -4.53125069 3.70402426 -2.98370962 2.27894237 -2.13338603 1.28749604 -1.93093250 
4.07200617 15.60895528 -11.43523850 9.38872702 -8.13926904 6.84024047 -6.40596254 5.53688505 -4.73363791 3.91563351 -3.63462640 2.63862378 -3.12310007 
4.07983905 15.60896336 -11.43525008 9.38874123 -8.13928509 6.84025769 -6.40598032 5.53690286 -4.73365532 3.91565016 -3.63464199 2.63863808 -3.12311292 
4.08764137 15.60897134 -11.43526152 9.38875527 -8.13930095 6.84027470 -6.40599788 5.53692047 -4.73367253 3.91566661 -3.63465739 2.63865222 -3.12312561 
4.09541337 15.60897922 -11.43527283 9.38876914 -8.13931663 6.84029151 -6.40601525 5.53693787 -4.73368954 3.91568287 -3.63467262 2.63866619 -3.12313816 
4.10315529 15.60898702 -11.43528402 9.38878286 -8.13933213 6.84030813 -6.40603241 5.53695507 -4.73370635 3.91569894 -3.63468767 2.63867999 -3.12315057 
4.23905170 14.79813063 -10.30296429 8.03428596 -6.64520359 5.27370458 -4.82280552 3.98224447 -3.24318393 2.51625012 -2.34644293 1.47539102 -2.09352712 
4.24919592 14.91796444 -10.46639280 8.22538088 -6.85138037 5.48531218 -5.03226746 4.18384216 -3.43274838 2.69097411 -2.50447380 1.61573101 -2.21577741 
4.13382670 15.60901732 -11.43532748 9.38883617 -8.13939236 6.84037273 -6.40609911 5.53702192 -4.73377169 3.91576142 -3.63474616 2.63873366 -3.12319878 
4.26766877 14.81693768 -10.32852296 8.06407059 -6.67723384 5.30647524 -4.85514528 4.01327867 -3.27228333 2.54299955 -2.37057510 1.49677020 -2.11210786 
4.27767865 14.93429801 -10.48877404 8.25166954 -6.87986797 5.51467273 -5.06144786 4.21203632 -3.45935866 2.71558787 -2.52681060 1.63562991 -2.23316343 
4.16403484 15.60904626 -11.43536900 9.38888711 -8.13944991 6.84043445 -6.40616284 5.53708579 -4.73383412 3.91582110 -3.63480205 2.63878493 -3.12324484 
4.17151612 15.60905330 -11.43537909 9.38889949 -8.13946390 6.84044945 -6.40617833 5.53710132 -4.73384930 3.91583561 -3.63481563 2.63879739 -3.12325604 
4.17896952 15.60906026 -11.43538907 9.38891173 -8.13947772 6.84046428 -6.40619364 5.53711667 -4.73386430 3.91584995 -3.63482906 2.63880971 -3.12326711 
4.30984372 14.84398166 -10.36533448 8.10703447 -6.72350564 5.35388418 -4.90199530 4.05829711 -3.31454904 2.58189905 -2.40570889 1.52792965 -2.13921663 
4.31965859 14.95776663 -10.52097651 8.28954391 -6.92096269 5.55707845 -5.10364306 4.25285172 -3.49792313 2.75129574 -2.55924697 1.66455278 -2.25845605 
4.20850842 15.60908732 -11.43542789 9.38895935 -8.13953153 6.84052199 -6.40625323 5.53717639 -4.73392267 3.91590576 -3.63488131 2.63885765 -3.12331018 
4.33747596 14.86127236 -10.38890650 8.13458686 -6.75322190 5.38437256 -4.93216427 4.08732375 -3.34183431 2.60704048 -2.42844159 1.54811184 -2.15679261 
4.45531723 15.60716985 -11.43267766 9.38558580 -8.13572026 6.83643467 -6.40203296 5.53294683 -4.72978878 3.91195366 -3.63118102 2.63546295 -3.12026048 
4.46823426 15.60720601 -11.43272953 9.38564943 -8.13579214 6.83651175 -6.40211254 5.53302659 -4.72986673 3.91202818 -3.63125079 2.63552695 -3.12031797 
4.48106840 15.60724149 -11.43278041 9.38571183 -8.13586264 6.83658735 -6.40219060 5.53310481 -4.72994318 3.91210127 -3.63131922 2.63558972 -3.12037437 
4.49382070 15.60727629 -11.43283032 9.38577306 -8.13593180 6.83666152 -6.40226717 5.53318156 -4.73001819 3.91217297 -3.63138635 2.63565131 -3.12042969 
4.50649221 15.60731044 -11.43287930 9.38583313 -8.13599966 6.83673429 -6.40234231 5.53325686 -4.73009178 3.91224332 -3.63145222 2.63571174 -3.12048398 
4.62380472 14.99211575 -10.56820294 8.34519460 -6.98145670 5.61961281 -5.16597323 4.31324283 -3.55507374 2.80429214 -2.60745619 1.70759746 -2.29614584 
4.63790164 15.14122428 -10.77450873 8.58977076 -7.24887154 5.89759445 -5.44454413 4.58455157 -3.81310595 3.04470027 -2.82713012 1.90456853 -2.46930758 
4.55022075 15.60742501 -11.43304362 9.38603468 -8.13622736 6.83697847 -6.40259442 5.53350951 -4.73033871 3.91247939 -3.63167324 2.63591450 -3.12066612 
4.56254100 15.60745640 -11.43308864 9.38608990 -8.13628974 6.83704537 -6.40266349 5.53357873 -4.73040636 3.91254406 -3.63173379 2.63597005 -3.12071603 
4.57478582 15.60748721 -11.43313283 9.38614411 -8.13635098 6.83711104 -6.40273130 5.53364669 -4.73047278 3.91260756 -3.63179324 2.63602458 -3.12076502 
4.58695613 15.60751747 -11.43317623 9.38619734 -8.13641111 6.83717553 -6.40279788 5.53371341 -4.73053799 3.91266990 -3.63185161 2.63607813 -3.12081312 
4.49839868 15.04996920 -10.64799844 8.43950973 -7.08428107 5.72620404 -5.27250456 4.41672943 -3.65325259 2.89555040 -2.69065785 1.78204342 -2.36146194 
4.50836689 14.96097502 -10.52538297 8.29473106 -6.92659568 5.56289589 -5.10943617 4.25845965 -3.50322564 2.75620886 -2.56371288 1.66853739 -2.26194258 
4.51730983 15.05902427 -10.66051656 8.45433810 -7.10048148 5.74303194 -5.28935581 4.43312978 -3.66883973 2.91006346 -2.70391099 1.79391987 -2.37189692 
4.41715077 15.60925735 -11.43567177 9.38925853 -8.13986954 6.84088450 -6.40662756 5.53755156 -4.73428937 3.91625635 -3.63520958 2.63915882 -3.12358075 
4.42374416 15.60926216 -11.43567868 9.38926700 -8.13987912 6.84089477 -6.40663816 5.53756219 -4.73429976 3.91626628 -3.63521888 2.63916736 -3.12358842 
4.43031589 15.60926693 -11.43568552 9.38927539 -8.13988860 6.84090494 -6.40664866 5.53757271 -4.73431005 3.91627612 -3.63522809 2.63917580 -3.12359601 
4.43686610 15.60927165 -11.43569229 9.38928370 -8.13989799 6.84091501 -6.40665906 5.53758313 -4.73432023 3.91628585 -3.63523721 2.63918417 -3.12360352 
4.44339493 15.60927633 -11.43569900 9.38929193 -8.13990729 6.84092498 -6.40666935 5.53759345 -4.73433032 3.91629550 -3.63524624 2.63919245 -3.12361096 
4.55814862 14.98777556 -10.56222946 8.33814861 -6.97379018 5.61168047 -5.15805982 4.30556909 -3.54780586 2.79754736 -2.60131619 1.70211144 -2.29133916 
4.56688445 15.08215459 -10.69252819 8.49229750 -7.14199531 5.78619563 -5.33261989 4.47527411 -3.70892894 2.94742069 -2.73805155 1.82453638 -2.39881612 
4.57650276 14.99741194 -10.57549461 8.35379818 -6.99082087 5.62930450 -5.17564454 4.32262377 -3.56396086 2.81254165 -2.61496777 1.71431044 -2.30202879 
4.58516335 15.09046499 -10.70404189 8.50596445 -7.15695680 5.80176644 -5.34824115 4.49050440 -3.72342870 2.96094307 -2.75041888 1.83563501 -2.40858103 
4.48850950 15.60930782 -11.43574418 9.38934735 -8.13996990 6.84099213 -6.40673869 5.53766294 -4.73439824 3.91636044 -3.63530704 2.63924824 -3.12366108 
4.60071654 15.00992637 -10.59273475 8.37415209 -7.01298664 5.65225800 -5.19856172 4.34486409 -3.58504059 2.83211797 -2.63280068 1.73025395 -2.31600638 
4.60927880 15.10125232 -10.71899704 8.52372751 -7.17641404 5.82202774 -5.36857934 4.51034410 -3.74232640 2.97857544 -2.76655250 1.85011978 -2.42133037 
4.51383959 15.60932489 -11.43576866 9.38937738 -8.14000383 6.84102852 -6.40677627 5.53770061 -4.73443506 3.91639564 -3.63534000 2.63927848 -3.12368825 
4.52012231 15.60932906 -11.43577464 9.38938471 -8.14001211 6.84103741 -6.40678545 5.53770980 -4.73444405 3.91640423 -3.63534805 2.63928586 -3.12369488 
4.52638534 15.60933319 -11.43578056 9.38939198 -8.14002032 6.84104621 -6.40679453 5.53771891 -4.73445295 3.91641274 -3.63535602 2.63929317 -3.12370145 
4.63649769 15.02801182 -10.61767592 8.40362753 -7.04511712 5.68556127 -5.23184213 4.37718943 -3.61570443 2.86061716 -2.65878113 1.75349802 -2.33639792 
4.64491655 15.11683152 -10.74061491 8.54942629 -7.20458719 5.85138834 -5.39807381 4.53913675 -3.76977120 3.00419962 -2.79001339 1.87119548 -2.43989143 
4.55124319 15.60934932 -11.43580370 9.38942037 -8.14005239 6.84108061 -6.40683005 5.53775451 -4.73448775 3.91644601 -3.63538717 2.63932175 -3.12372713 
4.55740968 15.60935326 -11.43580935 9.38942730 -8.14006023 6.84108901 -6.40683873 5.53776321 -4.73449625 3.91645414 -3.63539478 2.63932873 -3.12373340 
4.56355721 15.60935716 -11.43581495 9.38943417 -8.14006799 6.84109733 -6.40684732 5.53777182 -4.73450467 3.91646219 -3.63540231 2.63933565 -3.12373961 
4.67165153 15.04531528 -10.64156769 8.43189558 -7.07596599 5.71757047 -5.26386246 4.40832181 -3.64526480 2.88811562 -2.68387076 1.77596324 -2.35612130 
4.58849258 13.96766883 -9.20778848 6.79399395 -5.34757985 3.98039049 -3.57817640 2.81627437 -2.17473997 1.55506360 -1.49675256 0.73679115 -1.46306255 
4.48389555 14.97973048 -10.55116158 8.32509887 -6.95959676 5.59700045 -5.14342016 4.29137781 -3.53436965 2.78508218 -2.58997213 1.69197857 -2.28246344 
4.58796010 15.60937243 -11.43583684 9.38946103 -8.14009833 6.84112988 -6.40688093 5.53780550 -4.73453759 3.91649366 -3.63543178 2.63936269 -3.12376390 
4.59401458 15.60937616 -11.43584219 9.38946759 -8.14010575 6.84113783 -6.40688914 5.53781373 -4.73454563 3.91650135 -3.63543899 2.63936929 -3.12376984 
4.60005079 15.60937985 -11.43584750 9.38947409 -8.14011310 6.84114571 -6.40689728 5.53782189 -4.73455361 3.91650898 -3.63544612 2.63937584 -3.12377572 
4.50593306 15.02274016 -10.61040271 8.39502844 -7.03573966 5.67583774 -5.22212164 4.36774450 -3.60674186 2.85228457 -2.65118261 1.74669783 -2.33043060 
4.50924849 14.99315609 -10.56963504 8.34688413 -6.98329535 5.62151551 -5.16787170 4.31508407 -3.55681786 2.80591095 -2.60893005 1.70891449 -2.29729992 
4.51223243 15.02589923 -10.61476090 8.40018075 -7.04135797 5.68166302 -5.22794474 4.37340219 -3.61211030 2.85727539 -2.65573353 1.75077041 -2.33400422 
4.40500338 15.60999040 -11.43672330 9.39054849 -8.14132701 6.84244765 -6.40824168 5.53916935 -4.73587069 3.91776822 -3.63662521 2.64045763 -3.12474762 
4.40500338 15.60999040 -11.43672330 9.39054849 -8.14132701 6.84244765 -6.40824168 5.53916935 -4.73587069 3.91776822 -3.63662521 2.64045763 -3.12474762 
4.40500338 15.60999040 -11.43672330 9.39054849 -8.14132701 6.84244765 -6.40824168 5.53916935 -4.73587069 3.91776822 -3.63662521 2.64045763 -3.12474762 
4.29450739 14.87122285 -10.40248466 8.15047224 -6.77036991 5.40198096 -4.94960237 4.10411474 -3.35762988 2.62160536 -2.44161997 1.55981914 -2.16699431 
4.29079627 14.90556946 -10.44942536 8.20547016 -6.82982406 5.46311492 -5.01022521 4.16256235 -3.41267985 2.67242515 -2.48765269 1.60075580 -2.20270163 
4.28748520 14.86690995 -10.39659825 8.14358430 -6.76293314 5.39434320 -4.94203721 4.09682913 -3.35077512 2.61528375 -2.43589934 1.55473642 -2.16256469 
4.15903173 15.60904153 -11.43536221 9.38887878 -8.13944050 6.84042436 -6.40615242 5.53707535 -4.73382391 3.91581134 -3.63479291 2.63877655 -3.12323731 
4.15150352 15.60903436 -11.43535193 9.38886617 -8.13942625 6.84040907 -6.40613664 5.53705953 -4.73380845 3.91579656 -3.63477907 2.63876385 -3.12322590 
4.01840332 14.64012419 -10.08956147 7.78706871 -6.38086853 5.00474235 -4.55878611 3.73017714 -3.00799017 2.30105339 -2.15315646 1.30486443 -1.94590688 
4.00549358 14.76389296 -10.25652179 7.98026058 -6.58720487 5.21446304 -4.76443621 3.92631770 -3.19082138 2.46818365 -2.30313711 1.43707363 -2.06026509 
3.99413098 14.62127703 -10.06426484 7.75793876 -6.34990226 4.97340984 -4.52819577 3.70112436 -2.98101876 2.27649320 -2.13119718 1.28557401 -1.92927612 
3.98105374 14.74695608 -10.23358851 7.95362869 -6.55866190 5.18535501 -4.73580107 3.89892175 -3.16520815 2.44470381 -2.28201011 1.41840300 -2.04407655 
3.96956193 14.60189139 -10.03828063 7.72805585 -6.31817557 4.94134675 -4.49692882 3.67146258 -2.95351198 2.25147134 -2.10884704 1.26595836 -1.91237988 
3.80813374 15.60460710 -11.42900244 9.38107824 -8.13062849 6.83097478 -6.39639611 5.52729822 -4.72426851 3.90667667 -3.62624072 2.63093102 -3.11618947 
3.79014298 15.60450955 -11.42886255 9.38090667 -8.13043471 6.83076700 -6.39618161 5.52708329 -4.72405847 3.90647591 -3.62605277 2.63075862 -3.11603461 
3.77198892 15.60440932 -11.42871883 9.38073041 -8.13023562 6.83055353 -6.39596124 5.52686247 -4.72384269 3.90626965 -3.62585968 2.63058150 -3.11587551 
3.75366856 15.60430631 -11.42857112 9.38054928 -8.13003102 6.83033417 -6.39573478 5.52663556 -4.72362095 3.90605769 -3.62566126 2.63039950 -3.11571203 
3.73517884 15.60420043 -11.42841930 9.38036308 -8.12982072 6.83010868 -6.39550201 5.52640232 -4.72339302 3.90583982 -3.62545731 2.63021242 -3.11554398 
3.87157051 14.66755442 -10.12643854 7.82960063 -6.42615050 5.05062693 -4.60364733 3.77284182 -3.04765048 2.33721321 -2.18552533 1.33333106 -1.97047486 
3.85948356 14.51114101 -9.91711435 7.58923064 -6.17131954 4.79345058 -4.35319129 3.53554822 -2.82786687 2.13751593 -2.00734590 1.17711176 -1.83604412 
3.68819260 15.60392243 -11.42802066 9.37987422 -8.12926855 6.82951665 -6.39489085 5.52578994 -4.72279460 3.90526783 -3.62492185 2.62972125 -3.11510280 
3.51075849 14.11678362 -9.39963680 7.00610378 -5.56431007 4.19149763 -3.77681887 2.99832058 -2.33803547 1.69900562 -1.62154530 0.84329071 -1.55237337 
3.29165293 15.58978403 -11.40775660 9.35503434 -8.10122386 6.79945918 -6.36387380 5.49472202 -4.69244545 3.87626778 -3.59778228 2.60483391 -3.09275403 
3.25656701 15.58906725 -11.40672975 9.35377619 -8.09980399 6.79793802 -6.36230469 5.49315091 -4.69091123 3.87480225 -3.59641119 2.60357697 -3.09162561 
3.02442352 13.42235165 -8.52392002 6.05623874 -4.61150591 3.27956685 -2.93309098 2.23749258 -1.66602893 1.11510000 -1.12207979 0.42228910 -1.20344966 
2.97255258 13.92604763 -9.15461228 6.73559677 -5.28830196 3.92301507 -3.52451990 2.76739316 -2.13114506 1.51684350 -1.46378686 0.70879253 -1.43969053 
2.93018705 13.27939411 -8.34922099 5.87244317 -4.43258452 3.11320361 -2.78345340 2.10621081 -1.55311234 1.01940400 -1.04212543 0.35634546 -1.14992521 
2.87554053 13.80593936 -9.00206970 6.56903454 -5.12016913 3.76114844 -3.37392991 2.63089334 -2.00999501 1.41111222 -1.37298186 0.63197684 -1.37581253 
3.04520878 15.58418294 -11.39973383 9.34520582 -8.09013358 6.78757935 -6.35162102 5.48245514 -4.68046795 3.86482773 -3.58708058 2.59502410 -3.08394805 
3.22506185 14.13796623 -9.42705963 7.03660434 -5.59565658 4.22220161 -3.80586654 3.02508082 -2.36216044 1.72037236 -1.64015269 0.85923704 -1.56579960 
3.56349481 14.41100533 -9.78432307 7.43807655 -6.01243268 4.63441108 -4.19953430 3.39108173 -2.69504816 2.01768020 -1.90113369 1.08457315 -1.75688905 
3.86174947 14.61157507 -10.05125602 7.74297315 -6.33400821 4.95734234 -4.51252258 3.68625153 -2.96722268 2.26394015 -2.11998171 1.27572843 -1.92079359 
4.39305604 12.26975538 -7.16903600 4.68232140 -3.32045672 2.11830184 -1.92103644 1.37577960 -0.94551286 0.51984217 -0.63612790 0.02955914 -0.89072089 
4.78300575 15.04439968 -10.64030277 8.43039815 -7.07433100 5.71587315 -5.26216373 4.40666943 -3.64369516 2.88665487 -2.68253744 1.77476894 -2.35507239 
