9.48532639 3.29894010 -0.69342287 0.14925530 -0.16526630 -0.15053476 -0.28495700 0.19118944 -0.09394824 -0.12279037 -0.15147350 -0.35497494 -0.59898131 
6.36562883 8.25872739 -3.39067385 1.55005020 -0.87784142 0.25448255 -0.52223390 0.33578755 -0.17713970 -0.05627113 -0.20169803 -0.30380124 -0.63893305 
4.77005991 5.76342642 -1.76252401 0.59461415 -0.34521325 -0.05526292 -0.33875546 0.22416543 -0.10996563 -0.10569276 -0.16437810 -0.33795105 -0.61226790 
2.64710805 -8.51391043 -2.97795607 -1.33645865 -0.72165573 -0.53178460 -0.40020101 0.06276550 -0.17206527 -0.21049300 -0.19422444 -0.41599484 -0.59351289 
2.51701205 8.67226451 -3.71375529 1.77193678 -1.02064062 0.34596820 -0.58049579 0.37304214 -0.20097124 -0.03961137 -0.21382386 -0.29402322 -0.64637092 
2.62001628 10.74919366 -5.56678768 3.21886907 -2.07775948 1.10176220 -1.11181306 0.74352941 -0.45809718 0.14456192 -0.34811040 -0.19198518 -0.72237612 
1.46048836 -6.86914132 -1.92422705 -0.73105455 -0.39274595 -0.35022492 -0.30400906 0.12166189 -0.13196411 -0.17980954 -0.17221850 -0.39978916 -0.58588401 
2.52691160 3.53305821 -0.77201883 0.17575919 -0.17388865 -0.14548287 -0.28795541 0.19315786 -0.09466370 -0.12162964 -0.15223994 -0.35367608 -0.59996742 
3.94493855 9.59462103 -4.48914400 2.34271958 -1.41358618 0.61221635 -0.75852570 0.49164639 -0.27982621 0.01573271 -0.25383689 -0.26305783 -0.66957869 
4.27493924 15.00427269 -10.58494428 8.36495249 -7.00296594 5.64187902 -5.18819708 4.33480362 -3.57550335 2.82325937 -2.62472966 1.72303692 -2.30967831 
3.92952964 13.08279410 -8.11205934 5.62602763 -4.19560708 2.89541052 -2.58975286 1.93810990 -1.41002898 0.89930684 -0.94267975 0.27498889 -1.08439917 
3.62539420 15.60837280 -11.43440301 9.38770215 -8.13811116 6.83899869 -6.40468033 5.53559998 -4.73238188 3.91443268 -3.63350206 2.63759227 -3.12217337 
3.47279361 14.26334019 -9.59023362 7.21902521 -5.78407720 4.40765095 -3.98213458 3.18820597 -2.50986604 1.85173277 -1.75499849 0.95802126 -1.64926580 
3.28577180 15.60999040 -11.43672330 9.39054849 -8.14132701 6.84244765 -6.40824168 5.53916935 -4.73587069 3.91776822 -3.63662521 2.64045763 -3.12474762 
3.47851995 14.20680286 -9.51646687 7.13635986 -5.69849424 4.32322941 -3.90171901 3.11363083 -2.44220443 1.79144454 -1.70219511 0.91252636 -1.61076392 
3.64492231 15.60840407 -11.43444786 9.38775716 -8.13817331 6.83906534 -6.40474915 5.53566895 -4.73244929 3.91449713 -3.63356240 2.63764764 -3.12222311 
3.49378585 14.28435599 -9.61773079 7.24992257 -5.81614906 4.43936744 -4.01242000 3.21635834 -2.53546679 1.87459289 -1.77506141 0.97534042 -1.66394970 
3.49944817 14.22846163 -9.54469039 7.16794959 -5.73116018 4.35541532 -3.93234370 3.14200086 -2.46791779 1.81433338 -1.72222367 0.92976775 -1.62534297 
3.50420051 14.29468365 -9.63125883 7.26513998 -5.83196166 4.45502075 -4.02738180 3.23027964 -2.54813798 1.88591745 -1.78500849 0.98393382 -1.67124093 
3.50983134 14.23910700 -9.55857857 7.18351171 -5.74727010 4.37130524 -3.94747831 3.15603509 -2.48064992 1.82567716 -1.73215836 0.93832678 -1.63258589 
3.67386155 15.60844929 -11.43451273 9.38783674 -8.13826321 6.83916175 -6.40484870 5.53576873 -4.73254681 3.91459036 -3.63364970 2.63772772 -3.12229506 
3.68341565 15.60846394 -11.43453374 9.38786251 -8.13829232 6.83919298 -6.40488094 5.53580104 -4.73257839 3.91462056 -3.63367796 2.63775365 -3.12231835 
3.69292433 15.60847838 -11.43455445 9.38788791 -8.13832102 6.83922376 -6.40491272 5.53583289 -4.73260952 3.91465032 -3.63370583 2.63777922 -3.12234132 
3.54532887 14.33483496 -9.68394816 7.32451296 -5.89376213 4.51629904 -4.08604626 3.28494848 -2.59797156 1.93051755 -1.82423584 1.01786521 -1.70006520 
3.55083715 14.28050456 -9.61268844 7.24425332 -5.81026090 4.43354127 -4.00685371 3.21118138 -2.53075668 1.87038501 -1.77136674 0.97214968 -1.66124335 
3.71180714 15.60850665 -11.43459500 9.38793765 -8.13837722 6.83928402 -6.40497495 5.53589526 -4.73267048 3.91470860 -3.63376040 2.63782928 -3.12238630 
3.56558230 14.35423932 -9.70946653 7.35332766 -5.92381510 4.54615558 -4.11468272 3.31168282 -2.62238381 1.95240209 -1.84351415 1.03456531 -1.71427164 
3.57103128 14.30051763 -9.63890512 7.27374595 -5.84090912 4.46388272 -4.03585659 3.23816895 -2.55532225 1.89234109 -1.79065319 0.98881229 -1.67538175 
3.57563314 14.36377952 -9.72202575 7.36752341 -5.93863531 4.56089269 -4.12883044 3.32490240 -2.63446538 1.96324136 -1.85306983 1.04284896 -1.72132318 
3.58105292 14.31035865 -9.65181053 7.28827902 -5.85602685 4.47886363 -4.05019005 3.25151855 -2.56748444 1.90322036 -1.80021715 0.99708121 -1.68240297 
3.73980122 15.60854759 -11.43465372 9.38800968 -8.13845860 6.83937130 -6.40506507 5.53598558 -4.73275876 3.91479300 -3.63383942 2.63790178 -3.12245143 
3.59558552 14.38254395 -9.74675333 7.39550046 -5.96787084 4.58999091 -4.15678969 3.35104985 -2.65838169 1.98471526 -1.87201485 1.05928353 -1.73532262 
3.60094785 14.32971781 -9.67722461 7.31692734 -5.88585705 4.50845187 -4.07852555 3.27793256 -2.59156962 1.92478239 -1.81918693 1.01349417 -1.69634900 
3.60548804 14.39177128 -9.75892524 7.40928519 -5.98228918 4.60435449 -4.17060314 3.36397911 -2.67021736 1.99535045 -1.88140446 1.06743450 -1.74227044 
3.43149450 15.60999040 -11.43672330 9.39054849 -8.14132701 6.84244765 -6.40824168 5.53916935 -4.73587069 3.91776822 -3.63662521 2.64045763 -3.12474762 
3.43149450 15.60999040 -11.43672330 9.39054849 -8.14132701 6.84244765 -6.40824168 5.53916935 -4.73587069 3.91776822 -3.63662521 2.64045763 -3.12474762 
3.25243035 13.95501127 -9.19159969 6.77619749 -5.32949696 3.96287117 -3.56177740 2.80132140 -2.16139254 1.54335223 -1.48664346 0.72819907 -1.45588534 
3.02755975 15.60705055 -11.43250656 9.38537594 -8.13548319 6.83618044 -6.40177047 5.53268378 -4.72953169 3.91170789 -3.63095092 2.63525185 -3.12007085 
3.23411986 14.00502167 -9.25564976 6.84670133 -5.40122796 4.03245281 -3.62698797 2.86085125 -2.21459031 1.59007881 -1.52701770 0.76254667 -1.48460261 
3.22876051 13.92669941 -9.15544376 6.73650856 -5.28922619 3.92390843 -3.52535424 2.76815228 -2.13182125 1.51743564 -1.46429702 0.70922539 -1.44005150 
3.22220831 13.99116330 -9.23787734 6.82711317 -5.38127408 4.01307372 -3.60880523 2.84423387 -2.19972447 1.57700805 -1.51571303 0.75292084 -1.47654777 
3.39879622 15.60999040 -11.43672330 9.39054849 -8.14132701 6.84244765 -6.40824168 5.53916935 -4.73587069 3.91776822 -3.63662521 2.64045763 -3.12474762 
3.21682078 13.91227313 -9.13704946 6.71634742 -5.26879967 3.90417341 -3.50693096 2.75139729 -2.11690286 1.50437681 -1.45305000 0.69968604 -1.43209889 
3.21022606 13.97712689 -9.21989498 6.80731313 -5.36112372 3.99352186 -3.59047680 2.82749787 -2.18476502 1.56386533 -1.50435458 0.74325593 -1.46846561 
3.20481007 13.89766244 -9.11843992 6.69597134 -5.24817610 3.88426723 -3.48836529 2.73452812 -2.10189591 1.49125127 -1.44175427 0.69011232 -1.42412313 
3.19817230 13.96290932 -9.20169938 6.78729829 -5.34077457 3.97379558 -3.57200165 2.81064271 -2.16971181 1.55065079 -1.49294267 0.73355235 -1.46035658 
3.37669655 15.60999040 -11.43672330 9.39054849 -8.14132701 6.84244765 -6.40824168 5.53916935 -4.73587069 3.91776822 -3.63662521 2.64045763 -3.12474762 
3.37669655 15.60999040 -11.43672330 9.39054849 -8.14132701 6.84244765 -6.40824168 5.53916935 -4.73587069 3.91776822 -3.63662521 2.64045763 -3.12474762 
3.37669655 15.60999040 -11.43672330 9.39054849 -8.14132701 6.84244765 -6.40824168 5.53916935 -4.73587069 3.91776822 -3.63662521 2.64045763 -3.12474762 
3.37669655 15.60999040 -11.43672330 9.39054849 -8.14132701 6.84244765 -6.40824168 5.53916935 -4.73587069 3.91776822 -3.63662521 2.64045763 -3.12474762 
3.19272754 13.88286410 -9.09961176 6.67537740 -5.22735324 3.86418835 -3.46965631 2.71754435 -2.08680038 1.47805924 -1.43041026 0.68050470 -1.41612474 
3.18604616 13.94850738 -9.18328718 6.76706567 -5.32022430 3.95389321 -3.55337874 2.79366788 -2.15456474 1.53736459 -1.48147765 0.72381056 -1.45222116 
3.36555446 15.60999040 -11.43672330 9.39054849 -8.14132701 6.84244765 -6.40824168 5.53916935 -4.73587069 3.91776822 -3.63662521 2.64045763 -3.12474762 
3.18057235 13.86787481 -9.08056158 6.65456266 -5.20632881 3.84393519 -3.45080310 2.70044558 -2.07161628 1.46480100 -1.41901840 0.67086370 -1.40810424 
3.17384679 13.93391781 -9.16465494 6.74661226 -5.29947054 3.93381309 -3.53460702 2.77657286 -2.13932369 1.52400692 -1.46995987 0.71403101 -1.44405985 
3.35434995 15.60999040 -11.43672330 9.39054849 -8.14132701 6.84244765 -6.40824168 5.53916935 -4.73587069 3.91776822 -3.63662521 2.64045763 -3.12474762 
3.35434995 15.60999040 -11.43672330 9.39054849 -8.14132701 6.84244765 -6.40824168 5.53916935 -4.73587069 3.91776822 -3.63662521 2.64045763 -3.12474762 
3.35434995 15.60999040 -11.43672330 9.39054849 -8.14132701 6.84244765 -6.40824168 5.53916935 -4.73587069 3.91776822 -3.63662521 2.64045763 -3.12474762 
3.16834362 13.85269118 -9.06128587 6.63352408 -5.18510053 3.82350620 -3.43180475 2.68323144 -2.05634363 1.45147685 -1.40757913 0.66118985 -1.40006220 
3.16157330 13.91913726 -9.14579916 6.72593499 -5.27851090 3.91355353 -3.51568547 2.75935717 -2.12398860 1.51057799 -1.45838973 0.70421417 -1.43587315 
3.34308231 15.60999040 -11.43672330 9.39054849 -8.14132701 6.84244765 -6.40824168 5.53916935 -4.73587069 3.91776822 -3.63662521 2.64045763 -3.12474762 
3.34308231 15.60999040 -11.43672330 9.39054849 -8.14132701 6.84244765 -6.40824168 5.53916935 -4.73587069 3.91776822 -3.63662521 2.64045763 -3.12474762 
3.34308231 15.60999040 -11.43672330 9.39054849 -8.14132701 6.84244765 -6.40824168 5.53916935 -4.73587069 3.91776822 -3.63662521 2.64045763 -3.12474762 
3.15604047 13.83730977 -9.04178109 6.61225862 -5.16366605 3.80289979 -3.41266037 2.66590158 -2.04098248 1.43808710 -1.39609294 0.65148370 -1.39199917 
3.14922480 13.90416231 -9.12671628 6.70503074 -5.25734296 3.89311284 -3.49661306 2.74202033 -2.10855940 1.49707803 -1.44676764 0.69436055 -1.42766160 
3.33175084 15.60999040 -11.43672330 9.39054849 -8.14132701 6.84244765 -6.40824168 5.53916935 -4.73587069 3.91776822 -3.63662521 2.64045763 -3.12474762 
3.52016129 14.24963217 -9.57232046 7.19892126 -5.76323353 4.38706152 -3.96249568 3.16996963 -2.49329951 1.83695404 -1.74203999 0.94684456 -1.63979752 
3.52486967 14.31498763 -9.65788407 7.29512200 -5.86314860 4.48592424 -4.05694858 3.25781595 -2.57322413 1.90835666 -1.80473420 1.00098801 -1.68572140 
3.34308231 15.60999040 -11.43672330 9.39054849 -8.14132701 6.84244765 -6.40824168 5.53916935 -4.73587069 3.91776822 -3.63662521 2.64045763 -3.12474762 
3.15604047 13.83730977 -9.04178109 6.61225862 -5.16366605 3.80289979 -3.41266037 2.66590158 -2.04098248 1.43808710 -1.39609294 0.65148370 -1.39199917 
3.14922480 13.90416231 -9.12671628 6.70503074 -5.25734296 3.89311284 -3.49661306 2.74202033 -2.10855940 1.49707803 -1.44676764 0.69436055 -1.42766160 
3.33175084 15.60999040 -11.43672330 9.39054849 -8.14132701 6.84244765 -6.40824168 5.53916935 -4.73587069 3.91776822 -3.63662521 2.64045763 -3.12474762 
3.14366199 13.82172704 -9.02204360 6.59076316 -5.14202305 3.78211440 -3.39336905 2.64845565 -2.02553291 1.42463210 -1.38456034 0.64174583 -1.38391574 
3.13680037 13.88898945 -9.10740265 6.68389633 -5.23596428 3.87248932 -3.47738877 2.72456188 -2.09303608 1.48350729 -1.43509403 0.68447068 -1.41942575 
3.32035479 15.60999040 -11.43672330 9.39054849 -8.14132701 6.84244765 -6.40824168 5.53916935 -4.73587069 3.91776822 -3.63662521 2.64045763 -3.12474762 
3.50983134 14.23910700 -9.55857857 7.18351171 -5.74727010 4.37130524 -3.94747831 3.15603509 -2.48064992 1.82567716 -1.73215836 0.93832678 -1.63258589 
3.51456160 14.30489359 -9.64464258 7.28020581 -5.84762762 4.47053924 -4.04222432 3.24409861 -2.56072362 1.89717197 -1.79489940 0.99248303 -1.67849821 
3.52016129 14.24963217 -9.57232046 7.19892126 -5.76323353 4.38706152 -3.96249568 3.16996963 -2.49329951 1.83695404 -1.74203999 0.94684456 -1.63979752 
3.52486967 14.31498763 -9.65788407 7.29512200 -5.86314860 4.48592424 -4.05694858 3.25781595 -2.57322413 1.90835666 -1.80473420 1.00098801 -1.68572140 
3.34308231 15.60999040 -11.43672330 9.39054849 -8.14132701 6.84244765 -6.40824168 5.53916935 -4.73587069 3.91776822 -3.63662521 2.64045763 -3.12474762 
3.34308231 15.60999040 -11.43672330 9.39054849 -8.14132701 6.84244765 -6.40824168 5.53916935 -4.73587069 3.91776822 -3.63662521 2.64045763 -3.12474762 
3.15604047 13.83730977 -9.04178109 6.61225862 -5.16366605 3.80289979 -3.41266037 2.66590158 -2.04098248 1.43808710 -1.39609294 0.65148370 -1.39199917 
3.37144444 11.88295316 -6.74159730 4.27416763 -2.95896321 1.81105313 -1.66759702 1.17115997 -0.78293541 0.39155846 -0.53566630 -0.04880433 -0.83038773 
3.52486967 14.31498763 -9.65788407 7.29512200 -5.86314860 4.48592424 -4.05694858 3.25781595 -2.57322413 1.90835666 -1.80473420 1.00098801 -1.68572140 
3.34308231 15.60999040 -11.43672330 9.39054849 -8.14132701 6.84244765 -6.40824168 5.53916935 -4.73587069 3.91776822 -3.63662521 2.64045763 -3.12474762 
3.34308231 15.60999040 -11.43672330 9.39054849 -8.14132701 6.84244765 -6.40824168 5.53916935 -4.73587069 3.91776822 -3.63662521 2.64045763 -3.12474762 
3.34308231 15.60999040 -11.43672330 9.39054849 -8.14132701 6.84244765 -6.40824168 5.53916935 -4.73587069 3.91776822 -3.63662521 2.64045763 -3.12474762 
3.53043856 14.26003897 -9.58591809 7.21418013 -5.77905208 4.40268544 -3.97739675 3.18380511 -2.50586692 1.84816419 -1.75186857 0.95532102 -1.64697774 
3.53512525 14.32496751 -9.67098528 7.30989043 -5.87852623 4.50117707 -4.07155556 3.27143234 -2.58563997 1.91947178 -1.81451298 1.00944874 -1.69291043 
3.35434995 15.60999040 -11.43672330 9.39054849 -8.14132701 6.84244765 -6.40824168 5.53916935 -4.73587069 3.91776822 -3.63662521 2.64045763 -3.12474762 
3.54066367 14.27032918 -9.59937343 7.22929020 -5.79472734 4.41817827 -3.99218245 3.19754215 -2.51835251 1.85930779 -1.76164415 0.96375608 -1.65412639 
3.54532887 14.33483496 -9.68394816 7.32451296 -5.89376213 4.51629904 -4.08604626 3.28494848 -2.59797156 1.93051755 -1.82423584 1.01786521 -1.70006520 
3.55083715 14.28050456 -9.61268844 7.24425332 -5.81026090 4.43354127 -4.00685371 3.21118138 -2.53075668 1.87038501 -1.77136674 0.97214968 -1.66124335 
3.55548105 14.34459168 -9.69677461 7.33899144 -5.90885789 4.53129145 -4.10042165 3.29836508 -2.61021936 1.94149424 -1.83390286 1.02623740 -1.70718563 
3.37669655 15.60999040 -11.43672330 9.39054849 -8.14132701 6.84244765 -6.40824168 5.53916935 -4.73587069 3.91776822 -3.63662521 2.64045763 -3.12474762 
3.56095952 14.29056681 -9.62586504 7.25907131 -5.82565431 4.44877568 -4.02141145 3.22472344 -2.54307980 1.88139605 -1.78103640 0.98050176 -1.66832851 
3.56558230 14.35423932 -9.70946653 7.35332766 -5.92381510 4.54615558 -4.11468272 3.31168282 -2.62238381 1.95240209 -1.84351415 1.03456531 -1.71427164 
3.38777691 15.60999040 -11.43672330 9.39054849 -8.14132701 6.84244765 -6.40824168 5.53916935 -4.73587069 3.91776822 -3.63662521 2.64045763 -3.12474762 
3.38777691 15.60999040 -11.43672330 9.39054849 -8.14132701 6.84244765 -6.40824168 5.53916935 -4.73587069 3.91776822 -3.63662521 2.64045763 -3.12474762 
3.57103128 14.30051763 -9.63890512 7.27374595 -5.84090912 4.46388272 -4.03585659 3.23816895 -2.55532225 1.89234109 -1.79065319 0.98881229 -1.67538175 
3.57563314 14.36377952 -9.72202575 7.36752341 -5.93863531 4.56089269 -4.12883044 3.32490240 -2.63446538 1.96324136 -1.85306983 1.04284896 -1.72132318 
3.39879622 15.60999040 -11.43672330 9.39054849 -8.14132701 6.84244765 -6.40824168 5.53916935 -4.73587069 3.91776822 -3.63662521 2.64045763 -3.12474762 
3.58105292 14.31035865 -9.65181053 7.28827902 -5.85602685 4.47886363 -4.05019005 3.25151855 -2.56748444 1.90322036 -1.80021715 0.99708121 -1.68240297 
3.58563404 14.37321388 -9.73445409 7.38158043 -5.95332005 4.57550405 -4.14286578 3.33802451 -2.64646452 1.97401233 -1.86257002 1.05108836 -1.72834019 
3.40975515 15.60999040 -11.43672330 9.39054849 -8.14132701 6.84244765 -6.40824168 5.53916935 -4.73587069 3.91776822 -3.63662521 2.64045763 -3.12474762 
3.40975515 15.60999040 -11.43672330 9.39054849 -8.14132701 6.84244765 -6.40824168 5.53916935 -4.73587069 3.91776822 -3.63662521 2.64045763 -3.12474762 
3.40975515 15.60999040 -11.43672330 9.39054849 -8.14132701 6.84244765 -6.40824168 5.53916935 -4.73587069 3.91776822 -3.63662521 2.64045763 -3.12474762 
3.59102495 14.32009152 -9.66458310 7.30267224 -5.87100900 4.49371961 -4.06441273 3.26477287 -2.57956676 1.91403405 -1.80972837 1.00530851 -1.68939208 
3.59558552 14.38254395 -9.74675333 7.39550046 -5.96787084 4.58999091 -4.15678969 3.35104985 -2.65838169 1.98471526 -1.87201485 1.05928353 -1.73532262 
3.42065436 15.60999040 -11.43672330 9.39054849 -8.14132701 6.84244765 -6.40824168 5.53916935 -4.73587069 3.91776822 -3.63662521 2.64045763 -3.12474762 
3.42065436 15.60999040 -11.43672330 9.39054849 -8.14132701 6.84244765 -6.40824168 5.53916935 -4.73587069 3.91776822 -3.63662521 2.64045763 -3.12474762 
3.42065436 15.60999040 -11.43672330 9.39054849 -8.14132701 6.84244765 -6.40824168 5.53916935 -4.73587069 3.91776822 -3.63662521 2.64045763 -3.12474762 
3.60094785 14.32971781 -9.67722461 7.31692734 -5.88585705 4.50845187 -4.07852555 3.27793256 -2.59156962 1.92478239 -1.81918693 1.01349417 -1.69634900 
3.75824860 15.60857395 -11.43469153 9.38805606 -8.13851100 6.83942750 -6.40512310 5.53604373 -4.73281560 3.91484734 -3.63389030 2.63794846 -3.12249336 
3.61534209 14.40089737 -9.77097154 7.42293629 -5.99657654 4.61859601 -4.18430707 3.37681298 -2.68197199 2.00591816 -1.89073898 1.07554132 -1.74918359 
3.62064816 14.34865688 -9.70212150 7.34502987 -5.91515671 4.53754993 -4.10642517 3.30397053 -2.61533855 1.94608390 -1.83794638 1.02974051 -1.71016595 
3.62514813 14.40992371 -9.78289391 7.43645542 -6.01073439 4.63271669 -4.19790243 3.38955216 -2.69364606 2.01641870 -1.90001857 1.08360403 -1.75606207 
3.63042651 14.35797269 -9.71438031 7.35888061 -5.92961120 4.55191809 -4.12021376 3.31685009 -2.62710546 1.95663754 -1.84724747 1.03780120 -1.71702585 
3.63490663 14.41885176 -9.79469404 7.44984421 -6.02476416 4.64671773 -4.21139015 3.40219733 -2.70524004 2.02685236 -1.90924339 1.09162268 -1.76290585 
3.64015760 14.36718800 -9.72651493 7.37259982 -5.94393734 4.56616720 -4.13389606 3.32963755 -2.63879454 1.96712676 -1.85649629 1.04582024 -1.72385329 
3.64461804 14.42768292 -9.80637355 7.46310424 -6.03866728 4.66060030 -4.22477115 3.41474919 -2.71675440 2.03721943 -1.91841358 1.09959734 -1.76971492 
3.64984189 14.37630425 -9.73852702 7.38618910 -5.95813655 4.58029842 -4.14747294 3.34233353 -2.65040623 1.97755180 -1.86569293 1.05379765 -1.73064822 
3.80363610 15.60863678 -11.43478164 9.38816660 -8.13863589 6.83956143 -6.40526139 5.53618233 -4.73295107 3.91497685 -3.63401156 2.63805971 -3.12259331 
3.96130506 14.59530632 -10.02946222 7.71792326 -6.30742702 4.93049317 -4.48635318 3.66143760 -2.94422223 2.24302675 -2.10130917 1.25934689 -1.90668842 
3.97284059 14.74120079 -10.22580181 7.94459308 -6.54898506 5.17549361 -4.72610653 3.88965289 -3.15654796 2.43676975 -2.27487518 1.41210105 -2.03861521 
3.83921877 15.60868408 -11.43484949 9.38824983 -8.13872991 6.83966227 -6.40536551 5.53628668 -4.73305306 3.91507436 -3.63410286 2.63814347 -3.12266856 
3.99413098 14.62127703 -10.06426484 7.75793876 -6.34990226 4.97340984 -4.52819577 3.70112436 -2.98101876 2.27649320 -2.13119718 1.28557401 -1.92927612 
4.00549358 14.76389296 -10.25652179 7.98026058 -6.58720487 5.21446304 -4.76443621 3.92631770 -3.19082138 2.46818365 -2.30313711 1.43707363 -2.06026509 
4.01840332 14.64012419 -10.08956147 7.78706871 -6.38086853 5.00474235 -4.55878611 3.73017714 -3.00799017 2.30105339 -2.15315646 1.30486443 -1.94590688 
4.02963954 14.78035073 -10.27883242 8.00619848 -6.61503430 5.24287301 -4.79241285 3.95310972 -3.21589343 2.49118778 -2.32385353 1.45539594 -2.07616364 
4.04238600 14.65845251 -10.11419405 7.81546977 -6.41109691 5.03536419 -4.58871665 3.75863453 -3.03443678 2.32515985 -2.17473059 1.32383351 -1.96227461 
4.17773961 15.60626854 -11.43138503 9.38400034 -8.13392923 6.83451407 -6.40005002 5.53095968 -4.72784670 3.91009710 -3.62944286 2.63386841 -3.11882807 
4.06924856 14.80676334 -10.31469192 8.04794801 -6.65989085 5.28872659 -4.83762547 3.99646193 -3.25651123 2.52849786 -2.35748948 1.48517502 -2.10202848 
4.08173180 14.68789726 -10.15383349 7.86124753 -6.45989652 5.08487358 -4.63717902 3.80477663 -3.07737672 2.36435057 -2.20984727 1.35474544 -1.98897669 
4.21461784 15.60640314 -11.43157807 9.38423710 -8.13419669 6.83480087 -6.40034612 5.53125640 -4.72813669 3.91037432 -3.62970239 2.63410649 -3.11904194 
4.22918082 15.60645495 -11.43165236 9.38432823 -8.13429962 6.83491125 -6.40046008 5.53137061 -4.72824830 3.91048101 -3.62980228 2.63419813 -3.11912426 
4.12342025 14.84173266 -10.36227055 8.10345550 -6.71964803 5.34992873 -4.89808358 4.05453563 -3.31101514 2.57864448 -2.40276757 1.52531953 -2.13694456 
4.13555264 14.72693982 -10.20652077 7.92223459 -6.52505549 5.15112292 -4.70216275 3.86677385 -3.13518337 2.41720693 -2.25729169 1.39657775 -2.02516865 
4.26513099 15.60657965 -11.43183121 9.38454759 -8.13454743 6.83517698 -6.40073443 5.53164554 -4.72851699 3.91073787 -3.63004275 2.63441873 -3.11932243 
4.27933206 15.60662769 -11.43190011 9.38463210 -8.13464289 6.83527935 -6.40084013 5.53175145 -4.72862051 3.91083682 -3.63013540 2.63450372 -3.11939877 
4.29343300 15.60667473 -11.43196757 9.38471484 -8.13473636 6.83537957 -6.40094360 5.53185515 -4.72872185 3.91093371 -3.63022610 2.63458693 -3.11947352 
4.30743522 15.60672079 -11.43203362 9.38479585 -8.13482787 6.83547771 -6.40104493 5.53195669 -4.72882109 3.91102857 -3.63031492 2.63466840 -3.11954671 
4.32134009 15.60676589 -11.43209830 9.38487519 -8.13491750 6.83557382 -6.40114416 5.53205613 -4.72891827 3.91112148 -3.63040190 2.63474820 -3.11961840 
4.44994765 14.89473118 -10.43460083 8.18808749 -6.81101876 5.44376431 -4.99102297 4.14403666 -3.39521982 2.65629693 -2.47303522 1.58774945 -2.19135084 
4.46524522 15.06508289 -10.66889660 8.46426962 -7.11133712 5.75431319 -5.30065769 4.44413388 -3.67930245 2.91980894 -2.71281367 1.80190051 -2.37891122 
4.48211916 14.91368598 -10.46053439 8.21850438 -6.84393360 5.47764208 -5.02464909 4.17648560 -3.42580902 2.68455884 -2.49865496 1.61054973 -2.21125251 
4.49718765 15.07994093 -10.68946236 8.48865955 -7.13801410 5.78205359 -5.32846570 4.47122507 -3.70507520 2.94382768 -2.73476627 1.82158883 -2.39622335 
4.40279837 15.60701790 -11.43245973 9.38531850 -8.13541830 6.83611086 -6.40169863 5.53261179 -4.72946133 3.91164062 -3.63088794 2.63519408 -3.12001894 
4.41605794 15.60705702 -11.43251584 9.38538732 -8.13549604 6.83619422 -6.40178469 5.53269804 -4.72954563 3.91172121 -3.63096339 2.63526330 -3.12008112 
4.31965859 14.95776663 -10.52097651 8.28954391 -6.92096269 5.55707845 -5.10364306 4.25285172 -3.49792313 2.75129574 -2.55924697 1.66455278 -2.25845605 
4.45117975 13.68039400 -8.84406451 6.39801312 -4.94900444 3.59771036 -3.22308466 2.49521235 -1.89046273 1.30751774 -1.28459479 0.55766111 -1.31437291 
4.55958495 15.10793930 -10.72827315 8.53475153 -7.18849613 5.83461571 -5.38122145 4.52268235 -3.75408428 2.98955087 -2.77659922 1.85914328 -2.42927572 
4.46823426 15.60720601 -11.43272953 9.38564943 -8.13579214 6.83651175 -6.40211254 5.53302659 -4.72986673 3.91202818 -3.63125079 2.63552695 -3.12031797 
4.48106840 15.60724149 -11.43278041 9.38571183 -8.13586264 6.83658735 -6.40219060 5.53310481 -4.72994318 3.91210127 -3.63131922 2.63558972 -3.12037437 
4.49382070 15.60727629 -11.43283032 9.38577306 -8.13593180 6.83666152 -6.40226717 5.53318156 -4.73001819 3.91217297 -3.63138635 2.63565131 -3.12042969 
4.40107124 15.00127946 -10.58082100 8.36008479 -6.99766522 5.63639022 -5.18271725 4.32948591 -3.57046338 2.81857907 -2.62046636 1.71922548 -2.30633697 
4.41155952 14.90599714 -10.45001056 8.20615660 -6.83056695 5.46387962 -5.01098429 4.16329493 -3.41337050 2.67306330 -2.48823123 1.60127070 -2.20315111 
4.52535020 15.60736046 -11.43295104 9.38592113 -8.13609908 6.83684091 -6.40245238 5.53336717 -4.73019959 3.91234639 -3.63154872 2.63580026 -3.12056350 
4.53782414 15.60739304 -11.43299776 9.38597843 -8.13616382 6.83691033 -6.40252406 5.53343900 -4.73026980 3.91241351 -3.63161156 2.63585791 -3.12061529 
4.55022075 15.60742501 -11.43304362 9.38603468 -8.13622736 6.83697847 -6.40259442 5.53350951 -4.73033871 3.91247939 -3.63167324 2.63591450 -3.12066612 
4.46003271 15.03119778 -10.62207281 8.40882739 -7.05078918 5.69144416 -5.23772464 4.38290654 -3.62113079 2.86566321 -2.66338357 1.75761772 -2.34001371 
4.35681117 15.60921176 -11.43560639 9.38917832 -8.13977892 6.84078731 -6.40652720 5.53745097 -4.73419106 3.91616236 -3.63512157 2.63907808 -3.12350821 
4.36360617 15.60921703 -11.43561395 9.38918759 -8.13978940 6.84079855 -6.40653880 5.53746261 -4.73420243 3.91617323 -3.63513175 2.63908742 -3.12351660 
4.37037817 15.60922225 -11.43562143 9.38919678 -8.13979978 6.84080968 -6.40655029 5.53747412 -4.73421368 3.91618399 -3.63514182 2.63909666 -3.12352490 
4.37712731 15.60922742 -11.43562884 9.38920587 -8.13981005 6.84082069 -6.40656167 5.53748552 -4.73422483 3.91619464 -3.63515180 2.63910581 -3.12353312 
4.49572598 14.95401295 -10.51582238 8.28347802 -6.91437689 5.55027846 -5.09687288 4.24629927 -3.49172871 2.74555724 -2.55403171 1.65990032 -2.25438578 
4.60507386 15.60756183 -11.43323986 9.38627539 -8.13649929 6.83727009 -6.40289551 5.53381125 -4.73063362 3.91276132 -3.63193720 2.63615665 -3.12088366 
4.61706180 15.60759075 -11.43328133 9.38632626 -8.13655676 6.83733172 -6.40295915 5.53387503 -4.73069595 3.91282091 -3.63199299 2.63620784 -3.12092964 
4.52981889 15.06494310 -10.66870320 8.46404037 -7.11108649 5.75405269 -5.30039667 4.44387970 -3.67906073 2.91958376 -2.71260793 1.80171605 -2.37874908 
4.53962496 14.97791723 -10.54866789 8.32215960 -6.95640090 5.59369602 -5.14012577 4.28818521 -3.53134772 2.78227936 -2.58742202 1.68970123 -2.28046908 
4.64672100 15.60766083 -11.43338184 9.38644954 -8.13669603 6.83748107 -6.40311336 5.53402957 -4.73084700 3.91296531 -3.63212819 2.63633186 -3.12104107 
4.65846262 15.60768800 -11.43342081 9.38649735 -8.13675004 6.83753899 -6.40317316 5.53408950 -4.73090557 3.91302130 -3.63218061 2.63637996 -3.12108427 
4.67013570 15.60771470 -11.43345911 9.38654432 -8.13680310 6.83759590 -6.40323191 5.53414839 -4.73096312 3.91307633 -3.63223213 2.63642722 -3.12112673 
4.77828657 15.06878289 -10.67401600 8.47033875 -7.11797302 5.76121130 -5.30757036 4.45086627 -3.68570528 2.92577432 -2.71826443 1.80678782 -2.38320766 
4.87902001 15.60583779 -11.43076729 9.38324269 -8.13307338 6.83359633 -6.39910253 5.53001020 -4.72691879 3.90921008 -3.62861242 2.63310662 -3.11814375 
4.80774139 15.20673573 -10.86581561 8.69877177 -7.36885305 6.02311870 -5.57111234 4.70855198 -3.93170811 3.15579513 -2.92915967 1.99649127 -2.55048574 
4.72750054 15.60784148 -11.43364095 9.38676737 -8.13705509 6.83786613 -6.40351093 5.53442802 -4.73123642 3.91333760 -3.63247675 2.63665164 -3.12132834 
4.64491655 15.11683152 -10.74061491 8.54942629 -7.20458719 5.85138834 -5.39807381 4.53913675 -3.76977120 3.00419962 -2.79001339 1.87119548 -2.43989143 
4.44833008 14.99315609 -10.56963504 8.34688413 -6.98329535 5.62151551 -5.16787170 4.31508407 -3.55681786 2.80591095 -2.60893005 1.70891449 -2.29729992 
4.33742938 15.60999040 -11.43672330 9.39054849 -8.14132701 6.84244765 -6.40824168 5.53916935 -4.73587069 3.91776822 -3.63662521 2.64045763 -3.12474762 
4.33742938 15.60999040 -11.43672330 9.39054849 -8.14132701 6.84244765 -6.40824168 5.53916935 -4.73587069 3.91776822 -3.63662521 2.64045763 -3.12474762 
4.45174696 14.96234306 -10.52726215 8.29694351 -6.92899865 5.56537789 -5.11190813 4.26085290 -3.50548883 2.75830610 -2.56561943 1.67023866 -2.26343132 
4.45481272 14.99654888 -10.57430619 8.35239574 -6.98929423 5.62772425 -5.17406741 4.32109380 -3.56251125 2.81119589 -2.61374226 1.71321511 -2.30106880 
4.45821803 14.96587585 -10.53211574 8.30265880 -6.93520705 5.57179144 -5.11829665 4.26703886 -3.51133940 2.76372836 -2.57054927 1.67463817 -2.26728169 
4.56355721 15.60935716 -11.43581495 9.38943417 -8.14006799 6.84109733 -6.40684732 5.53777182 -4.73450467 3.91646219 -3.63540231 2.63933565 -3.12373961 
4.46771549 15.00325356 -10.58354030 8.36329493 -7.00116081 5.64000973 -5.18633074 4.33299240 -3.57378663 2.82166508 -2.62327735 1.72173848 -2.30853997 
4.35794238 15.60999040 -11.43672330 9.39054849 -8.14132701 6.84244765 -6.40824168 5.53916935 -4.73587069 3.91776822 -3.63662521 2.64045763 -3.12474762 
4.24482819 14.84024746 -10.36024744 8.10109261 -6.71710148 5.34731789 -4.89550190 4.05205337 -3.30868330 2.57649717 -2.40082711 1.52359773 -2.13544589 
4.11343144 15.60899727 -11.43529873 9.38880091 -8.13935252 6.84033000 -6.40605498 5.53697770 -4.73372847 3.91572009 -3.63470747 2.63869816 -3.12316689 
4.23380576 14.87135566 -10.40266595 8.15068440 -6.77059901 5.40221628 -4.94983550 4.10433928 -3.35784116 2.62180024 -2.44179634 1.55997586 -2.16713090 
4.23040532 14.83105062 -10.34772443 8.08647154 -6.70134941 5.33117353 -4.87954291 4.03671370 -3.29427746 2.56323507 -2.38884577 1.51296913 -2.12619685 
4.09799734 15.60898183 -11.43527658 9.38877373 -8.13932182 6.84029707 -6.40602099 5.53694363 -4.73369517 3.91568825 -3.63467765 2.63867081 -3.12314232 
4.09023539 15.60897397 -11.43526531 9.38875991 -8.13930620 6.84028032 -6.40600369 5.53692629 -4.73367822 3.91567205 -3.63466249 2.63865689 -3.12312981 
4.08244320 15.60896603 -11.43525391 9.38874592 -8.13929040 6.84026338 -6.40598619 5.53690875 -4.73366108 3.91565566 -3.63464714 2.63864281 -3.12311717 
3.94468887 14.58194668 -10.01158427 7.69739495 -6.28566513 4.90853254 -4.46496803 3.64117795 -2.92545911 2.22597988 -2.08610046 1.24601377 -1.89521592 
3.93126336 14.71156977 -10.18576187 7.89818639 -6.49934236 5.12496010 -4.67648132 3.84225571 -3.11230727 2.39627664 -2.23849319 1.37999355 -2.01081282 
4.05096727 15.60893328 -11.43520694 9.38868831 -8.13922530 6.84019356 -6.40591411 5.53683651 -4.73359046 3.91558815 -3.63458393 2.63858482 -3.12306506 
4.17514946 14.83467243 -10.35265517 8.09222729 -6.70754927 5.33752669 -4.88582208 4.04274822 -3.29994374 2.56845071 -2.39355707 1.51714795 -2.12983282 
4.40585535 14.93680607 -10.49221298 8.25571138 -6.88425054 5.51919221 -5.06594211 4.21638101 -3.46346139 2.71938463 -2.53025773 1.63870215 -2.23584881 
