9.43198338 1.49816076 -0.24982937 0.02188172 -0.13060461 -0.17769034 -0.26850760 0.17962771 -0.09149325 -0.13036290 -0.14770703 -0.36363636 -0.59267896 
5.13262566 12.87909608 -7.87009795 5.37833946 -3.96084162 2.68262437 -2.40302994 1.77814899 -1.27555384 0.78771504 -0.85124511 0.20088750 -1.02524908 
4.54876771 12.80687223 -7.78522450 5.29235478 -3.88016635 2.61020795 -2.34007739 1.72470519 -1.23101331 0.75104596 -0.82141791 0.17686997 -1.00619465 
4.09886384 14.86690995 -10.39659825 8.14358430 -6.76293314 5.39434320 -4.94203721 4.09682913 -3.35077512 2.61528375 -2.43589934 1.55473642 -2.16256469 
3.84543480 14.64772523 -10.09977311 7.79883833 -6.39339098 5.01742349 -4.57117691 3.74195433 -3.01893185 2.31102400 -2.16207723 1.31270600 -1.95267141 
3.54532887 14.33483496 -9.68394816 7.32451296 -5.89376213 4.51629904 -4.08604626 3.28494848 -2.59797156 1.93051755 -1.82423584 1.01786521 -1.70006520 
3.36555446 15.60999040 -11.43672330 9.39054849 -8.14132701 6.84244765 -6.40824168 5.53916935 -4.73587069 3.91776822 -3.63662521 2.64045763 -3.12474762 
3.55083715 14.28050456 -9.61268844 7.24425332 -5.81026090 4.43354127 -4.00685371 3.21118138 -2.53075668 1.87038501 -1.77136674 0.97214968 -1.66124335 
3.71180714 15.60850665 -11.43459500 9.38793765 -8.13837722 6.83928402 -6.40497495 5.53589526 -4.73267048 3.91470860 -3.63376040 2.63782928 -3.12238630 
3.87681589 14.52585981 -9.93671323 7.61162759 -6.19495229 4.81719290 -4.37621163 3.55726601 -2.84789962 2.15564701 -2.02346343 1.19119351 -1.84812137 
4.02302564 15.60564664 -11.43049317 9.38290649 -8.13269361 6.83318910 -6.39868211 5.52958891 -4.72650707 3.90881651 -3.62824396 2.63276862 -3.11784012 
4.03904683 15.60571559 -11.43059204 9.38302775 -8.13283058 6.83333598 -6.39883374 5.52974086 -4.72665556 3.90895846 -3.62837685 2.63289052 -3.11794963 
4.05494070 15.60578290 -11.43068857 9.38314615 -8.13296432 6.83347939 -6.39898180 5.52988922 -4.72680056 3.90909706 -3.62850661 2.63300956 -3.11805656 
4.07070927 15.60584864 -11.43078285 9.38326178 -8.13309494 6.83361945 -6.39912640 5.53003412 -4.72694216 3.90923242 -3.62863334 2.63312580 -3.11816098 
4.08635448 15.60591285 -11.43087493 9.38337472 -8.13322251 6.83375625 -6.39926763 5.53017565 -4.72708047 3.90936464 -3.62875712 2.63323935 -3.11826298 
4.10187825 15.60597558 -11.43096490 9.38348505 -8.13334715 6.83388989 -6.39940561 5.53031391 -4.72721560 3.90949381 -3.62887805 2.63335029 -3.11836264 
4.11728247 15.60603688 -11.43105280 9.38359286 -8.13346893 6.83402048 -6.39954043 5.53044902 -4.72734764 3.90962003 -3.62899622 2.63345869 -3.11846001 
4.13256894 15.60609678 -11.43113870 9.38369822 -8.13358795 6.83414811 -6.39967219 5.53058106 -4.72747668 3.90974338 -3.62911170 2.63356462 -3.11855518 
4.27379887 14.78296373 -10.28237705 8.01032203 -6.61946130 5.24739505 -4.79686848 3.95737905 -3.21989081 2.49485731 -2.32715972 1.45832137 -2.07870317 
4.29040851 14.97712512 -10.54757863 8.32087581 -6.95500515 5.59225298 -5.13868722 4.28679121 -3.53002834 2.78105572 -2.58630877 1.68870713 -2.27959855 
4.30889573 14.80634132 -10.31411845 8.04727977 -6.65917227 5.28799144 -4.83690003 3.99576582 -3.25585855 2.52789792 -2.35694827 1.48469558 -2.10161181 
4.32523600 14.99556988 -10.57295820 8.35080509 -6.98756282 5.62593214 -5.17227893 4.31935889 -3.56086755 2.80967002 -2.61235280 1.71197329 -2.29998047 
4.22191258 15.60642918 -11.43161542 9.38428291 -8.13424844 6.83485636 -6.40040341 5.53131382 -4.72819280 3.91042796 -3.62975261 2.63415256 -3.11908332 
4.23642273 15.60648043 -11.43168891 9.38437305 -8.13435026 6.83496555 -6.40051614 5.53142678 -4.72830320 3.91053350 -3.62985142 2.63424320 -3.11916475 
4.25082837 15.60653057 -11.43176082 9.38446126 -8.13444990 6.83507240 -6.40062646 5.53153734 -4.72841125 3.91063678 -3.62994811 2.63433191 -3.11924443 
4.26513099 15.60657965 -11.43183121 9.38454759 -8.13454743 6.83517698 -6.40073443 5.53164554 -4.72851699 3.91073787 -3.63004275 2.63441873 -3.11932243 
4.27933206 15.60662769 -11.43190011 9.38463210 -8.13464289 6.83527935 -6.40084013 5.53175145 -4.72862051 3.91083682 -3.63013540 2.63450372 -3.11939877 
4.29343300 15.60667473 -11.43196757 9.38471484 -8.13473636 6.83537957 -6.40094360 5.53185515 -4.72872185 3.91093371 -3.63022610 2.63458693 -3.11947352 
4.42383383 14.87902258 -10.41313453 8.16293911 -6.78383540 5.41581555 -4.96331043 4.11732084 -3.37005916 2.63307157 -2.45199924 1.56904362 -2.17503566 
4.54301075 15.60418250 -11.42839358 9.38033155 -8.12978510 6.83007048 -6.39546258 5.52636281 -4.72335441 3.90580292 -3.62542277 2.63018073 -3.11551552 
4.45879520 15.06203867 -10.66468552 8.45927841 -7.10588096 5.74864260 -5.29497623 4.43860165 -3.67404197 2.91490870 -2.70833688 1.79788711 -2.37538356 
4.47572599 14.90995391 -10.45542554 8.21250930 -6.83744302 5.47095849 -5.01801215 4.17007821 -3.41976634 2.67897369 -2.49359005 1.60604062 -2.20731532 
4.49083975 15.07701689 -10.68541340 8.48385582 -7.13275795 5.77658595 -5.32298284 4.46588177 -3.69999031 2.93908742 -2.73043254 1.81770105 -2.39280392 
4.50749004 14.92832872 -10.48059162 8.24205530 -6.86944608 5.50392807 -5.05076585 4.20171229 -3.44961185 2.70656992 -2.51862479 1.62833577 -2.22678896 
4.52238012 15.09140660 -10.70534687 8.50751395 -7.15865356 5.80353280 -5.35001370 4.49223303 -3.72507483 2.96247860 -2.75182356 1.83689585 -2.40969057 
4.42923018 15.60709537 -11.43257084 9.38545478 -8.13557225 6.83627595 -6.40186908 5.53278260 -4.72962827 3.91180022 -3.63103736 2.63533116 -3.12014208 
4.44231624 15.60713297 -11.43262477 9.38552093 -8.13564698 6.83635609 -6.40195182 5.53286552 -4.72970931 3.91187769 -3.63110989 2.63539769 -3.12020186 
4.45531723 15.60716985 -11.43267766 9.38558580 -8.13572026 6.83643467 -6.40203296 5.53294683 -4.72978878 3.91195366 -3.63118102 2.63546295 -3.12026048 
4.57564957 14.96636246 -10.53278437 8.30344623 -6.93606253 5.57267530 -5.11917716 4.26789156 -3.51214595 2.76447594 -2.57122903 1.67524486 -2.26781270 
4.59006999 15.12113674 -10.74659294 8.55653742 -7.21238786 5.85952263 -5.40624988 4.54712267 -3.77738729 3.01131403 -2.79653026 1.87705240 -2.44505171 
4.50016649 15.60729345 -11.43285493 9.38580323 -8.13596589 6.83669808 -6.40230492 5.53321939 -4.73005516 3.91220831 -3.63141944 2.63568167 -3.12045696 
4.51279799 15.60732727 -11.43290344 9.38586274 -8.13603311 6.83677017 -6.40237935 5.53329397 -4.73012805 3.91227800 -3.63148469 2.63574152 -3.12051073 
4.52535020 15.60736046 -11.43295104 9.38592113 -8.13609908 6.83684091 -6.40245238 5.53336717 -4.73019959 3.91234639 -3.63154872 2.63580026 -3.12056350 
4.53782414 15.60739304 -11.43299776 9.38597843 -8.13616382 6.83691033 -6.40252406 5.53343900 -4.73026980 3.91241351 -3.63161156 2.63585791 -3.12061529 
4.44707917 15.02473707 -10.61315749 8.39828506 -7.03929069 5.67951946 -5.22580185 4.37132005 -3.61013451 2.85543848 -2.65405845 1.74927133 -2.33268874 
4.45731818 14.93246320 -10.48625861 8.24871353 -6.87666322 5.51136831 -5.05816230 4.20886050 -3.45636006 2.71281320 -2.52429171 1.63338518 -2.23120155 
4.56867278 15.60747187 -11.43311083 9.38611713 -8.13632050 6.83707836 -6.40269755 5.53361286 -4.73043972 3.91257596 -3.63176365 2.63599744 -3.12074063 
4.47930746 15.04069601 -10.63518685 8.42434282 -7.06772037 5.70901142 -5.25529727 4.39999118 -3.63735212 2.88075250 -2.67715058 1.76994427 -2.35083549 
4.37712731 15.60922742 -11.43562884 9.38920587 -8.13981005 6.84082069 -6.40656167 5.53748552 -4.73422483 3.91619464 -3.63515180 2.63910581 -3.12353312 
4.27197870 14.89442556 -10.43418297 8.18759769 -6.81048907 5.44321945 -4.99048247 4.14351537 -3.39472866 2.65584337 -2.47262426 1.58738388 -2.19103188 
4.02482089 14.68952590 -10.15602842 7.86378501 -6.46260426 5.08762340 -4.63987323 3.80734419 -3.07976820 2.36653505 -2.21180621 1.35647111 -1.99046840 
3.87706543 15.60873257 -11.43491905 9.38833516 -8.13882631 6.83976566 -6.40547227 5.53639368 -4.73315764 3.91517434 -3.63419648 2.63822935 -3.12274572 
3.86839493 15.60872162 -11.43490334 9.38831589 -8.13880455 6.83974232 -6.40544816 5.53636952 -4.73313403 3.91515177 -3.63417534 2.63820996 -3.12272830 
4.00440585 14.71899527 -10.19578799 7.90979806 -6.51175472 5.13758639 -4.68887229 3.85408265 -3.12333966 2.40636849 -2.24755533 1.38798673 -2.01773073 
4.25438618 14.84629125 -10.36848144 8.11071099 -6.72746898 5.35794861 -4.90601535 4.06216327 -3.31818176 2.58524502 -2.40873316 1.53061366 -2.14155326 
4.37037817 15.60922225 -11.43562143 9.38919678 -8.13979978 6.84080968 -6.40655029 5.53747412 -4.73421368 3.91618399 -3.63514182 2.63909666 -3.12352490 
4.37712731 15.60922742 -11.43562884 9.38920587 -8.13981005 6.84082069 -6.40656167 5.53748552 -4.73422483 3.91619464 -3.63515180 2.63910581 -3.12353312 
4.38385376 15.60923253 -11.43563618 9.38921486 -8.13982021 6.84083160 -6.40657292 5.53749680 -4.73423586 3.91620518 -3.63516167 2.63911487 -3.12354126 
4.27905598 14.89863435 -10.43993828 8.19434453 -6.81778638 5.45072668 -4.99793054 4.15069953 -3.40149821 2.66209537 -2.47828962 1.59242395 -2.19542971 
4.15777546 15.60999040 -11.43672330 9.39054849 -8.14132701 6.84244765 -6.40824168 5.53916935 -4.73587069 3.91776822 -3.63662521 2.64045763 -3.12474762 
4.03282251 14.69541134 -10.16396237 7.87295952 -6.47239677 5.09757040 -4.64962132 3.81663610 -3.08842471 2.37444390 -2.21889986 1.36272117 -1.99587204 
3.88569849 15.60874338 -11.43493455 9.38835417 -8.13884780 6.83978870 -6.40549606 5.53641752 -4.73318094 3.91519663 -3.63421734 2.63824849 -3.12276291 
3.87706543 15.60873257 -11.43491905 9.38833516 -8.13882631 6.83976566 -6.40547227 5.53639368 -4.73315764 3.91517434 -3.63419648 2.63822935 -3.12274572 
3.86839493 15.60872162 -11.43490334 9.38831589 -8.13880455 6.83974232 -6.40544816 5.53636952 -4.73313403 3.91515177 -3.63417534 2.63820996 -3.12272830 
3.71517173 14.38212346 -9.74619885 7.39487271 -5.96721446 4.58933722 -4.15616123 3.35046179 -2.65784352 1.98423181 -1.87158813 1.05891318 -1.73500702 
3.69999698 14.53095882 -9.94350764 7.61939727 -6.20315608 4.82543993 -4.38421278 3.56481891 -2.85487047 2.16195955 -2.02907780 1.19610111 -1.85233233 
3.68692223 14.35548032 -9.71109975 7.35517317 -5.92574126 4.54807042 -4.11652051 3.31339961 -2.62395243 1.95380909 -1.84475426 1.03564012 -1.71518641 
3.67151615 14.50677981 -9.91131111 7.58260322 -6.16433086 4.78643378 -4.34639188 3.52913721 -2.82195653 2.13216943 -2.00259551 1.17296332 -1.83248779 
3.65827076 14.32798108 -9.67494323 7.31435406 -5.88317602 4.50579107 -4.07597599 3.27555462 -2.58940022 1.92283931 -1.81747666 1.01201378 -1.69509059 
3.64262625 14.48180124 -9.87810809 7.54472274 -6.12442453 4.74640442 -4.30763790 3.49262898 -2.78832786 2.10177327 -1.97560889 1.14941316 -1.81231273 
3.62920577 14.29958842 -9.63768705 7.27237477 -5.83948329 4.46247029 -4.03450566 3.23691116 -2.55417670 1.89131669 -1.78975289 0.98803410 -1.67472115 
3.61331543 14.45598749 -9.84385703 7.50571455 -6.08339964 4.70531993 -4.26792507 3.45527444 -2.75397011 2.07076126 -1.94811183 1.12544736 -1.79180595 
3.75211836 15.60856525 -11.43467904 9.38804075 -8.13849370 6.83940894 -6.40510393 5.53602452 -4.73279682 3.91482939 -3.63387349 2.63793304 -3.12247951 
3.74288763 15.60855204 -11.43466010 9.38801750 -8.13846744 6.83938078 -6.40507485 5.53599538 -4.73276834 3.91480216 -3.63384800 2.63790965 -3.12245850 
3.73361409 15.60853864 -11.43464088 9.38799394 -8.13844081 6.83935222 -6.40504537 5.53596583 -4.73273946 3.91477454 -3.63382214 2.63788593 -3.12243719 
3.87906781 14.62516292 -10.06947771 7.76393851 -6.35627709 4.97985701 -4.53448734 3.70709704 -2.98656119 2.28153810 -2.13570609 1.28953349 -1.93268851 
3.87506007 14.57342077 -10.00018370 7.68431404 -6.27180818 4.89455877 -4.45136960 3.62830359 -2.91354322 2.21516035 -2.07645303 1.23756059 -1.88794606 
3.71493701 15.60851128 -11.43460164 9.38794580 -8.13838643 6.83929390 -6.40498515 5.53590548 -4.73268047 3.91471815 -3.63376934 2.63783749 -3.12239367 
3.70553266 15.60849731 -11.43458161 9.38792123 -8.13835866 6.83926412 -6.40495440 5.53587466 -4.73265035 3.91468935 -3.63374238 2.63781275 -3.12237145 
3.53940690 14.20864446 -9.51886494 7.13904210 -5.70126599 4.32595866 -3.90431425 3.11603353 -2.44438086 1.79338082 -1.70388854 0.91398341 -1.61199540 
3.52273090 14.37314733 -9.73436640 7.38148122 -5.95321638 4.57540087 -4.14276663 3.33793178 -2.64637971 1.97393618 -1.86250284 1.05103008 -1.72829055 
3.66746670 15.60843941 -11.43449856 9.38781935 -8.13824357 6.83914069 -6.40482695 5.53574693 -4.73252550 3.91456999 -3.63363062 2.63771022 -3.12227934 
3.65783592 15.60842441 -11.43447704 9.38779295 -8.13821375 6.83910871 -6.40479393 5.53571383 -4.73249315 3.91453907 -3.63360167 2.63768366 -3.12225547 
3.48773382 14.15405535 -9.44791671 7.05983256 -5.61955942 4.24564313 -3.82806982 3.04555915 -2.38064255 1.73675851 -1.65443682 0.87148973 -1.57612506 
3.27803886 15.60085459 -11.42362208 9.37448060 -8.12317712 6.82298606 -6.38814983 5.51903601 -4.71619522 3.89896026 -3.61901758 2.62430579 -3.11023874 
3.06059901 13.55520953 -8.68797819 6.23058377 -4.78290123 3.44043798 -3.07911358 2.36673609 -1.77813754 1.21086206 -1.20267971 0.48921288 -1.25811882 
3.02442352 13.90769055 -9.13121050 6.70995190 -5.26232423 3.89792114 -3.50109784 2.74609554 -2.11218495 1.50024921 -1.44949687 0.69667383 -1.42958885 
2.99490979 13.46100607 -8.57148278 6.10661051 -4.66085941 3.32574067 -2.97487174 2.27436033 -1.69791541 1.14226288 -1.14488354 0.44117917 -1.21884613 
2.45084811 12.43623887 -7.35720608 4.86593419 -3.48653890 2.26228837 -2.04208190 1.47529100 -1.02594297 0.58426164 -0.68724259 0.06985410 -0.92205445 
2.37937168 13.08232265 -8.11149491 5.62544547 -4.19505122 2.89490315 -2.58930461 1.93772340 -1.40970203 0.89903398 -0.94245500 0.27480590 -1.08425245 
2.59076378 15.56952437 -11.37875118 9.31951618 -8.06116292 6.75656339 -6.31964826 5.45046177 -4.64924425 3.83501852 -3.55920710 2.56948381 -3.06102989 
2.54076898 15.56747740 -11.37582268 9.31593255 -8.05712355 6.75224082 -6.31519429 5.44600678 -4.64489817 3.83087087 -3.55533016 2.56593256 -3.05784423 
2.77199290 13.57842981 -8.71682010 6.26140773 -4.81337096 3.46918795 -3.10534353 2.39006680 -1.79847124 1.22830774 -1.21742396 0.50150178 -1.26819380 
2.96260379 15.59747997 -11.41878463 9.36854998 -8.11648044 6.81580786 -6.38074158 5.51161476 -4.70894487 3.89203150 -3.61253270 2.61835854 -3.10489767 
2.70859656 13.01037259 -8.02559586 5.53708454 -4.11090307 2.81828899 -2.52178215 1.87963693 -1.36067537 0.85820192 -0.90888674 0.24752060 -1.06241129 
2.66465106 13.42413318 -8.52610907 6.05855395 -4.61377134 3.28168367 -2.93500406 2.23917871 -1.66748559 1.11633956 -1.12311940 0.42314951 -1.20415033 
2.41742564 8.91601691 -3.91130706 1.91233936 -1.11401904 0.40740166 -0.62051179 0.39910545 -0.21793748 -0.02775844 -0.22240740 -0.28725383 -0.65148104 
1.93566640 12.26050636 -7.15865634 4.67226248 -3.31141910 2.11051633 -1.91453139 1.37046314 -0.94123982 0.51643662 -0.63343757 0.02744597 -0.88908329 
1.87142245 11.12254491 -5.94084904 3.54398370 -2.34050348 1.30682572 -1.26779773 0.86019878 -0.54437469 0.20877093 -0.39603352 -0.15577062 -0.74942454 
1.77170689 11.90968888 -6.77070417 4.30156282 -2.98288558 1.83111528 -1.68393369 1.18418805 -0.79316599 0.39954948 -0.54186912 -0.04399925 -0.83406320 
1.70366160 10.67340393 -5.49238437 3.15545456 -2.02747984 1.06320325 -1.08296348 0.72228126 -0.44260805 0.13315613 -0.33966393 -0.19834842 -0.71763948 
1.03083589 15.29545824 -10.99011872 8.84790012 -7.53378851 6.19646096 -5.74666304 4.88126512 -4.09756722 3.31174710 -3.07290221 2.12643432 -2.66560916 
1.48461642 11.22787842 -6.04865329 3.63960363 -2.41931470 1.36945530 -1.31625195 0.89701644 -0.57200330 0.22956294 -0.41168462 -0.14389375 -0.75833304 
1.41000788 9.80351361 -4.67528249 2.48739189 -1.51848495 0.68648561 -0.81015098 0.52721083 -0.30420531 0.03302646 -0.26636168 -0.25355709 -0.67664352 
0.59124076 15.14338165 -10.77750911 8.59334525 -7.25279835 5.90169491 -5.44867119 4.58858784 -3.81696006 3.04830471 -2.83043547 1.90754226 -2.47193019 
0.40401614 15.06067773 -10.66280321 8.45704772 -7.10344282 5.74610897 -5.29243807 4.43613046 -3.67169245 2.91272032 -2.70633782 1.79609514 -2.37380862 
1.01680779 9.91252976 -4.77397142 2.56525300 -1.57576329 0.72755660 -0.83902993 0.54731014 -0.31811293 0.04293804 -0.27355462 -0.24811977 -0.68068170 
1.86519195 11.96809231 -6.83451314 4.36182460 -3.03568346 1.87553217 -1.72021090 1.21320066 -0.81601022 0.41743401 -0.55577906 -0.03320749 -0.84232969 
2.14717142 15.58185490 -11.39640009 9.34112271 -8.08552735 6.78264626 -6.34653410 5.47736339 -4.67549724 3.86008090 -3.58264084 2.59095502 -3.08029589 
2.10565191 15.58067312 -11.39470800 9.33905048 -8.08318986 6.78014313 -6.34395317 5.47478022 -4.67297570 3.85767311 -3.58038900 2.58889130 -3.07844375 
2.06325226 15.57941555 -11.39290750 9.33684566 -8.08070298 6.77748022 -6.34120765 5.47203250 -4.67029367 3.85511222 -3.57799409 2.58669659 -3.07647413 
2.01993435 15.57807557 -11.39098918 9.33449674 -8.07805377 6.77464369 -6.33828333 5.46910601 -4.66743733 3.85238505 -3.57544381 2.58435961 -3.07437693 
1.61997447 10.59552849 -5.41647086 3.09118757 -1.97685683 1.02461173 -1.05424992 0.70124191 -0.42734407 0.12195398 -0.33138799 -0.20457916 -0.71300535 
0.42132526 5.90778043 -1.84172545 0.63407739 -0.36390585 -0.04534886 -0.34429106 0.22744365 -0.11178375 -0.10415968 -0.16558573 -0.33663630 -0.61330927 
0.18087259 6.78454128 -2.36226293 0.91250520 -0.50512476 0.03187972 -0.38808353 0.25342057 -0.12669611 -0.09242552 -0.17472079 -0.32739157 -0.62061906 
0.09743452 4.18834413 -1.01762198 0.26555467 -0.20556380 -0.12813647 -0.29801341 0.19957486 -0.09734072 -0.11801671 -0.15480609 -0.34975556 -0.60298411 
-0.19736112 4.93083636 -1.34155378 0.39883737 -0.25825372 -0.10065171 -0.31349424 0.20908251 -0.10192765 -0.11302958 -0.15860868 -0.34469127 -0.60694335 
0.34482523 15.26215541 -10.94337343 8.79171992 -7.47154794 6.13094217 -5.68020653 4.81578562 -4.03459703 3.25245894 -3.01818650 2.07691251 -2.62168574 
0.18709481 15.20911505 -10.86913943 8.70274838 -7.37323947 6.02771698 -5.57575781 4.71311164 -3.93607699 3.15989431 -2.93293032 1.99989348 -2.55349452 
0.90894641 9.34810287 -4.27448673 2.17948444 -1.29769923 0.53165669 -0.70344387 0.45424887 -0.25452991 -0.00210815 -0.24094075 -0.27290564 -0.66223669 
1.81640800 11.71190547 -6.55691428 4.10172029 -2.80953553 1.68664098 -1.56698452 1.09144732 -0.72072399 0.34321884 -0.49831062 -0.07764656 -0.80839454 
2.12297547 15.60273628 -11.42631989 9.37778858 -8.12691296 6.82699110 -6.39228380 5.52317777 -4.72024209 3.90282809 -3.62263801 2.62762641 -3.11322119 
2.10206993 15.60258339 -11.42610068 9.37751978 -8.12660937 6.82666562 -6.39194783 5.52284115 -4.71991318 3.90251371 -3.62234373 2.62735649 -3.11297875 
1.73923766 11.07347101 -5.89096554 3.50002676 -2.30450368 1.27838537 -1.24591654 0.84365892 -0.53202317 0.19951084 -0.38908358 -0.16103618 -0.74548122 
1.15740938 15.53539229 -11.32997041 9.25988094 -7.99400619 6.68476179 -6.24572636 5.37658236 -4.57722570 3.76633754 -3.49505211 2.51075565 -3.00837899 
1.64275942 11.29390310 -6.11673688 3.70042908 -2.46980050 1.40983616 -1.34768514 0.92103836 -0.59012672 0.24325940 -0.42202895 -0.13602902 -0.76424308 
1.61250621 10.73443740 -5.55226090 3.20645478 -2.06789106 1.09417639 -1.10612490 0.73933147 -0.45503127 0.14230123 -0.34643465 -0.19324799 -0.72143578 
1.56368402 11.09246569 -5.91024785 3.51699644 -2.31838420 1.28933857 -1.25433447 0.85001552 -0.53676561 0.20306371 -0.39174859 -0.15901766 -0.74699243 
1.53265781 10.51092876 -5.33461935 3.02238871 -1.92304010 0.98384408 -1.02409557 0.67926662 -0.41148100 0.11035264 -0.32283776 -0.21101325 -0.70822357 
0.86784289 15.51109594 -11.29531221 9.21758626 -7.94645816 6.63400724 -6.19355368 5.32451644 -4.52654224 3.71806665 -3.45001827 2.46957928 -2.97150421 
1.42490839 10.72141546 -5.53945772 3.19552670 -2.05921431 1.08751377 -1.10113402 0.73565156 -0.45234601 0.14032244 -0.34496852 -0.19435269 -0.72061331 
1.39255272 10.09948413 -4.94568856 2.70261311 -1.67817369 0.80186487 -0.89184920 0.58443194 -0.34403019 0.06149908 -0.28705821 -0.23793606 -0.68823974 
0.66297184 15.48943018 -11.26445262 9.17998021 -7.90423804 6.58899752 -6.14734291 5.27845400 -4.48175261 3.67545365 -3.41030211 2.43329870 -2.93904213 
0.57476519 15.47875061 -11.24925721 9.16148125 -7.88348911 6.56689766 -6.12467294 5.25587545 -4.45981521 3.65459780 -3.39087762 2.41556614 -2.92318573 
0.48249029 15.46660699 -11.23199155 9.14047674 -7.85994576 6.54183747 -6.09898202 5.23030310 -4.43498283 3.63100208 -3.36891219 2.39552326 -2.90527131 
0.38575388 15.45272286 -11.21226808 9.11650150 -7.83309327 6.51327587 -6.06972206 5.20119765 -4.40673759 3.60417956 -3.34395705 2.37276447 -2.88493961 
0.28410282 15.43675431 -11.18960570 9.08897929 -7.80229544 6.48054539 -6.03621829 5.16789645 -4.37444428 3.57353407 -3.31546370 2.34679480 -2.86175287 
0.17701126 15.41826936 -11.16340177 9.05719013 -7.76675927 6.44281602 -5.99763358 5.12957922 -4.33731833 3.53833078 -3.28275738 2.31700649 -2.83517455 
0.06386422 15.39671996 -11.13289400 9.02022595 -7.72548747 6.39904685 -5.95292088 5.08522270 -4.29438347 3.49765751 -3.24500248 2.28264857 -2.80454309 
0.87175514 8.99864349 -3.97947176 1.96159721 -1.14730716 0.42959275 -0.63513230 0.40871945 -0.22425169 -0.02334284 -0.22560010 -0.28475961 -0.65335732 
0.83500179 8.19259698 -3.34041637 1.51641833 -0.85673345 0.24122660 -0.51393196 0.33054941 -0.17383232 -0.05858941 -0.20000168 -0.30519583 -0.63786580 
0.75781161 8.58998058 -3.64825960 1.72617136 -0.99069793 0.32653198 -0.56798112 0.36496878 -0.19576299 -0.04324889 -0.21118397 -0.29612744 -0.64477644 
0.72049376 7.74090544 -3.00751123 1.29985120 -0.72442543 0.15981536 -0.46377817 0.29929690 -0.15435014 -0.07232502 -0.18988037 -0.31370590 -0.63131287 
-0.46610499 15.26215541 -10.94337343 8.79171992 -7.47154794 6.13094217 -5.68020653 4.81578562 -4.03459703 3.25245894 -3.01818650 2.07691251 -2.62168574 
-0.62383540 15.20911505 -10.86913943 8.70274838 -7.37323947 6.02771698 -5.57575781 4.71311164 -3.93607699 3.15989431 -2.93293032 1.99989348 -2.55349452 
-0.79505360 15.14338165 -10.77750911 8.59334525 -7.25279835 5.90169491 -5.44867119 4.58858784 -3.81696006 3.04830471 -2.83043547 1.90754226 -2.47193019 
0.37752903 7.06989306 -2.54631965 1.01844253 -0.56268635 0.06455120 -0.40703393 0.26476601 -0.13340852 -0.08742664 -0.17854322 -0.32379241 -0.62344946 
0.33997794 6.06238787 -1.92859052 0.67826922 -0.38525591 -0.03394051 -0.35068068 0.23122464 -0.11390285 -0.10241095 -0.16696039 -0.33517109 -0.61446987 
-1.30063142 14.89041727 -10.42870341 8.18117587 -6.80354513 5.43607754 -4.98339859 4.13668410 -3.38829309 2.64990109 -2.46724066 1.58259539 -2.18685434 
-1.26017809 -15.31081716 -9.88970105 -7.60105256 -6.11422104 -5.07237431 -4.16188019 -3.04737306 -2.73341627 -2.31001042 -1.89634117 -1.78131971 -1.66797945 
-1.50909337 -10.96992115 -4.99731582 -2.79860049 -1.71387359 -1.19009299 -0.82577819 -0.22024239 -0.36551733 -0.34737998 -0.29033012 -0.48352667 -0.63636632 
-1.14495486 -8.76008200 -3.15623768 -1.45054358 -0.79008208 -0.57241634 -0.42357028 0.04826777 -0.18170237 -0.21744221 -0.19912481 -0.41948722 -0.59545143 
-1.27893701 -4.99510866 -1.01439879 -0.31858473 -0.21229988 -0.26123620 -0.26551099 0.14780355 -0.11165533 -0.16126095 -0.15892176 -0.38886823 -0.58330842 
-0.41693394 2.84206623 -0.55391571 0.10505515 -0.15178092 -0.15907958 -0.27980517 0.18772932 -0.09285536 -0.12490451 -0.15017933 -0.35737770 -0.59717958 
0.22178841 15.56205516 -11.36806718 9.30644423 -8.04643089 6.74080086 -6.30340890 5.43422091 -4.63340242 3.81990183 -3.54507864 2.55654365 -3.04942303 
1.01457185 9.27380039 -4.21084986 2.13184594 -1.26438949 0.50880286 -0.68800021 0.44387066 -0.24757587 -0.00699562 -0.23741028 -0.27561768 -0.66020994 
1.00265376 9.02361880 -4.00019526 1.97665431 -1.15753610 0.43644164 -0.63966190 0.41170761 -0.22622011 -0.02196559 -0.22659557 -0.28398416 -0.65394000 
0.11118231 15.55654209 -11.36018454 9.29680358 -8.03557000 6.72918441 -6.29144512 5.42225991 -4.62173891 3.80877544 -3.53468246 2.54702430 -3.04088658 
0.05349800 15.55342402 -11.35572754 9.29135399 -8.02943218 6.72262116 -6.28468716 5.41550499 -4.61515334 3.80249436 -3.52881468 2.54165234 -3.03607007 
0.90821800 8.90583966 -3.90295311 1.90633100 -1.10997711 0.40471738 -0.61874911 0.39794961 -0.21718032 -0.02828771 -0.22202457 -0.28755368 -0.65125526 
2.66837306 6.93813037 -2.46043622 0.96854366 -0.53533137 0.04894049 -0.39794635 0.25931477 -0.13017120 -0.08982330 -0.17671563 -0.32549766 -0.62210989 
3.62537280 12.17678611 -7.06505647 4.58188450 -3.23050478 2.04104513 -1.85667214 1.32332062 -0.90345959 0.48640307 -0.60976491 0.00888578 -0.87472481 
3.65758217 12.71957967 -7.68328278 5.18969934 -3.78441495 2.52473915 -2.26617925 1.66229476 -1.17925804 0.70862914 -0.78705731 0.14930147 -0.98439756 
2.61926687 0.87726030 -0.16288986 0.00059099 -0.12675832 -0.18448044 -0.26467960 0.17658230 -0.09160753 -0.13268739 -0.14715144 -0.36621893 -0.59093946 
3.86629643 -0.77656701 -0.09641030 -0.03306106 -0.12547656 -0.20063903 -0.25770578 0.16957320 -0.09373285 -0.13891184 -0.14727982 -0.37251177 -0.58717709 
5.35820543 9.39392756 -4.31397888 2.20922269 -1.31861126 0.54607439 -0.71322902 0.46084934 -0.25896792 0.00101467 -0.24319686 -0.27117661 -0.66352762 
5.93995116 14.69255094 -10.16010595 7.86849966 -6.46763602 5.09273408 -4.64488127 3.81211747 -3.08421471 2.37059721 -2.21544940 1.35968082 -1.99324325 
5.85736612 13.52339450 -8.64854226 6.18852159 -4.74140316 3.40135502 -3.04352077 2.33513270 -1.75064014 1.18730713 -1.18280148 0.47266735 -1.24457157 
5.02300231 6.25912649 -2.04217540 0.73745956 -0.41451270 -0.01815467 -0.35956289 0.23648086 -0.11688272 -0.10000888 -0.16884204 -0.33321386 -0.61601965 
2.87910036 -3.10442858 -0.40964536 -0.11683575 -0.14494146 -0.22505113 -0.25572725 0.15978968 -0.10093125 -0.14935925 -0.15142180 -0.38096958 -0.58388478 
1.58334116 5.50056087 -1.62301797 0.52707766 -0.31408354 -0.07163059 -0.32964210 0.21875574 -0.10701188 -0.10826383 -0.16235045 -0.34022454 -0.61046825 
1.58334116 -5.94971588 -1.43919928 -0.49676268 -0.28464995 -0.29622082 -0.27939452 0.13749805 -0.12012288 -0.16945767 -0.16471270 -0.39384074 -0.58408989 
4.10839566 1.35334589 -0.22652627 0.01617232 -0.12946702 -0.17933870 -0.26754852 0.17888734 -0.09148272 -0.13091072 -0.14754647 -0.36425315 -0.59225578 
5.09405620 13.16902672 -8.21564319 5.73321256 -4.29827319 2.98940220 -2.67303451 2.01012344 -1.47111164 0.95041146 -0.98486990 0.30941140 -1.11205216 
4.66681118 3.23935832 -0.67418955 0.14294240 -0.16326857 -0.15174144 -0.28423551 0.19071116 -0.09378384 -0.12307673 -0.15128999 -0.35529785 -0.59873739 
5.69764223 -2.23962643 -0.23772998 -0.07212773 -0.13322881 -0.21501633 -0.25524856 0.16367192 -0.09764550 -0.14510308 -0.14931038 -0.37778083 -0.58482430 
7.62069150 7.16949567 -2.61225966 1.05730023 -0.58427800 0.07697885 -0.41431163 0.26914650 -0.13602506 -0.08550578 -0.18000163 -0.32245019 -0.62450189 
8.53685578 12.45097264 -7.37398103 4.88241808 -3.50155116 2.27538769 -2.05316263 1.48445459 -1.03339124 0.59025704 -0.69202089 0.07363486 -0.92500461 
8.82811225 15.59071806 -11.40909474 9.35667400 -8.10307436 6.80144177 -6.36591899 5.49676988 -4.69444532 3.87817819 -3.59956963 2.60647251 -3.09422513 
8.58835224 12.74334634 -7.71096859 5.21751176 -3.81029571 2.54778871 -2.28606510 1.67905418 -1.19312836 0.71997615 -0.79623398 0.15665358 -0.99020258 
7.71540861 7.42596359 -2.78608774 1.16196525 -0.64364884 0.11162092 -0.43479822 0.28155237 -0.14350212 -0.08007983 -0.18409341 -0.31876166 -0.62738468 
5.84342863 0.97862836 -0.17477230 0.00354201 -0.12721669 -0.18341614 -0.26525541 0.17705798 -0.09156115 -0.13231131 -0.14721877 -0.36580781 -0.59121036 
4.04123272 -3.13873731 -0.41782043 -0.11909991 -0.14557739 -0.22549719 -0.25578335 0.15962343 -0.10107868 -0.14954022 -0.15152081 -0.38109938 -0.58385513 
4.38958420 11.67546434 -6.51791092 4.06560656 -2.77849888 1.66099879 -1.54640002 1.07525264 -0.70816826 0.33351700 -0.49084863 -0.08338812 -0.80403061 
3.56077839 -11.58059897 -5.58274663 -3.28607543 -2.09089367 -1.47078346 -1.02858462 -0.36636289 -0.47085086 -0.42367207 -0.34512933 -0.52262426 -0.66327300 
4.16063332 7.51974906 -2.85110660 1.20193088 -0.66676968 0.12529320 -0.44296371 0.28652873 -0.14652712 -0.07790581 -0.18572238 -0.31732122 -0.62850661 
4.97781912 13.22233989 -8.28002748 5.80018001 -4.36274132 3.04870819 -2.72582825 2.05597975 -1.51017548 0.98322416 -1.01205871 0.33166794 -1.12998810 
5.07016856 14.57133180 -9.99739145 7.68111139 -6.26841673 4.89113988 -4.44804363 3.62515570 -2.91063057 2.21251645 -2.07409620 1.23549604 -1.88617095 
4.58935274 11.56528699 -6.40071827 3.95774246 -2.68633616 1.58526693 -1.48591891 1.02790158 -0.67162532 0.30538791 -0.46928276 -0.09994446 -0.79147347 
3.73110658 10.68055363 -5.49938123 3.16140012 -2.03218013 1.06679824 -1.08564651 0.72425278 -0.44404213 0.13421054 -0.34044391 -0.19776100 -0.71807657 
3.10972446 15.58578306 -11.40202548 9.34801294 -8.09330070 6.79097158 -6.35511937 5.48595718 -4.68388705 3.86809312 -3.59013496 2.59782370 -3.08646099 
3.49021046 12.27010970 -7.16943379 4.68270704 -3.32080333 2.11860054 -1.92128609 1.37598370 -0.94567696 0.51997299 -0.63623126 0.02964035 -0.89078383 
4.07037257 13.21095803 -8.26625997 5.78583797 -4.34891370 3.03596943 -2.71447247 2.04610291 -1.50175078 0.97613918 -1.00618157 0.32685217 -1.12610352 
4.41816071 14.90986903 -10.45530936 8.21237299 -6.83729545 5.47080655 -5.01786129 4.16993259 -3.41962902 2.67884678 -2.49347497 1.60593818 -2.20722588 
4.63566499 14.99831978 -10.57674476 8.35527357 -6.99242700 5.63096712 -5.17730396 4.32423365 -3.56548625 2.81395783 -2.61625747 1.71546318 -2.30303914 
4.83720032 15.07023023 -10.67601892 8.47271364 -7.12057012 5.76391143 -5.31027661 4.45350231 -3.68821263 2.92811067 -2.72039950 1.80870241 -2.38489095 
4.77053780 14.23722834 -9.55612686 7.18076365 -5.74442447 4.36849766 -3.94480345 3.15355404 -2.47839848 1.82367073 -1.73040076 0.93681223 -1.63130396 
4.28821597 12.13537717 -7.01899699 4.53762893 -3.19107323 2.00734344 -1.82872571 1.30064509 -0.88535904 0.47206364 -0.59849682 0.00007286 -0.86792273 
3.17983565 -0.48789199 -0.09072077 -0.02789182 -0.12500598 -0.19790198 -0.25860673 0.17072959 -0.09318486 -0.13779107 -0.14709344 -0.37145577 -0.58774835 
