9.82887795 0.81667058 -0.15621813 -0.00108972 -0.12651156 -0.18510994 -0.26434414 0.17630150 -0.09164021 -0.13291185 -0.14711546 -0.36646288 -0.59077989 
4.49447526 12.66895455 -7.62448231 5.13079678 -3.72975438 2.47618570 -2.22439599 1.62716616 -1.15025257 0.68495010 -0.76794380 0.13401349 -0.97234543 
3.89784932 12.97706390 -7.98599123 5.49650465 -4.07240598 2.78336696 -2.49111332 1.85334407 -1.33855612 0.83983515 -0.89382914 0.23531153 -1.05266120 
3.41077652 14.13481802 -9.42298132 7.03206544 -5.59098893 4.21762693 -3.80153615 3.02108922 -2.35856000 1.71718196 -1.63737297 0.85685379 -1.56379213 
3.00522772 13.55809494 -8.69155943 6.23440830 -4.78667910 3.44400016 -3.08236135 2.36962301 -1.78065205 1.21301817 -1.20450096 0.49073008 -1.25936209 
2.73103226 15.59423626 -11.41413584 9.36285179 -8.11004745 6.80891354 -6.37362753 5.50448939 -4.70198468 3.88538101 -3.60630913 2.61265166 -3.09977309 
2.95585665 13.73935581 -8.91808751 6.47794259 -5.02881400 3.67374588 -3.29310827 2.55806309 -1.94571976 1.35531508 -1.32530172 0.59182992 -1.34257609 
3.14322247 15.60737139 -11.43296671 9.38594035 -8.13612079 6.83686419 -6.40247643 5.53339126 -4.73022314 3.91236890 -3.63156979 2.63581960 -3.12058087 
3.33827401 14.12221781 -9.40666782 7.01391959 -5.57233834 4.19935727 -3.78425079 3.00516393 -2.34420201 1.70446472 -1.62629741 0.84736161 -1.55579963 
3.50577359 15.60999040 -11.43672330 9.39054849 -8.14132701 6.84244765 -6.40824168 5.53916935 -4.73587069 3.91776822 -3.63662521 2.64045763 -3.12474762 
3.67861832 14.40307274 -9.77384415 7.42619286 -5.99998618 4.62199595 -4.18757982 3.37987900 -2.68478110 2.00844441 -1.89297109 1.07748039 -1.75083759 
3.97778503 14.60841436 -10.04701993 7.73810200 -6.32883705 4.95211688 -4.50742737 3.68141836 -2.96274105 2.25986374 -2.11634086 1.27253328 -1.91804160 
3.86364471 12.91810033 -7.91613307 5.42517298 -4.00496312 2.72238357 -2.43772333 1.80770879 -1.30027464 0.80813123 -0.86789990 0.21433233 -1.03594127 
3.53678196 15.60999040 -11.43672330 9.39054849 -8.14132701 6.84244765 -6.40824168 5.53916935 -4.73587069 3.91776822 -3.63662521 2.64045763 -3.12474762 
3.53678196 15.60999040 -11.43672330 9.39054849 -8.14132701 6.84244765 -6.40824168 5.53916935 -4.73587069 3.91776822 -3.63662521 2.64045763 -3.12474762 
3.53678196 15.60999040 -11.43672330 9.39054849 -8.14132701 6.84244765 -6.40824168 5.53916935 -4.73587069 3.91776822 -3.63662521 2.64045763 -3.12474762 
3.53678196 15.60999040 -11.43672330 9.39054849 -8.14132701 6.84244765 -6.40824168 5.53916935 -4.73587069 3.91776822 -3.63662521 2.64045763 -3.12474762 
3.53678196 15.60999040 -11.43672330 9.39054849 -8.14132701 6.84244765 -6.40824168 5.53916935 -4.73587069 3.91776822 -3.63662521 2.64045763 -3.12474762 
3.53678196 15.60999040 -11.43672330 9.39054849 -8.14132701 6.84244765 -6.40824168 5.53916935 -4.73587069 3.91776822 -3.63662521 2.64045763 -3.12474762 
3.53678196 15.60999040 -11.43672330 9.39054849 -8.14132701 6.84244765 -6.40824168 5.53916935 -4.73587069 3.91776822 -3.63662521 2.64045763 -3.12474762 
3.53678196 15.60999040 -11.43672330 9.39054849 -8.14132701 6.84244765 -6.40824168 5.53916935 -4.73587069 3.91776822 -3.63662521 2.64045763 -3.12474762 
3.70698914 14.42899933 -9.80811517 7.46508224 -6.04074191 4.66267254 -4.22676916 3.41662396 -2.71847471 2.03876876 -1.91978441 1.10078975 -1.77073329 
3.71131644 14.48690305 -9.88488492 7.55244898 -6.13255858 4.75455836 -4.31552717 3.50005664 -2.79516574 2.10795050 -1.98109038 1.15419431 -1.81640676 
3.71635789 14.43746055 -9.81931339 7.47780457 -6.05409014 4.67600958 -4.23963234 3.42869732 -2.72955654 2.04875187 -1.92861957 1.10847680 -1.77729987 
3.72066681 14.49500753 -9.89565532 7.56473385 -6.14549757 4.76753446 -4.32808723 3.51188648 -2.80606040 2.11779612 -1.98983009 1.16181986 -1.82293842 
3.55719030 15.60999040 -11.43672330 9.39054849 -8.14132701 6.84244765 -6.40824168 5.53916935 -4.73587069 3.91776822 -3.63662521 2.64045763 -3.12474762 
3.55719030 15.60999040 -11.43672330 9.39054849 -8.14132701 6.84244765 -6.40824168 5.53916935 -4.73587069 3.91776822 -3.63662521 2.64045763 -3.12474762 
3.72568323 14.44583339 -9.83040131 7.49040888 -6.06732199 4.68923750 -4.25239695 3.44068425 -2.74056441 2.05867294 -1.93740367 1.11612260 -1.78383378 
3.72997392 14.50302685 -9.90631868 7.57690335 -6.15832192 4.78040223 -4.34054866 3.52362910 -2.81687977 2.12757801 -1.99851686 1.16940220 -1.82943553 
3.73496556 14.45411907 -9.84138035 7.50289656 -6.08043870 4.70235732 -4.26506383 3.45258536 -2.75149875 2.06853225 -1.94613689 1.12372721 -1.79033503 
3.88282494 15.60873979 -11.43492941 9.38834786 -8.13884067 6.83978105 -6.40548816 5.53640961 -4.73317321 3.91518923 -3.63421042 2.63824214 -3.12275721 
3.74845993 14.51881477 -9.92732981 7.60090172 -6.18363171 4.80581705 -4.36517909 3.54685534 -2.83829457 2.14695193 -2.01573245 1.18443776 -1.84232625 
3.75340272 14.47043376 -9.86301733 7.52752751 -6.10633161 4.72827684 -4.29010768 3.47613263 -2.77314861 2.08806676 -1.96345135 1.13881319 -1.80323961 
3.75763961 14.52658568 -9.93768029 7.61273330 -6.19611961 4.81836621 -4.37734980 3.55834028 -2.84889098 2.15654464 -2.02426169 1.19189121 -1.84871997 
3.59739266 15.60999040 -11.43672330 9.39054849 -8.14132701 6.84244765 -6.40824168 5.53916935 -4.73587069 3.91776822 -3.63662521 2.64045763 -3.12474762 
3.59739266 15.60999040 -11.43672330 9.39054849 -8.14132701 6.84244765 -6.40824168 5.53916935 -4.73587069 3.91776822 -3.63662521 2.64045763 -3.12474762 
3.59739266 15.60999040 -11.43672330 9.39054849 -8.14132701 6.84244765 -6.40824168 5.53916935 -4.73587069 3.91776822 -3.63662521 2.64045763 -3.12474762 
3.59739266 15.60999040 -11.43672330 9.39054849 -8.14132701 6.84244765 -6.40824168 5.53916935 -4.73587069 3.91776822 -3.63662521 2.64045763 -3.12474762 
3.76255832 14.47846513 -9.87367801 7.53967348 -6.11911024 4.74107858 -4.30248628 3.48778002 -2.78386501 2.09774254 -1.97203293 1.14629472 -1.80964298 
3.76677758 14.53427605 -9.94792915 7.62445490 -6.20849779 4.83081124 -4.38942531 3.56974064 -2.85941403 2.16607496 -2.03273885 1.19930194 -1.85507933 
3.60731824 15.60999040 -11.43672330 9.39054849 -8.14132701 6.84244765 -6.40824168 5.53916935 -4.73587069 3.91776822 -3.63662521 2.64045763 -3.12474762 
3.60731824 15.60999040 -11.43672330 9.39054849 -8.14132701 6.84244765 -6.40824168 5.53916935 -4.73587069 3.91776822 -3.63662521 2.64045763 -3.12474762 
3.60731824 15.60999040 -11.43672330 9.39054849 -8.14132701 6.84244765 -6.40824168 5.53916935 -4.73587069 3.91776822 -3.63662521 2.64045763 -3.12474762 
3.60731824 15.60999040 -11.43672330 9.39054849 -8.14132701 6.84244765 -6.40824168 5.53916935 -4.73587069 3.91776822 -3.63662521 2.64045763 -3.12474762 
3.60731824 15.60999040 -11.43672330 9.39054849 -8.14132701 6.84244765 -6.40824168 5.53916935 -4.73587069 3.91776822 -3.63662521 2.64045763 -3.12474762 
3.77167245 14.48641405 -9.88423526 7.55170819 -6.13177857 4.75377632 -4.31477041 3.49934406 -2.79450965 2.10735773 -1.98056431 1.15373540 -1.81601376 
3.91703802 15.60878184 -11.43498972 9.38842184 -8.13892425 6.83987070 -6.40558072 5.53650238 -4.73326388 3.91527592 -3.63429158 2.63831661 -3.12282410 
3.92550062 15.60879202 -11.43500432 9.38843976 -8.13894449 6.83989240 -6.40560313 5.53652484 -4.73328583 3.91529691 -3.63431123 2.63833464 -3.12284030 
3.93392756 15.60880207 -11.43501874 9.38845744 -8.13896448 6.83991383 -6.40562526 5.53654702 -4.73330751 3.91531763 -3.63433064 2.63835244 -3.12285630 
3.94231915 15.60881200 -11.43503298 9.38847491 -8.13898421 6.83993500 -6.40564712 5.53656892 -4.73332892 3.91533810 -3.63434980 2.63837002 -3.12287209 
3.81185474 14.57155809 -9.99769390 7.68145828 -6.26878404 4.89151014 -4.44840381 3.62549657 -2.91094595 2.21280272 -2.07435137 1.23571956 -1.88636313 
3.81663377 14.52496050 -9.93551517 7.61025783 -6.19350629 4.81573956 -4.37480188 3.55593548 -2.84667183 2.15453536 -2.02247487 1.19032953 -1.84738014 
4.09725688 14.69930459 -10.16921252 7.87903259 -6.47888100 5.10415896 -4.65608005 3.82279435 -3.09416342 2.37968834 -2.22360491 1.36686765 -1.99945778 
4.10809122 14.83197090 -10.34897718 8.08793377 -6.70292433 5.33278726 -4.88113771 4.03824625 -3.29571638 2.56455946 -2.39004201 1.51403011 -2.12711994 
3.98375691 15.60885982 -11.43510156 9.38855904 -8.13907926 6.84003694 -6.40575238 5.53667441 -4.73343203 3.91543668 -3.63444210 2.63845470 -3.12294817 
3.99194243 15.60886903 -11.43511478 9.38857525 -8.13909758 6.84005658 -6.40577266 5.53669474 -4.73345190 3.91545567 -3.63445989 2.63847102 -3.12296283 
4.00009458 15.60887813 -11.43512783 9.38859127 -8.13911567 6.84007598 -6.40579270 5.53671482 -4.73347153 3.91547444 -3.63447746 2.63848714 -3.12297731 
4.00821364 15.60888712 -11.43514073 9.38860709 -8.13913354 6.84009515 -6.40581249 5.53673466 -4.73349092 3.91549298 -3.63449482 2.63850306 -3.12299162 
3.88193975 14.62740134 -10.07248117 7.76739606 -6.35995153 4.98357387 -4.53811517 3.71054163 -2.98975820 2.28444860 -2.13830778 1.29181849 -1.93465806 
3.73205890 15.60999040 -11.43672330 9.39054849 -8.14132701 6.84244765 -6.40824168 5.53916935 -4.73587069 3.91776822 -3.63662521 2.64045763 -3.12474762 
3.73205890 15.60999040 -11.43672330 9.39054849 -8.14132701 6.84244765 -6.40824168 5.53916935 -4.73587069 3.91776822 -3.63662521 2.64045763 -3.12474762 
3.73205890 15.60999040 -11.43672330 9.39054849 -8.14132701 6.84244765 -6.40824168 5.53916935 -4.73587069 3.91776822 -3.63662521 2.64045763 -3.12474762 
3.57771791 14.30709041 -9.64752358 7.28345029 -5.85100275 4.47388394 -4.04542458 3.24707930 -2.56343927 1.89960123 -1.79703503 0.99432953 -1.68006613 
3.38962530 15.60794299 -11.43378653 9.38694595 -8.13725684 6.83808249 -6.40373432 5.53465190 -4.73145523 3.91354679 -3.63267261 2.63683132 -3.12148976 
3.37855524 15.60792021 -11.43375387 9.38690588 -8.13721157 6.83803394 -6.40368420 5.53460166 -4.73140614 3.91349985 -3.63262866 2.63679100 -3.12145354 
3.55210267 14.34135164 -9.69251417 7.33418117 -5.90384144 4.52630830 -4.09564260 3.29390390 -2.60614604 1.93784300 -1.83068671 1.02345159 -1.70481597 
3.54745170 14.27712542 -9.60826557 7.23928183 -5.80509870 4.42843462 -4.00197595 3.20664580 -2.52663098 1.86669996 -1.76813176 0.96935642 -1.65887456 
3.54193340 14.33155820 -9.67964245 7.31965488 -5.88869914 4.51127284 -4.08122888 3.28045420 -2.59387036 1.92684332 -1.82100109 1.01506464 -1.69768409 
3.38519599 11.84599194 -6.70146488 4.23649173 -2.92614529 1.78359515 -1.64528786 1.15340678 -0.76902226 0.38070961 -0.52725749 -0.05531110 -0.82541578 
3.15067248 13.98097738 -9.22482608 6.81274072 -5.36664540 3.99887773 -3.59549589 2.83207943 -2.18885899 1.56746107 -1.50746132 0.74589878 -1.47067513 
3.13395418 13.73310311 -8.91022224 6.46943369 -5.02030221 3.66562227 -3.28561415 2.55132549 -1.93978676 1.35017537 -1.32091830 0.58814577 -1.33953139 
3.11318279 13.93651844 -9.16797473 6.75025499 -5.30316523 3.93738643 -3.53794624 2.77961268 -2.14203286 1.52638051 -1.47200586 0.71576771 -1.44550876 
3.28771728 15.60772350 -11.43347172 9.38655980 -8.13682059 6.83761465 -6.40325127 5.53416779 -4.73098209 3.91309446 -3.63224910 2.63644279 -3.12114072 
3.27606686 15.60769695 -11.43343365 9.38651309 -8.13676783 6.83755807 -6.40319286 5.53410925 -4.73092487 3.91303975 -3.63219788 2.63639581 -3.12109851 
3.45867628 14.24905656 -9.57156866 7.19807793 -5.76235960 4.38619864 -3.96167301 3.16920605 -2.49260614 1.83633574 -1.74149805 0.94637730 -1.63940182 
3.61719480 15.60999040 -11.43672330 9.39054849 -8.14132701 6.84244765 -6.40824168 5.53916935 -4.73587069 3.91776822 -3.63662521 2.64045763 -3.12474762 
3.61719480 15.60999040 -11.43672330 9.39054849 -8.14132701 6.84244765 -6.40824168 5.53916935 -4.73587069 3.91776822 -3.63662521 2.64045763 -3.12474762 
3.61719480 15.60999040 -11.43672330 9.39054849 -8.14132701 6.84244765 -6.40824168 5.53916935 -4.73587069 3.91776822 -3.63662521 2.64045763 -3.12474762 
3.78074547 14.49428163 -9.89469039 7.56363296 -6.14433777 4.76637106 -4.32696088 3.51082538 -2.80508297 2.11691263 -1.98904569 1.16113533 -1.82235199 
3.78492988 14.54941963 -9.96812718 7.64757339 -6.23292973 4.85539305 -4.41329404 3.59229025 -2.88024202 2.18494980 -2.04953783 1.21399578 -1.86769524 
3.62702283 15.60999040 -11.43672330 9.39054849 -8.14132701 6.84244765 -6.40824168 5.53916935 -4.73587069 3.91776822 -3.63662521 2.64045763 -3.12474762 
3.62702283 15.60999040 -11.43672330 9.39054849 -8.14132701 6.84244765 -6.40824168 5.53916935 -4.73587069 3.91776822 -3.63662521 2.64045763 -3.12474762 
3.62702283 15.60999040 -11.43672330 9.39054849 -8.14132701 6.84244765 -6.40824168 5.53916935 -4.73587069 3.91776822 -3.63662521 2.64045763 -3.12474762 
3.62702283 15.60999040 -11.43672330 9.39054849 -8.14132701 6.84244765 -6.40824168 5.53916935 -4.73587069 3.91776822 -3.63662521 2.64045763 -3.12474762 
3.62702283 15.60999040 -11.43672330 9.39054849 -8.14132701 6.84244765 -6.40824168 5.53916935 -4.73587069 3.91776822 -3.63662521 2.64045763 -3.12474762 
3.62702283 15.60999040 -11.43672330 9.39054849 -8.14132701 6.84244765 -6.40824168 5.53916935 -4.73587069 3.91776822 -3.63662521 2.64045763 -3.12474762 
3.46444611 14.19208490 -9.49731317 7.11494888 -5.67638116 4.30146714 -3.88103621 3.09449210 -2.42487658 1.77603574 -1.68872485 0.90094108 -1.60097606 
3.45867628 14.24905656 -9.57156866 7.19807793 -5.76235960 4.38619864 -3.96167301 3.16920605 -2.49260614 1.83633574 -1.74149805 0.94637730 -1.63940182 
3.61719480 15.60999040 -11.43672330 9.39054849 -8.14132701 6.84244765 -6.40824168 5.53916935 -4.73587069 3.91776822 -3.63662521 2.64045763 -3.12474762 
3.61719480 15.60999040 -11.43672330 9.39054849 -8.14132701 6.84244765 -6.40824168 5.53916935 -4.73587069 3.91776822 -3.63662521 2.64045763 -3.12474762 
3.45382587 14.18089676 -9.48276678 7.09870288 -5.65961719 4.28498309 -3.86538268 3.08001870 -2.41178266 1.76440041 -1.67856030 0.89220455 -1.59359951 
3.44802300 14.23819720 -9.55739120 7.18218078 -5.74589187 4.36994539 -3.94618270 3.15483332 -2.47955934 1.82470524 -1.73130695 0.93759309 -1.63196487 
3.60731824 15.60999040 -11.43672330 9.39054849 -8.14132701 6.84244765 -6.40824168 5.53916935 -4.73587069 3.91776822 -3.63662521 2.64045763 -3.12474762 
3.44314939 14.16957809 -9.46806268 7.08229365 -5.64269774 4.26835840 -3.84960686 3.06544232 -2.39860436 1.75269746 -1.66834278 0.88342740 -1.58619263 
3.43731310 14.22720992 -9.54305807 7.16612129 -5.72926828 4.35354999 -3.93056770 3.14035459 -2.46642478 1.81300362 -1.72105946 0.92876504 -1.62449468 
3.43241607 14.15812682 -9.45319862 7.06571909 -5.62562107 4.25159172 -3.83370781 3.05076235 -2.38534135 1.74092679 -1.65807234 0.87460977 -1.57875562 
3.22877443 15.60758597 -11.43327447 9.38631785 -8.13654725 6.83732152 -6.40294862 5.53386448 -4.73068564 3.91281105 -3.63198376 2.63619937 -3.12092204 
3.21677450 15.60755696 -11.43323287 9.38626682 -8.13648961 6.83725971 -6.40288479 5.53380051 -4.73062312 3.91275129 -3.63192780 2.63614803 -3.12087592 
3.20470214 15.60752743 -11.43319052 9.38621486 -8.13643091 6.83719676 -6.40281981 5.53373538 -4.73055947 3.91269043 -3.63187083 2.63609577 -3.12082897 
3.39389519 14.18194030 -9.48412305 7.10021708 -5.66117913 4.28651844 -3.86684020 3.08136592 -2.41300111 1.76548282 -1.67950563 0.89301687 -1.59428521 
3.38890227 14.11095298 -9.39209592 6.99772450 -5.55570632 4.18307772 -3.76886002 2.99099458 -2.33143622 1.69316531 -1.61646287 0.83893805 -1.54871094 
3.38289302 14.17028204 -9.46897683 7.08331343 -5.64374885 4.26939084 -3.85058625 3.06634695 -2.39942197 1.75342332 -1.66897633 0.88397149 -1.58665166 
3.54701216 15.60999040 -11.43672330 9.39054849 -8.14132701 6.84244765 -6.40824168 5.53916935 -4.73587069 3.91776822 -3.63662521 2.64045763 -3.12474762 
3.54701216 15.60999040 -11.43672330 9.39054849 -8.14132701 6.84244765 -6.40824168 5.53916935 -4.73587069 3.91776822 -3.63662521 2.64045763 -3.12474762 
3.54701216 15.60999040 -11.43672330 9.39054849 -8.14132701 6.84244765 -6.40824168 5.53916935 -4.73587069 3.91776822 -3.63662521 2.64045763 -3.12474762 
3.54701216 15.60999040 -11.43672330 9.39054849 -8.14132701 6.84244765 -6.40824168 5.53916935 -4.73587069 3.91776822 -3.63662521 2.64045763 -3.12474762 
3.54701216 15.60999040 -11.43672330 9.39054849 -8.14132701 6.84244765 -6.40824168 5.53916935 -4.73587069 3.91776822 -3.63662521 2.64045763 -3.12474762 
3.71635789 14.43746055 -9.81931339 7.47780457 -6.05409014 4.67600958 -4.23963234 3.42869732 -2.72955654 2.04875187 -1.92861957 1.10847680 -1.77729987 
3.72066681 14.49500753 -9.89565532 7.56473385 -6.14549757 4.76753446 -4.32808723 3.51188648 -2.80606040 2.11779612 -1.98983009 1.16181986 -1.82293842 
3.72568323 14.44583339 -9.83040131 7.49040888 -6.06732199 4.68923750 -4.25239695 3.44068425 -2.74056441 2.05867294 -1.93740367 1.11612260 -1.78383378 
3.87417944 15.60872894 -11.43491384 9.38832876 -8.13881909 6.83975791 -6.40546427 5.53638566 -4.73314980 3.91516685 -3.63418946 2.63822292 -3.12273994 
3.73923817 14.51096221 -9.91687639 7.58895885 -6.17103289 4.79316274 -4.35291233 3.53528517 -2.82762433 2.13729650 -2.00715091 1.17694146 -1.83589812 
3.74420525 14.46231880 -9.85225190 7.51526899 -6.09344150 4.71537009 -4.27763380 3.46440128 -2.76236000 2.07833009 -1.95481939 1.13129072 -1.79680364 
3.74845993 14.51881477 -9.92732981 7.60090172 -6.18363171 4.80581705 -4.36517909 3.54685534 -2.83829457 2.14695193 -2.01573245 1.18443776 -1.84232625 
3.75340272 14.47043376 -9.86301733 7.52752751 -6.10633161 4.72827684 -4.29010768 3.47613263 -2.77314861 2.08806676 -1.96345135 1.13881319 -1.80323961 
3.61887452 12.40515102 -7.32187647 4.83127909 -3.45503226 2.23484149 -2.01890116 1.45614981 -1.01040713 0.57177224 -0.67729997 0.06199467 -0.91592719 
3.42654598 14.21609269 -9.52856702 7.14989735 -5.71248705 4.33701102 -3.91482699 3.12576916 -2.45320206 1.80123073 -1.71075557 0.91989328 -1.61699143 
3.58741758 15.60999040 -11.43672330 9.39054849 -8.14132701 6.84244765 -6.40824168 5.53916935 -4.73587069 3.91776822 -3.63662521 2.64045763 -3.12474762 
3.42162532 14.14654085 -9.43817228 7.04897708 -5.60838540 4.23468169 -3.81768456 3.03597818 -2.37199333 1.72908832 -1.64774905 0.86575184 -1.57128871 
3.41572104 14.20484343 -9.51391573 7.13350680 -5.69554635 4.32032707 -3.89895953 3.11107635 -2.43989079 1.78938639 -1.70039529 0.91097791 -1.60945531 
3.41077652 14.13481802 -9.42298132 7.03206544 -5.59098893 4.21762693 -3.80153615 3.02108922 -2.35856000 1.71718196 -1.63737297 0.85685379 -1.56379213 
3.40483766 14.19346003 -9.49910187 7.11694745 -5.67844433 4.30349669 -3.88296428 3.09627550 -2.42649059 1.77747047 -1.68997864 0.90201906 -1.60188650 
3.56731691 15.60999040 -11.43672330 9.39054849 -8.14132701 6.84244765 -6.40824168 5.53916935 -4.73587069 3.91776822 -3.63662521 2.64045763 -3.12474762 
3.56731691 15.60999040 -11.43672330 9.39054849 -8.14132701 6.84244765 -6.40824168 5.53916935 -4.73587069 3.91776822 -3.63662521 2.64045763 -3.12474762 
3.56731691 15.60999040 -11.43672330 9.39054849 -8.14132701 6.84244765 -6.40824168 5.53916935 -4.73587069 3.91776822 -3.63662521 2.64045763 -3.12474762 
3.56731691 15.60999040 -11.43672330 9.39054849 -8.14132701 6.84244765 -6.40824168 5.53916935 -4.73587069 3.91776822 -3.63662521 2.64045763 -3.12474762 
3.39986905 14.12295615 -9.40762334 7.01498199 -5.57342985 4.20042607 -3.78526163 3.00609489 -2.34504105 1.70520764 -1.62694422 0.84791579 -1.55626612 
3.39389519 14.18194030 -9.48412305 7.10021708 -5.66117913 4.28651844 -3.86684020 3.08136592 -2.41300111 1.76548282 -1.67950563 0.89301687 -1.59428521 
3.38890227 14.11095298 -9.39209592 6.99772450 -5.55570632 4.18307772 -3.76886002 2.99099458 -2.33143622 1.69316531 -1.61646287 0.83893805 -1.54871094 
3.18033658 15.60746673 -11.43310346 9.38610808 -8.13631028 6.83706739 -6.40268623 5.53360152 -4.73042864 3.91256536 -3.63175373 2.63598834 -3.12073246 
3.37183048 14.15848300 -9.45366075 7.06623421 -5.62615159 4.25211242 -3.83420139 3.05121792 -2.38575282 1.74129185 -1.65839078 0.87488309 -1.57898608 
3.53678196 15.60999040 -11.43672330 9.39054849 -8.14132701 6.84244765 -6.40824168 5.53916935 -4.73587069 3.91776822 -3.63662521 2.64045763 -3.12474762 
3.53678196 15.60999040 -11.43672330 9.39054849 -8.14132701 6.84244765 -6.40824168 5.53916935 -4.73587069 3.91776822 -3.63662521 2.64045763 -3.12474762 
3.53678196 15.60999040 -11.43672330 9.39054849 -8.14132701 6.84244765 -6.40824168 5.53916935 -4.73587069 3.91776822 -3.63662521 2.64045763 -3.12474762 
3.70698914 14.42899933 -9.80811517 7.46508224 -6.04074191 4.66267254 -4.22676916 3.41662396 -2.71847471 2.03876876 -1.91978441 1.10078975 -1.77073329 
3.85677549 15.60870680 -11.43488208 9.38828981 -8.13877508 6.83971072 -6.40541554 5.53633682 -4.73310206 3.91512121 -3.63414673 2.63818371 -3.12270472 
3.86549640 15.60871794 -11.43489806 9.38830941 -8.13879723 6.83973447 -6.40544006 5.53636140 -4.73312609 3.91514418 -3.63416824 2.63820344 -3.12272244 
3.87417944 15.60872894 -11.43491384 9.38832876 -8.13881909 6.83975791 -6.40546427 5.53638566 -4.73314980 3.91516685 -3.63418946 2.63822292 -3.12273994 
3.88282494 15.60873979 -11.43492941 9.38834786 -8.13884067 6.83978105 -6.40548816 5.53640961 -4.73317321 3.91518923 -3.63421042 2.63824214 -3.12275721 
3.89143324 15.60875051 -11.43494478 9.38836672 -8.13886197 6.83980390 -6.40551175 5.53643325 -4.73319631 3.91521132 -3.63423110 2.63826112 -3.12277425 
3.75763961 14.52658568 -9.93768029 7.61273330 -6.19611961 4.81836621 -4.37734980 3.55834028 -2.84889098 2.15654464 -2.02426169 1.19189121 -1.84871997 
3.76255832 14.47846513 -9.87367801 7.53967348 -6.11911024 4.74107858 -4.30248628 3.48778002 -2.78386501 2.09774254 -1.97203293 1.14629472 -1.80964298 
3.76677758 14.53427605 -9.94792915 7.62445490 -6.20849779 4.83081124 -4.38942531 3.56974064 -2.85941403 2.16607496 -2.03273885 1.19930194 -1.85507933 
3.60731824 15.60999040 -11.43672330 9.39054849 -8.14132701 6.84244765 -6.40824168 5.53916935 -4.73587069 3.91776822 -3.63662521 2.64045763 -3.12474762 
3.77167245 14.48641405 -9.88423526 7.55170819 -6.13177857 4.75377632 -4.31477041 3.49934406 -2.79450965 2.10735773 -1.98056431 1.15373540 -1.81601376 
3.77587421 14.54188701 -9.95807769 7.63606784 -6.22076744 4.84315319 -4.40140644 3.58105709 -2.86986422 2.17554323 -2.04116415 1.20667009 -1.86140440 
3.78074547 14.49428163 -9.89469039 7.56363296 -6.14433777 4.76637106 -4.32696088 3.51082538 -2.80508297 2.11691263 -1.98904569 1.16113533 -1.82235199 
3.78492988 14.54941963 -9.96812718 7.64757339 -6.23292973 4.85539305 -4.41329404 3.59229025 -2.88024202 2.18494980 -2.04953783 1.21399578 -1.86769524 
3.78977776 14.50206899 -9.90504468 7.57544905 -6.15678901 4.77886378 -4.33905847 3.52222457 -2.81558540 2.12640754 -1.99747724 1.16849460 -1.82865770 
3.93392756 15.60880207 -11.43501874 9.38845744 -8.13896448 6.83991383 -6.40562526 5.53654702 -4.73330751 3.91531763 -3.63433064 2.63835244 -3.12285630 
3.94231915 15.60881200 -11.43503298 9.38847491 -8.13898421 6.83993500 -6.40564712 5.53656892 -4.73332892 3.91533810 -3.63434980 2.63837002 -3.12287209 
3.81185474 14.57155809 -9.99769390 7.68145828 -6.26878404 4.89151014 -4.44840381 3.62549657 -2.91094595 2.21280272 -2.07435137 1.23571956 -1.88636313 
3.65622043 15.60999040 -11.43672330 9.39054849 -8.14132701 6.84244765 -6.40824168 5.53916935 -4.73587069 3.91776822 -3.63662521 2.64045763 -3.12474762 
3.49597519 14.22488615 -9.54002813 7.16272798 -5.72575736 4.35008876 -3.92727262 3.13730052 -2.46365533 1.81053723 -1.71890032 0.92690560 -1.62292174 
3.10885521 13.69993706 -8.86856368 6.42442970 -4.97534492 3.62277193 -3.24613491 2.51587560 -1.90860755 1.32319529 -1.29793249 0.56884558 -1.32359596 
2.61421840 12.84681180 -7.83209999 5.33978608 -3.92461578 2.65006164 -2.37468460 1.75405395 -1.25544799 0.77114380 -0.83775197 0.19001274 -1.01661418 
2.25072258 15.55342402 -11.35572754 9.29135399 -8.02943218 6.72262116 -6.28468716 5.41550499 -4.61515334 3.80249436 -3.52881468 2.54165234 -3.03607007 
2.51773687 13.19829568 -8.25095766 5.76991122 -4.33357151 3.02184707 -2.70189340 2.03517057 -1.49243269 0.96830826 -0.99968979 0.32153582 -1.12181751 
2.98294243 13.77454402 -8.96241894 6.52597300 -5.07693032 3.71973182 -3.33558813 2.59630466 -1.97943696 1.38455855 -1.35026984 0.61283666 -1.35995384 
3.56971882 12.30620245 -7.21001448 4.72210462 -3.35626309 2.14919839 -1.94689246 1.39694333 -0.96254752 0.53343577 -0.64687868 0.03801131 -0.89727655 
3.85677549 15.60870680 -11.43488208 9.38828981 -8.13877508 6.83971072 -6.40541554 5.53633682 -4.73310206 3.91512121 -3.63414673 2.63818371 -3.12270472 
3.44787610 9.90717601 -4.76910004 2.56139107 -1.57290895 0.72550147 -0.83757945 0.54629723 -0.31740989 0.04243619 -0.27319014 -0.24839504 -0.68047733 
2.03929686 -0.89585689 -0.10089710 -0.03529866 -0.12575296 -0.20177011 -0.25737209 0.16909855 -0.09398051 -0.13938236 -0.14737706 -0.37294496 -0.58695126 
1.00662392 0.96763692 -0.17344028 0.00321328 -0.12716415 -0.18353225 -0.26519209 0.17700604 -0.09156568 -0.13235213 -0.14721104 -0.36585257 -0.59118075 
1.03597931 -3.55328601 -0.52477332 -0.14995089 -0.15457884 -0.23130075 -0.25673020 0.15751259 -0.10297525 -0.15181186 -0.15281525 -0.38269593 -0.58354657 
3.28449590 0.87144602 -0.16223565 0.00042708 -0.12673378 -0.18454106 -0.26464713 0.17655524 -0.09161051 -0.13270894 -0.14714785 -0.36624240 -0.59092407 
5.36761510 6.56418892 -2.22505455 0.83601114 -0.46480720 0.00940349 -0.37519869 0.24575124 -0.12221819 -0.09583517 -0.17208969 -0.32994860 -0.61860171 
6.54256886 10.59697912 -5.41787997 3.09237648 -1.97779027 1.02532119 -1.05477632 0.70162663 -0.42762252 0.12215799 -0.33153854 -0.20446585 -0.71308959 
7.03907445 14.92182507 -10.47168058 8.23158926 -6.85810537 5.49224060 -5.03915082 4.19049050 -3.43902109 2.69677431 -2.50973582 1.62041735 -2.21987082 
7.08532135 15.37191829 -11.09783568 8.97780975 -7.67819405 6.34895800 -5.90181708 5.03458741 -4.24542767 3.45133099 -3.20204423 2.24359330 -2.76975559 
6.72170587 12.01005539 -6.88055144 4.40547812 -3.07407976 1.90795234 -1.74678305 1.23452284 -0.83285223 0.43065528 -0.56608621 -0.02519647 -0.84847652 
5.85831949 9.50888223 -4.41387173 2.28503575 -1.37232921 0.58335275 -0.73867780 0.47810352 -0.27062383 0.00923075 -0.24913478 -0.26663918 -0.66691139 
4.46927328 5.16138203 -1.45200800 0.44784623 -0.27905018 -0.08987478 -0.31949776 0.21269786 -0.10379159 -0.11121868 -0.16002474 -0.34295304 -0.60831261 
2.12793704 7.47682171 -2.82124965 1.18352392 -0.65609072 0.11896588 -0.43917928 0.28422008 -0.14512200 -0.07891435 -0.18496738 -0.31798702 -0.62798831 
1.43326446 11.62922532 -6.46859391 4.02009679 -2.73951522 1.62888947 -1.52069921 1.05508862 -0.69257578 0.32149481 -0.48161884 -0.09048071 -0.79864638 
3.10508043 6.73089815 -2.32846563 0.89346380 -0.49498813 0.02619678 -0.38481412 0.25147143 -0.12555314 -0.09328918 -0.17405621 -0.32803076 -0.62011523 
4.11962954 11.76403880 -6.61292240 4.15376587 -2.85442136 1.72384715 -1.59694578 1.11508917 -0.73910485 0.35745510 -0.50928185 -0.06919282 -0.81482853 
4.54581854 14.98122842 -10.55322188 8.32752756 -6.96223776 5.59973145 -5.14614312 4.29401688 -3.53686786 2.78739945 -2.59208066 1.69386168 -2.28411269 
4.55460525 15.07650642 -10.68470662 8.48301739 -7.13184065 5.77563184 -5.32202617 4.46494954 -3.69910325 2.93826056 -2.72967665 1.81702299 -2.39220759 
4.34848882 14.93881306 -10.49496530 8.25894672 -6.88775912 5.52281090 -5.06954108 4.21986066 -3.46674766 2.72242617 -2.53301949 1.64116382 -2.23800073 
4.23158458 15.60999040 -11.43672330 9.39054849 -8.14132701 6.84244765 -6.40824168 5.53916935 -4.73587069 3.91776822 -3.63662521 2.64045763 -3.12474762 
4.11113310 14.75136888 -10.23956101 7.96056150 -6.56608917 5.19292635 -4.74324658 3.90604244 -3.17186314 2.45080246 -2.28749589 1.42324952 -2.04827757 
3.97003950 15.60884421 -11.43507917 9.38853158 -8.13904823 6.84000366 -6.40571801 5.53663997 -4.73339837 3.91540449 -3.63441197 2.63842706 -3.12292333 
3.96176366 15.60883468 -11.43506551 9.38851482 -8.13902930 6.83998336 -6.40569705 5.53661897 -4.73337784 3.91538486 -3.63439359 2.63841019 -3.12290818 
3.95345343 15.60882504 -11.43505168 9.38849786 -8.13901014 6.83996280 -6.40567583 5.53659769 -4.73335705 3.91536499 -3.63437498 2.63839312 -3.12289284 
4.08382053 14.77448525 -10.27087806 7.99694761 -6.60510539 5.23273363 -4.78242493 3.94354177 -3.20693706 2.48296782 -2.31644906 1.44884553 -2.07047838 
4.20238698 15.60999040 -11.43672330 9.39054849 -8.14132701 6.84244765 -6.40824168 5.53916935 -4.73587069 3.91776822 -3.63662521 2.64045763 -3.12474762 
4.20238698 15.60999040 -11.43672330 9.39054849 -8.14132701 6.84244765 -6.40824168 5.53916935 -4.73587069 3.91776822 -3.63662521 2.64045763 -3.12474762 
4.20238698 15.60999040 -11.43672330 9.39054849 -8.14132701 6.84244765 -6.40824168 5.53916935 -4.73587069 3.91776822 -3.63662521 2.64045763 -3.12474762 
4.20238698 15.60999040 -11.43672330 9.39054849 -8.14132701 6.84244765 -6.40824168 5.53916935 -4.73587069 3.91776822 -3.63662521 2.64045763 -3.12474762 
4.20238698 15.60999040 -11.43672330 9.39054849 -8.14132701 6.84244765 -6.40824168 5.53916935 -4.73587069 3.91776822 -3.63662521 2.64045763 -3.12474762 
4.08017427 14.72960012 -10.21011607 7.92640211 -6.52951416 5.15566213 -4.70662087 3.87103228 -3.13915862 2.42084580 -2.26056142 1.39946358 -2.02766775 
3.79761660 14.45726043 -9.84554455 7.50763483 -6.08541755 4.70733918 -4.26987541 3.45710761 -2.75565501 2.07228106 -1.94945852 1.12662039 -1.79280910 
3.78309629 14.59902686 -10.03444408 7.72364700 -6.31349813 4.93662305 -4.49232556 3.66709852 -2.94946755 2.24779449 -2.10556467 1.26307914 -1.90990110 
4.05243048 14.75290943 -10.24164650 7.96298279 -6.56868366 5.19557166 -4.74584839 3.90853118 -3.17418951 2.45293468 -2.28941413 1.42494447 -2.04974697 
4.29684266 14.87265240 -10.40443616 8.15275620 -6.77283631 5.40451447 -4.95211224 4.10653225 -3.35990479 2.62370365 -2.44351906 1.56150668 -2.16846520 
4.52092863 14.96783020 -10.53480127 8.30582168 -6.93864342 5.57534195 -5.12183388 4.27046448 -3.51457977 2.76673193 -2.57328045 1.67707585 -2.26941535 
4.82636250 14.10220144 -9.38078338 6.98516066 -5.54281235 4.17046528 -3.75694377 2.98003079 -2.32156433 1.68443229 -1.60886606 0.83243440 -1.54324054 
5.25013135 13.59770132 -8.74079537 6.28706999 -4.83877635 3.49319391 -3.12727585 2.40960123 -1.81551841 1.24295143 -1.22981418 0.51183946 -1.27667757 
