10.64338750 1.28812309 -0.21663212 0.01376097 -0.12900668 -0.18006669 -0.26713018 0.17856029 -0.09148557 -0.13115606 -0.14748040 -0.36452792 -0.59206873 
6.13868152 13.77677858 -8.96523804 6.52903141 -5.07999819 3.72266754 -3.33830332 2.59875182 -1.98159704 1.38643401 -1.35187272 0.61418648 -1.36107146 
5.70981251 13.75701120 -8.94031598 6.50201067 -5.05291035 3.69676179 -3.31435724 2.57718142 -1.96256721 1.36991983 -1.33776539 0.60231156 -1.35124336 
5.28927513 13.91103690 -9.13547410 6.71462169 -5.26705217 3.90248595 -3.50535646 2.74996607 -2.11562912 1.50326234 -1.45209055 0.69887259 -1.43142100 
4.83748048 13.19000818 -8.24095034 5.75950359 -4.32355344 3.01263218 -2.69369126 2.02804698 -1.48636490 0.96321194 -0.99546732 0.31807962 -1.11903246 
4.33457408 13.56114683 -8.69534814 6.23845527 -4.79067752 3.44777106 -3.08580009 2.37268027 -1.78331540 1.21530230 -1.20643065 0.49233785 -1.26067976 
4.06808979 15.60583779 -11.43076729 9.38324269 -8.13307338 6.83359633 -6.39910253 5.53001020 -4.72691879 3.90921008 -3.62861242 2.63310662 -3.11814375 
4.05230048 15.60577179 -11.43067264 9.38312661 -8.13294225 6.83345573 -6.39895737 5.52986474 -4.72677663 3.90907419 -3.62848520 2.63298991 -3.11803891 
4.03638553 15.60570421 -11.43057572 9.38300774 -8.13280798 6.83331174 -6.39880872 5.52971578 -4.72663106 3.90893503 -3.62835492 2.63287041 -3.11793156 
4.15373152 14.86072933 -10.38816577 8.13372057 -6.75228706 5.38341294 -4.93121423 4.08640924 -3.34097427 2.60624767 -2.42772443 1.54747489 -2.15623771 
4.38008639 14.95644158 -10.51915696 8.28740231 -6.91863735 5.55467731 -5.10125227 4.25053766 -3.49573536 2.74926887 -2.55740480 1.66290932 -2.25701817 
4.58949959 15.03402888 -10.62598077 8.41344994 -7.05583247 5.69667586 -5.24295692 4.38799257 -3.62595895 2.87015366 -2.66747986 1.76128485 -2.34323271 
4.68847364 15.60943151 -11.43592160 9.38956500 -8.14021580 6.84125586 -6.40701102 5.53793589 -4.73466503 3.91661551 -3.63554587 2.63946736 -3.12385794 
4.59840669 15.06764755 -10.67244498 8.46847613 -7.11593629 5.75909393 -5.30544836 4.44879946 -3.68373951 2.92394274 -2.71659075 1.80528707 -2.38188827 
4.49592812 15.60999040 -11.43672330 9.39054849 -8.14132701 6.84244765 -6.40824168 5.53916935 -4.73587069 3.91776822 -3.63662521 2.64045763 -3.12474762 
4.49592812 15.60999040 -11.43672330 9.39054849 -8.14132701 6.84244765 -6.40824168 5.53916935 -4.73587069 3.91776822 -3.63662521 2.64045763 -3.12474762 
4.39032185 14.92796813 -10.48009745 8.24147477 -6.86881692 5.50327955 -5.05012123 4.20108938 -3.44902387 2.70602600 -2.51813114 1.62789596 -2.22640465 
4.38679302 14.96013146 -10.52422432 8.29336702 -6.92511429 5.56136589 -5.10791246 4.25698455 -3.50183078 2.75491636 -2.56253795 1.66748904 -2.26102522 
4.48956882 15.60999040 -11.43672330 9.39054849 -8.14132701 6.84244765 -6.40824168 5.53916935 -4.73587069 3.91776822 -3.63662521 2.64045763 -3.12474762 
4.48956882 15.60999040 -11.43672330 9.39054849 -8.14132701 6.84244765 -6.40824168 5.53916935 -4.73587069 3.91776822 -3.63662521 2.64045763 -3.12474762 
4.48956882 15.60999040 -11.43672330 9.39054849 -8.14132701 6.84244765 -6.40824168 5.53916935 -4.73587069 3.91776822 -3.63662521 2.64045763 -3.12474762 
4.59554175 15.03700834 -10.63009432 8.41831662 -7.06114308 5.70218584 -5.24846844 4.39335091 -3.63104641 2.87488597 -2.67179739 1.76515055 -2.34662644 
4.59840669 15.06764755 -10.67244498 8.46847613 -7.11593629 5.75909393 -5.30544836 4.44879946 -3.68373951 2.92394274 -2.71659075 1.80528707 -2.38188827 
4.49592812 15.60999040 -11.43672330 9.39054849 -8.14132701 6.84244765 -6.40824168 5.53916935 -4.73587069 3.91776822 -3.63662521 2.64045763 -3.12474762 
4.49592812 15.60999040 -11.43672330 9.39054849 -8.14132701 6.84244765 -6.40824168 5.53916935 -4.73587069 3.91776822 -3.63662521 2.64045763 -3.12474762 
4.49592812 15.60999040 -11.43672330 9.39054849 -8.14132701 6.84244765 -6.40824168 5.53916935 -4.73587069 3.91776822 -3.63662521 2.64045763 -3.12474762 
4.49592812 15.60999040 -11.43672330 9.39054849 -8.14132701 6.84244765 -6.40824168 5.53916935 -4.73587069 3.91776822 -3.63662521 2.64045763 -3.12474762 
4.49592812 15.60999040 -11.43672330 9.39054849 -8.14132701 6.84244765 -6.40824168 5.53916935 -4.73587069 3.91776822 -3.63662521 2.64045763 -3.12474762 
4.49592812 15.60999040 -11.43672330 9.39054849 -8.14132701 6.84244765 -6.40824168 5.53916935 -4.73587069 3.91776822 -3.63662521 2.64045763 -3.12474762 
4.49592812 15.60999040 -11.43672330 9.39054849 -8.14132701 6.84244765 -6.40824168 5.53916935 -4.73587069 3.91776822 -3.63662521 2.64045763 -3.12474762 
4.60156575 15.03996542 -10.63417784 8.42314869 -7.06641692 5.70765865 -5.25394373 4.39867491 -3.63610207 2.87958942 -2.67608920 1.76899375 -2.35000085 
4.60442255 15.07046179 -10.67633939 8.47309365 -7.12098570 5.76434352 -5.31070970 4.45392419 -3.68861392 2.92848462 -2.72074124 1.80900887 -2.38516040 
4.50226727 15.60999040 -11.43672330 9.39054849 -8.14132701 6.84244765 -6.40824168 5.53916935 -4.73587069 3.91776822 -3.63662521 2.64045763 -3.12474762 
4.50226727 15.60999040 -11.43672330 9.39054849 -8.14132701 6.84244765 -6.40824168 5.53916935 -4.73587069 3.91776822 -3.63662521 2.64045763 -3.12474762 
4.50226727 15.60999040 -11.43672330 9.39054849 -8.14132701 6.84244765 -6.40824168 5.53916935 -4.73587069 3.91776822 -3.63662521 2.64045763 -3.12474762 
4.60757171 15.04290036 -10.63823159 8.42794647 -7.07165431 5.71309460 -5.25938308 4.40396484 -3.64112617 2.88426422 -2.68035547 1.77281459 -2.35335605 
4.61042041 15.07325483 -10.68020520 8.47767811 -7.12599984 5.76955733 -5.31593602 4.45901560 -3.69345738 2.93299829 -2.72486651 1.81270853 -2.38841346 
4.50858639 15.60999040 -11.43672330 9.39054849 -8.14132701 6.84244765 -6.40824168 5.53916935 -4.73587069 3.91776822 -3.63662521 2.64045763 -3.12474762 
4.50858639 15.60999040 -11.43672330 9.39054849 -8.14132701 6.84244765 -6.40824168 5.53916935 -4.73587069 3.91776822 -3.63662521 2.64045763 -3.12474762 
4.50858639 15.60999040 -11.43672330 9.39054849 -8.14132701 6.84244765 -6.40824168 5.53916935 -4.73587069 3.91776822 -3.63662521 2.64045763 -3.12474762 
4.50858639 15.60999040 -11.43672330 9.39054849 -8.14132701 6.84244765 -6.40824168 5.53916935 -4.73587069 3.91776822 -3.63662521 2.64045763 -3.12474762 
4.50858639 15.60999040 -11.43672330 9.39054849 -8.14132701 6.84244765 -6.40824168 5.53916935 -4.73587069 3.91776822 -3.63662521 2.64045763 -3.12474762 
4.50858639 15.60999040 -11.43672330 9.39054849 -8.14132701 6.84244765 -6.40824168 5.53916935 -4.73587069 3.91776822 -3.63662521 2.64045763 -3.12474762 
4.50858639 15.60999040 -11.43672330 9.39054849 -8.14132701 6.84244765 -6.40824168 5.53916935 -4.73587069 3.91776822 -3.63662521 2.64045763 -3.12474762 
4.50858639 15.60999040 -11.43672330 9.39054849 -8.14132701 6.84244765 -6.40824168 5.53916935 -4.73587069 3.91776822 -3.63662521 2.64045763 -3.12474762 
4.50858639 15.60999040 -11.43672330 9.39054849 -8.14132701 6.84244765 -6.40824168 5.53916935 -4.73587069 3.91776822 -3.63662521 2.64045763 -3.12474762 
4.50858639 15.60999040 -11.43672330 9.39054849 -8.14132701 6.84244765 -6.40824168 5.53916935 -4.73587069 3.91776822 -3.63662521 2.64045763 -3.12474762 
4.61355973 15.04581337 -10.64225586 8.43271027 -7.07685556 5.71849400 -5.26478679 4.40922096 -3.64611895 2.88891055 -2.68459637 1.77661321 -2.35669216 
4.61640038 15.07602688 -10.68404269 8.48222981 -7.13097902 5.77473566 -5.32112761 4.46407396 -3.69827012 2.93748397 -2.72896674 1.81638620 -2.39164756 
4.61952992 15.04870467 -10.64625092 8.43744040 -7.08202100 5.72385716 -5.27015513 4.41444353 -3.65108064 2.89352864 -2.68881207 1.78038976 -2.36000931 
4.62236257 15.07877814 -10.68785213 8.48674905 -7.13592355 5.77987880 -5.32628475 4.46909953 -3.70305236 2.94194185 -2.73304210 1.82004202 -2.39486283 
4.52116505 15.60999040 -11.43672330 9.39054849 -8.14132701 6.84244765 -6.40824168 5.53916935 -4.73587069 3.91776822 -3.63662521 2.64045763 -3.12474762 
4.62548238 15.05157446 -10.65021706 8.44213716 -7.08715093 5.72918439 -5.27548839 4.41963282 -3.65601146 2.89811867 -2.69300275 1.78414438 -2.36330761 
4.62830708 15.08150882 -10.69163377 8.49123612 -7.14083373 5.78498706 -5.33140772 4.47409257 -3.70780434 2.94637214 -2.73709276 1.82367613 -2.39805939 
4.52742484 15.60999040 -11.43672330 9.39054849 -8.14132701 6.84244765 -6.40824168 5.53916935 -4.73587069 3.91776822 -3.63662521 2.64045763 -3.12474762 
4.52742484 15.60999040 -11.43672330 9.39054849 -8.14132701 6.84244765 -6.40824168 5.53916935 -4.73587069 3.91776822 -3.63662521 2.64045763 -3.12474762 
4.52742484 15.60999040 -11.43672330 9.39054849 -8.14132701 6.84244765 -6.40824168 5.53916935 -4.73587069 3.91776822 -3.63662521 2.64045763 -3.12474762 
4.42346188 14.94670419 -10.50579066 8.27167602 -6.90156786 5.53705730 -5.08371400 4.23356756 -3.47969631 2.73441364 -2.54390692 1.65087045 -2.24648780 
4.41999392 14.97813420 -10.54896626 8.32251126 -6.95678324 5.59409134 -5.14051987 4.28856711 -3.53170919 2.78261461 -2.58772703 1.68997361 -2.28070760 
4.52116505 15.60999040 -11.43672330 9.39054849 -8.14132701 6.84244765 -6.40824168 5.53916935 -4.73587069 3.91776822 -3.63662521 2.64045763 -3.12474762 
4.52116505 15.60999040 -11.43672330 9.39054849 -8.14132701 6.84244765 -6.40824168 5.53916935 -4.73587069 3.91776822 -3.63662521 2.64045763 -3.12474762 
4.52116505 15.60999040 -11.43672330 9.39054849 -8.14132701 6.84244765 -6.40824168 5.53916935 -4.73587069 3.91776822 -3.63662521 2.64045763 -3.12474762 
4.52116505 15.60999040 -11.43672330 9.39054849 -8.14132701 6.84244765 -6.40824168 5.53916935 -4.73587069 3.91776822 -3.63662521 2.64045763 -3.12474762 
4.52116505 15.60999040 -11.43672330 9.39054849 -8.14132701 6.84244765 -6.40824168 5.53916935 -4.73587069 3.91776822 -3.63662521 2.64045763 -3.12474762 
4.52116505 15.60999040 -11.43672330 9.39054849 -8.14132701 6.84244765 -6.40824168 5.53916935 -4.73587069 3.91776822 -3.63662521 2.64045763 -3.12474762 
4.52116505 15.60999040 -11.43672330 9.39054849 -8.14132701 6.84244765 -6.40824168 5.53916935 -4.73587069 3.91776822 -3.63662521 2.64045763 -3.12474762 
4.52116505 15.60999040 -11.43672330 9.39054849 -8.14132701 6.84244765 -6.40824168 5.53916935 -4.73587069 3.91776822 -3.63662521 2.64045763 -3.12474762 
4.52116505 15.60999040 -11.43672330 9.39054849 -8.14132701 6.84244765 -6.40824168 5.53916935 -4.73587069 3.91776822 -3.63662521 2.64045763 -3.12474762 
4.52116505 15.60999040 -11.43672330 9.39054849 -8.14132701 6.84244765 -6.40824168 5.53916935 -4.73587069 3.91776822 -3.63662521 2.64045763 -3.12474762 
4.62548238 15.05157446 -10.65021706 8.44213716 -7.08715093 5.72918439 -5.27548839 4.41963282 -3.65601146 2.89811867 -2.69300275 1.78414438 -2.36330761 
4.62830708 15.08150882 -10.69163377 8.49123612 -7.14083373 5.78498706 -5.33140772 4.47409257 -3.70780434 2.94637214 -2.73709276 1.82367613 -2.39805939 
4.52742484 15.60999040 -11.43672330 9.39054849 -8.14132701 6.84244765 -6.40824168 5.53916935 -4.73587069 3.91776822 -3.63662521 2.64045763 -3.12474762 
4.42346188 14.94670419 -10.50579066 8.27167602 -6.90156786 5.53705730 -5.08371400 4.23356756 -3.47969631 2.73441364 -2.54390692 1.65087045 -2.24648780 
4.41999392 14.97813420 -10.54896626 8.32251126 -6.95678324 5.59409134 -5.14051987 4.28856711 -3.53170919 2.78261461 -2.58772703 1.68997361 -2.28070760 
4.52116505 15.60999040 -11.43672330 9.39054849 -8.14132701 6.84244765 -6.40824168 5.53916935 -4.73587069 3.91776822 -3.63662521 2.64045763 -3.12474762 
4.52116505 15.60999040 -11.43672330 9.39054849 -8.14132701 6.84244765 -6.40824168 5.53916935 -4.73587069 3.91776822 -3.63662521 2.64045763 -3.12474762 
4.52116505 15.60999040 -11.43672330 9.39054849 -8.14132701 6.84244765 -6.40824168 5.53916935 -4.73587069 3.91776822 -3.63662521 2.64045763 -3.12474762 
4.52116505 15.60999040 -11.43672330 9.39054849 -8.14132701 6.84244765 -6.40824168 5.53916935 -4.73587069 3.91776822 -3.63662521 2.64045763 -3.12474762 
4.52116505 15.60999040 -11.43672330 9.39054849 -8.14132701 6.84244765 -6.40824168 5.53916935 -4.73587069 3.91776822 -3.63662521 2.64045763 -3.12474762 
4.52116505 15.60999040 -11.43672330 9.39054849 -8.14132701 6.84244765 -6.40824168 5.53916935 -4.73587069 3.91776822 -3.63662521 2.64045763 -3.12474762 
4.52116505 15.60999040 -11.43672330 9.39054849 -8.14132701 6.84244765 -6.40824168 5.53916935 -4.73587069 3.91776822 -3.63662521 2.64045763 -3.12474762 
4.52116505 15.60999040 -11.43672330 9.39054849 -8.14132701 6.84244765 -6.40824168 5.53916935 -4.73587069 3.91776822 -3.63662521 2.64045763 -3.12474762 
4.52116505 15.60999040 -11.43672330 9.39054849 -8.14132701 6.84244765 -6.40824168 5.53916935 -4.73587069 3.91776822 -3.63662521 2.64045763 -3.12474762 
4.52116505 15.60999040 -11.43672330 9.39054849 -8.14132701 6.84244765 -6.40824168 5.53916935 -4.73587069 3.91776822 -3.63662521 2.64045763 -3.12474762 
4.52116505 15.60999040 -11.43672330 9.39054849 -8.14132701 6.84244765 -6.40824168 5.53916935 -4.73587069 3.91776822 -3.63662521 2.64045763 -3.12474762 
4.52116505 15.60999040 -11.43672330 9.39054849 -8.14132701 6.84244765 -6.40824168 5.53916935 -4.73587069 3.91776822 -3.63662521 2.64045763 -3.12474762 
4.52116505 15.60999040 -11.43672330 9.39054849 -8.14132701 6.84244765 -6.40824168 5.53916935 -4.73587069 3.91776822 -3.63662521 2.64045763 -3.12474762 
4.62548238 15.05157446 -10.65021706 8.44213716 -7.08715093 5.72918439 -5.27548839 4.41963282 -3.65601146 2.89811867 -2.69300275 1.78414438 -2.36330761 
4.62830708 15.08150882 -10.69163377 8.49123612 -7.14083373 5.78498706 -5.33140772 4.47409257 -3.70780434 2.94637214 -2.73709276 1.82367613 -2.39805939 
4.52742484 15.60999040 -11.43672330 9.39054849 -8.14132701 6.84244765 -6.40824168 5.53916935 -4.73587069 3.91776822 -3.63662521 2.64045763 -3.12474762 
4.52742484 15.60999040 -11.43672330 9.39054849 -8.14132701 6.84244765 -6.40824168 5.53916935 -4.73587069 3.91776822 -3.63662521 2.64045763 -3.12474762 
4.52742484 15.60999040 -11.43672330 9.39054849 -8.14132701 6.84244765 -6.40824168 5.53916935 -4.73587069 3.91776822 -3.63662521 2.64045763 -3.12474762 
4.63141723 15.05442295 -10.65415453 8.44680085 -7.09224566 5.73447597 -5.28078686 4.42478908 -3.66091166 2.90268086 -2.69716857 1.78787722 -2.36658717 
4.63423401 15.08421912 -10.69538789 8.49569132 -7.14570986 5.79006073 -5.33649682 4.47905334 -3.71252630 2.95077504 -2.74111891 1.82728870 -2.40123736 
4.53366509 15.60999040 -11.43672330 9.39054849 -8.14132701 6.84244765 -6.40824168 5.53916935 -4.73587069 3.91776822 -3.63662521 2.64045763 -3.12474762 
4.53366509 15.60999040 -11.43672330 9.39054849 -8.14132701 6.84244765 -6.40824168 5.53916935 -4.73587069 3.91776822 -3.63662521 2.64045763 -3.12474762 
4.53366509 15.60999040 -11.43672330 9.39054849 -8.14132701 6.84244765 -6.40824168 5.53916935 -4.73587069 3.91776822 -3.63662521 2.64045763 -3.12474762 
4.53366509 15.60999040 -11.43672330 9.39054849 -8.14132701 6.84244765 -6.40824168 5.53916935 -4.73587069 3.91776822 -3.63662521 2.64045763 -3.12474762 
4.53366509 15.60999040 -11.43672330 9.39054849 -8.14132701 6.84244765 -6.40824168 5.53916935 -4.73587069 3.91776822 -3.63662521 2.64045763 -3.12474762 
4.53366509 15.60999040 -11.43672330 9.39054849 -8.14132701 6.84244765 -6.40824168 5.53916935 -4.73587069 3.91776822 -3.63662521 2.64045763 -3.12474762 
4.53366509 15.60999040 -11.43672330 9.39054849 -8.14132701 6.84244765 -6.40824168 5.53916935 -4.73587069 3.91776822 -3.63662521 2.64045763 -3.12474762 
4.53366509 15.60999040 -11.43672330 9.39054849 -8.14132701 6.84244765 -6.40824168 5.53916935 -4.73587069 3.91776822 -3.63662521 2.64045763 -3.12474762 
4.53366509 15.60999040 -11.43672330 9.39054849 -8.14132701 6.84244765 -6.40824168 5.53916935 -4.73587069 3.91776822 -3.63662521 2.64045763 -3.12474762 
4.43002469 14.95036149 -10.51080990 8.27758028 -6.90797517 5.54367003 -5.09029487 4.23993413 -3.48571259 2.73998499 -2.54896845 1.65538423 -2.25043546 
4.42656865 14.98164762 -10.55379849 8.32820733 -6.96297699 5.60049591 -5.14690538 4.29475570 -3.53756728 2.78804825 -2.59267103 1.69438897 -2.28457451 
4.52742484 15.60999040 -11.43672330 9.39054849 -8.14132701 6.84244765 -6.40824168 5.53916935 -4.73587069 3.91776822 -3.63662521 2.64045763 -3.12474762 
4.52742484 15.60999040 -11.43672330 9.39054849 -8.14132701 6.84244765 -6.40824168 5.53916935 -4.73587069 3.91776822 -3.63662521 2.64045763 -3.12474762 
4.52742484 15.60999040 -11.43672330 9.39054849 -8.14132701 6.84244765 -6.40824168 5.53916935 -4.73587069 3.91776822 -3.63662521 2.64045763 -3.12474762 
4.52742484 15.60999040 -11.43672330 9.39054849 -8.14132701 6.84244765 -6.40824168 5.53916935 -4.73587069 3.91776822 -3.63662521 2.64045763 -3.12474762 
4.52742484 15.60999040 -11.43672330 9.39054849 -8.14132701 6.84244765 -6.40824168 5.53916935 -4.73587069 3.91776822 -3.63662521 2.64045763 -3.12474762 
4.52742484 15.60999040 -11.43672330 9.39054849 -8.14132701 6.84244765 -6.40824168 5.53916935 -4.73587069 3.91776822 -3.63662521 2.64045763 -3.12474762 
4.52742484 15.60999040 -11.43672330 9.39054849 -8.14132701 6.84244765 -6.40824168 5.53916935 -4.73587069 3.91776822 -3.63662521 2.64045763 -3.12474762 
4.52742484 15.60999040 -11.43672330 9.39054849 -8.14132701 6.84244765 -6.40824168 5.53916935 -4.73587069 3.91776822 -3.63662521 2.64045763 -3.12474762 
4.52742484 15.60999040 -11.43672330 9.39054849 -8.14132701 6.84244765 -6.40824168 5.53916935 -4.73587069 3.91776822 -3.63662521 2.64045763 -3.12474762 
4.42346188 14.94670419 -10.50579066 8.27167602 -6.90156786 5.53705730 -5.08371400 4.23356756 -3.47969631 2.73441364 -2.54390692 1.65087045 -2.24648780 
4.41999392 14.97813420 -10.54896626 8.32251126 -6.95678324 5.59409134 -5.14051987 4.28856711 -3.53170919 2.78261461 -2.58772703 1.68997361 -2.28070760 
4.52116505 15.60999040 -11.43672330 9.39054849 -8.14132701 6.84244765 -6.40824168 5.53916935 -4.73587069 3.91776822 -3.63662521 2.64045763 -3.12474762 
4.52116505 15.60999040 -11.43672330 9.39054849 -8.14132701 6.84244765 -6.40824168 5.53916935 -4.73587069 3.91776822 -3.63662521 2.64045763 -3.12474762 
4.52116505 15.60999040 -11.43672330 9.39054849 -8.14132701 6.84244765 -6.40824168 5.53916935 -4.73587069 3.91776822 -3.63662521 2.64045763 -3.12474762 
4.52116505 15.60999040 -11.43672330 9.39054849 -8.14132701 6.84244765 -6.40824168 5.53916935 -4.73587069 3.91776822 -3.63662521 2.64045763 -3.12474762 
4.52116505 15.60999040 -11.43672330 9.39054849 -8.14132701 6.84244765 -6.40824168 5.53916935 -4.73587069 3.91776822 -3.63662521 2.64045763 -3.12474762 
4.62548238 15.05157446 -10.65021706 8.44213716 -7.08715093 5.72918439 -5.27548839 4.41963282 -3.65601146 2.89811867 -2.69300275 1.78414438 -2.36330761 
4.62830708 15.08150882 -10.69163377 8.49123612 -7.14083373 5.78498706 -5.33140772 4.47409257 -3.70780434 2.94637214 -2.73709276 1.82367613 -2.39805939 
4.52742484 15.60999040 -11.43672330 9.39054849 -8.14132701 6.84244765 -6.40824168 5.53916935 -4.73587069 3.91776822 -3.63662521 2.64045763 -3.12474762 
4.52742484 15.60999040 -11.43672330 9.39054849 -8.14132701 6.84244765 -6.40824168 5.53916935 -4.73587069 3.91776822 -3.63662521 2.64045763 -3.12474762 
4.52742484 15.60999040 -11.43672330 9.39054849 -8.14132701 6.84244765 -6.40824168 5.53916935 -4.73587069 3.91776822 -3.63662521 2.64045763 -3.12474762 
4.63141723 15.05442295 -10.65415453 8.44680085 -7.09224566 5.73447597 -5.28078686 4.42478908 -3.66091166 2.90268086 -2.69716857 1.78787722 -2.36658717 
4.63423401 15.08421912 -10.69538789 8.49569132 -7.14570986 5.79006073 -5.33649682 4.47905334 -3.71252630 2.95077504 -2.74111891 1.82728870 -2.40123736 
4.53366509 15.60999040 -11.43672330 9.39054849 -8.14132701 6.84244765 -6.40824168 5.53916935 -4.73587069 3.91776822 -3.63662521 2.64045763 -3.12474762 
4.53366509 15.60999040 -11.43672330 9.39054849 -8.14132701 6.84244765 -6.40824168 5.53916935 -4.73587069 3.91776822 -3.63662521 2.64045763 -3.12474762 
4.53366509 15.60999040 -11.43672330 9.39054849 -8.14132701 6.84244765 -6.40824168 5.53916935 -4.73587069 3.91776822 -3.63662521 2.64045763 -3.12474762 
4.53366509 15.60999040 -11.43672330 9.39054849 -8.14132701 6.84244765 -6.40824168 5.53916935 -4.73587069 3.91776822 -3.63662521 2.64045763 -3.12474762 
4.53366509 15.60999040 -11.43672330 9.39054849 -8.14132701 6.84244765 -6.40824168 5.53916935 -4.73587069 3.91776822 -3.63662521 2.64045763 -3.12474762 
4.53366509 15.60999040 -11.43672330 9.39054849 -8.14132701 6.84244765 -6.40824168 5.53916935 -4.73587069 3.91776822 -3.63662521 2.64045763 -3.12474762 
4.53366509 15.60999040 -11.43672330 9.39054849 -8.14132701 6.84244765 -6.40824168 5.53916935 -4.73587069 3.91776822 -3.63662521 2.64045763 -3.12474762 
4.53366509 15.60999040 -11.43672330 9.39054849 -8.14132701 6.84244765 -6.40824168 5.53916935 -4.73587069 3.91776822 -3.63662521 2.64045763 -3.12474762 
4.53366509 15.60999040 -11.43672330 9.39054849 -8.14132701 6.84244765 -6.40824168 5.53916935 -4.73587069 3.91776822 -3.63662521 2.64045763 -3.12474762 
4.43002469 14.95036149 -10.51080990 8.27758028 -6.90797517 5.54367003 -5.09029487 4.23993413 -3.48571259 2.73998499 -2.54896845 1.65538423 -2.25043546 
4.42656865 14.98164762 -10.55379849 8.32820733 -6.96297699 5.60049591 -5.14690538 4.29475570 -3.53756728 2.78804825 -2.59267103 1.69438897 -2.28457451 
4.52742484 15.60999040 -11.43672330 9.39054849 -8.14132701 6.84244765 -6.40824168 5.53916935 -4.73587069 3.91776822 -3.63662521 2.64045763 -3.12474762 
4.42346188 14.94670419 -10.50579066 8.27167602 -6.90156786 5.53705730 -5.08371400 4.23356756 -3.47969631 2.73441364 -2.54390692 1.65087045 -2.24648780 
4.41999392 14.97813420 -10.54896626 8.32251126 -6.95678324 5.59409134 -5.14051987 4.28856711 -3.53170919 2.78261461 -2.58772703 1.68997361 -2.28070760 
4.41687752 14.94301734 -10.50073216 8.26572701 -6.89511351 5.53039753 -5.07708775 4.22715842 -3.47364102 2.72880723 -2.53881446 1.64632985 -2.24251732 
4.41339756 14.97459215 -10.54409584 8.31677152 -6.95054340 5.58764048 -5.13408955 4.28233634 -3.52581231 2.77714597 -2.58275204 1.68553130 -2.27681769 
4.41027149 14.93930062 -10.49563399 8.25973282 -6.88861169 5.52369028 -5.07041573 4.22070638 -3.46754643 2.72316551 -2.53369086 1.64176228 -2.23852390 
4.40677943 14.97102116 -10.53918683 8.31098766 -6.94425703 5.58114293 -5.12761404 4.27606305 -3.51987633 2.77164209 -2.57774586 1.68106187 -2.27290464 
4.40364362 14.93555374 -10.49049576 8.25369302 -6.88206194 5.51693516 -5.06369757 4.21421109 -3.46141224 2.71748824 -2.52853592 1.63716755 -2.23450741 
4.28285727 15.60915201 -11.43552068 9.38907318 -8.13966014 6.84065992 -6.40639565 5.53731913 -4.73406219 3.91603915 -3.63500621 2.63897224 -3.12341312 
4.27578181 15.60914606 -11.43551214 9.38906271 -8.13964831 6.84064723 -6.40638255 5.53730600 -4.73404936 3.91602688 -3.63499472 2.63896170 -3.12340365 
4.26868123 15.60914005 -11.43550352 9.38905213 -8.13963635 6.84063440 -6.40636930 5.53729272 -4.73403638 3.91601447 -3.63498311 2.63895104 -3.12339408 
4.26155536 15.60913397 -11.43549480 9.38904143 -8.13962426 6.84062144 -6.40635592 5.53727931 -4.73402327 3.91600194 -3.63497137 2.63894027 -3.12338441 
4.25440400 15.60912782 -11.43548598 9.38903061 -8.13961205 6.84060834 -6.40634239 5.53726575 -4.73401002 3.91598927 -3.63495950 2.63892939 -3.12337463 
4.24722699 15.60912161 -11.43547707 9.38901969 -8.13959970 6.84059509 -6.40632872 5.53725205 -4.73399662 3.91597646 -3.63494751 2.63891839 -3.12336474 
4.24002412 15.60911533 -11.43546807 9.38900864 -8.13958722 6.84058171 -6.40631489 5.53723819 -4.73398308 3.91596351 -3.63493539 2.63890727 -3.12335475 
4.23279522 15.60910898 -11.43545896 9.38899747 -8.13957460 6.84056817 -6.40630092 5.53722419 -4.73396939 3.91595043 -3.63492314 2.63889602 -3.12334465 
4.10497466 14.70493136 -10.17680292 7.88781556 -6.48826151 5.11369325 -4.66542917 3.83171100 -3.10247487 2.38728586 -2.23042266 1.37287740 -2.00465595 
4.09264422 14.82202779 -10.33544617 8.07214496 -6.68592370 5.31537259 -4.86393194 4.02171644 -3.28020032 2.55028178 -2.37714875 1.50259721 -2.11717486 
4.08173180 14.68789726 -10.15383349 7.86124753 -6.45989652 5.08487358 -4.63717902 3.80477663 -3.07737672 2.36435057 -2.20984727 1.35474544 -1.98897669 
3.79047860 14.39875403 -9.76814166 7.41972865 -5.99321861 4.61524810 -4.18108483 3.37379468 -2.67920695 2.00343184 -1.88854240 1.07363331 -1.74755626 
3.76612265 14.63662047 -10.08485623 7.78164764 -6.37510282 4.99890561 -4.55308495 3.72476008 -3.00295900 2.29647011 -2.14905694 1.30126182 -1.94279988 
3.60672444 12.19827421 -7.08901940 4.60496599 -3.25112000 2.05870490 -1.87134818 1.33525351 -0.91300379 0.49397714 -0.61572573 0.01355349 -0.87833163 
3.37594180 14.35909502 -9.71585775 7.36055052 -5.93135451 4.55365157 -4.12187786 3.31840498 -2.62852645 1.95791239 -1.84837132 1.03877542 -1.71785515 
3.68228953 14.57003925 -9.99566395 7.67913021 -6.26631899 4.88902539 -4.44598683 3.62320923 -2.90882973 2.21088192 -2.07263927 1.23421990 -1.88507381 
3.66027815 14.27341302 -9.60340775 7.23382277 -5.79943158 4.42282978 -3.99662353 3.20166993 -2.52210573 1.86265884 -1.76458485 0.96629437 -1.65627825 
3.63415935 14.53014502 -9.94242309 7.61815685 -6.20184618 4.82412295 -4.38293489 3.56361246 -2.85375686 2.16095098 -2.02818068 1.19531685 -1.85165932 
3.46535666 11.89314972 -6.75269053 4.28460157 -2.96806857 1.81868456 -1.67380770 1.17611009 -0.78682057 0.39459177 -0.53801992 -0.04698160 -0.83178158 
2.99437714 15.56205516 -11.36806718 9.30644423 -8.04643089 6.74080086 -6.30340890 5.43422091 -4.63340242 3.81990183 -3.54507864 2.55654365 -3.04942303 
2.35519770 5.04433133 -1.39534423 0.42248718 -0.26820184 -0.09549884 -0.31636697 0.21081603 -0.10281509 -0.11215632 -0.15929021 -0.34384657 -0.60760827 
0.33438873 14.18285960 -9.48531793 7.10155119 -5.66255539 4.28787135 -3.86812462 3.08255321 -2.41407497 1.76643684 -1.68033888 0.89373291 -1.59488967 
-0.05558601 13.72109535 -8.89512791 6.45311483 -5.00398823 3.65006182 -3.27126800 2.53843497 -1.92844191 1.34035252 -1.31254495 0.58111136 -1.33372045 
1.95423469 4.05497543 -0.96457473 0.24529823 -0.19811689 -0.13210976 -0.29573714 0.19814387 -0.09670597 -0.11880220 -0.15422962 -0.35059071 -0.60233715 
3.55958093 8.46540332 -3.55024415 1.65842234 -0.94683271 0.29829731 -0.54993073 0.35339182 -0.18833576 -0.04843801 -0.20741149 -0.29915635 -0.64247563 
4.67533305 10.46209076 -5.28766020 2.98315129 -1.89252352 0.96084727 -1.00716812 0.66698562 -0.40265241 0.10391405 -0.31810151 -0.21457635 -0.70557685 
5.30934876 13.65265735 -8.80935506 6.36065069 -4.91181131 3.56237935 -3.19063926 2.46617026 -1.86499692 1.28554426 -1.26592445 0.54202319 -1.30149182 
5.46022096 15.45220009 -11.21152579 9.11559960 -7.83208357 6.51220234 -6.06862271 5.20010451 -4.40567713 3.60317285 -3.34302072 2.37191081 -2.88417719 
5.15858608 12.84001633 -7.82411406 5.33169535 -3.91702444 2.64324728 -2.36876067 1.74902472 -1.25125652 0.76769304 -0.83494504 0.18775253 -1.01482102 
4.40183123 9.74534483 -4.62305848 2.44651250 -1.48864058 0.66522909 -0.79529558 0.51692804 -0.29712575 0.02799398 -0.26271386 -0.25631925 -0.67459093 
2.96695275 0.26721992 -0.11042559 -0.01401139 -0.12507980 -0.19063654 -0.26158908 0.17386000 -0.09209961 -0.13494601 -0.14693247 -0.36862011 -0.58941094 
2.12448213 -0.91134100 -0.10157108 -0.03559538 -0.12579249 -0.20191703 -0.25733044 0.16903703 -0.09401357 -0.13944378 -0.14739055 -0.37300107 -0.58692238 
3.14459668 12.90304323 -7.89834520 5.40706033 -3.98788435 2.70698051 -2.42427195 1.79623891 -1.29067527 0.80019802 -0.86142425 0.20910190 -1.03177955 
2.93782200 9.08086861 -4.04790832 2.01146523 -1.18127951 0.45239272 -0.65024246 0.41870503 -0.23084027 -0.01873145 -0.22893268 -0.28216751 -0.65530396 
1.53923781 6.96816798 -2.47987981 0.97976948 -0.54144841 0.05241817 -0.39996562 0.26052430 -0.13088763 -0.08929080 -0.17712247 -0.32511569 -0.62241018 
1.41412923 -7.99509211 -2.61977151 -1.11703388 -0.59537015 -0.45921864 -0.35992666 0.08747654 -0.15555132 -0.19832769 -0.18557979 -0.40975872 -0.59025315 
2.92912797 8.33631039 -3.45012966 1.59014851 -0.90319687 0.27049931 -0.53231347 0.34217144 -0.18118564 -0.05343827 -0.20376733 -0.30211013 -0.64022493 
3.59227382 14.37944541 -9.74266782 7.39087556 -5.96303537 4.58517571 -4.15216071 3.34671878 -2.65441838 1.98115516 -1.86887272 1.05655671 -1.73299899 
3.89511467 14.58963735 -10.02187390 7.70920771 -6.29818539 4.92116487 -4.47726718 3.65282784 -2.93624670 2.23577923 -2.09484186 1.25367610 -1.90180811 
4.29702917 13.46477672 -8.57612984 6.11153963 -4.66569616 3.33027234 -2.97897800 2.27798863 -1.70105756 1.14494279 -1.14713593 0.44304691 -1.22036995 
4.41305455 15.04001937 -10.63425235 8.42323687 -7.06651317 5.70775854 -5.25404368 4.39877210 -3.63619437 2.87967530 -2.67616757 1.76906393 -2.35006247 
4.31439973 15.60674345 -11.43206613 9.38483573 -8.13487292 6.83552602 -6.40109480 5.53200667 -4.72886993 3.91107527 -3.63035864 2.63470851 -3.11958274 
4.09952571 13.30465561 -8.37995360 5.90463645 -4.46379171 3.14210286 -2.80934493 2.12883979 -1.57250439 1.03578267 -1.05576638 0.36756351 -1.15900539 
3.66587955 14.39128172 -9.75827926 7.40855339 -5.98152352 4.60359152 -4.16986920 3.36329196 -2.66958818 1.99478494 -1.88090507 1.06700090 -1.74190076 
3.48659152 15.60813209 -11.43405775 9.38727864 -8.13763269 6.83848556 -6.40415051 5.53506899 -4.73186289 3.91393652 -3.63303751 2.63716608 -3.12179050 
3.13441746 11.17205554 -5.99139641 3.58871216 -2.37728436 1.33599235 -1.29031731 0.87727771 -0.55716829 0.21838544 -0.40326291 -0.15028790 -0.75353454 
2.57423730 15.56885872 -11.37779882 9.31835073 -8.05984920 6.75515751 -6.31819959 5.44901271 -4.64783057 3.83366935 -3.55794595 2.56832858 -3.05999356 
2.80164633 13.61951231 -8.76797170 6.31620172 -4.86765824 3.52052281 -3.15227772 2.43189865 -1.83500120 1.25970695 -1.24400685 0.52369301 -1.28641477 
2.98975228 15.59781374 -11.41926305 9.36913646 -8.11714262 6.81651759 -6.38147399 5.51234840 -4.70966157 3.89271636 -3.61317365 2.61894631 -3.10542550 
3.40486266 12.02412095 -6.89601879 4.42017700 -3.08703658 1.91891491 -1.75578577 1.24176032 -0.83857908 0.43515778 -0.56960092 -0.02246195 -0.85057673 
3.86061188 14.56160636 -9.98439725 7.66621333 -6.25264654 4.87524807 -4.43258936 3.61053408 -2.89710619 2.20024390 -2.06315949 1.22591839 -1.87793832 
4.39909875 12.24119872 -7.13701357 4.65131194 -3.29261621 2.09433514 -1.90102486 1.35943493 -0.93238397 0.50938421 -0.62787017 0.02307544 -0.88569817 
