9.36025790 2.02265232 -0.34963756 0.04722683 -0.13628454 -0.17126451 -0.27235772 0.18249539 -0.09173721 -0.12832978 -0.14845363 -0.36131765 -0.59430672 
5.59854199 12.94731708 -7.95070812 5.46043791 -4.03826913 2.75246825 -2.46403543 1.83017728 -1.31910493 0.82371279 -0.88063338 0.22462776 -1.04414108 
5.01136525 12.62911215 -7.57837109 5.08476457 -3.68718086 2.43848975 -2.19205635 1.60005771 -1.12793265 0.66677542 -0.75330733 0.12232986 -0.96315217 
4.37817847 12.44619378 -7.36853795 4.87706738 -3.49667633 2.27113252 -2.04956194 1.48147590 -1.03096937 0.58830704 -0.69046637 0.07240461 -0.92404445 
3.61402976 10.46425223 -5.28973398 2.98488047 -1.89386566 0.96185684 -1.00790998 0.66752300 -0.40303816 0.10419511 -0.31830812 -0.21442093 -0.70569229 
2.75068546 13.17459191 -8.22235177 5.74017798 -4.30496709 2.99554993 -2.67849843 2.01486204 -1.47514234 0.95379252 -0.98766791 0.31169921 -1.11389382 
2.14605673 11.91445438 -6.77589914 4.30645846 -2.98716588 1.83470904 -1.68686333 1.18652681 -0.79500439 0.40098664 -0.54298549 -0.04313396 -0.83472541 
1.66574872 15.50983892 -11.29352059 9.21540159 -7.94400398 6.63138941 -6.19086454 5.32183453 -4.52393316 3.71558321 -3.44770263 2.46746308 -2.96961001 
1.58577006 15.50177346 -11.28202842 9.20139225 -7.92827064 6.61461135 -6.17363367 5.30465414 -4.50722302 3.69968111 -3.43287803 2.45391783 -2.95748783 
1.50246086 15.49270470 -11.26911388 9.18565730 -7.91060823 6.59578512 -6.15430820 5.28539367 -4.48849751 3.68186807 -3.41627810 2.43875571 -2.94392308 
1.41553175 15.48246112 -11.25453550 9.16790569 -7.89069345 6.57456956 -6.13254128 5.26371067 -4.46742664 3.66183281 -3.39761507 2.42171586 -2.92868406 
2.63695586 7.06715589 -2.54451995 1.01738860 -0.56210422 0.06421742 -0.40683900 0.26464886 -0.13333873 -0.08747806 -0.17850410 -0.32382863 -0.62342103 
3.17828325 15.60999040 -11.43672330 9.39054849 -8.14132701 6.84244765 -6.40824168 5.53916935 -4.73587069 3.91776822 -3.63662521 2.64045763 -3.12474762 
3.38155783 14.10287125 -9.38164895 6.98612169 -5.54379836 4.17142951 -3.75785454 2.98086855 -2.32231848 1.68509929 -1.60944615 0.83293092 -1.54365809 
3.72450082 14.39082042 -9.75767058 7.40786387 -5.98080212 4.60287268 -4.16917772 3.36264460 -2.66899543 1.99425221 -1.88043463 1.06659244 -1.74155253 
4.02537497 14.60061241 -10.03656755 7.72608712 -6.31608680 4.93923721 -4.49487297 3.66951347 -2.95170554 2.24982901 -2.10738086 1.26467221 -1.91127256 
4.04400962 14.83247588 -10.34966463 8.08873621 -6.70378864 5.33367291 -4.88201302 4.03908741 -3.29650619 2.56528643 -2.39069867 1.51461253 -2.12762669 
3.92410606 15.60519568 -11.42984646 9.38211334 -8.13179768 6.83222843 -6.39769033 5.52859508 -4.72553584 3.90788810 -3.62737481 2.63197132 -3.11712393 
3.94093616 15.60527558 -11.42996104 9.38225386 -8.13195642 6.83239863 -6.39786604 5.52877115 -4.72570791 3.90805258 -3.62752879 2.63211257 -3.11725081 
3.95762581 15.60535350 -11.43007278 9.38239091 -8.13211122 6.83256462 -6.39803740 5.52894286 -4.72587572 3.90821299 -3.62767896 2.63225033 -3.11737455 
3.97417735 15.60542950 -11.43018178 9.38252459 -8.13226221 6.83272653 -6.39820456 5.52911036 -4.72603940 3.90836946 -3.62782544 2.63238470 -3.11749526 
3.85418453 14.65440192 -10.10874746 7.80918688 -6.40440664 5.02858379 -4.58208643 3.75232798 -3.02857348 2.31981331 -2.16994396 1.31962341 -1.95864067 
3.86816839 14.51853664 -9.92695946 7.60047849 -6.18318512 4.80536839 -4.36474407 3.54644492 -2.83791599 2.14660929 -2.01542786 1.18417164 -1.84209801 
4.01496666 15.60561154 -11.43044283 9.38284476 -8.13262387 6.83311433 -6.39860491 5.52951155 -4.72643147 3.90874424 -3.62817631 2.63270656 -3.11778438 
4.03105228 15.60568132 -11.43054290 9.38296748 -8.13276250 6.83326298 -6.39875838 5.52966534 -4.72658176 3.90888791 -3.62831080 2.63282993 -3.11789521 
3.91438847 14.69930459 -10.16921252 7.87903259 -6.47888100 5.10415896 -4.65608005 3.82279435 -3.09416342 2.37968834 -2.22360491 1.36686765 -1.99945778 
3.92793421 14.56832898 -9.99337841 7.67650932 -6.26354417 4.88622869 -4.44326667 3.62063522 -2.90644851 2.20872079 -2.07071310 1.23253286 -1.88362351 
3.93964794 14.71761239 -10.19392040 7.90763468 -6.50944170 5.13523306 -4.68656239 3.85187751 -3.12128231 2.40448623 -2.24586487 1.38649545 -2.01643989 
3.95301413 14.58865835 -10.02056374 7.70770328 -6.29659050 4.91955536 -4.47569980 3.65134290 -2.93487140 2.23452970 -2.09372704 1.25269874 -1.90096712 
3.96459371 14.73538951 -10.21794254 7.93547680 -6.53922551 5.16555152 -4.71633610 3.88031463 -3.14782577 2.42878134 -2.26769349 1.40575953 -2.03312102 
3.83038228 15.60867249 -11.43483286 9.38822943 -8.13870687 6.83963756 -6.40534000 5.53626111 -4.73302807 3.91505047 -3.63408049 2.63812295 -3.12265012 
3.98597462 14.61487598 -10.05568102 7.74806266 -6.33941233 4.96280432 -4.51784947 3.69130544 -2.97190985 2.26820426 -2.12379084 1.27907178 -1.92367365 
3.99737997 14.75830147 -10.24894765 7.97146155 -6.57777095 5.20483895 -4.75496523 3.91725358 -3.18234439 2.46041039 -2.29614078 1.43088908 -2.05490134 
4.01034507 14.63390041 -10.08120418 7.77744088 -6.37062953 4.99437811 -4.54866347 3.72055970 -2.99905853 2.29291746 -2.14587978 1.29847019 -1.94039264 
4.02162310 14.77491693 -10.27146336 7.99762819 -6.60583572 5.23347932 -4.78315936 3.94424521 -3.20759544 2.48357197 -2.31699320 1.44932685 -2.07089608 
4.03442353 14.65239955 -10.10605556 7.80608230 -6.40110142 5.02523467 -4.57881210 3.74921405 -3.02567891 2.31717429 -2.16758166 1.31754595 -1.95684777 
4.04557704 14.79106517 -10.29337106 8.02311624 -6.63320181 5.26143524 -4.81070694 3.97064303 -3.23231362 2.50626450 -2.33744019 1.46742020 -2.08660368 
4.05821690 14.67039244 -10.13025803 7.83401033 -6.43085000 5.05539351 -4.60831191 3.77728196 -3.05178150 2.34098268 -2.18890222 1.33630301 -1.97304156 
4.06924856 14.80676334 -10.31469192 8.04794801 -6.65989085 5.28872659 -4.83762547 3.99646193 -3.25651123 2.52849786 -2.35748948 1.48517502 -2.10202848 
3.94231915 15.60881200 -11.43503298 9.38847491 -8.13898421 6.83993500 -6.40564712 5.53656892 -4.73332892 3.91533810 -3.63434980 2.63837002 -3.12287209 
4.08950934 14.69362676 -10.16155629 7.87017684 -6.46942625 5.09455262 -4.64666352 3.81381638 -3.08579750 2.37204334 -2.21674651 1.36082371 -1.99423139 
4.10038258 14.82702229 -10.34224173 8.08007312 -6.69445899 5.32411440 -4.87256761 4.03001165 -3.28798573 2.55744488 -2.38361648 1.50833170 -2.12216254 
4.11266290 14.71050767 -10.18432822 7.89652649 -6.49756850 5.12315615 -4.67471144 3.84056682 -3.11073222 2.39483619 -2.23720000 1.37885313 -2.00982601 
4.12342025 14.84173266 -10.36227055 8.10345550 -6.71964803 5.34992873 -4.89808358 4.05453563 -3.31101514 2.57864448 -2.40276757 1.52531953 -2.13694456 
4.00009458 15.60887813 -11.43512783 9.38859127 -8.13911567 6.84007598 -6.40579270 5.53671482 -4.73347153 3.91547444 -3.63447746 2.63848714 -3.12297731 
4.00821364 15.60888712 -11.43514073 9.38860709 -8.13913354 6.84009515 -6.40581249 5.53673466 -4.73349092 3.91549298 -3.63449482 2.63850306 -3.12299162 
4.15066881 14.73765302 -10.22100336 7.93902674 -6.54302550 5.16942216 -4.72013950 3.88394942 -3.15122042 2.43189011 -2.27048807 1.40822697 -2.03525860 
4.16123835 14.86537176 -10.39449929 8.14112871 -6.76028239 5.39162129 -4.93934164 4.09423361 -3.34833349 2.61303236 -2.43386229 1.55292677 -2.16098778 
4.04036424 15.60892202 -11.43519078 9.38866849 -8.13920291 6.84016955 -6.40588931 5.53681165 -4.73356617 3.91556492 -3.63456218 2.63856487 -3.12304714 
4.18056408 14.75851961 -10.24924309 7.97180471 -6.57813881 5.20521416 -4.75533441 3.91760684 -3.18267472 2.46071325 -2.29641334 1.43112998 -2.05511024 
4.19098797 14.88352946 -10.41929093 8.17014882 -6.79162570 5.42382243 -4.97124699 4.12496949 -3.37726035 2.63971691 -2.45801647 1.57439292 -2.17970014 
4.20269706 14.77369649 -10.26980865 7.99570417 -6.60377110 5.23137133 -4.78108326 3.94225676 -3.20573442 2.48186425 -2.31545514 1.44796639 -2.06971547 
4.21301430 14.89672845 -10.43733184 8.19128882 -6.81448112 5.44732609 -4.99455652 4.14744485 -3.39843117 2.65926264 -2.47572255 1.59014009 -2.19343677 
4.22458873 14.78848315 -10.28986647 8.01903704 -6.62882011 5.25695721 -4.80629252 3.96641118 -3.22834954 2.50262397 -2.33415879 1.46451559 -2.08408129 
4.23480147 14.90958176 -10.45491618 8.21191167 -6.83679607 5.47029239 -5.01735078 4.16943979 -3.41916432 2.67841731 -2.49308556 1.60559153 -2.20692322 
4.11854979 15.60900234 -11.43530600 9.38880982 -8.13936259 6.84034080 -6.40606614 5.53698888 -4.73373940 3.91573054 -3.63471725 2.63870713 -3.12317495 
4.12620283 15.60900987 -11.43531680 9.38882307 -8.13937756 6.84035686 -6.40608272 5.53700550 -4.73375564 3.91574607 -3.63473179 2.63872047 -3.12318694 
4.13382670 15.60901732 -11.43532748 9.38883617 -8.13939236 6.84037273 -6.40609911 5.53702192 -4.73377169 3.91576142 -3.63474616 2.63873366 -3.12319878 
4.01517767 14.72669834 -10.20619446 7.92185638 -6.52465089 5.15071105 -4.70175827 3.86638752 -3.13482276 2.41687686 -2.25699512 1.39631602 -2.02494202 
4.01946872 14.68557159 -10.15069961 7.85762504 -6.45603147 5.08094897 -4.63333424 3.80111301 -3.07396474 2.36123423 -2.20705296 1.35228411 -1.98684925 
4.27475975 14.82154043 -10.33478319 8.07137161 -6.68509128 5.31452017 -4.86309001 4.02090783 -3.27944152 2.54958373 -2.37651855 1.50203853 -2.11668900 
4.28473660 14.93829381 -10.49425318 8.25810958 -6.88685124 5.52187448 -5.06860972 4.21896015 -3.46589716 2.72163898 -2.53230468 1.64052666 -2.23744372 
4.29588363 14.83511799 -10.35326183 8.09293555 -6.70831228 5.33830867 -4.88659504 4.04349115 -3.30064142 2.56909298 -2.39413728 1.51766264 -2.13028069 
4.41605794 15.60705702 -11.43251584 9.38538732 -8.13549604 6.83619422 -6.40178469 5.53269804 -4.72954563 3.91172121 -3.63096339 2.63526330 -3.12008112 
4.42923018 15.60709537 -11.43257084 9.38545478 -8.13557225 6.83627595 -6.40186908 5.53278260 -4.72962827 3.91180022 -3.63103736 2.63533116 -3.12014208 
4.44231624 15.60713297 -11.43262477 9.38552093 -8.13564698 6.83635609 -6.40195182 5.53286552 -4.72970931 3.91187769 -3.63110989 2.63539769 -3.12020186 
4.34716496 14.97275964 -10.54157655 8.31380308 -6.94731688 5.58430540 -5.13076561 4.27911605 -3.52276503 2.77432038 -2.58018185 1.68323658 -2.27480856 
4.23761739 15.60911322 -11.43546504 9.38900493 -8.13958302 6.84057721 -6.40631025 5.53723354 -4.73397853 3.91595917 -3.63493132 2.63890353 -3.12335140 
4.12492489 14.80204472 -10.30828076 8.04047838 -6.65185967 5.28051136 -4.82951979 3.98868490 -3.24922032 2.52179685 -2.35144507 1.47982096 -2.09737590 
4.12897446 14.76370744 -10.25627044 7.97996852 -6.58689169 5.21414349 -4.76412169 3.92601664 -3.19053978 2.46792539 -2.30290464 1.43686810 -2.06008681 
4.13253915 14.80706467 -10.31510141 8.04842520 -6.66040399 5.28925157 -4.83814353 3.99695906 -3.25697735 2.52892632 -2.35787600 1.48551744 -2.10232607 
4.00144592 15.60999040 -11.43672330 9.39054849 -8.14132701 6.84244765 -6.40824168 5.53916935 -4.73587069 3.91776822 -3.63662521 2.64045763 -3.12474762 
4.00144592 15.60999040 -11.43672330 9.39054849 -8.14132701 6.84244765 -6.40824168 5.53916935 -4.73587069 3.91776822 -3.63662521 2.64045763 -3.12474762 
4.00144592 15.60999040 -11.43672330 9.39054849 -8.14132701 6.84244765 -6.40824168 5.53916935 -4.73587069 3.91776822 -3.63662521 2.64045763 -3.12474762 
4.00144592 15.60999040 -11.43672330 9.39054849 -8.14132701 6.84244765 -6.40824168 5.53916935 -4.73587069 3.91776822 -3.63662521 2.64045763 -3.12474762 
4.00144592 15.60999040 -11.43672330 9.39054849 -8.14132701 6.84244765 -6.40824168 5.53916935 -4.73587069 3.91776822 -3.63662521 2.64045763 -3.12474762 
3.86640362 14.56635558 -9.99074158 7.67348597 -6.26034365 4.88300331 -4.44012993 3.61766731 -2.90370319 2.20622946 -2.06849285 1.23058843 -1.88195207 
3.86174947 14.61157507 -10.05125602 7.74297315 -6.33400821 4.95734234 -4.51252258 3.68625153 -2.96722268 2.26394015 -2.11998171 1.27572843 -1.92079359 
3.85770974 14.55921992 -9.98121008 7.66256071 -6.24878165 4.87135487 -4.42880477 3.60695468 -2.89379654 2.19724159 -2.06048481 1.22357677 -1.87592610 
3.69608387 15.60848315 -11.43456129 9.38789630 -8.13833050 6.83923392 -6.40492322 5.53584341 -4.73261980 3.91466015 -3.63371503 2.63778766 -3.12234891 
3.68659024 15.60846878 -11.43454067 9.38787101 -8.13830194 6.83920329 -6.40489158 5.53581171 -4.73258882 3.91463052 -3.63368730 2.63776222 -3.12232605 
3.67705132 15.60845420 -11.43451977 9.38784537 -8.13827296 6.83917221 -6.40485950 5.53577955 -4.73255738 3.91460048 -3.63365916 2.63773640 -3.12230286 
3.66746670 15.60843941 -11.43449856 9.38781935 -8.13824357 6.83914069 -6.40482695 5.53574693 -4.73252550 3.91456999 -3.63363062 2.63771022 -3.12227934 
3.65783592 15.60842441 -11.43447704 9.38779295 -8.13821375 6.83910871 -6.40479393 5.53571383 -4.73249315 3.91453907 -3.63360167 2.63768366 -3.12225547 
3.64815853 15.60840919 -11.43445521 9.38776617 -8.13818349 6.83907626 -6.40476042 5.53568026 -4.73246034 3.91450769 -3.63357229 2.63765671 -3.12223126 
3.63843410 15.60839375 -11.43443306 9.38773900 -8.13815279 6.83904334 -6.40472643 5.53564619 -4.73242704 3.91447586 -3.63354249 2.63762936 -3.12220669 
3.62866215 15.60837807 -11.43441058 9.38771143 -8.13812164 6.83900993 -6.40469194 5.53561162 -4.73239325 3.91444356 -3.63351224 2.63760161 -3.12218177 
3.45608219 14.11978471 -9.40351941 7.01041939 -5.56874262 4.19583674 -3.78092153 3.00209804 -2.34143909 1.70201857 -1.62416788 0.84553721 -1.55426402 
3.43864040 14.29198502 -9.62772296 7.26116150 -5.82782652 4.45092624 -4.02346724 3.22663646 -2.54482121 1.88295255 -1.78240370 0.98168309 -1.66933091 
3.58908979 15.60831303 -11.43431728 9.38759698 -8.13799234 6.83887127 -6.40454876 5.53546812 -4.73225300 3.91430947 -3.63338670 2.63748644 -3.12207830 
3.57907314 15.60829615 -11.43429307 9.38756729 -8.13795880 6.83883529 -6.40451161 5.53543089 -4.73221661 3.91427469 -3.63335413 2.63745656 -3.12205145 
3.56900607 15.60827902 -11.43426850 9.38753715 -8.13792474 6.83879877 -6.40447390 5.53539310 -4.73217967 3.91423937 -3.63332106 2.63742622 -3.12202420 
3.39124893 14.04757351 -9.31033240 6.90709075 -5.46286434 4.09242550 -3.68336035 2.91246093 -2.26083826 1.63080713 -1.56229608 0.79262826 -1.50980866 
3.37318559 14.22587647 -9.54131934 7.16417398 -5.72725341 4.35156356 -3.92867657 3.13860173 -2.46483523 1.81158798 -1.71982014 0.92769771 -1.62359178 
3.52822327 15.60820782 -11.43416638 9.38741188 -8.13778322 6.83864700 -6.40431720 5.53523605 -4.73202617 3.91409262 -3.63318366 2.63730017 -3.12191095 
3.34683995 13.99652125 -9.24474641 6.83468176 -5.38898172 4.02055723 -3.61582484 2.85064745 -2.20546057 1.58205030 -1.52007299 0.75663252 -1.47965306 
3.32833736 14.17905942 -9.48037906 7.09603739 -5.65686794 4.28228090 -3.86281769 3.07764804 -2.40963878 1.76249603 -1.67689723 0.89077559 -1.59239336 
3.31288022 13.95659351 -9.19362251 6.77842032 -5.33175471 3.96505775 -3.56382343 2.80318636 -2.16305671 1.54481196 -1.48790310 0.72926939 -1.45677917 
3.29403410 14.14239959 -9.43280437 7.04299957 -5.60223493 4.22865053 -3.81197255 3.03071043 -2.36723952 1.72487398 -1.64407562 0.86260109 -1.56863373 
3.27833972 13.91518241 -9.14075738 6.72040984 -5.27291392 3.90814686 -3.51063893 2.75476828 -2.11990330 1.50700239 -1.45531060 0.70160286 -1.43369643 
3.25913725 14.10433759 -9.38354398 6.98822591 -5.54595743 4.17354102 -3.75984913 2.98270337 -2.32397027 1.68656028 -1.61071686 0.83401861 -1.54457285 
3.24319847 13.87221189 -9.08607149 6.66058066 -5.21240519 3.84978658 -3.45624815 2.70538228 -2.07599878 1.46862649 -1.42230443 0.67364395 -1.41041659 
3.22362610 14.06479987 -9.33251809 6.93164338 -5.48797538 4.11690692 -3.70641612 2.93360789 -2.27982206 1.64755337 -1.57682453 0.80503496 -1.52021929 
3.20743542 13.82760070 -9.02948066 6.59885982 -5.15017253 3.78993842 -3.40062838 2.65501856 -2.03134311 1.42969079 -1.38889514 0.64540515 -1.38695265 
3.18747884 14.02370783 -9.27964207 6.87317522 -5.42822632 4.05870169 -3.65164215 2.88340571 -2.23478711 1.60785313 -1.54240376 0.77565840 -1.49558294 
3.35622961 15.60787351 -11.43368688 9.38682371 -8.13711874 6.83793439 -6.40358141 5.53449864 -4.73130545 3.91340359 -3.63253854 2.63670832 -3.12137926 
3.34497263 15.60784956 -11.43365253 9.38678157 -8.13707114 6.83788334 -6.40352870 5.53444582 -4.73125382 3.91335424 -3.63249233 2.63666593 -3.12134118 
3.14638790 13.74936435 -8.93068487 6.49157876 -5.04246254 3.68677910 -3.30513792 2.56888392 -1.95525307 1.36357753 -1.33235144 0.59775743 -1.34747665 
3.12575683 13.95153596 -9.18715746 6.77131690 -5.32454058 3.95807183 -3.55728730 2.79722928 -2.15774158 1.54015025 -1.48388074 0.72585188 -1.45392541 
3.10885521 13.69993706 -8.86856368 6.42442970 -4.97534492 3.62277193 -3.24613491 2.51587560 -1.90860755 1.32319529 -1.29793249 0.56884558 -1.32359596 
2.85016756 15.59599781 -11.41666033 9.36594600 -8.11354053 6.81265696 -6.37749011 5.50835798 -4.70576345 3.88899152 -3.60968777 2.61574970 -3.10255495 
2.58176422 12.78876608 -7.76402232 5.27094823 -3.86014851 2.59229641 -2.32455443 1.71156586 -1.22009382 0.74207934 -0.81414147 0.17102288 -1.00156489 
2.21132104 15.55119215 -11.35253784 9.28745457 -8.02504098 6.71792629 -6.27985369 5.41067434 -4.61044440 3.79800369 -3.52461997 2.53781248 -3.03262759 
2.15072426 15.54758994 -11.34739066 9.28116324 -8.01795743 6.71035409 -6.27205915 5.40288549 -4.60285285 3.79076496 -3.51785915 2.53162432 -3.02708043 
2.08823444 15.54364861 -11.34176028 9.27428288 -8.01021237 6.70207648 -6.26354018 5.39437434 -4.59455880 3.78285772 -3.51047514 2.52486676 -3.02102371 
2.02372950 15.53932451 -11.33558477 9.26673826 -8.00172161 6.69300396 -6.25420516 5.38504984 -4.58547394 3.77419817 -3.50239001 2.51746880 -3.01439404 
1.95707518 15.53456683 -11.32879200 9.25844186 -7.99238726 6.68303256 -6.24394771 5.37480629 -4.57549582 3.76468912 -3.49351346 2.50934814 -3.00711796 
1.88812334 15.52931606 -11.32129768 9.24929139 -7.98209500 6.67204091 -6.23264374 5.36352050 -4.56450509 3.75421745 -3.48374040 2.50040909 -2.99911013 
2.20750834 12.66204542 -7.61647566 5.12279380 -3.72234364 2.46961636 -2.21875377 1.62243152 -1.14635027 0.68176959 -0.76538032 0.13196570 -0.97073303 
2.16617514 11.95891542 -6.82446636 4.35231767 -3.02733808 1.86849888 -1.71445662 1.20859116 -0.81237515 0.41458438 -0.55356019 -0.03493046 -0.84100881 
1.69171326 15.51232966 -11.29707077 9.21973078 -7.94886742 6.63657732 -6.19619396 5.32714976 -4.52910422 3.72050540 -3.45229235 2.47165760 -2.97336460 
1.61278640 15.50456588 -11.28600655 9.20624095 -7.93371517 6.62041656 -6.17959471 5.31059692 -4.51300240 3.70518036 -3.43800408 2.45860101 -2.96167856 
1.53061777 15.49584899 -11.27359070 9.19111083 -7.91672872 6.60230782 -6.16100282 5.29206476 -4.49498238 3.68803611 -3.42202534 2.44400452 -2.94861838 
1.44492974 15.48601823 -11.25959677 9.17406736 -7.89760460 6.58193076 -6.14009243 5.27123142 -4.47473388 3.66877985 -3.40408536 2.42762261 -2.93396588 
1.35540744 15.47487786 -11.24374949 9.15477913 -7.87597505 6.55889764 -6.11646975 5.24770839 -4.45188287 3.64705906 -3.38385849 2.40916029 -2.91745924 
1.76993851 11.75429732 -6.60243818 4.14400666 -2.84599062 1.71684792 -1.59130106 1.11062873 -0.73563237 0.35476260 -0.50720491 -0.07079428 -0.81360890 
1.72145526 10.87457765 -5.69101148 3.32567874 -2.16317131 1.16777621 -1.16156647 0.78042267 -0.48516060 0.16458152 -0.36298460 -0.18076706 -0.73073747 
2.12468004 8.40013689 -3.49944366 1.62366083 -0.92454325 0.28406136 -0.54088918 0.34762343 -0.18465380 -0.05101210 -0.20553674 -0.30067225 -0.64132145 
2.33433720 12.42977090 -7.34984831 4.85871002 -3.47996495 2.25655646 -2.03723682 1.47128699 -1.02269063 0.58164527 -0.68515846 0.06820579 -0.92076880 
1.93037838 15.57511821 -11.38675602 9.32931404 -8.07220924 6.76838663 -6.33183333 5.46265194 -4.66113860 3.84637174 -3.56982105 2.57920756 -3.06975387 
2.26404585 12.64647085 -7.59844312 5.10478500 -3.70568149 2.45485772 -2.20608774 1.61181071 -1.13760272 0.67464455 -0.75964086 0.12738312 -0.96712646 
2.23985770 12.23864798 -7.13415688 4.64854899 -3.29013855 2.09220463 -1.89924786 1.35798504 -0.93122048 0.50845822 -0.62713956 0.02250214 -0.88525431 
1.81248245 15.57080828 -11.38058822 9.32176441 -8.06369730 6.75927570 -6.32244326 5.45325764 -4.65197199 3.83762191 -3.56164076 2.57171316 -3.06302987 
1.76330708 15.56885872 -11.37779882 9.31835073 -8.05984920 6.75515751 -6.31819959 5.44901271 -4.64783057 3.83366935 -3.55794595 2.56832858 -3.05999356 
1.31314996 9.67291702 -4.55845501 2.39625437 -1.45216793 0.63938732 -0.77732127 0.50453885 -0.28862892 0.02196541 -0.25834750 -0.25963050 -0.67212891 
0.49103590 15.30552473 -11.00426902 8.86492992 -7.55268036 6.21637297 -5.76688453 4.90121246 -4.11677141 3.32984732 -3.08962305 2.14158203 -2.67905629 
1.11780997 10.01727465 -4.86979432 2.64161066 -1.63248077 0.76857391 -0.86809663 0.56768207 -0.33229983 0.05308358 -0.28093004 -0.24255451 -0.68481262 
1.05925542 8.81180270 -3.82619910 1.85142018 -1.07322608 0.38041385 -0.60284823 0.38755491 -0.21039056 -0.03303234 -0.21859109 -0.29025110 -0.64922187 
0.94517462 9.46851626 -4.37866043 2.25821587 -1.35325961 0.57007949 -0.72959230 0.47192916 -0.26644387 0.00628191 -0.24700317 -0.26826598 -0.66569882 
1.84007364 11.76636007 -6.61542193 4.15609368 -2.85643325 1.72551817 -1.59829400 1.11615496 -0.73993489 0.35809890 -0.50977860 -0.06880971 -0.81512035 
1.81176929 11.25911178 -6.08081161 3.66829167 -2.44309217 1.38844849 -1.33101808 0.90828776 -0.58049761 0.23597677 -0.41652533 -0.14021489 -0.76109647 
1.76825265 11.59926478 -6.43674234 3.99079551 -2.71449176 1.60833697 -1.50429303 1.04224974 -0.68267155 0.31387366 -0.47577763 -0.09496412 -0.79524663 
2.42789130 12.83103848 -7.81356994 5.32101922 -3.90701310 2.63426558 -2.36095677 1.74240287 -1.24574045 0.76315377 -0.83125421 0.18478164 -1.01246484 
2.42035691 12.70696751 -7.66861192 5.17498176 -3.77073803 2.51257404 -2.25569688 1.65347095 -1.17196365 0.70266789 -0.78224077 0.14544573 -0.98135551 
2.05959165 15.60226277 -11.42564098 9.37695608 -8.12597274 6.82598309 -6.39124330 5.52213528 -4.71922345 3.90185448 -3.62172665 2.62679050 -3.11247039 
2.03800934 15.60209460 -11.42539986 9.37666042 -8.12563884 6.82562512 -6.39087380 5.52176507 -4.71886172 3.90150875 -3.62140303 2.62649367 -3.11220379 
1.66411521 10.87479321 -5.69122626 3.32586442 -2.16332057 1.16789213 -1.16165423 0.78048802 -0.48520873 0.16461722 -0.36301118 -0.18074700 -0.73075244 
1.61673079 11.22838086 -6.04916991 3.64006390 -2.41969571 1.36975929 -1.31648803 0.89719646 -0.57213883 0.22966520 -0.41176175 -0.14383515 -0.75837705 
1.32198108 4.07695446 -0.97320920 0.24856387 -0.19930632 -0.13147219 -0.29610335 0.19837483 -0.09680715 -0.11867471 -0.15432261 -0.35045448 -0.60244255 
-1.06248850 14.47043376 -9.86301733 7.52752751 -6.10633161 4.72827684 -4.29010768 3.47613263 -2.77314861 2.08806676 -1.96345135 1.13881319 -1.80323961 
-1.39426589 14.14654085 -9.43817228 7.04897708 -5.60838540 4.23468169 -3.81768456 3.03597818 -2.37199333 1.72908832 -1.64774905 0.86575184 -1.57128871 
-1.18010815 -12.81713113 -6.87050488 -4.44742835 -3.06241632 -2.25025858 -1.63495014 -0.83232644 -0.82573627 -0.69230608 -0.54608080 -0.67132234 -0.77085636 
-1.45024639 -7.00885669 -2.00445442 -0.77269873 -0.41325223 -0.36079941 -0.30912467 0.11849345 -0.13422893 -0.18168380 -0.17358033 -0.40083324 -0.58627406 
-0.93758170 -5.33032132 -1.15443009 -0.37430348 -0.23385252 -0.27165343 -0.26938837 0.14468466 -0.11430400 -0.16391494 -0.16076702 -0.39050839 -0.58348056 
-0.11072689 -14.80397998 -9.22974747 -6.86359097 -5.35372514 -4.32615822 -3.45537389 -2.39566945 -2.14528046 -1.78942675 -1.44404854 -1.39533238 -1.34463682 
0.00479824 15.38458378 -11.11573176 8.99945353 -7.70231773 6.37449871 -5.92786664 5.06038992 -4.27036677 3.47492390 -3.22391583 2.26347268 -2.78745837 
-0.11883412 15.35705642 -11.07685533 8.95245772 -7.64996066 6.31908976 -5.87137682 5.00445766 -4.21632624 3.42381837 -3.17655461 2.22043885 -2.74914761 
1.50247203 5.55041171 -1.64900649 0.53946492 -0.31970903 -0.06868504 -0.33128045 0.21972994 -0.10753900 -0.10779659 -0.16271895 -0.33980469 -0.61080042 
1.75700390 11.27006110 -6.09210602 3.67838513 -2.45147234 1.39515316 -1.33623845 0.91227823 -0.58350890 0.23825289 -0.41824462 -0.13890763 -0.76207890 
1.21805442 15.59212056 -11.41110420 9.35913640 -8.10585359 6.80441959 -6.36899100 5.49984611 -4.69744960 3.88104823 -3.60225494 2.60893445 -3.09643550 
1.71738120 11.32333031 -6.14720848 3.72776122 -2.49257482 1.42811780 -1.36196447 0.93198590 -0.59841089 0.24953490 -0.42677754 -0.13241462 -0.76696211 
1.70757343 11.14444284 -5.96317826 3.56371931 -2.35671389 1.31966677 -1.27770245 0.86770355 -0.54999151 0.21298917 -0.39920364 -0.15336712 -0.75122576 
1.15157090 15.59089954 -11.40935475 9.35699260 -8.10343395 6.80182704 -6.36631643 5.49716786 -4.69483397 3.87854947 -3.59991701 2.60679098 -3.09451105 
1.11748164 15.59024165 -11.40841221 9.35583766 -8.10213047 6.80043049 -6.36487577 5.49572528 -4.69342519 3.87720369 -3.59865789 2.60563664 -3.09347470 
1.08280130 15.58954924 -11.40742024 9.35462221 -8.10075875 6.79896088 -6.36335979 5.49420735 -4.69194286 3.87578768 -3.59733312 2.60442214 -3.09238436 
1.04750901 15.58881985 -11.40637534 9.35334196 -8.09931396 6.79741305 -6.36176318 5.49260872 -4.69038179 3.87429651 -3.59593806 2.60314323 -3.09123623 
1.58889016 10.99409931 -5.81074356 3.42972109 -2.24722994 1.23335917 -1.21143408 0.81770590 -0.51271979 0.18508331 -0.37828097 -0.16921089 -0.73936664 
1.57866229 10.80356959 -5.62048690 3.26489788 -2.11445625 1.13004651 -1.13307506 0.75925762 -0.46960888 0.15306350 -0.35441934 -0.18722908 -0.72591929 
0.97499948 15.58723918 -11.40411111 9.35056792 -8.09618361 6.79405965 -6.35830431 5.48914570 -4.68700029 3.87106660 -3.59291647 2.60037336 -3.08874970 
0.93773455 15.58638179 -11.40288304 9.34906345 -8.09448601 6.79224121 -6.35642881 5.48726805 -4.68516695 3.86931554 -3.59127844 2.59887185 -3.08740185 
0.89976215 15.58547514 -11.40158447 9.34747270 -8.09269116 6.79031869 -6.35444604 5.48528311 -4.68322893 3.86746456 -3.58954700 2.59728478 -3.08597724 
0.86105489 15.58451537 -11.40020992 9.34578898 -8.09079150 6.78828401 -6.35234770 5.48318256 -4.68117813 3.86550596 -3.58771496 2.59560555 -3.08446996 
1.45205216 10.62227581 -5.44248293 3.11315930 -1.99412600 1.03775028 -1.06400727 0.70837910 -0.43251381 0.12574377 -0.33418563 -0.20247328 -0.71457120 
1.44138504 10.41869886 -5.24611707 2.94858182 -1.86574454 0.94073978 -0.99241701 0.65631649 -0.39500433 0.09834700 -0.31401153 -0.21765296 -0.70329220 
0.78131803 15.58241924 -11.39720818 9.34211240 -8.08664377 6.78384184 -6.34776691 5.47859732 -4.67670179 3.86123115 -3.58371664 2.59194096 -3.08118079 
0.74022504 15.58127310 -11.39556704 9.34010249 -8.08437652 6.78141386 -6.34526338 5.47609154 -4.67425572 3.85889537 -3.58153208 2.58993888 -3.07938392 
0.69827007 15.58005421 -11.39382187 9.33796533 -8.08196587 6.77883248 -6.34260184 5.47342778 -4.67165557 3.85641260 -3.57921016 2.58781100 -3.07747423 
1.33585560 10.28858876 -5.12256225 2.84656314 -1.78730925 0.88224303 -0.94977168 0.62564877 -0.37313641 0.08248422 -0.30238352 -0.22640007 -0.69679943 
1.32482747 10.07338324 -4.92152721 2.68314251 -1.66355311 0.79118898 -0.88421663 0.57903972 -0.34024752 0.05878271 -0.28507908 -0.23942715 -0.68713334 
1.30579185 10.19947627 -5.03881453 2.77809516 -1.73517293 0.84369485 -0.92189334 0.60574652 -0.35904015 0.07230260 -0.29493993 -0.23200136 -0.69264313 
1.29467280 9.98117703 -4.83666066 2.61512369 -1.61274609 0.75426326 -0.85793029 0.56054091 -0.32731660 0.04951587 -0.27833493 -0.24451174 -0.68336003 
1.27530110 10.10790650 -4.95349808 2.70891646 -1.68291418 0.80533110 -0.89433044 0.58618688 -0.34526257 0.06238461 -0.28770363 -0.23744989 -0.68860048 
1.26409108 9.88643309 -4.75025024 2.54646549 -1.56189051 0.71757644 -0.83199137 0.54239826 -0.31470584 0.04050677 -0.27178913 -0.24945334 -0.67969153 
1.24437212 10.01378052 -4.86658200 2.63903886 -1.63056179 0.76718056 -0.86710562 0.56698520 -0.33181306 0.05273489 -0.28067633 -0.24274581 -0.68467065 
1.23307125 9.78904934 -4.66226822 2.47718372 -1.51101754 0.68115768 -0.80642159 0.52462572 -0.30242320 0.03175884 -0.26544257 -0.25425272 -0.67612668 
1.21299331 9.91699411 -4.77803549 2.56847640 -1.57814675 0.72927337 -0.84024204 0.54815685 -0.31870078 0.04335773 -0.27385946 -0.24788957 -0.68085261 
1.62575907 15.60999040 -11.43672330 9.39054849 -8.14132701 6.84244765 -6.40824168 5.53916935 -4.73587069 3.91776822 -3.63662521 2.64045763 -3.12474762 
1.20160183 9.68891820 -4.57268729 2.40729664 -1.46016055 0.64503740 -0.78124309 0.50723709 -0.29047633 0.02327511 -0.25929578 -0.25891086 -0.67266413 
1.18115266 9.81743733 -4.68782805 2.49724558 -1.52570239 0.69164103 -0.81376337 0.52971713 -0.30593456 0.03425702 -0.26725408 -0.25288188 -0.67714515 
2.03839512 11.93412162 -6.79736059 4.32670315 -3.00488285 1.84959765 -1.69901099 1.19623235 -0.80263933 0.40695921 -0.54762755 -0.03953441 -0.83748131 
2.04712345 12.08565595 -6.96389795 4.48487789 -3.14423680 1.96744505 -1.79574560 1.27396613 -0.86412380 0.45528285 -0.58533911 -0.01020002 -0.86000679 
1.62575907 15.60999040 -11.43672330 9.39054849 -8.14132701 6.84244765 -6.40824168 5.53916935 -4.73587069 3.91776822 -3.63662521 2.64045763 -3.12474762 
1.20160183 9.68891820 -4.57268729 2.40729664 -1.46016055 0.64503740 -0.78124309 0.50723709 -0.29047633 0.02327511 -0.25929578 -0.25891086 -0.67266413 
1.18115266 9.81743733 -4.68782805 2.49724558 -1.52570239 0.69164103 -0.81376337 0.52971713 -0.30593456 0.03425702 -0.26725408 -0.25288188 -0.67714515 
1.16967101 9.58592622 -4.48148072 2.33682520 -1.40935530 0.60924724 -0.75647833 0.49024598 -0.27887249 0.01505821 -0.25334896 -0.26342903 -0.66930236 
0.37701272 15.56885872 -11.37779882 9.31835073 -8.05984920 6.75515751 -6.31819959 5.44901271 -4.64783057 3.83366935 -3.55794595 2.56832858 -3.05999356 
-0.32342557 2.23458901 -0.39681973 0.05984442 -0.13940886 -0.16841110 -0.27409911 0.18375004 -0.09193424 -0.12747887 -0.14883184 -0.36033887 -0.59500920 
-0.86885379 -3.43016291 -0.49143136 -0.14008878 -0.15163614 -0.22949023 -0.25639439 0.15816079 -0.10238903 -0.15112016 -0.15241151 -0.38221587 -0.58362840 
-0.10697706 15.09046499 -10.70404189 8.50596445 -7.15695680 5.80176644 -5.34824115 4.49050440 -3.72342870 2.96094307 -2.75041888 1.83563501 -2.40858103 
