8.87288924 -1.33320346 -0.12803086 -0.04445946 -0.12721815 -0.20594316 -0.25634447 0.16736231 -0.09499493 -0.14115160 -0.14783557 -0.37452215 -0.58617441 
3.37639643 4.07758956 -0.97345933 0.24865866 -0.19934091 -0.13145366 -0.29611398 0.19838153 -0.09681009 -0.11867101 -0.15432531 -0.35045053 -0.60244560 
2.67824382 -6.48015216 -1.70992940 -0.62374836 -0.34162854 -0.32433159 -0.29185448 0.12931080 -0.12637380 -0.17505174 -0.16876040 -0.39709548 -0.58497388 
3.65495421 12.29782480 -7.20058452 4.71293968 -3.34800549 2.14206589 -1.94091778 1.39204838 -0.95860412 0.53028651 -0.64438631 0.03605073 -0.89575508 
4.23113668 13.23313690 -8.29309863 5.81380777 -4.37589078 3.06083145 -2.73664335 2.06539305 -1.51821029 0.98998554 -1.01767071 0.33626889 -1.13370128 
4.36913129 15.11569459 -10.73903653 8.54754907 -7.20252829 5.84924173 -5.39591652 4.53702995 -3.76776225 3.00232326 -2.78829485 1.86965116 -2.43853095 
4.17182276 14.98662741 -10.56064953 8.33628535 -6.97176318 5.60958353 -5.15596822 4.30354116 -3.54588547 2.79576544 -2.59969426 1.70066246 -2.29006976 
3.58182419 8.54794917 -3.61503587 1.70310709 -0.97570233 0.31684753 -0.56177240 0.36097762 -0.19319688 -0.04504138 -0.20988178 -0.29716991 -0.64398535 
2.36648699 12.60635373 -7.55209713 5.05859831 -3.66303710 2.41715952 -2.17379614 1.58478269 -1.11538052 0.65657251 -0.74510384 0.11579037 -0.95801326 
1.99413321 15.60174138 -11.42489344 9.37603945 -8.12493754 6.82487329 -6.39009776 5.52098757 -4.71810202 3.90078266 -3.62072338 2.62587030 -3.11164390 
1.97182884 15.60155582 -11.42462740 9.37571325 -8.12456915 6.82447835 -6.38969012 5.52057916 -4.71770297 3.90040127 -3.62036638 2.62554287 -3.11134981 
2.66109405 10.01297300 -4.86583976 2.63844474 -1.63011857 0.76685879 -0.86687680 0.56682432 -0.33170070 0.05265441 -0.28061778 -0.24278997 -0.68463788 
3.07549181 15.60718802 -11.43270372 9.38561777 -8.13575637 6.83647340 -6.40207294 5.53298690 -4.72982794 3.91199110 -3.63121607 2.63549510 -3.12028936 
3.08836726 15.60722384 -11.43275509 9.38568078 -8.13582756 6.83654973 -6.40215175 5.53306589 -4.72990514 3.91206490 -3.63128517 2.63555849 -3.12034630 
3.10116035 15.60725897 -11.43280549 9.38574259 -8.13589739 6.83662462 -6.40222907 5.53314337 -4.72998086 3.91213729 -3.63135295 2.63562066 -3.12040216 
2.90369529 13.58400917 -8.72375770 6.26882981 -4.82071520 3.47612443 -3.11167798 2.39570625 -1.80339057 1.23253184 -1.22099672 0.50448167 -1.27063850 
2.91148253 13.50890208 -8.63060958 6.16942676 -4.72259526 3.38366953 -3.02743915 2.32087463 -1.73825210 1.17670928 -1.17386894 0.46524086 -1.23849747 
2.91763150 13.60335688 -8.74783789 6.29461484 -4.84625223 3.50026395 -3.13374045 2.41536360 -1.82055091 1.24727746 -1.23347693 0.51489733 -1.27918852 
2.66334666 15.60999040 -11.43672330 9.39054849 -8.14132701 6.84244765 -6.40824168 5.53916935 -4.73587069 3.91776822 -3.63662521 2.64045763 -3.12474762 
2.92535985 13.52872616 -8.65514449 6.19555674 -4.74833746 3.40787988 -3.04945777 2.34039981 -1.75521921 1.19122670 -1.18610689 0.47541679 -1.24682137 
2.93147252 13.62242870 -8.77160886 6.32010405 -4.87153047 3.52418989 -3.15563527 2.43489536 -1.83762160 1.26196213 -1.24591835 0.52529044 -1.28772776 
2.93914285 13.54827028 -8.67936870 6.22139265 -4.77382542 3.43188316 -3.07131635 2.35980735 -1.77210443 1.20569029 -1.19831231 0.48557549 -1.25513884 
3.15152977 15.60739304 -11.43299776 9.38597843 -8.13616382 6.83691033 -6.40252406 5.53343900 -4.73026980 3.91241351 -3.63161156 2.63585791 -3.12061529 
3.16392639 15.60742501 -11.43304362 9.38603468 -8.13622736 6.83697847 -6.40259442 5.53350951 -4.73033871 3.91247939 -3.63167324 2.63591450 -3.12066612 
3.17624664 15.60745640 -11.43308864 9.38608990 -8.13628974 6.83704537 -6.40266349 5.53357873 -4.73040636 3.91254406 -3.63173379 2.63597005 -3.12071603 
2.98590971 13.69606282 -8.86370410 6.41918684 -4.97011430 3.61779265 -3.24155290 2.51176606 -1.90499716 1.32007444 -1.29527631 0.56661735 -1.32175782 
2.99335627 13.62375354 -8.77326138 6.32187733 -4.87329034 3.52585675 -3.15716165 2.43625787 -1.83881318 1.26298775 -1.24678777 0.52601709 -1.28832507 
3.20066177 15.60751747 -11.43317623 9.38619734 -8.13641111 6.83717553 -6.40279788 5.53371341 -4.73053799 3.91266990 -3.63185161 2.63607813 -3.12081312 
3.21275847 15.60754718 -11.43321884 9.38624961 -8.13647016 6.83723885 -6.40286326 5.53377893 -4.73060203 3.91273112 -3.63190893 2.63613072 -3.12086036 
3.02579805 13.74864240 -8.92977586 6.49059447 -5.04147704 3.68583773 -3.30426878 2.56810189 -1.95456389 1.36298007 -1.33184154 0.59732860 -1.34712204 
2.78646245 15.60999040 -11.43672330 9.39054849 -8.14132701 6.84244765 -6.40824168 5.53916935 -4.73587069 3.91776822 -3.63662521 2.64045763 -3.12474762 
2.78646245 15.60999040 -11.43672330 9.39054849 -8.14132701 6.84244765 -6.40824168 5.53916935 -4.73587069 3.91776822 -3.63662521 2.64045763 -3.12474762 
2.78646245 15.60999040 -11.43672330 9.39054849 -8.14132701 6.84244765 -6.40824168 5.53916935 -4.73587069 3.91776822 -3.63662521 2.64045763 -3.12474762 
2.78646245 15.60999040 -11.43672330 9.39054849 -8.14132701 6.84244765 -6.40824168 5.53916935 -4.73587069 3.91776822 -3.63662521 2.64045763 -3.12474762 
2.78646245 15.60999040 -11.43672330 9.39054849 -8.14132701 6.84244765 -6.40824168 5.53916935 -4.73587069 3.91776822 -3.63662521 2.64045763 -3.12474762 
3.26967332 11.57882894 -6.41506326 3.97089333 -2.69752932 1.59443135 -1.49321260 1.03359323 -0.67600433 0.30875008 -0.47185497 -0.09797265 -0.79296690 
3.43864040 14.29198502 -9.62772296 7.26116150 -5.82782652 4.45092624 -4.02346724 3.22663646 -2.54482121 1.88295255 -1.78240370 0.98168309 -1.66933091 
3.26042664 15.60766083 -11.43338184 9.38644954 -8.13669603 6.83748107 -6.40311336 5.53402957 -4.73084700 3.91296531 -3.63212819 2.63633186 -3.12104107 
3.27216826 15.60768800 -11.43342081 9.38649735 -8.13675004 6.83753899 -6.40317316 5.53408950 -4.73090557 3.91302130 -3.63218061 2.63637996 -3.12108427 
3.09057932 13.83160363 -9.03455091 6.60438169 -5.15573234 3.79527795 -3.40558412 2.65950027 -2.03531199 1.43314729 -1.39185780 0.64790677 -1.38902925 
3.09761479 13.76280847 -8.94762120 6.50992710 -5.06084257 3.70434430 -3.32136298 2.58348935 -1.96812982 1.37474517 -1.34188592 0.60577883 -1.35411204 
3.10329023 13.84753345 -9.05474301 6.62638801 -5.17790519 3.81658647 -3.42537386 2.67740821 -2.05118034 1.44697489 -1.40371615 0.65792469 -1.39734913 
2.87406769 15.60999040 -11.43672330 9.39054849 -8.14132701 6.84244765 -6.40824168 5.53916935 -4.73587069 3.91776822 -3.63662521 2.64045763 -3.12474762 
2.87406769 15.60999040 -11.43672330 9.39054849 -8.14132701 6.84244765 -6.40824168 5.53916935 -4.73587069 3.91776822 -3.63662521 2.64045763 -3.12474762 
2.87406769 15.60999040 -11.43672330 9.39054849 -8.14132701 6.84244765 -6.40824168 5.53916935 -4.73587069 3.91776822 -3.63662521 2.64045763 -3.12474762 
2.87406769 15.60999040 -11.43672330 9.39054849 -8.14132701 6.84244765 -6.40824168 5.53916935 -4.73587069 3.91776822 -3.63662521 2.64045763 -3.12474762 
2.87406769 15.60999040 -11.43672330 9.39054849 -8.14132701 6.84244765 -6.40824168 5.53916935 -4.73587069 3.91776822 -3.63662521 2.64045763 -3.12474762 
2.87406769 15.60999040 -11.43672330 9.39054849 -8.14132701 6.84244765 -6.40824168 5.53916935 -4.73587069 3.91776822 -3.63662521 2.64045763 -3.12474762 
3.11027743 13.77916102 -8.96824421 6.53229331 -5.08327072 3.72579957 -3.34120051 2.60136340 -1.98390257 1.38843602 -1.35358396 0.61562771 -1.36226490 
3.11592173 13.86325180 -9.07469036 6.64815208 -5.19985806 3.83770589 -3.44500806 2.69519304 -2.06695466 1.46073290 -1.41552480 0.66790850 -1.40564691 
2.88830263 15.60999040 -11.43672330 9.39054849 -8.14132701 6.84244765 -6.40824168 5.53916935 -4.73587069 3.91776822 -3.63662521 2.64045763 -3.12474762 
2.88830263 15.60999040 -11.43672330 9.39054849 -8.14132701 6.84244765 -6.40824168 5.53916935 -4.73587069 3.91776822 -3.63662521 2.64045763 -3.12474762 
3.12286131 13.79529855 -8.98862056 6.55441769 -5.10548150 3.74707002 -3.36088794 2.61912033 -1.99958739 1.40206312 -1.36523766 0.62544719 -1.37039970 
3.31845730 15.60779207 -11.43357008 9.38668044 -8.13695689 6.83776082 -6.40340219 5.53431904 -4.73112991 3.91323578 -3.63238141 2.63656418 -3.12124977 
3.14095034 13.89406928 -9.11386640 6.69096690 -5.24311407 3.87938425 -3.48381380 2.73039490 -2.09822098 1.48803871 -1.43899093 0.68777130 -1.42217370 
3.14779658 13.82694387 -9.02864885 6.59795406 -5.14926070 3.78906285 -3.39981587 2.65428388 -2.03069259 1.42912433 -1.38840967 0.64499528 -1.38661245 
3.15334936 13.90917577 -9.13310270 6.71202424 -5.26442224 3.89994663 -3.50298735 2.74781276 -2.11371293 1.50158589 -1.45064742 0.69764915 -1.43040151 
3.16014984 13.84245910 -9.04830836 6.61937251 -5.17083393 3.80978840 -3.41905811 2.67169108 -2.04611270 1.44255762 -1.39992686 0.65472264 -1.39468914 
3.16567276 13.92408554 -9.15210948 6.73285248 -5.28552047 3.92032675 -3.52200936 2.76510917 -2.12911075 1.51506221 -1.46225224 0.70749056 -1.43860484 
2.94425033 15.60999040 -11.43672330 9.39054849 -8.14132701 6.84244765 -6.40824168 5.53916935 -4.73587069 3.91776822 -3.63662521 2.64045763 -3.12474762 
2.94425033 15.60999040 -11.43672330 9.39054849 -8.14132701 6.84244765 -6.40824168 5.53916935 -4.73587069 3.91776822 -3.63662521 2.64045763 -3.12474762 
2.71677053 13.21487508 -8.27099668 5.79077099 -4.35366850 3.04034869 -2.71837532 2.04949665 -1.50464489 0.97857254 -1.00819969 0.32850554 -1.12743696 
2.70810480 13.29674245 -8.37032026 5.89453882 -4.45399730 3.13302740 -2.80120932 2.12172539 -1.56640440 1.03062802 -1.05147137 0.36402990 -1.15614406 
2.93040944 15.60999040 -11.43672330 9.39054849 -8.14132701 6.84244765 -6.40824168 5.53916935 -4.73587069 3.91776822 -3.63662521 2.64045763 -3.12474762 
2.93040944 15.60999040 -11.43672330 9.39054849 -8.14132701 6.84244765 -6.40824168 5.53916935 -4.73587069 3.91776822 -3.63662521 2.64045763 -3.12474762 
3.16014984 13.84245910 -9.04830836 6.61937251 -5.17083393 3.80978840 -3.41905811 2.67169108 -2.04611270 1.44255762 -1.39992686 0.65472264 -1.39468914 
3.16567276 13.92408554 -9.15210948 6.73285248 -5.28552047 3.92032675 -3.52200936 2.76510917 -2.12911075 1.51506221 -1.46225224 0.70749056 -1.43860484 
2.94425033 15.60999040 -11.43672330 9.39054849 -8.14132701 6.84244765 -6.40824168 5.53916935 -4.73587069 3.91776822 -3.63662521 2.64045763 -3.12474762 
3.17242809 13.85777420 -9.06773638 6.64056200 -5.19219942 3.83033550 -3.43815372 2.68898233 -2.06144435 1.45592554 -1.41139746 0.66441809 -1.40274524 
3.36369921 15.60788925 -11.43370946 9.38685140 -8.13715003 6.83796794 -6.40361605 5.53453337 -4.73133939 3.91343604 -3.63256892 2.63673619 -3.12140430 
3.37485157 15.60791254 -11.43374286 9.38689237 -8.13719631 6.83801758 -6.40366730 5.53458473 -4.73138959 3.91348403 -3.63261385 2.63677742 -3.12144133 
3.38594208 15.60793544 -11.43377571 9.38693267 -8.13724183 6.83806640 -6.40371771 5.53463524 -4.73143896 3.91353123 -3.63265804 2.63681796 -3.12147775 
3.39697144 15.60795796 -11.43380801 9.38697230 -8.13728660 6.83811441 -6.40376728 5.53468493 -4.73148752 3.91357765 -3.63270151 2.63685783 -3.12151357 
3.22618664 13.99580239 -9.24382464 6.83366595 -5.38794709 4.01955253 -3.61488228 2.84978615 -2.20469014 1.58137297 -1.51948724 0.75613381 -1.47923578 
3.23272480 13.93146773 -9.16152793 6.74318168 -5.29599163 3.93044900 -3.53146386 2.77371197 -2.13677438 1.52177371 -1.46803514 0.71239744 -1.44269715 
3.41884934 15.60800192 -11.43387106 9.38704963 -8.13737397 6.83820810 -6.40386402 5.53478188 -4.73158228 3.91366824 -3.63278632 2.63693565 -3.12158348 
3.42969920 15.60802336 -11.43390182 9.38708736 -8.13741659 6.83825381 -6.40391122 5.53482918 -4.73162851 3.91371244 -3.63282771 2.63697361 -3.12161758 
3.44049051 15.60804446 -11.43393208 9.38712448 -8.13745853 6.83829879 -6.40395766 5.53487572 -4.73167399 3.91375593 -3.63286842 2.63701096 -3.12165114 
3.45122392 15.60806523 -11.43396186 9.38716101 -8.13749980 6.83834304 -6.40400335 5.53492152 -4.73171875 3.91379872 -3.63290849 2.63704772 -3.12168416 
3.46190002 15.60808566 -11.43399116 9.38719695 -8.13754041 6.83838660 -6.40404832 5.53496658 -4.73176280 3.91384083 -3.63294791 2.63708389 -3.12171666 
3.47251944 15.60810577 -11.43402000 9.38723233 -8.13758038 6.83842946 -6.40409258 5.53501094 -4.73180615 3.91388227 -3.63298672 2.63711949 -3.12174864 
3.48308277 15.60812556 -11.43404839 9.38726715 -8.13761971 6.83847165 -6.40413614 5.53505459 -4.73184882 3.91392307 -3.63302491 2.63715453 -3.12178012 
3.49359060 15.60814504 -11.43407633 9.38730143 -8.13765844 6.83851317 -6.40417902 5.53509756 -4.73189082 3.91396322 -3.63306251 2.63718902 -3.12181110 
3.50404352 15.60816422 -11.43410384 9.38733517 -8.13769656 6.83855405 -6.40422123 5.53513987 -4.73193217 3.91400275 -3.63309952 2.63722297 -3.12184160 
3.51444208 15.60818310 -11.43413092 9.38736839 -8.13773408 6.83859430 -6.40426278 5.53518151 -4.73197287 3.91404166 -3.63313595 2.63725640 -3.12187163 
3.52478687 15.60820169 -11.43415758 9.38740109 -8.13777103 6.83863393 -6.40430370 5.53522252 -4.73201295 3.91407998 -3.63317182 2.63728931 -3.12190120 
3.70579920 14.37333532 -9.73461412 7.38176150 -5.95350926 4.57569238 -4.14304673 3.33819374 -2.64661931 1.97415131 -1.86269264 1.05119472 -1.72843080 
3.71876256 14.54665069 -9.96443243 7.64334263 -6.22845677 4.85089087 -4.40892079 3.58815718 -2.87642314 2.18148787 -2.04645566 1.21129904 -1.86537920 
3.73378687 14.39942746 -9.76903075 7.42073637 -5.99427349 4.61629978 -4.18209700 3.37474274 -2.68007543 2.00421274 -1.88923227 1.07423253 -1.74806731 
3.74658660 14.56957115 -9.99503837 7.67841282 -6.26555943 4.88825981 -4.44524217 3.62250455 -2.90817781 2.21029024 -2.07211190 1.23375799 -1.88467670 
3.43014142 14.21981300 -9.53341506 7.15532374 -5.71809842 4.34254005 -3.92008793 3.13064286 -2.45761945 1.80516296 -1.71419647 0.92285539 -1.61949618 
3.23871080 15.60999040 -11.43672330 9.39054849 -8.14132701 6.84244765 -6.40824168 5.53916935 -4.73587069 3.91776822 -3.63662521 2.64045763 -3.12474762 
3.43600020 14.16195878 -9.45817122 7.07126245 -5.63133087 4.25719647 -3.83902125 3.05566722 -2.38977179 1.74485788 -1.66150170 0.87755347 -1.58123795 
3.77050852 14.43298089 -9.81338382 7.47106705 -6.04702022 4.66894468 -4.23281761 3.42230026 -2.72368416 2.04346114 -1.92393673 1.10440209 -1.77381876 
3.92410606 15.60519568 -11.42984646 9.38211334 -8.13179768 6.83222843 -6.39769033 5.52859508 -4.72553584 3.90788810 -3.62737481 2.63197132 -3.11712393 
3.94093616 15.60527558 -11.42996104 9.38225386 -8.13195642 6.83239863 -6.39786604 5.52877115 -4.72570791 3.90805258 -3.62752879 2.63211257 -3.11725081 
3.95762581 15.60535350 -11.43007278 9.38239091 -8.13211122 6.83256462 -6.39803740 5.52894286 -4.72587572 3.90821299 -3.62767896 2.63225033 -3.11737455 
3.97417735 15.60542950 -11.43018178 9.38252459 -8.13226221 6.83272653 -6.39820456 5.52911036 -4.72603940 3.90836946 -3.62782544 2.63238470 -3.11749526 
3.99059303 15.60550366 -11.43028812 9.38265501 -8.13240953 6.83288450 -6.39836764 5.52927378 -4.72619911 3.90852212 -3.62796836 2.63251580 -3.11761303 
4.00687508 15.60557602 -11.43039189 9.38278227 -8.13255329 6.83303865 -6.39852678 5.52943325 -4.72635495 3.90867110 -3.62810783 2.63264374 -3.11772795 
3.88880735 14.68044497 -10.14379321 7.84964385 -6.44751795 5.07230628 -4.62486925 3.79304865 -3.06645586 2.35437736 -2.20090583 1.34687047 -1.98217078 
3.90253748 14.54740394 -9.96543746 7.64449338 -6.22967332 4.85211529 -4.41011007 3.58928107 -2.87746154 2.18242916 -2.04729365 1.21203220 -1.86600883 
3.91438847 14.69930459 -10.16921252 7.87903259 -6.47888100 5.10415896 -4.65608005 3.82279435 -3.09416342 2.37968834 -2.22360491 1.36686765 -1.99945778 
3.77652739 15.60859960 -11.43472831 9.38810119 -8.13856198 6.83948217 -6.40517955 5.53610031 -4.73287089 3.91490020 -3.63393980 2.63799387 -3.12253416 
3.78560451 15.60861216 -11.43474633 9.38812329 -8.13858695 6.83950895 -6.40520720 5.53612802 -4.73289798 3.91492610 -3.63396404 2.63801611 -3.12255414 
3.79464062 15.60862455 -11.43476411 9.38814509 -8.13861158 6.83953537 -6.40523448 5.53615536 -4.73292470 3.91495165 -3.63398796 2.63803806 -3.12257386 
3.80363610 15.60863678 -11.43478164 9.38816660 -8.13863589 6.83956143 -6.40526139 5.53618233 -4.73295107 3.91497685 -3.63401156 2.63805971 -3.12259331 
3.66390140 14.44506021 -9.82937714 7.48924434 -6.06609916 4.68801473 -4.25121674 3.43957568 -2.73954616 2.05775503 -1.93659080 1.11541493 -1.78322891 
3.66907181 14.39424524 -9.76219005 7.41298408 -5.98615961 4.60821168 -4.17431396 3.36745363 -2.67339908 1.99821037 -1.88393020 1.06962769 -1.74414040 
3.67347422 14.45360906 -9.84070436 7.50212748 -6.07963067 4.70154890 -4.26428314 3.45185169 -2.75082452 2.06792418 -1.94559817 1.12325802 -1.78993384 
3.67861832 14.40307274 -9.77384415 7.42619286 -5.99998618 4.62199595 -4.18757982 3.37987900 -2.68478110 2.00844441 -1.89297109 1.07748039 -1.75083759 
3.83038228 15.60867249 -11.43483286 9.38822943 -8.13870687 6.83963756 -6.40534000 5.53626111 -4.73302807 3.91505047 -3.63408049 2.63812295 -3.12265012 
3.69248430 14.47043376 -9.86301733 7.52752751 -6.10633161 4.72827684 -4.29010768 3.47613263 -2.77314861 2.08806676 -1.96345135 1.13881319 -1.80323961 
3.69757656 14.42044847 -9.79680520 7.45224047 -6.02727603 4.64922530 -4.21380658 3.40446353 -2.70731849 2.02872334 -1.91089805 1.09306137 -1.76413405 
3.99413098 14.62127703 -10.06426484 7.75793876 -6.34990226 4.97340984 -4.52819577 3.70112436 -2.98101876 2.27649320 -2.13119718 1.28557401 -1.92927612 
4.00549358 14.76389296 -10.25652179 7.98026058 -6.58720487 5.21446304 -4.76443621 3.92631770 -3.19082138 2.46818365 -2.30313711 1.43707363 -2.06026509 
3.87417944 15.60872894 -11.43491384 9.38832876 -8.13881909 6.83975791 -6.40546427 5.53638566 -4.73314980 3.91516685 -3.63418946 2.63822292 -3.12273994 
3.88282494 15.60873979 -11.43492941 9.38834786 -8.13884067 6.83978105 -6.40548816 5.53640961 -4.73317321 3.91518923 -3.63421042 2.63824214 -3.12275721 
4.03442353 14.65239955 -10.10605556 7.80608230 -6.40110142 5.02523467 -4.57881210 3.74921405 -3.02567891 2.31717429 -2.16758166 1.31754595 -1.95684777 
4.04557704 14.79106517 -10.29337106 8.02311624 -6.63320181 5.26143524 -4.81070694 3.97064303 -3.23231362 2.50626450 -2.33744019 1.46742020 -2.08660368 
3.91703802 15.60878184 -11.43498972 9.38842184 -8.13892425 6.83987070 -6.40558072 5.53650238 -4.73326388 3.91527592 -3.63429158 2.63831661 -3.12282410 
3.92550062 15.60879202 -11.43500432 9.38843976 -8.13894449 6.83989240 -6.40560313 5.53652484 -4.73328583 3.91529691 -3.63431123 2.63833464 -3.12284030 
4.07392404 14.68211546 -10.14604335 7.85224387 -6.45029107 5.07512117 -4.62762597 3.79567463 -3.06890072 2.35660972 -2.20290695 1.34863267 -1.98369355 
4.08487592 14.81698685 -10.32858983 8.06414856 -6.67731774 5.30656114 -4.85523009 4.01336010 -3.27235972 2.54306981 -2.37063852 1.49682641 -2.11215673 
4.09725688 14.69930459 -10.16921252 7.87903259 -6.47888100 5.10415896 -4.65608005 3.82279435 -3.09416342 2.37968834 -2.22360491 1.36686765 -1.99945778 
4.10809122 14.83197090 -10.34897718 8.08793377 -6.70292433 5.33278726 -4.88113771 4.03824625 -3.29571638 2.56455946 -2.39004201 1.51403011 -2.12711994 
3.98375691 15.60885982 -11.43510156 9.38855904 -8.13907926 6.84003694 -6.40575238 5.53667441 -4.73343203 3.91543668 -3.63444210 2.63845470 -3.12294817 
3.99194243 15.60886903 -11.43511478 9.38857525 -8.13909758 6.84005658 -6.40577266 5.53669474 -4.73345190 3.91545567 -3.63445989 2.63847102 -3.12296283 
3.86464625 14.61385861 -10.05431708 7.74649378 -6.33774633 4.96112037 -4.51620706 3.68974709 -2.97046448 2.26688927 -2.12261609 1.27804062 -1.92278533 
3.86929324 14.56871843 -9.99389883 7.67710607 -6.26417594 4.88686542 -4.44388595 3.62122119 -2.90699058 2.20921274 -2.07115155 1.23291687 -1.88395362 
4.00821364 15.60888712 -11.43514073 9.38860709 -8.13913354 6.84009515 -6.40581249 5.53673466 -4.73349092 3.91549298 -3.63449482 2.63850306 -3.12299162 
4.01629987 15.60889600 -11.43515347 9.38862272 -8.13915120 6.84011409 -6.40583204 5.53675426 -4.73351007 3.91551129 -3.63451196 2.63851879 -3.12300575 
4.02435354 15.60890478 -11.43516605 9.38863816 -8.13916864 6.84013280 -6.40585136 5.53677362 -4.73352900 3.91552938 -3.63452890 2.63853434 -3.12301971 
4.29702917 13.46477672 -8.57612984 6.11153963 -4.66569616 3.33027234 -2.97897800 2.27798863 -1.70105756 1.14494279 -1.14713593 0.44304691 -1.22036995 
4.51804998 15.60403598 -11.42818349 9.38007390 -8.12949409 6.82975846 -6.39514048 5.52604006 -4.72303903 3.90550146 -3.62514056 2.62992187 -3.11528300 
4.53679970 15.60414638 -11.42834179 9.38026803 -8.12971336 6.82999357 -6.39538318 5.52628325 -4.72327667 3.90572861 -3.62535320 2.63011691 -3.11545820 
4.55537529 15.60425374 -11.42849574 9.38045682 -8.12992660 6.83022220 -6.39561920 5.52651974 -4.72350777 3.90594951 -3.62555999 2.63030660 -3.11562858 
4.47167455 15.06810257 -10.67307460 8.46922259 -7.11675251 5.75994245 -5.30629872 4.44962769 -3.68452723 2.92467668 -2.71726141 1.80588842 -2.38241694 
4.37601256 15.60693728 -11.43234411 9.38517669 -8.13525809 6.83593906 -6.40152125 5.53243403 -4.72928760 3.91147454 -3.63073245 2.63505144 -3.11989080 
4.27767865 14.93429801 -10.48877404 8.25166954 -6.87986797 5.51467273 -5.06144786 4.21203632 -3.45935866 2.71558787 -2.52681060 1.63562991 -2.23316343 
4.16403484 15.60904626 -11.43536900 9.38888711 -8.13944991 6.84043445 -6.40616284 5.53708579 -4.73383412 3.91582110 -3.63480205 2.63878493 -3.12324484 
4.04715077 14.74923482 -10.23667245 7.95720823 -6.56249648 5.18926371 -4.73964456 3.90259733 -3.16864314 2.44785146 -2.28484129 1.42090414 -2.04624447 
3.90995387 15.60999040 -11.43672330 9.39054849 -8.14132701 6.84244765 -6.40824168 5.53916935 -4.73587069 3.91776822 -3.63662521 2.64045763 -3.12474762 
3.63096918 12.36892055 -7.28081397 4.79110553 -3.41860140 2.20318136 -1.99222404 1.43417043 -0.99260539 0.55748809 -0.66594762 0.05303340 -0.90895013 
2.85004563 10.31169493 -5.14439349 2.86450213 -1.80103661 0.89243752 -0.95717449 0.63095324 -0.37690627 0.08521298 -0.30438109 -0.22489726 -0.69791470 
2.15432274 15.50105820 -11.28100956 9.20015057 -7.92687651 6.61312501 -6.17210758 5.30313285 -4.50574369 3.69827360 -3.43156614 2.45271937 -2.95641545 
1.73550109 10.61071163 -5.43122876 3.10364683 -1.98664460 1.03205500 -1.05977535 0.70528202 -0.43026942 0.12409793 -0.33297039 -0.20338808 -0.71389094 
2.49803341 6.63515346 -2.26877439 0.86015106 -0.47741351 0.01639466 -0.37919341 0.24812558 -0.12359884 -0.09477614 -0.17290904 -0.32914456 -0.61923657 
3.25913725 14.10433759 -9.38354398 6.98822591 -5.54595743 4.17354102 -3.75984913 2.98270337 -2.32397027 1.68656028 -1.61071686 0.83401861 -1.54457285 
3.60219261 14.38870682 -9.75488198 7.40470521 -5.97749769 4.59958025 -4.16601087 3.35967999 -2.66628116 1.99181290 -1.87828072 1.06472242 -1.73995835 
3.75057755 15.60999040 -11.43672330 9.39054849 -8.14132701 6.84244765 -6.40824168 5.53916935 -4.73587069 3.91776822 -3.63662521 2.64045763 -3.12474762 
3.59764565 14.32652079 -9.67302522 7.31219088 -5.88092251 4.50355479 -4.07383343 3.27355647 -2.58757747 1.92120686 -1.81603992 1.01077025 -1.69403361 
3.41158327 15.60798743 -11.43385027 9.38702413 -8.13734516 6.83817721 -6.40383213 5.53474991 -4.73155103 3.91363838 -3.63275836 2.63690999 -3.12156043 
3.58230593 14.37008075 -9.73032574 7.37691006 -5.94844010 4.57064749 -4.13819976 3.33366126 -2.64247394 1.97042958 -1.85940945 1.04834681 -1.72600503 
3.73205890 15.60999040 -11.43672330 9.39054849 -8.14132701 6.84244765 -6.40824168 5.53916935 -4.73587069 3.91776822 -3.63662521 2.64045763 -3.12474762 
4.03818353 13.11010607 -8.14479256 5.65982470 -4.22791004 2.92492359 -2.61585112 1.96063379 -1.42909882 0.91523450 -0.95580841 0.28568532 -1.09298050 
4.16123835 14.86537176 -10.39449929 8.14112871 -6.76028239 5.39162129 -4.93934164 4.09423361 -3.34833349 2.61303236 -2.43386229 1.55292677 -2.16098778 
4.04036424 15.60892202 -11.43519078 9.38866849 -8.13920291 6.84016955 -6.40588931 5.53681165 -4.73356617 3.91556492 -3.63456218 2.63856487 -3.12304714 
3.78668388 12.72583117 -7.69056014 5.19700511 -3.79120890 2.53078614 -2.27139313 1.66668640 -1.18289063 0.71159940 -0.78945836 0.15122438 -0.98591527 
3.43330278 15.60803044 -11.43391196 9.38709980 -8.13743065 6.83826889 -6.40392678 5.53484478 -4.73164375 3.91372702 -3.63284135 2.63698613 -3.12162883 
3.42247251 15.60800911 -11.43388137 9.38706227 -8.13738825 6.83822342 -6.40387984 5.53479773 -4.73159777 3.91368306 -3.63280019 2.63694837 -3.12159491 
3.41158327 15.60798743 -11.43385027 9.38702413 -8.13734516 6.83817721 -6.40383213 5.53474991 -4.73155103 3.91363838 -3.63275836 2.63690999 -3.12156043 
3.58230593 14.37008075 -9.73032574 7.37691006 -5.94844010 4.57064749 -4.13819976 3.33366126 -2.64247394 1.97042958 -1.85940945 1.04834681 -1.72600503 
3.88654433 14.58273302 -10.01263608 7.69860217 -6.28694436 4.90982294 -4.46622413 3.64236749 -2.92656039 2.22698009 -2.08699252 1.24679559 -1.89588844 
3.89053101 14.63407228 -10.08143493 7.77770666 -6.37091212 4.99466410 -4.54894274 3.72082498 -2.99930486 2.29314181 -2.14608040 1.29864645 -1.94054463 
3.74133966 15.60999040 -11.43672330 9.39054849 -8.14132701 6.84244765 -6.40824168 5.53916935 -4.73587069 3.91776822 -3.63662521 2.64045763 -3.12474762 
3.74133966 15.60999040 -11.43672330 9.39054849 -8.14132701 6.84244765 -6.40824168 5.53916935 -4.73587069 3.91776822 -3.63662521 2.64045763 -3.12474762 
3.58770643 14.31685915 -9.66034022 7.29788993 -5.86602992 4.48878143 -4.05968409 3.26036531 -2.57554817 1.91043676 -1.80656382 1.00257071 -1.68706595 
3.40063442 15.60796539 -11.43381867 9.38698536 -8.13730136 6.83813024 -6.40378363 5.53470131 -4.73150353 3.91359296 -3.63271584 2.63687098 -3.12152539 
3.38962530 15.60794299 -11.43378653 9.38694595 -8.13725684 6.83808249 -6.40373432 5.53465190 -4.73145523 3.91354679 -3.63267261 2.63683132 -3.12148976 
3.74143134 12.64191271 -7.59316982 5.09952268 -3.70081633 2.45055144 -2.20239458 1.60871594 -1.13505540 0.67257090 -0.75797132 0.12605069 -0.96607825 
4.00821364 15.60888712 -11.43514073 9.38860709 -8.13913354 6.84009515 -6.40581249 5.53673466 -4.73349092 3.91549298 -3.63449482 2.63850306 -3.12299162 
4.28305402 13.44433481 -8.55095242 6.08485024 -4.63952239 3.30576341 -2.95678206 2.25838665 -1.68409068 1.13047875 -1.13498477 0.43297489 -1.21215577 
4.39979181 15.03349173 -10.62523923 8.41257275 -7.05487537 5.69568293 -5.24196382 4.38702716 -3.62504243 2.86930120 -2.66670219 1.76058861 -2.34262152 
4.18359181 14.87905087 -10.41317318 8.16298436 -6.78388428 5.41586578 -4.96336022 4.11736882 -3.37010433 2.63311324 -2.45203697 1.56907716 -2.17506490 
3.80450840 12.75837772 -7.72850542 5.23515474 -3.82673695 2.56245141 -2.29873196 1.68974312 -1.20198541 0.72722986 -0.80210614 0.16136227 -0.99392349 
3.10976029 11.10865663 -5.92670962 3.53150555 -2.33026932 1.29872978 -1.26156109 0.85547899 -0.54084621 0.20612334 -0.39404513 -0.15727762 -0.74829558 
2.54076898 15.56747740 -11.37582268 9.31593255 -8.05712355 6.75224082 -6.31519429 5.44600678 -4.64489817 3.83087087 -3.55533016 2.56593256 -3.05784423 
3.04116865 11.24476589 -6.06602994 3.65509578 -2.43214749 1.37970042 -1.32421285 0.90309023 -0.57657857 0.23301637 -0.41429029 -0.14191381 -0.75982006 
3.37855524 15.60792021 -11.43375387 9.38690588 -8.13721157 6.83803394 -6.40368420 5.53460166 -4.73140614 3.91349985 -3.63262866 2.63679100 -3.12145354 
3.73225959 12.62467678 -7.57324685 5.07965776 -3.68246556 2.43432123 -2.18848556 1.59706888 -1.12547519 0.66477687 -0.75169968 0.12104779 -0.96214431 
4.00009458 15.60887813 -11.43512783 9.38859127 -8.13911567 6.84007598 -6.40579270 5.53671482 -4.73347153 3.91547444 -3.63447746 2.63848714 -3.12297731 
4.00821364 15.60888712 -11.43514073 9.38860709 -8.13913354 6.84009515 -6.40581249 5.53673466 -4.73349092 3.91549298 -3.63449482 2.63850306 -3.12299162 
4.15066881 14.73765302 -10.22100336 7.93902674 -6.54302550 5.16942216 -4.72013950 3.88394942 -3.15122042 2.43189011 -2.27048807 1.40822697 -2.03525860 
4.04504107 13.21946832 -8.27655290 5.79655929 -4.35924941 3.04549031 -2.72295890 2.05348341 -1.50804560 0.98143255 -1.01057219 0.33044963 -1.12900518 
3.75057755 15.60999040 -11.43672330 9.39054849 -8.14132701 6.84244765 -6.40824168 5.53916935 -4.73587069 3.91776822 -3.63662521 2.64045763 -3.12474762 
3.59764565 14.32652079 -9.67302522 7.31219088 -5.88092251 4.50355479 -4.07383343 3.27355647 -2.58757747 1.92120686 -1.81603992 1.01077025 -1.69403361 
3.23134761 13.85752795 -9.06742384 6.64022093 -5.19185534 3.83000443 -3.43784589 2.68870346 -2.06119697 1.45570975 -1.41121222 0.66426146 -1.40261505 
3.21164880 14.05127926 -9.31510265 6.91236741 -5.46825851 4.09768208 -3.68830867 2.91699767 -2.26490929 1.63439695 -1.56540936 0.79528598 -1.51203806 
3.56222085 14.35103546 -9.70525072 7.34856461 -5.91884467 4.54121504 -4.10994167 3.30725451 -2.61833823 1.94877377 -1.84031657 1.03179426 -1.71191347 
3.71336718 15.60999040 -11.43672330 9.39054849 -8.14132701 6.84244765 -6.40824168 5.53916935 -4.73587069 3.91776822 -3.63662521 2.64045763 -3.12474762 
3.86929324 14.56871843 -9.99389883 7.67710607 -6.26417594 4.88686542 -4.44388595 3.62122119 -2.90699058 2.20921274 -2.07115155 1.23291687 -1.88395362 
3.87331160 14.62066374 -10.06344224 7.75699213 -6.34889661 4.97239292 -4.52720353 3.70018253 -2.98014490 2.27569787 -2.13048643 1.28494994 -1.92873833 
3.72273488 15.60999040 -11.43672330 9.39054849 -8.14132701 6.84244765 -6.40824168 5.53916935 -4.73587069 3.91776822 -3.63662521 2.64045763 -3.12474762 
3.87793729 14.57576034 -10.00331141 7.68790199 -6.27560821 4.89839008 -4.45509729 3.63183214 -2.91680850 2.21812470 -2.07909582 1.23987589 -1.88993696 
4.01629987 15.60889600 -11.43515347 9.38862272 -8.13915120 6.84011409 -6.40583204 5.53675426 -4.73351007 3.91551129 -3.63451196 2.63851879 -3.12300575 
4.02435354 15.60890478 -11.43516605 9.38863816 -8.13916864 6.84013280 -6.40585136 5.53677362 -4.73352900 3.91552938 -3.63452890 2.63853434 -3.12301971 
4.16567207 14.74817817 -10.23524237 7.95554826 -6.56071816 5.18745095 -4.73786198 3.90089256 -3.16704991 2.44639146 -2.28352804 1.41974394 -2.04523881 
4.52647495 13.74126015 -8.92048371 6.48053564 -5.03140866 3.67622289 -3.29539395 2.56011856 -1.94753021 1.35688383 -1.32663991 0.59295487 -1.34350596 
