10.76071361 0.75932415 -0.15020034 -0.00262638 -0.12629591 -0.18570146 -0.26403258 0.17603807 -0.09167451 -0.13312413 -0.14708432 -0.36669258 -0.59063048 
5.46106527 14.87252478 -10.40426194 8.15255229 -6.77261610 5.40428826 -4.95188813 4.10631639 -3.35970165 2.62351628 -2.44334946 1.56135598 -2.16833383 
5.14041359 13.69465976 -8.86194455 6.41728887 -4.96822111 3.61599075 -3.23989506 2.51027941 -1.90369129 1.31894581 -1.29431586 0.56581174 -1.32109333 
4.72832455 14.12631287 -9.41196806 7.01981340 -5.57839433 4.20528792 -3.78986040 3.01033079 -2.34885920 1.70858872 -1.62988823 0.85043843 -1.55838981 
4.52742484 15.60999040 -11.43672330 9.39054849 -8.14132701 6.84244765 -6.40824168 5.53916935 -4.73587069 3.91776822 -3.63662521 2.64045763 -3.12474762 
4.42346188 14.94670419 -10.50579066 8.27167602 -6.90156786 5.53705730 -5.08371400 4.23356756 -3.47969631 2.73441364 -2.54390692 1.65087045 -2.24648780 
4.41999392 14.97813420 -10.54896626 8.32251126 -6.95678324 5.59409134 -5.14051987 4.28856711 -3.53170919 2.78261461 -2.58772703 1.68997361 -2.28070760 
4.52116505 15.60999040 -11.43672330 9.39054849 -8.14132701 6.84244765 -6.40824168 5.53916935 -4.73587069 3.91776822 -3.63662521 2.64045763 -3.12474762 
4.52116505 15.60999040 -11.43672330 9.39054849 -8.14132701 6.84244765 -6.40824168 5.53916935 -4.73587069 3.91776822 -3.63662521 2.64045763 -3.12474762 
4.72884898 14.05936751 -9.32551878 6.92389411 -5.48004666 4.10917401 -3.69913077 2.92692327 -2.27381912 1.64225622 -1.57222747 0.80110811 -1.51692329 
4.81958013 15.18722159 -10.83857528 8.66620440 -7.33295380 5.98550992 -5.53314116 4.67130449 -3.89603943 3.12234633 -2.89840732 1.96875721 -2.52597000 
4.82801358 15.11693008 -10.74075175 8.54958904 -7.20476570 5.85157446 -5.39826086 4.53931944 -3.76994540 3.00436233 -2.79016242 1.87132940 -2.44000941 
4.83570228 15.19324201 -10.84697551 8.67624299 -7.34401479 5.99709300 -5.54483136 4.68276766 -3.90701283 3.13263336 -2.90786208 1.97728146 -2.53350295 
4.75091946 15.60946534 -11.43597012 9.38962452 -8.14028306 6.84132799 -6.40708550 5.53801054 -4.73473800 3.91668527 -3.63561119 2.63952729 -3.12391178 
4.66360862 15.09747172 -10.71375451 8.51749925 -7.16959025 5.81492047 -5.36144365 4.50338195 -3.73569358 2.97238564 -2.76088789 1.84503329 -2.41685262 
4.56457761 15.60999040 -11.43672330 9.39054849 -8.14132701 6.84244765 -6.40824168 5.53916935 -4.73587069 3.91776822 -3.63662521 2.64045763 -3.12474762 
4.56457761 15.60999040 -11.43672330 9.39054849 -8.14132701 6.84244765 -6.40824168 5.53916935 -4.73587069 3.91776822 -3.63662521 2.64045763 -3.12474762 
4.56457761 15.60999040 -11.43672330 9.39054849 -8.14132701 6.84244765 -6.40824168 5.53916935 -4.73587069 3.91776822 -3.63662521 2.64045763 -3.12474762 
4.46252051 14.96821551 -10.53533077 8.30644534 -6.93932107 5.57604216 -5.12253152 4.27114014 -3.51521894 2.76732443 -2.57381924 1.67755676 -2.26983631 
4.45912288 14.99879569 -10.57740016 8.35604708 -6.99326909 5.63183887 -5.17817407 4.32507782 -3.56628615 2.81470048 -2.61693381 1.71606773 -2.30356902 
4.55843321 15.60999040 -11.43672330 9.39054849 -8.14132701 6.84244765 -6.40824168 5.53916935 -4.73587069 3.91776822 -3.63662521 2.64045763 -3.12474762 
4.55843321 15.60999040 -11.43672330 9.39054849 -8.14132701 6.84244765 -6.40824168 5.53916935 -4.73587069 3.91776822 -3.63662521 2.64045763 -3.12474762 
4.55843321 15.60999040 -11.43672330 9.39054849 -8.14132701 6.84244765 -6.40824168 5.53916935 -4.73587069 3.91776822 -3.63662521 2.64045763 -3.12474762 
4.55843321 15.60999040 -11.43672330 9.39054849 -8.14132701 6.84244765 -6.40824168 5.53916935 -4.73587069 3.91776822 -3.63662521 2.64045763 -3.12474762 
4.55843321 15.60999040 -11.43672330 9.39054849 -8.14132701 6.84244765 -6.40824168 5.53916935 -4.73587069 3.91776822 -3.63662521 2.64045763 -3.12474762 
4.45606332 14.96470137 -10.53050203 8.30075844 -6.93314258 5.56965860 -5.11617198 4.26498142 -3.50939338 2.76192470 -2.56890932 1.67317455 -2.26600070 
4.56553952 13.90334586 -9.12567648 6.70389233 -5.25619082 3.89200086 -3.49557605 2.74107815 -2.10772130 1.49634504 -1.44613688 0.69382599 -1.42721628 
4.65776803 15.09486041 -10.71013421 8.51319913 -7.16487991 5.81001538 -5.35651986 4.49857877 -3.73111838 2.96811672 -2.75698176 1.84152632 -2.41376579 
4.55843321 15.60999040 -11.43672330 9.39054849 -8.14132701 6.84244765 -6.40824168 5.53916935 -4.73587069 3.91776822 -3.63662521 2.64045763 -3.12474762 
4.55843321 15.60999040 -11.43672330 9.39054849 -8.14132701 6.84244765 -6.40824168 5.53916935 -4.73587069 3.91776822 -3.63662521 2.64045763 -3.12474762 
4.55843321 15.60999040 -11.43672330 9.39054849 -8.14132701 6.84244765 -6.40824168 5.53916935 -4.73587069 3.91776822 -3.63662521 2.64045763 -3.12474762 
4.55843321 15.60999040 -11.43672330 9.39054849 -8.14132701 6.84244765 -6.40824168 5.53916935 -4.73587069 3.91776822 -3.63662521 2.64045763 -3.12474762 
4.55843321 15.60999040 -11.43672330 9.39054849 -8.14132701 6.84244765 -6.40824168 5.53916935 -4.73587069 3.91776822 -3.63662521 2.64045763 -3.12474762 
4.55843321 15.60999040 -11.43672330 9.39054849 -8.14132701 6.84244765 -6.40824168 5.53916935 -4.73587069 3.91776822 -3.63662521 2.64045763 -3.12474762 
4.55843321 15.60999040 -11.43672330 9.39054849 -8.14132701 6.84244765 -6.40824168 5.53916935 -4.73587069 3.91776822 -3.63662521 2.64045763 -3.12474762 
4.45606332 14.96470137 -10.53050203 8.30075844 -6.93314258 5.56965860 -5.11617198 4.26498142 -3.50939338 2.76192470 -2.56890932 1.67317455 -2.26600070 
4.33857748 15.60919744 -11.43558584 9.38915311 -8.13975045 6.84075677 -6.40649566 5.53741937 -4.73416017 3.91613282 -3.63509391 2.63905271 -3.12348541 
4.33169676 15.60919196 -11.43557799 9.38914348 -8.13973956 6.84074510 -6.40648361 5.53740729 -4.73414836 3.91612153 -3.63508335 2.63904301 -3.12347670 
4.32479228 15.60918643 -11.43557006 9.38913375 -8.13972857 6.84073331 -6.40647143 5.53739508 -4.73413643 3.91611013 -3.63507267 2.63903321 -3.12346790 
4.31786389 15.60918085 -11.43556204 9.38912392 -8.13971746 6.84072139 -6.40645913 5.53738275 -4.73412438 3.91609860 -3.63506188 2.63902331 -3.12345901 
4.42656865 14.98164762 -10.55379849 8.32820733 -6.96297699 5.60049591 -5.14690538 4.29475570 -3.53756728 2.78804825 -2.59267103 1.69438897 -2.28457451 
4.52742484 15.60999040 -11.43672330 9.39054849 -8.14132701 6.84244765 -6.40824168 5.53916935 -4.73587069 3.91776822 -3.63662521 2.64045763 -3.12474762 
4.52742484 15.60999040 -11.43672330 9.39054849 -8.14132701 6.84244765 -6.40824168 5.53916935 -4.73587069 3.91776822 -3.63662521 2.64045763 -3.12474762 
4.52742484 15.60999040 -11.43672330 9.39054849 -8.14132701 6.84244765 -6.40824168 5.53916935 -4.73587069 3.91776822 -3.63662521 2.64045763 -3.12474762 
4.63141723 15.05442295 -10.65415453 8.44680085 -7.09224566 5.73447597 -5.28078686 4.42478908 -3.66091166 2.90268086 -2.69716857 1.78787722 -2.36658717 
4.63423401 15.08421912 -10.69538789 8.49569132 -7.14570986 5.79006073 -5.33649682 4.47905334 -3.71252630 2.95077504 -2.74111891 1.82728870 -2.40123736 
4.53366509 15.60999040 -11.43672330 9.39054849 -8.14132701 6.84244765 -6.40824168 5.53916935 -4.73587069 3.91776822 -3.63662521 2.64045763 -3.12474762 
4.53366509 15.60999040 -11.43672330 9.39054849 -8.14132701 6.84244765 -6.40824168 5.53916935 -4.73587069 3.91776822 -3.63662521 2.64045763 -3.12474762 
4.63733456 15.05725036 -10.65806362 8.45143177 -7.09730551 5.73973222 -5.28605082 4.42991256 -3.66578145 2.90721538 -2.70130971 1.79158842 -2.36984812 
4.73408122 15.60945642 -11.43595733 9.38960883 -8.14026533 6.84130898 -6.40706587 5.53799087 -4.73471877 3.91666689 -3.63559398 2.63951150 -3.12389759 
4.64603556 15.08957935 -10.70281457 8.50450725 -7.15536120 5.80010549 -5.34657446 4.48887909 -3.72188104 2.95949947 -2.74909835 1.83444975 -2.40753803 
4.54608749 15.60999040 -11.43672330 9.39054849 -8.14132701 6.84244765 -6.40824168 5.53916935 -4.73587069 3.91776822 -3.63662521 2.64045763 -3.12474762 
4.54608749 15.60999040 -11.43672330 9.39054849 -8.14132701 6.84244765 -6.40824168 5.53916935 -4.73587069 3.91776822 -3.63662521 2.64045763 -3.12474762 
4.54608749 15.60999040 -11.43672330 9.39054849 -8.14132701 6.84244765 -6.40824168 5.53916935 -4.73587069 3.91776822 -3.63662521 2.64045763 -3.12474762 
4.54608749 15.60999040 -11.43672330 9.39054849 -8.14132701 6.84244765 -6.40824168 5.53916935 -4.73587069 3.91776822 -3.63662521 2.64045763 -3.12474762 
4.54608749 15.60999040 -11.43672330 9.39054849 -8.14132701 6.84244765 -6.40824168 5.53916935 -4.73587069 3.91776822 -3.63662521 2.64045763 -3.12474762 
4.44308626 14.95758870 -10.52073216 8.28925630 -6.92065040 5.55675597 -5.10332195 4.25254091 -3.49762927 2.75102349 -2.55899952 1.66433202 -2.25826290 
4.43965382 14.98858977 -10.56334993 8.33947010 -6.97522789 5.61316787 -5.15954352 4.30700771 -3.54916826 2.79881158 -2.60246696 1.70313956 -2.29223990 
4.53988594 15.60999040 -11.43672330 9.39054849 -8.14132701 6.84244765 -6.40824168 5.53916935 -4.73587069 3.91776822 -3.63662521 2.64045763 -3.12474762 
4.53988594 15.60999040 -11.43672330 9.39054849 -8.14132701 6.84244765 -6.40824168 5.53916935 -4.73587069 3.91776822 -3.63662521 2.64045763 -3.12474762 
4.53988594 15.60999040 -11.43672330 9.39054849 -8.14132701 6.84244765 -6.40824168 5.53916935 -4.73587069 3.91776822 -3.63662521 2.64045763 -3.12474762 
4.53988594 15.60999040 -11.43672330 9.39054849 -8.14132701 6.84244765 -6.40824168 5.53916935 -4.73587069 3.91776822 -3.63662521 2.64045763 -3.12474762 
4.64323448 15.06005688 -10.66194457 8.45603022 -7.10233076 5.74495343 -5.29128054 4.43500353 -3.67062106 2.91172245 -2.70542633 1.79527811 -2.37309058 
4.64603556 15.08957935 -10.70281457 8.50450725 -7.15536120 5.80010549 -5.34657446 4.48887909 -3.72188104 2.95949947 -2.74909835 1.83444975 -2.40753803 
4.64911708 15.06284271 -10.66579766 8.46059649 -7.10732172 5.75013989 -5.29647629 4.44006222 -3.67543071 2.91620226 -2.70951860 1.79894645 -2.37631465 
4.65191038 15.09222968 -10.70648764 8.50886855 -7.16013699 5.80507715 -5.35156356 4.49374456 -3.72651428 2.96382139 -2.75305197 1.83799852 -2.41066096 
4.65498248 15.06560806 -10.66962315 8.46513086 -7.11227870 5.75529188 -5.30163835 4.44508889 -3.68021063 2.92065500 -2.71358668 1.80259357 -2.37952045 
4.65776803 15.09486041 -10.71013421 8.51319913 -7.16487991 5.81001538 -5.35651986 4.49857877 -3.73111838 2.96811672 -2.75698176 1.84152632 -2.41376579 
4.55843321 15.60999040 -11.43672330 9.39054849 -8.14132701 6.84244765 -6.40824168 5.53916935 -4.73587069 3.91776822 -3.63662521 2.64045763 -3.12474762 
4.66083076 15.06835311 -10.67342128 8.46963362 -7.11720197 5.76040970 -5.30676700 4.45008378 -3.68496103 2.92508086 -2.71763075 1.80621960 -2.38270810 
4.75650084 15.60946826 -11.43597431 9.38962966 -8.14028886 6.84133422 -6.40709194 5.53801699 -4.73474430 3.91669130 -3.63561684 2.63953246 -3.12391643 
4.66943224 15.10006381 -10.71734879 8.52176919 -7.17426830 5.81979268 -5.36633517 4.50815435 -3.74024009 2.97662835 -2.76477051 1.84851957 -2.41992159 
4.67247640 15.07378313 -10.68093650 8.47854545 -7.12694856 5.77054394 -5.31692508 4.45997922 -3.69437416 2.93385272 -2.72564747 1.81340898 -2.38902939 
4.76761711 15.60947403 -11.43598259 9.38963982 -8.14030034 6.84134653 -6.40710464 5.53802972 -4.73475675 3.91670320 -3.63562798 2.63954269 -3.12392562 
4.68102896 15.10519103 -10.72446027 8.53021961 -7.18352862 5.82943960 -5.37602249 4.51760779 -3.74924792 2.98503590 -2.77246591 1.85543060 -2.42600637 
4.58289835 15.60999040 -11.43672330 9.39054849 -8.14132701 6.84244765 -6.40824168 5.53916935 -4.73587069 3.91776822 -3.63662521 2.64045763 -3.12474762 
4.58289835 15.60999040 -11.43672330 9.39054849 -8.14132701 6.84244765 -6.40824168 5.53916935 -4.73587069 3.91776822 -3.63662521 2.64045763 -3.12474762 
4.58289835 15.60999040 -11.43672330 9.39054849 -8.14132701 6.84244765 -6.40824168 5.53916935 -4.73587069 3.91776822 -3.63662521 2.64045763 -3.12474762 
4.48176827 14.97859256 -10.54959660 8.32325421 -6.95759103 5.59492654 -5.14135251 4.28937401 -3.53247293 2.78332295 -2.58837149 1.69054912 -2.28121159 
4.47840475 15.00875971 -10.59112692 8.37225315 -7.01091793 5.65011503 -5.19642143 4.34278635 -3.58307067 2.83028801 -2.63113324 1.72876278 -2.31469876 
4.57681006 15.60999040 -11.43672330 9.39054849 -8.14132701 6.84244765 -6.40824168 5.53916935 -4.73587069 3.91776822 -3.63662521 2.64045763 -3.12474762 
4.57681006 15.60999040 -11.43672330 9.39054849 -8.14132701 6.84244765 -6.40824168 5.53916935 -4.73587069 3.91776822 -3.63662521 2.64045763 -3.12474762 
4.57681006 15.60999040 -11.43672330 9.39054849 -8.14132701 6.84244765 -6.40824168 5.53916935 -4.73587069 3.91776822 -3.63662521 2.64045763 -3.12474762 
4.57681006 15.60999040 -11.43672330 9.39054849 -8.14132701 6.84244765 -6.40824168 5.53916935 -4.73587069 3.91776822 -3.63662521 2.64045763 -3.12474762 
4.57681006 15.60999040 -11.43672330 9.39054849 -8.14132701 6.84244765 -6.40824168 5.53916935 -4.73587069 3.91776822 -3.63662521 2.64045763 -3.12474762 
4.57681006 15.60999040 -11.43672330 9.39054849 -8.14132701 6.84244765 -6.40824168 5.53916935 -4.73587069 3.91776822 -3.63662521 2.64045763 -3.12474762 
4.57681006 15.60999040 -11.43672330 9.39054849 -8.14132701 6.84244765 -6.40824168 5.53916935 -4.73587069 3.91776822 -3.63662521 2.64045763 -3.12474762 
4.57681006 15.60999040 -11.43672330 9.39054849 -8.14132701 6.84244765 -6.40824168 5.53916935 -4.73587069 3.91776822 -3.63662521 2.64045763 -3.12474762 
4.57681006 15.60999040 -11.43672330 9.39054849 -8.14132701 6.84244765 -6.40824168 5.53916935 -4.73587069 3.91776822 -3.63662521 2.64045763 -3.12474762 
4.57681006 15.60999040 -11.43672330 9.39054849 -8.14132701 6.84244765 -6.40824168 5.53916935 -4.73587069 3.91776822 -3.63662521 2.64045763 -3.12474762 
4.57681006 15.60999040 -11.43672330 9.39054849 -8.14132701 6.84244765 -6.40824168 5.53916935 -4.73587069 3.91776822 -3.63662521 2.64045763 -3.12474762 
4.47537285 14.97516081 -10.54487769 8.31769283 -6.95154489 5.58867575 -5.13512142 4.28333611 -3.52675843 2.77802332 -2.58355013 1.68624389 -2.27744163 
4.47199803 15.00546479 -10.58658668 8.36689168 -7.00507791 5.64406620 -5.19038095 4.33692314 -3.57751239 2.82512524 -2.62642946 1.72455671 -2.31101077 
4.57070319 15.60999040 -11.43672330 9.39054849 -8.14132701 6.84244765 -6.40824168 5.53916935 -4.73587069 3.91776822 -3.63662521 2.64045763 -3.12474762 
4.57070319 15.60999040 -11.43672330 9.39054849 -8.14132701 6.84244765 -6.40824168 5.53916935 -4.73587069 3.91776822 -3.63662521 2.64045763 -3.12474762 
4.57070319 15.60999040 -11.43672330 9.39054849 -8.14132701 6.84244765 -6.40824168 5.53916935 -4.73587069 3.91776822 -3.63662521 2.64045763 -3.12474762 
4.57070319 15.60999040 -11.43672330 9.39054849 -8.14132701 6.84244765 -6.40824168 5.53916935 -4.73587069 3.91776822 -3.63662521 2.64045763 -3.12474762 
4.46895697 14.97170189 -10.54012253 8.31209001 -6.94545504 5.58238108 -5.12884788 4.27725826 -3.52100719 2.77269055 -2.57869944 1.68191315 -2.27364991 
4.46557079 15.00214354 -10.58201121 8.36148979 -6.99919510 5.63797428 -5.18429862 4.33102041 -3.57191765 2.81992948 -2.62169639 1.72032508 -2.30730091 
4.56457761 15.60999040 -11.43672330 9.39054849 -8.14132701 6.84244765 -6.40824168 5.53916935 -4.73587069 3.91776822 -3.63662521 2.64045763 -3.12474762 
4.46252051 14.96821551 -10.53533077 8.30644534 -6.93932107 5.57604216 -5.12253152 4.27114014 -3.51521894 2.76732443 -2.57381924 1.67755676 -2.26983631 
4.45912288 14.99879569 -10.57740016 8.35604708 -6.99326909 5.63183887 -5.17817407 4.32507782 -3.56628615 2.81470048 -2.61693381 1.71606773 -2.30356902 
4.55843321 15.60999040 -11.43672330 9.39054849 -8.14132701 6.84244765 -6.40824168 5.53916935 -4.73587069 3.91776822 -3.63662521 2.64045763 -3.12474762 
4.55843321 15.60999040 -11.43672330 9.39054849 -8.14132701 6.84244765 -6.40824168 5.53916935 -4.73587069 3.91776822 -3.63662521 2.64045763 -3.12474762 
4.55843321 15.60999040 -11.43672330 9.39054849 -8.14132701 6.84244765 -6.40824168 5.53916935 -4.73587069 3.91776822 -3.63662521 2.64045763 -3.12474762 
4.55843321 15.60999040 -11.43672330 9.39054849 -8.14132701 6.84244765 -6.40824168 5.53916935 -4.73587069 3.91776822 -3.63662521 2.64045763 -3.12474762 
4.55843321 15.60999040 -11.43672330 9.39054849 -8.14132701 6.84244765 -6.40824168 5.53916935 -4.73587069 3.91776822 -3.63662521 2.64045763 -3.12474762 
4.55843321 15.60999040 -11.43672330 9.39054849 -8.14132701 6.84244765 -6.40824168 5.53916935 -4.73587069 3.91776822 -3.63662521 2.64045763 -3.12474762 
4.55843321 15.60999040 -11.43672330 9.39054849 -8.14132701 6.84244765 -6.40824168 5.53916935 -4.73587069 3.91776822 -3.63662521 2.64045763 -3.12474762 
4.55843321 15.60999040 -11.43672330 9.39054849 -8.14132701 6.84244765 -6.40824168 5.53916935 -4.73587069 3.91776822 -3.63662521 2.64045763 -3.12474762 
4.55843321 15.60999040 -11.43672330 9.39054849 -8.14132701 6.84244765 -6.40824168 5.53916935 -4.73587069 3.91776822 -3.63662521 2.64045763 -3.12474762 
4.55843321 15.60999040 -11.43672330 9.39054849 -8.14132701 6.84244765 -6.40824168 5.53916935 -4.73587069 3.91776822 -3.63662521 2.64045763 -3.12474762 
4.45606332 14.96470137 -10.53050203 8.30075844 -6.93314258 5.56965860 -5.11617198 4.26498142 -3.50939338 2.76192470 -2.56890932 1.67317455 -2.26600070 
4.45265417 14.99542097 -10.57275318 8.35056316 -6.98729950 5.62565960 -5.17200695 4.31909506 -3.56061760 2.80943799 -2.61214152 1.71178447 -2.29981499 
4.44958529 14.96115920 -10.52563596 8.29502890 -6.92691916 5.56323000 -5.10976891 4.25878179 -3.50353026 2.75649114 -2.56396948 1.66876636 -2.26214294 
4.44616453 14.99201909 -10.56806989 8.34503764 -6.98128590 5.61943606 -5.16579688 4.31307180 -3.55491174 2.80414178 -2.60731930 1.70747514 -2.29603866 
4.44308626 14.95758870 -10.52073216 8.28925630 -6.92065040 5.55675597 -5.10332195 4.25254091 -3.49762927 2.75102349 -2.55899952 1.66433202 -2.25826290 
4.43965382 14.98858977 -10.56334993 8.33947010 -6.97522789 5.61316787 -5.15954352 4.30700771 -3.54916826 2.79881158 -2.60246696 1.70313956 -2.29223990 
4.43656611 14.95398956 -10.51579027 8.28344024 -6.91433588 5.55023611 -5.09683073 4.24625847 -3.49169014 2.74552152 -2.55399925 1.65987137 -2.25436045 
4.43312191 14.98513271 -10.55859292 8.33386013 -6.96912506 5.60685462 -5.15324647 4.30090245 -3.54338687 2.79344716 -2.59758427 1.69877756 -2.28841856 
4.53366509 15.60999040 -11.43672330 9.39054849 -8.14132701 6.84244765 -6.40824168 5.53916935 -4.73587069 3.91776822 -3.63662521 2.64045763 -3.12474762 
4.53366509 15.60999040 -11.43672330 9.39054849 -8.14132701 6.84244765 -6.40824168 5.53916935 -4.73587069 3.91776822 -3.63662521 2.64045763 -3.12474762 
4.43002469 14.95036149 -10.51080990 8.27758028 -6.90797517 5.54367003 -5.09029487 4.23993413 -3.48571259 2.73998499 -2.54896845 1.65538423 -2.25043546 
4.42656865 14.98164762 -10.55379849 8.32820733 -6.96297699 5.60049591 -5.14690538 4.29475570 -3.53756728 2.78804825 -2.59267103 1.69438897 -2.28457451 
4.52742484 15.60999040 -11.43672330 9.39054849 -8.14132701 6.84244765 -6.40824168 5.53916935 -4.73587069 3.91776822 -3.63662521 2.64045763 -3.12474762 
4.52742484 15.60999040 -11.43672330 9.39054849 -8.14132701 6.84244765 -6.40824168 5.53916935 -4.73587069 3.91776822 -3.63662521 2.64045763 -3.12474762 
4.52742484 15.60999040 -11.43672330 9.39054849 -8.14132701 6.84244765 -6.40824168 5.53916935 -4.73587069 3.91776822 -3.63662521 2.64045763 -3.12474762 
4.52742484 15.60999040 -11.43672330 9.39054849 -8.14132701 6.84244765 -6.40824168 5.53916935 -4.73587069 3.91776822 -3.63662521 2.64045763 -3.12474762 
4.52742484 15.60999040 -11.43672330 9.39054849 -8.14132701 6.84244765 -6.40824168 5.53916935 -4.73587069 3.91776822 -3.63662521 2.64045763 -3.12474762 
4.52742484 15.60999040 -11.43672330 9.39054849 -8.14132701 6.84244765 -6.40824168 5.53916935 -4.73587069 3.91776822 -3.63662521 2.64045763 -3.12474762 
4.52742484 15.60999040 -11.43672330 9.39054849 -8.14132701 6.84244765 -6.40824168 5.53916935 -4.73587069 3.91776822 -3.63662521 2.64045763 -3.12474762 
4.52742484 15.60999040 -11.43672330 9.39054849 -8.14132701 6.84244765 -6.40824168 5.53916935 -4.73587069 3.91776822 -3.63662521 2.64045763 -3.12474762 
4.52742484 15.60999040 -11.43672330 9.39054849 -8.14132701 6.84244765 -6.40824168 5.53916935 -4.73587069 3.91776822 -3.63662521 2.64045763 -3.12474762 
4.52742484 15.60999040 -11.43672330 9.39054849 -8.14132701 6.84244765 -6.40824168 5.53916935 -4.73587069 3.91776822 -3.63662521 2.64045763 -3.12474762 
4.42346188 14.94670419 -10.50579066 8.27167602 -6.90156786 5.53705730 -5.08371400 4.23356756 -3.47969631 2.73441364 -2.54390692 1.65087045 -2.24648780 
4.41999392 14.97813420 -10.54896626 8.32251126 -6.95678324 5.59409134 -5.14051987 4.28856711 -3.53170919 2.78261461 -2.58772703 1.68997361 -2.28070760 
4.41687752 14.94301734 -10.50073216 8.26572701 -6.89511351 5.53039753 -5.07708775 4.22715842 -3.47364102 2.72880723 -2.53881446 1.64632985 -2.24251732 
4.41339756 14.97459215 -10.54409584 8.31677152 -6.95054340 5.58764048 -5.13408955 4.28233634 -3.52581231 2.77714597 -2.58275204 1.68553130 -2.27681769 
4.41027149 14.93930062 -10.49563399 8.25973282 -6.88861169 5.52369028 -5.07041573 4.22070638 -3.46754643 2.72316551 -2.53369086 1.64176228 -2.23852390 
4.28990778 15.60915790 -11.43552913 9.38908354 -8.13967184 6.84067247 -6.40640861 5.53733212 -4.73407489 3.91605129 -3.63501758 2.63898267 -3.12342249 
4.40013940 14.96742093 -10.53423884 8.30515925 -6.93792368 5.57459827 -5.12109295 4.26974689 -3.51390096 2.76610270 -2.57270826 1.67656513 -2.26896831 
4.50226727 15.60999040 -11.43672330 9.39054849 -8.14132701 6.84244765 -6.40824168 5.53916935 -4.73587069 3.91776822 -3.63662521 2.64045763 -3.12474762 
4.50226727 15.60999040 -11.43672330 9.39054849 -8.14132701 6.84244765 -6.40824168 5.53916935 -4.73587069 3.91776822 -3.63662521 2.64045763 -3.12474762 
4.50226727 15.60999040 -11.43672330 9.39054849 -8.14132701 6.84244765 -6.40824168 5.53916935 -4.73587069 3.91776822 -3.63662521 2.64045763 -3.12474762 
4.50226727 15.60999040 -11.43672330 9.39054849 -8.14132701 6.84244765 -6.40824168 5.53916935 -4.73587069 3.91776822 -3.63662521 2.64045763 -3.12474762 
4.50226727 15.60999040 -11.43672330 9.39054849 -8.14132701 6.84244765 -6.40824168 5.53916935 -4.73587069 3.91776822 -3.63662521 2.64045763 -3.12474762 
4.50226727 15.60999040 -11.43672330 9.39054849 -8.14132701 6.84244765 -6.40824168 5.53916935 -4.73587069 3.91776822 -3.63662521 2.64045763 -3.12474762 
4.50226727 15.60999040 -11.43672330 9.39054849 -8.14132701 6.84244765 -6.40824168 5.53916935 -4.73587069 3.91776822 -3.63662521 2.64045763 -3.12474762 
4.50226727 15.60999040 -11.43672330 9.39054849 -8.14132701 6.84244765 -6.40824168 5.53916935 -4.73587069 3.91776822 -3.63662521 2.64045763 -3.12474762 
4.50226727 15.60999040 -11.43672330 9.39054849 -8.14132701 6.84244765 -6.40824168 5.53916935 -4.73587069 3.91776822 -3.63662521 2.64045763 -3.12474762 
4.60757171 15.04290036 -10.63823159 8.42794647 -7.07165431 5.71309460 -5.25938308 4.40396484 -3.64112617 2.88426422 -2.68035547 1.77281459 -2.35335605 
4.61042041 15.07325483 -10.68020520 8.47767811 -7.12599984 5.76955733 -5.31593602 4.45901560 -3.69345738 2.93299829 -2.72486651 1.81270853 -2.38841346 
4.61355973 15.04581337 -10.64225586 8.43271027 -7.07685556 5.71849400 -5.26478679 4.40922096 -3.64611895 2.88891055 -2.68459637 1.77661321 -2.35669216 
4.71140743 15.60944418 -11.43593977 9.38958729 -8.14024099 6.84128288 -6.40703892 5.53796385 -4.73469236 3.91664164 -3.63557034 2.63948980 -3.12387811 
4.62236257 15.07877814 -10.68785213 8.48674905 -7.13592355 5.77987880 -5.32628475 4.46909953 -3.70305236 2.94194185 -2.73304210 1.82004202 -2.39486283 
4.62548238 15.05157446 -10.65021706 8.44213716 -7.08715093 5.72918439 -5.27548839 4.41963282 -3.65601146 2.89811867 -2.69300275 1.78414438 -2.36330761 
4.62830708 15.08150882 -10.69163377 8.49123612 -7.14083373 5.78498706 -5.33140772 4.47409257 -3.70780434 2.94637214 -2.73709276 1.82367613 -2.39805939 
4.52742484 15.60999040 -11.43672330 9.39054849 -8.14132701 6.84244765 -6.40824168 5.53916935 -4.73587069 3.91776822 -3.63662521 2.64045763 -3.12474762 
4.52742484 15.60999040 -11.43672330 9.39054849 -8.14132701 6.84244765 -6.40824168 5.53916935 -4.73587069 3.91776822 -3.63662521 2.64045763 -3.12474762 
4.42346188 14.94670419 -10.50579066 8.27167602 -6.90156786 5.53705730 -5.08371400 4.23356756 -3.47969631 2.73441364 -2.54390692 1.65087045 -2.24648780 
4.30393468 15.60916949 -11.43554576 9.38910394 -8.13969489 6.84069719 -6.40643414 5.53735770 -4.73409989 3.91607520 -3.63503996 2.63900321 -3.12344094 
4.29693353 15.60916373 -11.43553749 9.38909380 -8.13968343 6.84068489 -6.40642144 5.53734498 -4.73408746 3.91606331 -3.63502883 2.63899299 -3.12343177 
4.40677943 14.97102116 -10.53918683 8.31098766 -6.94425703 5.58114293 -5.12761404 4.27606305 -3.51987633 2.77164209 -2.57774586 1.68106187 -2.27290464 
4.40364362 14.93555374 -10.49049576 8.25369302 -6.88206194 5.51693516 -5.06369757 4.21421109 -3.46141224 2.71748824 -2.52853592 1.63716755 -2.23450741 
4.28285727 15.60915201 -11.43552068 9.38907318 -8.13966014 6.84065992 -6.40639565 5.53731913 -4.73406219 3.91603915 -3.63500621 2.63897224 -3.12341312 
4.39347731 14.96379114 -10.52925148 8.29928585 -6.93154292 5.56800606 -5.11452589 4.26338751 -3.50788587 2.76052755 -2.56763903 1.67204091 -2.26500855 
4.39032185 14.92796813 -10.48009745 8.24147477 -6.86881692 5.50327955 -5.05012123 4.20108938 -3.44902387 2.70602600 -2.51813114 1.62789596 -2.22640465 
4.15066881 14.73765302 -10.22100336 7.93902674 -6.54302550 5.16942216 -4.72013950 3.88394942 -3.15122042 2.43189011 -2.27048807 1.40822697 -2.03525860 
4.13863310 14.85131741 -10.37533167 8.11871590 -6.73610044 5.36680225 -4.91477422 4.07058863 -3.32609998 2.59253963 -2.41532763 1.53646721 -2.14665004 
4.24722699 15.60912161 -11.43547707 9.38901969 -8.13959970 6.84059509 -6.40632872 5.53725205 -4.73399662 3.91597646 -3.63494751 2.63891839 -3.12336474 
4.59435562 12.70120266 -7.66191093 5.16826412 -3.76449964 2.50702883 -2.25092171 1.64945374 -1.16864464 0.69995688 -0.78005139 0.14369379 -0.97997383 
4.94718115 15.14291985 -10.77686683 8.59258002 -7.25195765 5.90081699 -5.44778753 4.58772358 -3.81613477 3.04753285 -2.82972763 1.90690541 -2.47136852 
5.04011103 15.60645495 -11.43165236 9.38432823 -8.13429962 6.83491125 -6.40046008 5.53137061 -4.72824830 3.91048101 -3.62980228 2.63419813 -3.11912426 
4.89460147 14.32918300 -9.67652205 7.31613486 -5.88503135 4.50763237 -4.07774028 3.27720012 -2.59090139 1.92418385 -1.81866009 1.01303813 -1.69596133 
4.26739860 9.22314838 -4.16775054 2.09977996 -1.24210140 0.49358846 -0.67776525 0.43701954 -0.24300166 -0.01020681 -0.23509081 -0.27740409 -0.65887353 
2.82012738 -5.25632852 -1.12266994 -0.36139638 -0.22876646 -0.26920107 -0.26845166 0.14541277 -0.11369283 -0.16331047 -0.16034356 -0.39013761 -0.58343381 
3.21749857 3.86973085 -0.89348906 0.21888592 -0.18866026 -0.13722904 -0.29278225 0.19626907 -0.09590443 -0.11984798 -0.15347648 -0.35171788 -0.60146745 
3.78563071 15.24037903 -10.91286364 8.75511651 -7.43106440 6.08839496 -5.63711711 4.77339263 -3.99388639 3.21418009 -2.98290457 2.04501781 -2.59342866 
3.01170029 -0.74168825 -0.09533440 -0.03242101 -0.12540499 -0.20030849 -0.25780762 0.16971225 -0.09366278 -0.13877513 -0.14725363 -0.37238479 -0.58724425 
3.90626113 0.14702782 -0.10394041 -0.01640949 -0.12493520 -0.19181155 -0.26105321 0.17334738 -0.09223800 -0.13539306 -0.14692638 -0.36908024 -0.58912970 
5.35898048 9.63604046 -4.52574212 2.37093753 -1.43388765 0.62649219 -0.76838771 0.49840295 -0.28443438 0.01899387 -0.25619657 -0.26126394 -0.67091376 
5.96808988 14.30956746 -9.65077263 7.28710985 -5.85481027 4.47765771 -4.04903592 3.25044334 -2.56650461 1.90234366 -1.79944627 0.99641456 -1.68183679 
6.14055179 15.58803054 -11.40524466 9.35195667 -8.09775070 6.79573836 -6.36003579 5.49087922 -4.68869297 3.87268337 -3.59442894 2.60175981 -3.08999430 
5.99303310 14.15083589 -9.44374122 7.05518029 -5.61476993 4.24094409 -3.82361718 3.04145080 -2.37693327 1.73346870 -1.65156805 0.86902816 -1.57405004 
5.53676962 12.72271658 -7.68693400 5.19336438 -3.78782284 2.52777202 -2.26879400 1.66449693 -1.18107941 0.71011829 -0.78826099 0.15026539 -0.98515831 
5.04822658 14.49854418 -9.90035728 7.57009911 -6.15115069 4.77320591 -4.33357882 3.51706061 -2.81082710 2.12210520 -1.99365632 1.16515925 -1.82579956 
4.71703494 14.11397748 -9.39600717 7.00207018 -5.56016799 4.18744365 -3.77298651 2.99479262 -2.33485720 1.69619263 -1.61909715 0.84119392 -1.55060895 
4.51488561 15.60999040 -11.43672330 9.39054849 -8.14132701 6.84244765 -6.40824168 5.53916935 -4.73587069 3.91776822 -3.63662521 2.64045763 -3.12474762 
4.41027149 14.93930062 -10.49563399 8.25973282 -6.88861169 5.52369028 -5.07041573 4.22070638 -3.46754643 2.72316551 -2.53369086 1.64176228 -2.23852390 
4.28990778 15.60915790 -11.43552913 9.38908354 -8.13967184 6.84067247 -6.40640861 5.53733212 -4.73407489 3.91605129 -3.63501758 2.63898267 -3.12342249 
4.28285727 15.60915201 -11.43552068 9.38907318 -8.13966014 6.84065992 -6.40639565 5.53731913 -4.73406219 3.91603915 -3.63500621 2.63897224 -3.12341312 
4.15818445 14.74293882 -10.22815298 7.94732098 -6.55190617 5.17847006 -4.72903226 3.89244982 -3.15916093 2.43916337 -2.27702749 1.41400191 -2.04026236 
4.14619651 14.85604472 -10.38177678 8.12624986 -6.74422664 5.37514013 -4.92302527 4.07852774 -3.33356324 2.59941687 -2.42154630 1.54198844 -2.15145852 
4.25440400 15.60912782 -11.43548598 9.38903061 -8.13961205 6.84060834 -6.40634239 5.53726575 -4.73401002 3.91598927 -3.63495950 2.63892939 -3.12337463 
4.36660547 14.94896990 -10.50889995 8.27533339 -6.90553667 5.54115317 -5.08778997 4.23751065 -3.48342230 2.73786395 -2.54704140 1.65366563 -2.24893233 
4.47036867 15.60999040 -11.43672330 9.39054849 -8.14132701 6.84244765 -6.40824168 5.53916935 -4.73587069 3.91776822 -3.63662521 2.64045763 -3.12474762 
4.68333086 14.00733720 -9.25862103 6.84997804 -5.40456770 4.03569809 -3.63003449 2.86363688 -2.21708353 1.59227197 -1.52891535 0.76416315 -1.48595579 
5.03974999 14.32331205 -9.66881141 7.30743920 -5.87597317 4.49864405 -4.06912917 3.26916992 -2.58357652 1.91762408 -1.81288707 1.00804169 -1.69171464 
5.35065420 14.55105559 -9.97031047 7.65007379 -6.23557367 4.85805462 -4.41587974 3.59473428 -2.88250053 2.18699746 -2.05136107 1.21559120 -1.86906558 
