11.11613637 -0.00208877 -0.09765678 -0.01924274 -0.12482921 -0.19325715 -0.26042086 0.17272011 -0.09242800 -0.13595002 -0.14693558 -0.36964602 -0.58878963 
2.96383015 14.16118389 -9.45716557 7.07014124 -5.63017588 4.25606262 -3.83794622 3.05467476 -2.38887525 1.74406232 -1.66080762 0.87695764 -1.58073547 
3.29975402 14.41960940 -9.79569575 7.45098116 -6.02595594 4.64790743 -4.21253658 3.40327247 -2.70622607 2.02773995 -1.91002834 1.09230516 -1.76348847 
3.77207091 12.92406033 -7.92317974 5.43235398 -4.01173945 2.72849951 -2.44306813 1.81226938 -1.30409398 0.81128954 -0.87047934 0.21641677 -1.03760058 
4.00554386 15.60006225 -11.42248617 9.37308789 -8.12160440 6.82130013 -6.38640976 5.51729277 -4.71449202 3.89733252 -3.61749403 2.62290848 -3.10898379 
4.11682041 14.87789605 -10.41159600 8.16113768 -6.78188926 5.41381565 -4.96132843 4.11541105 -3.36826138 2.63141280 -2.45049747 1.56770873 -2.17387180 
4.34032365 14.96905872 -10.53648960 8.30781032 -6.94080424 5.57757476 -5.12405855 4.27261913 -3.51661809 2.76862145 -2.57499874 1.67860960 -2.27075791 
4.54755984 15.04334222 -10.63884195 8.42866894 -7.07244306 5.71391334 -5.26020242 4.40476174 -3.64188310 2.88496858 -2.68099833 1.77339037 -2.35386170 
4.64278306 15.60999040 -11.43672330 9.39054849 -8.14132701 6.84244765 -6.40824168 5.53916935 -4.73587069 3.91776822 -3.63662521 2.64045763 -3.12474762 
4.64278306 15.60999040 -11.43672330 9.39054849 -8.14132701 6.84244765 -6.40824168 5.53916935 -4.73587069 3.91776822 -3.63662521 2.64045763 -3.12474762 
4.74096426 15.10475814 -10.72385976 8.52950592 -7.18274642 5.82862463 -5.37520399 4.51680895 -3.74848664 2.98432527 -2.77181540 1.85484633 -2.42549190 
4.83304763 15.60950673 -11.43602949 9.38969736 -8.14036535 6.84141626 -6.40717664 5.53810189 -4.73482729 3.91677064 -3.63569112 2.63960062 -3.12397767 
4.83840477 15.60950932 -11.43603320 9.38970191 -8.14037049 6.84142177 -6.40718233 5.53810759 -4.73483286 3.91677596 -3.63569611 2.63960520 -3.12398178 
4.75481500 15.13675826 -10.76829897 8.58237439 -7.24074781 5.88911315 -5.43600945 4.57620615 -3.80513858 3.03725026 -2.82029935 1.89842401 -2.46388930 
4.75772673 15.11209430 -10.73403907 8.54160634 -7.19601140 5.84244819 -5.38909009 4.53036416 -3.76140687 2.99638803 -2.78285945 1.86476729 -2.43422891 
4.76037991 15.13906639 -10.77150806 8.58619643 -7.24494543 5.89349525 -5.44041885 4.58051752 -3.80925441 3.04109862 -2.82382766 1.90159769 -2.46668775 
4.66624374 15.60999040 -11.43672330 9.39054849 -8.14132701 6.84244765 -6.40824168 5.53916935 -4.73587069 3.91776822 -3.63662521 2.64045763 -3.12474762 
4.66624374 15.60999040 -11.43672330 9.39054849 -8.14132701 6.84244765 -6.40824168 5.53916935 -4.73587069 3.91776822 -3.63662521 2.64045763 -3.12474762 
4.66624374 15.60999040 -11.43672330 9.39054849 -8.14132701 6.84244765 -6.40824168 5.53916935 -4.73587069 3.91776822 -3.63662521 2.64045763 -3.12474762 
4.66624374 15.60999040 -11.43672330 9.39054849 -8.14132701 6.84244765 -6.40824168 5.53916935 -4.73587069 3.91776822 -3.63662521 2.64045763 -3.12474762 
4.56922656 15.02393299 -10.61204820 8.39697363 -7.03786065 5.67803674 -5.22431969 4.36987999 -3.60876807 2.85416816 -2.65290009 1.74823472 -2.33177914 
4.56601361 15.05227141 -10.65118038 8.44327807 -7.08839721 5.73047874 -5.27678434 4.42089391 -3.65720986 2.89923434 -2.69402144 1.78505715 -2.36410950 
4.66040432 15.60999040 -11.43672330 9.39054849 -8.14132701 6.84244765 -6.40824168 5.53916935 -4.73587069 3.91776822 -3.63662521 2.64045763 -3.12474762 
4.66040432 15.60999040 -11.43672330 9.39054849 -8.14132701 6.84244765 -6.40824168 5.53916935 -4.73587069 3.91776822 -3.63662521 2.64045763 -3.12474762 
4.66040432 15.60999040 -11.43672330 9.39054849 -8.14132701 6.84244765 -6.40824168 5.53916935 -4.73587069 3.91776822 -3.63662521 2.64045763 -3.12474762 
4.56310447 15.02085403 -10.60780108 8.39195327 -7.03238689 5.67236200 -5.21864771 4.36436972 -3.60354006 2.84930836 -2.64846907 1.74426978 -2.32830026 
4.55988121 15.04931790 -10.64709836 8.43844387 -7.08311694 5.72499517 -5.27129436 4.41555193 -3.65213377 2.89450893 -2.68970702 1.78119155 -2.36071362 
4.65454780 15.60999040 -11.43672330 9.39054849 -8.14132701 6.84244765 -6.40824168 5.53916935 -4.73587069 3.91776822 -3.63662521 2.64045763 -3.12474762 
4.55696362 15.01775148 -10.60352235 8.38689656 -7.02687457 5.66664837 -5.21293789 4.35882366 -3.59827897 2.84441858 -2.64401138 1.74028153 -2.32480141 
4.55372999 15.04634158 -10.64298565 8.43357427 -7.07779900 5.71947349 -5.26576715 4.41017464 -3.64702493 2.88975375 -2.68536605 1.77730267 -2.35729773 
4.55080392 15.01462513 -10.59921170 8.38180317 -7.02132337 5.66089551 -5.20718992 4.35324152 -3.59298455 2.83949861 -2.63952684 1.73626983 -2.32128245 
4.54755984 15.04334222 -10.63884195 8.42866894 -7.07244306 5.71391334 -5.26020242 4.40476174 -3.64188310 2.88496858 -2.68099833 1.77339037 -2.35386170 
4.64278306 15.60999040 -11.43672330 9.39054849 -8.14132701 6.84244765 -6.40824168 5.53916935 -4.73587069 3.91776822 -3.63662521 2.64045763 -3.12474762 
4.64278306 15.60999040 -11.43672330 9.39054849 -8.14132701 6.84244765 -6.40824168 5.53916935 -4.73587069 3.91776822 -3.63662521 2.64045763 -3.12474762 
4.64278306 15.60999040 -11.43672330 9.39054849 -8.14132701 6.84244765 -6.40824168 5.53916935 -4.73587069 3.91776822 -3.63662521 2.64045763 -3.12474762 
4.64278306 15.60999040 -11.43672330 9.39054849 -8.14132701 6.84244765 -6.40824168 5.53916935 -4.73587069 3.91776822 -3.63662521 2.64045763 -3.12474762 
4.54462523 15.01147471 -10.59486882 8.37667275 -7.01573292 5.65510309 -5.20140348 4.34762301 -3.58765654 2.83454822 -2.63501526 1.73223452 -2.31774328 
4.54137065 15.04031959 -10.63466697 8.42372755 -7.06704877 5.70831440 -5.25459985 4.39931295 -3.63670800 2.88015320 -2.67660368 1.76945448 -2.35040541 
4.63687464 15.60999040 -11.43672330 9.39054849 -8.14132701 6.84244765 -6.40824168 5.53916935 -4.73587069 3.91776822 -3.63662521 2.64045763 -3.12474762 
4.53842745 15.00830000 -10.59049339 8.37150497 -7.01010289 5.64927077 -5.19557827 4.34196786 -3.58229470 2.82956720 -2.63047646 1.72817546 -2.31418376 
4.53516230 15.03727345 -10.63046039 8.41874975 -7.06161578 5.70267633 -5.24895911 4.39382799 -3.63149940 2.87530738 -2.67218190 1.76549485 -2.34692872 
4.53221046 15.00510074 -10.58608511 8.36629946 -7.00443290 5.64339821 -5.18971395 4.33627578 -3.57689876 2.82455533 -2.62591026 1.72409248 -2.31060376 
4.41935098 15.60925896 -11.43567408 9.38926136 -8.13987275 6.84088794 -6.40663110 5.53755511 -4.73429285 3.91625967 -3.63521269 2.63916168 -3.12358332 
4.52268761 15.03110968 -10.62195120 8.40868356 -7.05063228 5.69128141 -5.23756189 4.38274835 -3.62098063 2.86552356 -2.66325619 1.75750369 -2.33991362 
4.51971835 14.99862760 -10.57716867 8.35577387 -6.99297165 5.63153095 -5.17786673 4.32477964 -3.56600360 2.81443815 -2.61669490 1.71585418 -2.30338185 
4.29588363 14.83511799 -10.35326183 8.09293555 -6.70831228 5.33830867 -4.88659504 4.04349115 -3.30064142 2.56909298 -2.39413728 1.51766264 -2.13028069 
4.28473660 14.93829381 -10.49425318 8.25810958 -6.88685124 5.52187448 -5.06860972 4.21896015 -3.46589716 2.72163898 -2.53230468 1.64052666 -2.23744372 
4.38609089 15.60923422 -11.43563861 9.38921784 -8.13982358 6.84083521 -6.40657665 5.53750054 -4.73423951 3.91620867 -3.63516494 2.63911787 -3.12354396 
4.37937197 15.60922913 -11.43563130 9.38920888 -8.13981345 6.84082434 -6.40656543 5.53748929 -4.73422851 3.91619817 -3.63515510 2.63910884 -3.12353585 
4.37263041 15.60922398 -11.43562391 9.38919982 -8.13980321 6.84081336 -6.40655410 5.53747793 -4.73421741 3.91618755 -3.63514516 2.63909972 -3.12352765 
4.36586605 15.60921878 -11.43561645 9.38919067 -8.13979287 6.84080227 -6.40654265 5.53746646 -4.73420619 3.91617682 -3.63513512 2.63909051 -3.12351938 
4.47199803 15.00546479 -10.58658668 8.36689168 -7.00507791 5.64406620 -5.19038095 4.33692314 -3.57751239 2.82512524 -2.62642946 1.72455671 -2.31101077 
4.46895697 14.97170189 -10.54012253 8.31209001 -6.94545504 5.58238108 -5.12884788 4.27725826 -3.52100719 2.77269055 -2.57869944 1.68191315 -2.27364991 
4.46557079 15.00214354 -10.58201121 8.36148979 -6.99919510 5.63797428 -5.18429862 4.33102041 -3.57191765 2.81992948 -2.62169639 1.72032508 -2.30730091 
4.56457761 15.60999040 -11.43672330 9.39054849 -8.14132701 6.84244765 -6.40824168 5.53916935 -4.73587069 3.91776822 -3.63662521 2.64045763 -3.12474762 
4.46252051 14.96821551 -10.53533077 8.30644534 -6.93932107 5.57604216 -5.12253152 4.27114014 -3.51521894 2.76732443 -2.57381924 1.67755676 -2.26983631 
4.34543461 15.60920286 -11.43559361 9.38916265 -8.13976122 6.84076832 -6.40650759 5.53743132 -4.73417185 3.91614399 -3.63510437 2.63906230 -3.12349404 
4.33857748 15.60919744 -11.43558584 9.38915311 -8.13975045 6.84075677 -6.40649566 5.53741937 -4.73416017 3.91613282 -3.63509391 2.63905271 -3.12348541 
4.21731800 14.78359680 -10.28323593 8.01132130 -6.62053422 5.24849112 -4.79794856 3.95841406 -3.22085998 2.49574707 -2.32796144 1.45903082 -2.07931908 
4.07593795 15.60587021 -11.43081378 9.38329972 -8.13313779 6.83366540 -6.39917384 5.53008166 -4.72698862 3.90927684 -3.62867492 2.63316395 -3.11819525 
3.92964505 14.52197690 -9.93154093 7.60571466 -6.18871086 4.81092036 -4.37012780 3.55152456 -2.84260199 2.15085086 -2.01919871 1.18746649 -1.84492407 
3.90703528 14.74054373 -10.22491304 7.94356197 -6.54788101 5.17436873 -4.72500090 3.88859600 -3.15556066 2.43586538 -2.27406204 1.41138295 -2.03799298 
3.88718055 14.48551827 -9.88304525 7.55035131 -6.13034992 4.75234403 -4.31338447 3.49803909 -2.79330819 2.10627225 -1.97960101 1.15289511 -1.81529417 
3.86405240 14.70987699 -10.18347695 7.89554094 -6.49651534 5.12208518 -4.67366076 3.83956426 -3.10979728 2.39398119 -2.23643244 1.37817627 -2.00924034 
3.97966423 15.60545442 -11.43021752 9.38256842 -8.13231172 6.83277962 -6.39825936 5.52916528 -4.72609308 3.90842076 -3.62787347 2.63242876 -3.11753484 
3.96315822 15.60537904 -11.43010941 9.38243584 -8.13216196 6.83261904 -6.39809358 5.52899916 -4.72593073 3.90826558 -3.62772819 2.63229549 -3.11741512 
4.08487592 14.81698685 -10.32858983 8.06414856 -6.67731774 5.30656114 -4.85523009 4.01336010 -3.27235972 2.54306981 -2.37063852 1.49682641 -2.11215673 
4.07392404 14.68211546 -10.14604335 7.85224387 -6.45029107 5.07512117 -4.62762597 3.79567463 -3.06890072 2.35660972 -2.20290695 1.34863267 -1.98369355 
4.19943002 13.45469766 -8.56371105 6.09837009 -4.65277630 3.31817001 -2.96801406 2.26830281 -1.69267115 1.13779138 -1.14112641 0.43806440 -1.21630551 
4.30150508 14.87549946 -10.40832330 8.15730622 -6.77775046 5.40956300 -4.95711427 4.11135084 -3.36443967 2.62788692 -2.44730557 1.56487175 -2.17139853 
4.17400368 15.60905563 -11.43538243 9.38890358 -8.13946852 6.84045441 -6.40618345 5.53710645 -4.73385432 3.91584041 -3.63482012 2.63880151 -3.12325974 
4.04238600 14.65845251 -10.11419405 7.81546977 -6.41109691 5.03536419 -4.58871665 3.75863453 -3.03443678 2.32515985 -2.17473059 1.32383351 -1.96227461 
4.02963954 14.78035073 -10.27883242 8.00619848 -6.61503430 5.24287301 -4.79241285 3.95310972 -3.21589343 2.49118778 -2.32385353 1.45539594 -2.07616364 
4.01840332 14.64012419 -10.08956147 7.78706871 -6.38086853 5.00474235 -4.55878611 3.73017714 -3.00799017 2.30105339 -2.15315646 1.30486443 -1.94590688 
3.86115496 15.60488465 -11.42940044 9.38156633 -8.13117981 6.83156592 -6.39700637 5.52790972 -4.72486608 3.90724789 -3.62677546 2.63142154 -3.11663008 
3.84363693 15.60479456 -11.42927126 9.38140791 -8.13100087 6.83137405 -6.39680830 5.52771124 -4.72467212 3.90706248 -3.62660189 2.63126232 -3.11648706 
3.97284059 14.74120079 -10.22580181 7.94459308 -6.54898506 5.17549361 -4.72610653 3.88965289 -3.15654796 2.43676975 -2.27487518 1.41210105 -2.03861521 
3.96130506 14.59530632 -10.02946222 7.71792326 -6.30742702 4.93049317 -4.48635318 3.66143760 -2.94422223 2.24302675 -2.10130917 1.25934689 -1.90668842 
3.94799767 14.72359605 -10.20200273 7.91699854 -6.51945473 5.14542206 -4.69656474 3.86142753 -3.13019342 2.41263996 -2.25318862 1.39295695 -2.02203351 
4.06676716 15.60894985 -11.43523070 9.38871746 -8.13925824 6.84022888 -6.40595058 5.53687306 -4.73362619 3.91562230 -3.63461591 2.63861416 -3.12309142 
3.92793421 14.56832898 -9.99337841 7.67650932 -6.26354417 4.88622869 -4.44326667 3.62063522 -2.90644851 2.20872079 -2.07071310 1.23253286 -1.88362351 
3.91438847 14.69930459 -10.16921252 7.87903259 -6.47888100 5.10415896 -4.65608005 3.82279435 -3.09416342 2.37968834 -2.22360491 1.36686765 -1.99945778 
3.90253748 14.54740394 -9.96543746 7.64449338 -6.22967332 4.85211529 -4.41011007 3.58928107 -2.87746154 2.18242916 -2.04729365 1.21203220 -1.86600883 
3.73517884 15.60420043 -11.42841930 9.38036308 -8.12982072 6.83010868 -6.39550201 5.52640232 -4.72339302 3.90583982 -3.62545731 2.63021242 -3.11554398 
3.56184048 14.17186666 -9.47103478 7.08560936 -5.64611550 4.27171562 -3.85279175 3.06838424 -2.40126339 1.75505821 -1.67040339 0.88519713 -1.58768575 
3.53429952 14.44335829 -9.82712291 7.48668137 -6.06340813 4.68532406 -4.24861989 3.43713667 -2.73730603 2.05573578 -1.93480272 1.11385837 -1.78189855 
3.51075849 14.11678362 -9.39963680 7.00610378 -5.56431007 4.19149763 -3.77681887 2.99832058 -2.33803547 1.69900562 -1.62154530 0.84329071 -1.55237337 
3.29165293 15.58978403 -11.40775660 9.35503434 -8.10122386 6.79945918 -6.36387380 5.49472202 -4.69244545 3.87626778 -3.59778228 2.60483391 -3.09275403 
3.25656701 15.58906725 -11.40672975 9.35377619 -8.09980399 6.79793802 -6.36230469 5.49315091 -4.69091123 3.87480225 -3.59641119 2.60357697 -3.09162561 
3.22085462 15.58831173 -11.40564747 9.35245017 -8.09830759 6.79633494 -6.36065113 5.49149531 -4.68929456 3.87325800 -3.59496650 2.60225259 -3.09043668 
3.18449299 15.58751465 -11.40450568 9.35105131 -8.09672907 6.79464395 -6.35890698 5.48974907 -4.68758943 3.87162932 -3.59344288 2.60085590 -3.08918287 
3.14745807 15.58667288 -11.40329997 9.34957421 -8.09506233 6.79285855 -6.35706551 5.48790547 -4.68578932 3.86990997 -3.59183449 2.59938155 -3.08785938 
3.10972446 15.58578306 -11.40202548 9.34801294 -8.09330070 6.79097158 -6.35511937 5.48595718 -4.68388705 3.86809312 -3.59013496 2.59782370 -3.08646099 
2.86009582 13.16842850 -8.21492223 5.73246417 -4.29755413 2.98874195 -2.67244782 2.00961474 -1.47067901 0.95004862 -0.98456968 0.30916596 -1.11185461 
2.80328142 13.71216112 -8.88390588 6.44099151 -4.99187742 3.63851852 -3.26063277 2.52888515 -1.92004253 1.33308432 -1.30635275 0.57591202 -1.32942755 
2.75772813 12.99903868 -8.01210816 5.52325336 -4.09777127 2.80636758 -2.51130494 1.87064826 -1.35310837 0.85191473 -0.90372936 0.24333674 -1.05906847 
2.69757943 13.56811954 -8.70400752 6.24770827 -4.79982277 3.45639886 -3.09367050 2.37967977 -1.78941494 1.22053486 -1.21085243 0.49602287 -1.26370059 
2.88131180 15.57963068 -11.39321550 9.33722281 -8.08112837 6.77793571 -6.34167725 5.47250247 -4.67075239 3.85555021 -3.57840368 2.58707193 -3.07681097 
2.83814968 15.57830492 -11.39131752 9.33489875 -8.07850717 6.77512914 -6.33878378 5.46960682 -4.66792613 3.85285173 -3.57588021 2.58475950 -3.07473578 
3.03756474 13.92359710 -9.15148650 6.73216945 -5.28482825 3.91965777 -3.52138467 2.76454089 -2.12860463 1.51461906 -1.46187049 0.70716671 -1.43833479 
3.00821893 13.48035988 -8.59534905 6.13193969 -4.68572771 3.34905275 -2.99600627 2.29304415 -1.71410357 1.15607579 -1.15649769 0.45081366 -1.22670939 
2.46819859 12.47035563 -7.39607953 4.90416181 -3.52137917 2.29271024 -2.06783300 1.49660043 -1.04327411 0.59821972 -0.69837254 0.07866411 -0.92893165 
2.39742073 13.11207277 -8.14715229 5.66226378 -4.23024376 2.92705792 -2.61774035 1.96226581 -1.43048182 0.91639059 -0.95676207 0.28646284 -1.09360468 
2.34355310 12.21886361 -7.11201959 4.62715682 -3.27097171 2.07573654 -1.88552292 1.34679491 -0.92224710 0.50132093 -0.62151122 0.01808765 -0.88183796 
1.89225534 15.46979424 -11.23652183 9.14598652 -7.86611987 6.54840772 -6.10571601 5.23700447 -4.44148886 3.63718283 -3.37466477 2.40077138 -2.90996129 
1.79667426 15.45637455 -11.21745384 9.12280316 -7.84014905 6.52077857 -6.07740608 5.20883908 -4.41415132 3.61121819 -3.35050418 2.37873413 -2.89027158 
1.69629807 15.44096375 -11.19557738 9.09622892 -7.81040507 6.48916105 -6.04503470 5.17665688 -4.38293711 3.58159134 -3.32295319 2.35361929 -2.86784465 
1.59062049 15.42315417 -11.17032330 9.06558339 -7.77613805 6.45276978 -6.00780924 5.13968076 -4.34710252 3.54760532 -3.29137149 2.32484985 -2.84217085 
1.93566640 12.26050636 -7.15865634 4.67226248 -3.31141910 2.11051633 -1.91453139 1.37046314 -0.94123982 0.51643662 -0.63343757 0.02744597 -0.88908329 
1.87142245 11.12254491 -5.94084904 3.54398370 -2.34050348 1.30682572 -1.26779773 0.86019878 -0.54437469 0.20877093 -0.39603352 -0.15577062 -0.74942454 
1.26746024 15.35705642 -11.07685533 8.95245772 -7.64996066 6.31908976 -5.87137682 5.00445766 -4.21632624 3.42381837 -3.17655461 2.22043885 -2.74914761 
1.13568777 15.32428956 -11.03067185 8.89673463 -7.58799363 6.25362431 -5.80474524 4.93858864 -4.15278157 3.36381097 -3.12101901 2.17004176 -2.70433572 
0.99462872 15.28489653 -10.97528254 8.83005656 -7.51400636 6.17562309 -5.72551349 4.86041380 -4.07750332 3.29284601 -3.05544975 2.11063083 -2.65158575 
0.84287627 15.23700937 -10.90814657 8.74946187 -7.42481517 6.08183202 -5.63047526 4.76686256 -3.98761954 3.20829121 -2.97747990 2.04011662 -2.58908871 
0.67867816 15.17806660 -10.82580797 8.65095443 -7.31615859 5.96792985 -5.51540618 4.65392114 -3.87940539 3.10675859 -2.88408580 1.95584949 -2.51456697 
0.49981365 15.10448342 -10.72347866 8.52905301 -7.18225004 5.82810746 -5.37468460 4.51630205 -3.74800358 2.98387435 -2.77140264 1.85447561 -2.42516547 
1.08543259 10.12264279 -4.96717736 2.71996924 -1.69123511 0.81142092 -0.89869343 0.58927509 -0.34743275 0.06394464 -0.28884092 -0.23659329 -0.68923606 
1.44492974 15.48601823 -11.25959677 9.17406736 -7.89760460 6.58193076 -6.14009243 5.27123142 -4.47473388 3.66877985 -3.40408536 2.42762261 -2.93396588 
1.84178600 11.91642658 -6.77804968 4.30848564 -2.98893871 1.83619789 -1.68807733 1.18749618 -0.79576652 0.40158255 -0.54344846 -0.04277508 -0.83500010 
2.46459798 13.00408830 -8.01811590 5.52941265 -4.10361777 2.81167403 -2.51596756 1.87464763 -1.35647453 0.85471107 -0.90602282 0.24519700 -1.06055457 
2.44225948 12.63774339 -7.58834802 5.09471253 -3.69637065 2.44661767 -2.19902190 1.60589054 -1.13273043 0.67067872 -0.75644822 0.12483536 -0.96512234 
2.06325226 15.57941555 -11.39290750 9.33684566 -8.08070298 6.77748022 -6.34120765 5.47203250 -4.67029367 3.85511222 -3.57799409 2.58669659 -3.07647413 
2.01993435 15.57807557 -11.39098918 9.33449674 -8.07805377 6.77464369 -6.33828333 5.46910601 -4.66743733 3.85238505 -3.57544381 2.58435961 -3.07437693 
1.61997447 10.59552849 -5.41647086 3.09118757 -1.97685683 1.02461173 -1.05424992 0.70124191 -0.42734407 0.12195398 -0.33138799 -0.20457916 -0.71300535 
0.95093194 15.41145780 -11.15375387 9.04549506 -7.75369556 6.42895601 -5.98346911 5.11552219 -4.32370686 3.52543184 -3.27078007 2.30610350 -2.82545128 
1.45486823 10.97741817 -5.79395586 3.41506887 -2.23534133 1.22404722 -1.20432741 0.81237444 -0.50876631 0.18213523 -0.37607746 -0.17087695 -0.73812153 
1.40125657 9.95047571 -4.80857189 2.59273908 -1.59611795 0.74223737 -0.84940784 0.55456759 -0.32315670 0.04654096 -0.27617229 -0.24614356 -0.68214879 
1.87650818 7.41545638 -2.77885188 1.15754476 -0.64110652 0.11012366 -0.43390674 0.28101017 -0.14317339 -0.08031673 -0.18391556 -0.31891983 -0.62726135 
2.39479219 15.60445977 -11.42879118 9.38081914 -8.13033584 6.83066099 -6.39607218 5.52697363 -4.72395131 3.90637348 -3.62595688 2.63067066 -3.11595560 
2.67707095 13.24838720 -8.31157944 5.83309405 -4.39451761 3.07802003 -2.75199052 2.07876220 -1.52963086 0.99960321 -1.02565899 0.34282211 -1.13899317 
2.90243696 15.60999040 -11.43672330 9.39054849 -8.14132701 6.84244765 -6.40824168 5.53916935 -4.73587069 3.91776822 -3.63662521 2.64045763 -3.12474762 
2.90243696 15.60999040 -11.43672330 9.39054849 -8.14132701 6.84244765 -6.40824168 5.53916935 -4.73587069 3.91776822 -3.63662521 2.64045763 -3.12474762 
2.90243696 15.60999040 -11.43672330 9.39054849 -8.14132701 6.84244765 -6.40824168 5.53916935 -4.73587069 3.91776822 -3.63662521 2.64045763 -3.12474762 
2.67026536 13.14013383 -8.18086012 5.69714382 -4.26365355 2.95764499 -2.64484218 1.98570071 -1.45035949 0.93302109 -0.97049151 0.29766446 -1.10260331 
2.05805442 11.84607119 -6.70155079 4.23657226 -2.92621534 1.78365368 -1.64533535 1.15344453 -0.76905181 0.38073263 -0.52727532 -0.05529732 -0.82542631 
2.02025394 12.16199305 -7.04858411 4.56604069 -3.21637358 2.02895572 -1.84663799 1.31517181 -0.89694944 0.48124191 -0.60570662 0.00571012 -0.87227256 
2.30189824 15.60392243 -11.42802066 9.37987422 -8.12926855 6.82951665 -6.39489085 5.52578994 -4.72279460 3.90526783 -3.62492185 2.62972125 -3.11510280 
2.28279025 15.60380560 -11.42785313 9.37966878 -8.12903651 6.82926786 -6.39463402 5.52553260 -4.72254314 3.90502747 -3.62469684 2.62951486 -3.11491742 
2.26349794 15.60368536 -11.42768073 9.37945735 -8.12879771 6.82901183 -6.39436972 5.52526778 -4.72228436 3.90478011 -3.62446529 2.62930247 -3.11472664 
2.56456577 13.06646358 -8.09252022 5.60588620 -4.17638654 2.87787656 -2.57427037 1.92476674 -1.39874730 0.88989580 -0.93493145 0.26868255 -1.07934479 
2.80133240 15.60999040 -11.43672330 9.39054849 -8.14132701 6.84244765 -6.40824168 5.53916935 -4.73587069 3.91776822 -3.63662521 2.64045763 -3.12474762 
2.80133240 15.60999040 -11.43672330 9.39054849 -8.14132701 6.84244765 -6.40824168 5.53916935 -4.73587069 3.91776822 -3.63662521 2.64045763 -3.12474762 
2.55743699 12.95126800 -7.95538967 5.46521881 -4.04278994 2.75655653 -2.46761505 1.83323729 -1.32167209 0.82583906 -0.88237250 0.22603497 -1.04526266 
1.90472923 11.48839106 -6.31957704 3.88363125 -2.62348502 1.53398038 -1.44523181 0.99624706 -0.64734013 0.28678529 -0.45507830 -0.11081911 -0.78324727 
1.86347251 11.81962253 -6.67290880 4.20975181 -2.90291105 1.76420089 -1.62956542 1.14092163 -0.75925722 0.37310818 -0.52137427 -0.05985863 -0.82194448 
1.83539952 11.31830500 -6.14199929 3.72308396 -2.48867365 1.42498333 -1.35951409 0.93010573 -0.59698704 0.24845564 -0.42596047 -0.13303672 -0.76649399 
1.28785569 15.54433082 -11.34273475 9.27547357 -8.01155257 6.70350870 -6.26501403 5.39584672 -4.59599351 3.78422542 -3.51175225 2.52603545 -3.02207113 
1.22369558 15.54007383 -11.33665480 9.26804537 -8.00319249 6.69457546 -6.25582198 5.38666470 -4.58704715 3.77569761 -3.50378989 2.51874960 -3.01554175 
1.15740938 15.53539229 -11.32997041 9.25988094 -7.99400619 6.68476179 -6.24572636 5.37658236 -4.57722570 3.76633754 -3.49505211 2.51075565 -3.00837899 
1.64275942 11.29390310 -6.11673688 3.70042908 -2.46980050 1.40983616 -1.34768514 0.92103836 -0.59012672 0.24325940 -0.42202895 -0.13602902 -0.76424308 
1.97182884 15.60155582 -11.42462740 9.37571325 -8.12456915 6.82447835 -6.38969012 5.52057916 -4.71770297 3.90040127 -3.62036638 2.62554287 -3.11134981 
1.94927293 15.60136393 -11.42435230 9.37537593 -8.12418821 6.82406997 -6.38926860 5.52015685 -4.71729034 3.90000690 -3.61999725 2.62520431 -3.11104573 
1.92645974 15.60116543 -11.42406771 9.37502699 -8.12379415 6.82364753 -6.38883257 5.51972001 -4.71686352 3.89959897 -3.61961542 2.62485410 -3.11073120 
1.90338333 15.60096000 -11.42377320 9.37466589 -8.12338636 6.82321037 -6.38838135 5.51926796 -4.71642184 3.89917685 -3.61922031 2.62449172 -3.11040573 
2.26234897 12.52370291 -7.45707801 4.96434980 -3.57641500 2.34091697 -2.10876144 1.53056727 -1.07097572 0.62058470 -0.71624529 0.09283771 -0.94001511 
2.25430584 12.38820322 -7.30265343 4.81245813 -3.43795228 2.21998794 -2.00637712 1.44582465 -1.00203943 0.56505439 -0.67195840 0.05777649 -0.91264178 
1.85641606 15.60052706 -11.42315252 9.37390487 -8.12252697 6.82228910 -6.38743048 5.51831534 -4.71549110 3.89828732 -3.61838771 2.62372811 -3.10971991 
2.22367261 12.44826258 -7.37089403 4.87938324 -3.49878601 2.27297385 -2.05111991 1.48276463 -1.03201710 0.58915057 -0.69113877 0.07293672 -0.92445972 
2.49796323 15.60999040 -11.43672330 9.39054849 -8.14132701 6.84244765 -6.40824168 5.53916935 -4.73587069 3.91776822 -3.63662521 2.64045763 -3.12474762 
2.49796323 15.60999040 -11.43672330 9.39054849 -8.14132701 6.84244765 -6.40824168 5.53916935 -4.73587069 3.91776822 -3.63662521 2.64045763 -3.12474762 
2.49796323 15.60999040 -11.43672330 9.39054849 -8.14132701 6.84244765 -6.40824168 5.53916935 -4.73587069 3.91776822 -3.63662521 2.64045763 -3.12474762 
2.49796323 15.60999040 -11.43672330 9.39054849 -8.14132701 6.84244765 -6.40824168 5.53916935 -4.73587069 3.91776822 -3.63662521 2.64045763 -3.12474762 
2.49796323 15.60999040 -11.43672330 9.39054849 -8.14132701 6.84244765 -6.40824168 5.53916935 -4.73587069 3.91776822 -3.63662521 2.64045763 -3.12474762 
2.49796323 15.60999040 -11.43672330 9.39054849 -8.14132701 6.84244765 -6.40824168 5.53916935 -4.73587069 3.91776822 -3.63662521 2.64045763 -3.12474762 
2.49796323 15.60999040 -11.43672330 9.39054849 -8.14132701 6.84244765 -6.40824168 5.53916935 -4.73587069 3.91776822 -3.63662521 2.64045763 -3.12474762 
2.21550815 12.30998158 -7.21427040 4.72624290 -3.35999340 2.15242186 -1.94959380 1.39915737 -0.96433186 0.53486124 -0.64800716 0.03889923 -0.89796576 
2.20405780 12.40946341 -7.32677198 4.83607615 -3.45938908 2.23863327 -2.02210062 1.45878938 -1.01254772 0.57349179 -0.67866796 0.06307543 -0.91676931 
2.19583146 12.26975538 -7.16903600 4.68232140 -3.32045672 2.11830184 -1.92103644 1.37577960 -0.94551286 0.51984217 -0.63612790 0.02955914 -0.89072089 
1.78383010 15.59981691 -11.42213447 9.37265669 -8.12111747 6.82077817 -6.38587105 5.51675310 -4.71396476 3.89682862 -3.61702240 2.62247594 -3.10859533 
1.75903735 15.59956237 -11.42176958 9.37220933 -8.12061232 6.82023668 -6.38531218 5.51619324 -4.71341778 3.89630589 -3.61653315 2.62202723 -3.10819235 
2.14406480 12.28851158 -7.19010899 4.70276559 -3.33884482 2.13415840 -1.93429797 1.38662808 -0.95423991 0.52680289 -0.64163053 0.03388371 -0.89407398 
2.13564796 12.14436916 -7.02898558 4.54721405 -3.19960288 2.01462504 -1.83475700 1.30553355 -0.88925721 0.47514905 -0.60091947 0.00196645 -0.86938340 
2.12367206 12.24660577 -7.14307114 4.65717257 -3.29787327 2.09885693 -1.90479740 1.36251382 -0.93485529 0.51135151 -0.62942269 0.02429386 -0.88664163 
2.40984325 15.60999040 -11.43672330 9.39054849 -8.14132701 6.84244765 -6.40824168 5.53916935 -4.73587069 3.91776822 -3.63662521 2.64045763 -3.12474762 
2.70652751 13.19856592 -8.25128409 5.77025081 -4.33389849 3.02214793 -2.70216127 2.03540328 -1.49263097 0.96847483 -0.99982783 0.32164883 -1.12190859 
2.71323135 13.30465561 -8.37995360 5.90463645 -4.46379171 3.14210286 -2.80934493 2.12883979 -1.57250439 1.03578267 -1.05576638 0.36756351 -1.15900539 
2.72187277 13.22296689 -8.28078625 5.80097079 -4.36350407 3.04941117 -2.72645516 2.05652523 -1.51064093 0.98361573 -1.01238362 0.33193425 -1.13020298 
2.95572344 15.60683181 -11.43219285 9.38499116 -8.13504850 6.83571430 -6.40128920 5.53220148 -4.72906033 3.91125728 -3.63052904 2.63486483 -3.11972317 
2.74372202 13.35128520 -8.43683749 5.96438137 -4.52185606 3.19600586 -2.85775358 2.17124639 -1.60892576 1.06660779 -1.08148829 0.38875352 -1.17618564 
2.17596494 12.22875873 -7.12308707 4.63784763 -3.28054678 2.08396046 -1.89237459 1.35237934 -0.92672386 0.50488071 -0.62431772 0.02028845 -0.88354083 
1.75903735 15.59956237 -11.42176958 9.37220933 -8.12061232 6.82023668 -6.38531218 5.51619324 -4.71341778 3.89630589 -3.61653315 2.62202723 -3.10819235 
1.33384749 9.91953435 -4.78034877 2.57031177 -1.57950429 0.73025146 -0.84093279 0.54863948 -0.31903593 0.04359704 -0.27403329 -0.24775831 -0.68095006 
0.57476519 15.47875061 -11.24925721 9.16148125 -7.88348911 6.56689766 -6.12467294 5.25587545 -4.45981521 3.65459780 -3.39087762 2.41556614 -2.92318573 
0.48249029 15.46660699 -11.23199155 9.14047674 -7.85994576 6.54183747 -6.09898202 5.23030310 -4.43498283 3.63100208 -3.36891219 2.39552326 -2.90527131 
0.38575388 15.45272286 -11.21226808 9.11650150 -7.83309327 6.51327587 -6.06972206 5.20119765 -4.40673759 3.60417956 -3.34395705 2.37276447 -2.88493961 
-0.34793092 1.64282668 -0.27494662 0.02810714 -0.13191248 -0.17599498 -0.26950877 0.18038812 -0.09152759 -0.12981063 -0.14788679 -0.36301054 -0.59311279 
-0.61664885 1.91047448 -0.32626030 0.04113473 -0.13483973 -0.17270853 -0.27148148 0.18185517 -0.09165668 -0.12877246 -0.14827164 -0.36182551 -0.59394561 
0.90848110 9.12615813 -4.08586013 2.03929724 -1.20035727 0.46526298 -0.65881080 0.42438942 -0.23460434 -0.01609488 -0.23083755 -0.28069062 -0.65641171 
1.83843819 11.61662493 -6.45518832 4.00775581 -2.72896866 1.62022169 -1.51377585 1.04966750 -0.68839152 0.31827363 -0.47914905 -0.09237689 -0.79720815 
2.80868830 10.36361828 -5.19362641 2.90509463 -1.83220129 0.91565019 -0.97407676 0.64309486 -0.38555514 0.09148261 -0.30897498 -0.22144151 -0.70047962 
3.21077476 15.60022091 -11.42271363 9.37336677 -8.12191932 6.82163771 -6.38675818 5.51764182 -4.71483305 3.89765843 -3.61779908 2.62318824 -3.10923505 
3.43341781 14.03018788 -9.28796986 6.88237253 -5.43761395 4.06783631 -3.66022872 2.89126713 -2.24183205 1.61405747 -1.54777804 0.78024114 -1.49942302 
3.78633788 14.34227436 -9.69372738 7.33555084 -5.90526971 4.52772698 -4.09700307 3.29517379 -2.60730545 1.93888221 -1.83160203 1.02424438 -1.70549030 
3.81538724 14.72309964 -10.20133209 7.91622142 -6.51862358 5.14457616 -4.69573420 3.86063443 -3.12945326 2.41196260 -2.25258013 1.39242003 -2.02156865 
3.53088397 14.44029198 -9.82306223 7.48206529 -6.05856217 4.68047948 -4.24394494 3.43274650 -2.73327439 2.05210215 -1.93158547 1.11105802 -1.77950542 
3.18747884 14.02370783 -9.27964207 6.87317522 -5.42822632 4.05870169 -3.65164215 2.88340571 -2.23478711 1.60785313 -1.54240376 0.77565840 -1.49558294 
2.75879744 13.37406681 -8.46470230 5.99372213 -4.55044229 3.22260646 -2.88169778 2.19226846 -1.62701937 1.08195159 -1.09431550 0.39933847 -1.18478134 
1.80437005 2.16204140 -0.38022493 0.05535666 -0.13827842 -0.16940749 -0.27348993 0.18331365 -0.09186003 -0.12777244 -0.14869724 -0.36067684 -0.59476570 
1.90988669 -2.44549422 -0.27269774 -0.08081922 -0.13536154 -0.21723456 -0.25521295 0.16279215 -0.09835638 -0.14606715 -0.14974807 -0.37852846 -0.58456838 
