9.01530415 0.20310169 -0.10680820 -0.01530501 -0.12499590 -0.19126455 -0.26130029 0.17358571 -0.09217178 -0.13518432 -0.14692772 -0.36886605 -0.58926011 
1.73923766 11.07347101 -5.89096554 3.50002676 -2.30450368 1.27838537 -1.24591654 0.84365892 -0.53202317 0.19951084 -0.38908358 -0.16103618 -0.74548122 
1.69386530 11.42034859 -6.24822388 3.81884875 -2.56886434 1.48965107 -1.41024501 0.96915953 -0.62665347 0.27099820 -0.44306061 -0.12000093 -0.77631501 
1.66411521 10.87479321 -5.69122626 3.32586442 -2.16332057 1.16789213 -1.16165423 0.78048802 -0.48520873 0.16461722 -0.36301118 -0.18074700 -0.73075244 
1.61673079 11.22838086 -6.04916991 3.64006390 -2.41969571 1.36975929 -1.31648803 0.89719646 -0.57213883 0.22966520 -0.41176175 -0.14383515 -0.75837705 
2.31902970 12.63174379 -7.58141231 5.08779626 -3.68998087 2.44096569 -2.19417777 1.60183381 -1.12939330 0.66796355 -0.75426324 0.12309229 -0.96375163 
2.58236394 15.60999040 -11.43672330 9.39054849 -8.14132701 6.84244765 -6.40824168 5.53916935 -4.73587069 3.91776822 -3.63662521 2.64045763 -3.12474762 
2.85500391 13.42669259 -8.52925447 6.06188117 -4.61702752 3.28472668 -2.93775459 2.24160328 -1.66958047 1.11812244 -1.12461486 0.42438732 -1.20515845 
2.86130232 13.52425472 -8.64960730 6.18965628 -4.74252141 3.40240709 -3.04447791 2.33598172 -1.75137815 1.18793877 -1.18333408 0.47311032 -1.24493400 
2.86927163 13.44769366 -8.55508671 6.08923009 -4.64381501 3.30978065 -2.96041812 2.26159603 -1.68686716 1.13284451 -1.13697132 0.43462084 -1.21349758 
2.87553204 13.54446384 -8.67464797 6.21635497 -4.76885282 3.42719772 -3.06704735 2.35601515 -1.76880349 1.20286150 -1.19592417 0.48358705 -1.25351020 
2.34821092 12.57161478 -7.51208347 5.01883630 -3.62642717 2.38488174 -2.14621832 1.56175680 -1.09649322 0.64124491 -0.73279790 0.10599283 -0.95032318 
2.33758019 12.66646136 -7.62159257 5.12790788 -3.72707882 2.47381355 -2.22235831 1.62545600 -1.14884286 0.68380100 -0.76701752 0.13327348 -0.97176270 
2.59882494 15.60999040 -11.43672330 9.39054849 -8.14132701 6.84244765 -6.40824168 5.53916935 -4.73587069 3.91776822 -3.63662521 2.64045763 -3.12474762 
2.59882494 15.60999040 -11.43672330 9.39054849 -8.14132701 6.84244765 -6.40824168 5.53916935 -4.73587069 3.91776822 -3.63662521 2.64045763 -3.12474762 
2.32977048 12.53624993 -7.47146237 4.97857908 -3.58945845 2.35236876 -2.11850621 1.53867205 -1.07759921 0.62594205 -0.72053364 0.09624326 -0.94268170 
2.31902970 12.63174379 -7.58141231 5.08779626 -3.68998087 2.44096569 -2.19417777 1.60183381 -1.12939330 0.66796355 -0.75426324 0.12309229 -0.96375163 
2.31116277 12.50024318 -7.43022156 4.93781969 -3.55212869 2.31962159 -2.09066276 1.51553231 -1.05870254 0.61066767 -0.70831427 0.08654422 -0.93509081 
2.30030971 12.59638934 -7.54060845 5.04717105 -3.65250599 2.40786642 -2.16584949 1.57814230 -1.10992944 0.65214573 -0.74154752 0.11295744 -0.95578857 
2.29238481 12.46357798 -7.38834844 4.89655113 -3.51443574 2.28664144 -2.06269114 1.49234164 -1.03980743 0.59542561 -0.69614304 0.07689832 -0.92755251 
1.90338333 15.60096000 -11.42377320 9.37466589 -8.12338636 6.82321037 -6.38838135 5.51926796 -4.71642184 3.89917685 -3.61922031 2.62449172 -3.11040573 
2.26234897 12.52370291 -7.45707801 4.96434980 -3.57641500 2.34091697 -2.10876144 1.53056727 -1.07097572 0.62058470 -0.71624529 0.09283771 -0.94001511 
2.25430584 12.38820322 -7.30265343 4.81245813 -3.43795228 2.21998794 -2.00637712 1.44582465 -1.00203943 0.56505439 -0.67195840 0.05777649 -0.91264178 
1.85641606 15.60052706 -11.42315252 9.37390487 -8.12252697 6.82228910 -6.38743048 5.51831534 -4.71549110 3.89828732 -3.61838771 2.62372811 -3.10971991 
1.83251224 15.60029883 -11.42282533 9.37350371 -8.12207396 6.82180348 -6.38692927 5.51781322 -4.71500051 3.89781847 -3.61794887 2.62332563 -3.10935844 
2.20405780 12.40946341 -7.32677198 4.83607615 -3.45938908 2.23863327 -2.02210062 1.45878938 -1.01254772 0.57349179 -0.67866796 0.06307543 -0.91676931 
2.19583146 12.26975538 -7.16903600 4.68232140 -3.32045672 2.11830184 -1.92103644 1.37577960 -0.94551286 0.51984217 -0.63612790 0.02955914 -0.89072089 
1.78383010 15.59981691 -11.42213447 9.37265669 -8.12111747 6.82077817 -6.38587105 5.51675310 -4.71396476 3.89682862 -3.61702240 2.62247594 -3.10859533 
1.75903735 15.59956237 -11.42176958 9.37220933 -8.12061232 6.82023668 -6.38531218 5.51619324 -4.71341778 3.89630589 -3.61653315 2.62202723 -3.10819235 
1.73393340 15.59929817 -11.42139085 9.37174501 -8.12008801 6.81967466 -6.38473215 5.51561218 -4.71285009 3.89576338 -3.61602539 2.62156156 -3.10777414 
1.70851036 15.59902381 -11.42099757 9.37126285 -8.11954357 6.81909108 -6.38412986 5.51500883 -4.71226064 3.89520007 -3.61549817 2.62107805 -3.10733991 
1.68276000 15.59873877 -11.42058898 9.37076193 -8.11897796 6.81848481 -6.38350417 5.51438205 -4.71164830 3.89461490 -3.61495049 2.62057579 -3.10688884 
1.65667378 15.59844249 -11.42016427 9.37024127 -8.11839007 6.81785466 -6.38285385 5.51373061 -4.71101187 3.89400672 -3.61438129 2.62005378 -3.10642006 
2.06125433 12.11580472 -6.99728074 4.51681335 -3.17257012 1.99156403 -1.81566875 1.29007224 -0.87693557 0.46540168 -0.59326947 -0.00401072 -0.86477438 
2.35504530 15.60999040 -11.43672330 9.39054849 -8.14132701 6.84244765 -6.40824168 5.53916935 -4.73587069 3.91776822 -3.63662521 2.64045763 -3.12474762 
2.05257165 11.96536558 -6.83152714 4.35899832 -3.03320187 1.87344025 -1.71849901 1.21182905 -0.81492834 0.41658575 -0.55511846 -0.03372051 -0.84193635 
2.04002158 12.07042837 -6.94706836 4.46880686 -3.13000345 1.95534879 -1.78576947 1.26591349 -0.85772740 0.45023721 -0.58138901 -0.01328026 -0.85763602 
2.03127027 11.91834131 -6.78013789 4.31045436 -2.99066070 1.83764425 -1.68925685 1.18843814 -0.79650720 0.40216174 -0.54389848 -0.04242621 -0.83526714 
2.01856830 12.02412095 -6.89601879 4.42017700 -3.08703658 1.91891491 -1.75578577 1.24176032 -0.83857908 0.43515778 -0.56960092 -0.02246195 -0.85057673 
2.00974746 11.87035481 -6.72790410 4.26130002 -2.94774409 1.80165796 -1.65995707 1.16507532 -0.77816323 0.38783491 -0.53277861 -0.05103977 -0.82867892 
1.99689001 11.97685512 -6.84411372 4.37091582 -3.04366949 1.88226703 -1.72572448 1.21761999 -0.81949731 0.42016896 -0.55790953 -0.03155264 -0.84359873 
2.29870355 15.60999040 -11.43672330 9.39054849 -8.14132701 6.84244765 -6.40824168 5.53916935 -4.73587069 3.91776822 -3.63662521 2.64045763 -3.12474762 
1.98799875 11.82137785 -6.67480771 4.21152819 -2.90445305 1.76548687 -1.63060703 1.14174808 -0.75990311 0.37361063 -0.52176293 -0.05955833 -0.82217361 
1.97498212 11.92860248 -6.79133441 4.32101540 -2.99990251 1.84541022 -1.69559275 1.19350002 -0.80048896 0.40527641 -0.54631919 -0.04054919 -0.83670419 
1.96601954 11.77138109 -6.62083021 4.16113191 -2.86078899 1.72913691 -1.60121443 1.11846417 -0.74173372 0.35949441 -0.51085554 -0.06797906 -0.81575314 
1.49258035 15.59639208 -11.41722540 9.36663865 -8.11432250 6.81349503 -6.37835491 5.50922416 -4.70660957 3.88980001 -3.61044436 2.61644349 -3.10317796 
1.93045849 11.82901751 -6.68307562 4.21926551 -2.91117196 1.77109218 -1.63514868 1.14535276 -0.76272109 0.37580334 -0.52345941 -0.05824735 -0.82317409 
2.24072847 15.60999040 -11.43672330 9.39054849 -8.14132701 6.84244765 -6.40824168 5.53916935 -4.73587069 3.91776822 -3.63662521 2.64045763 -3.12474762 
2.24072847 15.60999040 -11.43672330 9.39054849 -8.14132701 6.84244765 -6.40824168 5.53916935 -4.73587069 3.91776822 -3.63662521 2.64045763 -3.12474762 
2.24072847 15.60999040 -11.43672330 9.39054849 -8.14132701 6.84244765 -6.40824168 5.53916935 -4.73587069 3.91776822 -3.63662521 2.64045763 -3.12474762 
2.24072847 15.60999040 -11.43672330 9.39054849 -8.14132701 6.84244765 -6.40824168 5.53916935 -4.73587069 3.91776822 -3.63662521 2.64045763 -3.12474762 
1.92135052 11.66820508 -6.51015563 4.05843860 -2.77234931 1.65592631 -1.54233434 1.07205869 -0.70569541 0.33160843 -0.48938211 -0.08451573 -0.80317411 
1.90783286 11.77762256 -6.62755623 4.16740059 -2.86621089 1.73364330 -1.60485267 1.12134203 -0.74397633 0.36123470 -0.51219890 -0.06694272 -0.81654276 
1.89865082 11.61496117 -6.45341931 4.00612823 -2.72757854 1.61907981 -1.51286423 1.04895404 -0.68784108 0.31785004 -0.47882437 -0.09262611 -0.79701916 
1.40519245 15.59515612 -11.41545405 9.36446746 -8.11187134 6.81086810 -6.37564427 5.50650922 -4.70395758 3.88726602 -3.60807305 2.61426906 -3.10122540 
1.37519357 15.59470655 -11.41480978 9.36367780 -8.11097990 6.80991278 -6.37465854 5.50552197 -4.70299326 3.88634465 -3.60721086 2.61347848 -3.10051551 
1.83843819 11.61662493 -6.45518832 4.00775581 -2.72896866 1.62022169 -1.51377585 1.04966750 -0.68839152 0.31827363 -0.47914905 -0.09237689 -0.79720815 
1.82902841 11.44818979 -6.27736914 3.84526606 -2.59110164 1.50767123 -1.42444692 0.98014001 -0.63502854 0.27738303 -0.44791684 -0.11629270 -0.77911324 
1.81478240 11.56056803 -6.39572338 3.95316679 -2.68244449 1.58208279 -1.48338638 1.02592653 -0.67010665 0.30422243 -0.46839147 -0.10062752 -0.79095626 
2.14020480 15.60999040 -11.43672330 9.39054849 -8.14132701 6.84244765 -6.40824168 5.53916935 -4.73587069 3.91776822 -3.63662521 2.64045763 -3.12474762 
2.14020480 15.60999040 -11.43672330 9.39054849 -8.14132701 6.84244765 -6.40824168 5.53916935 -4.73587069 3.91776822 -3.63662521 2.64045763 -3.12474762 
1.80529486 11.39012878 -6.21666786 3.79031512 -2.54490181 1.47027515 -1.39500618 0.95740026 -0.61770079 0.26418311 -0.43788337 -0.12395124 -0.77333629 
1.79085493 11.50325176 -6.33521649 3.89787919 -2.63553808 1.54379281 -1.45299906 1.00227732 -0.65195742 0.29031645 -0.45777101 -0.10875946 -0.78480398 
2.11947923 15.60999040 -11.43672330 9.39054849 -8.14132701 6.84244765 -6.40824168 5.53916935 -4.73587069 3.91776822 -3.63662521 2.64045763 -3.12474762 
1.78128870 11.33076658 -6.15492105 3.73468983 -2.49835668 1.43276553 -1.36559948 0.93477621 -0.60052479 0.25113772 -0.42799127 -0.13149037 -0.76765771 
1.76664974 11.44463537 -6.27364434 3.84188650 -2.58825405 1.50536156 -1.42262506 0.97873026 -0.63395247 0.27656217 -0.44729219 -0.11676984 -0.77875308 
2.09853663 15.60999040 -11.43672330 9.39054849 -8.14132701 6.84244765 -6.40824168 5.53916935 -4.73587069 3.91776822 -3.63662521 2.64045763 -3.12474762 
1.75700390 11.27006110 -6.09210602 3.67838513 -2.45147234 1.39515316 -1.33623845 0.91227823 -0.58350890 0.23825289 -0.41824462 -0.13890763 -0.76207890 
1.74216063 11.38467634 -6.21098313 3.78518247 -2.54059763 1.46679950 -1.39227612 0.95529610 -0.61610063 0.26296612 -0.43695953 -0.12465582 -0.77280525 
1.73243428 11.20796846 -6.02819963 3.62139637 -2.40425556 1.35744951 -1.30693523 0.88991701 -0.56666160 0.22553468 -0.40864742 -0.14620064 -0.75660117 
1.71738120 11.32333031 -6.14720848 3.72776122 -2.49257482 1.42811780 -1.36196447 0.93198590 -0.59841089 0.24953490 -0.42677754 -0.13241462 -0.76696211 
2.05598183 15.60999040 -11.43672330 9.39054849 -8.14132701 6.84244765 -6.40824168 5.53916935 -4.73587069 3.91776822 -3.63662521 2.64045763 -3.12474762 
2.05598183 15.60999040 -11.43672330 9.39054849 -8.14132701 6.84244765 -6.40824168 5.53916935 -4.73587069 3.91776822 -3.63662521 2.64045763 -3.12474762 
2.05598183 15.60999040 -11.43672330 9.39054849 -8.14132701 6.84244765 -6.40824168 5.53916935 -4.73587069 3.91776822 -3.63662521 2.64045763 -3.12474762 
2.05598183 15.60999040 -11.43672330 9.39054849 -8.14132701 6.84244765 -6.40824168 5.53916935 -4.73587069 3.91776822 -3.63662521 2.64045763 -3.12474762 
2.05598183 15.60999040 -11.43672330 9.39054849 -8.14132701 6.84244765 -6.40824168 5.53916935 -4.73587069 3.91776822 -3.63662521 2.64045763 -3.12474762 
2.05598183 15.60999040 -11.43672330 9.39054849 -8.14132701 6.84244765 -6.40824168 5.53916935 -4.73587069 3.91776822 -3.63662521 2.64045763 -3.12474762 
2.05598183 15.60999040 -11.43672330 9.39054849 -8.14132701 6.84244765 -6.40824168 5.53916935 -4.73587069 3.91776822 -3.63662521 2.64045763 -3.12474762 
2.05598183 15.60999040 -11.43672330 9.39054849 -8.14132701 6.84244765 -6.40824168 5.53916935 -4.73587069 3.91776822 -3.63662521 2.64045763 -3.12474762 
2.05598183 15.60999040 -11.43672330 9.39054849 -8.14132701 6.84244765 -6.40824168 5.53916935 -4.73587069 3.91776822 -3.63662521 2.64045763 -3.12474762 
2.05598183 15.60999040 -11.43672330 9.39054849 -8.14132701 6.84244765 -6.40824168 5.53916935 -4.73587069 3.91776822 -3.63662521 2.64045763 -3.12474762 
2.05598183 15.60999040 -11.43672330 9.39054849 -8.14132701 6.84244765 -6.40824168 5.53916935 -4.73587069 3.91776822 -3.63662521 2.64045763 -3.12474762 
2.05598183 15.60999040 -11.43672330 9.39054849 -8.14132701 6.84244765 -6.40824168 5.53916935 -4.73587069 3.91776822 -3.63662521 2.64045763 -3.12474762 
2.05598183 15.60999040 -11.43672330 9.39054849 -8.14132701 6.84244765 -6.40824168 5.53916935 -4.73587069 3.91776822 -3.63662521 2.64045763 -3.12474762 
1.70757343 11.14444284 -5.96317826 3.56371931 -2.35671389 1.31966677 -1.27770245 0.86770355 -0.54999151 0.21298917 -0.39920364 -0.15336712 -0.75122576 
1.69230484 11.26055095 -6.08229551 3.66961726 -2.44419232 1.38932837 -1.33170294 0.90881109 -0.58089241 0.23627512 -0.41675064 -0.14004359 -0.76122519 
2.03436000 15.60999040 -11.43672330 9.39054849 -8.14132701 6.84244765 -6.40824168 5.53916935 -4.73587069 3.91776822 -3.63662521 2.64045763 -3.12474762 
2.03436000 15.60999040 -11.43672330 9.39054849 -8.14132701 6.84244765 -6.40824168 5.53916935 -4.73587069 3.91776822 -3.63662521 2.64045763 -3.12474762 
2.03436000 15.60999040 -11.43672330 9.39054849 -8.14132701 6.84244765 -6.40824168 5.53916935 -4.73587069 3.91776822 -3.63662521 2.64045763 -3.12474762 
2.03436000 15.60999040 -11.43672330 9.39054849 -8.14132701 6.84244765 -6.40824168 5.53916935 -4.73587069 3.91776822 -3.63662521 2.64045763 -3.12474762 
2.03436000 15.60999040 -11.43672330 9.39054849 -8.14132701 6.84244765 -6.40824168 5.53916935 -4.73587069 3.91776822 -3.63662521 2.64045763 -3.12474762 
2.03436000 15.60999040 -11.43672330 9.39054849 -8.14132701 6.84244765 -6.40824168 5.53916935 -4.73587069 3.91776822 -3.63662521 2.64045763 -3.12474762 
2.39060427 12.65172539 -7.60452445 5.11085593 -3.71129629 2.45982926 -2.21035286 1.61538592 -1.14054639 0.67704153 -0.76157119 0.12892401 -0.96833891 
2.39822847 12.77778855 -7.75118237 5.25799878 -3.84805213 2.58148390 -2.31519308 1.70364951 -1.21352090 0.73668638 -0.80976835 0.16751111 -0.99878599 
2.05598183 15.60999040 -11.43672330 9.39054849 -8.14132701 6.84244765 -6.40824168 5.53916935 -4.73587069 3.91776822 -3.63662521 2.64045763 -3.12474762 
2.05598183 15.60999040 -11.43672330 9.39054849 -8.14132701 6.84244765 -6.40824168 5.53916935 -4.73587069 3.91776822 -3.63662521 2.64045763 -3.12474762 
2.40850769 12.68506325 -7.64316687 5.14948917 -3.74707831 2.49155524 -2.23760681 1.63826034 -1.15940303 0.69241289 -0.77396233 0.13882372 -0.97613476 
2.41607778 12.80992476 -7.78880196 5.29596962 -3.88354932 2.61323721 -2.34270457 1.72693049 -1.23286387 0.75256647 -0.82265249 0.17786251 -1.00698090 
2.42625590 12.71782491 -7.68124071 5.18764993 -3.78250968 2.52304384 -2.26471790 1.66106419 -1.17824042 0.70779725 -0.78638497 0.14876313 -0.98397273 
2.43377256 12.84150371 -7.82586165 5.33346552 -3.91868503 2.64473762 -2.37005603 1.75012426 -1.25217275 0.76844723 -0.83555844 0.18824639 -1.01521278 
2.09853663 15.60999040 -11.43672330 9.39054849 -8.14132701 6.84244765 -6.40824168 5.53916935 -4.73587069 3.91776822 -3.63662521 2.64045763 -3.12474762 
2.09853663 15.60999040 -11.43672330 9.39054849 -8.14132701 6.84244765 -6.40824168 5.53916935 -4.73587069 3.91776822 -3.63662521 2.64045763 -3.12474762 
2.09853663 15.60999040 -11.43672330 9.39054849 -8.14132701 6.84244765 -6.40824168 5.53916935 -4.73587069 3.91776822 -3.63662521 2.64045763 -3.12474762 
2.09853663 15.60999040 -11.43672330 9.39054849 -8.14132701 6.84244765 -6.40824168 5.53916935 -4.73587069 3.91776822 -3.63662521 2.64045763 -3.12474762 
2.44385151 12.75002427 -7.71875704 5.22534487 -3.81759302 2.55429471 -2.29168392 1.68379433 -1.19705511 0.72319130 -0.79883621 0.15873983 -0.99185088 
2.45131541 12.87253886 -7.86237247 5.37049346 -3.95346233 2.67598529 -2.39724570 1.77322796 -1.27144426 0.78432545 -0.84848330 0.19866032 -1.02347965 
2.11947923 15.60999040 -11.43672330 9.39054849 -8.14132701 6.84244765 -6.40824168 5.53916935 -4.73587069 3.91776822 -3.63662521 2.64045763 -3.12474762 
2.11947923 15.60999040 -11.43672330 9.39054849 -8.14132701 6.84244765 -6.40824168 5.53916935 -4.73587069 3.91776822 -3.63662521 2.64045763 -3.12474762 
2.46129705 12.78167478 -7.75572665 5.26258059 -3.85233098 2.58530765 -2.31850285 1.70644773 -1.21584374 0.73859184 -0.81131320 0.16875148 -0.99976736 
2.46870887 12.90304323 -7.89834520 5.40706033 -3.98788435 2.70698051 -2.42427195 1.79623891 -1.29067527 0.80019802 -0.86142425 0.20910190 -1.03177955 
2.47859501 12.81278949 -7.79216009 5.29936359 -3.88672629 2.61608260 -2.34517278 1.72902155 -1.23460311 0.75399576 -0.82381318 0.17879576 -1.00772028 
2.48595540 12.93302944 -7.93379034 5.44317291 -4.02195427 2.73772367 -2.45113332 1.81915455 -1.30986276 0.81606191 -0.87437854 0.21956878 -1.04011054 
2.49574780 12.84338103 -7.82806767 5.33570032 -3.92078174 2.64661961 -2.37169199 1.75151305 -1.25333012 0.76940003 -0.83633343 0.18887040 -1.01570783 
2.75387423 15.60612622 -11.43118093 9.38375001 -8.13364645 6.83421084 -6.39973696 5.53064596 -4.72754010 3.90980401 -3.62916846 2.63361669 -3.11860195 
2.52001726 12.99149599 -8.00313869 5.51406196 -4.08905066 2.79845597 -2.50435617 1.86469040 -1.34809576 0.84775214 -0.90031648 0.24056930 -1.05685826 
2.52962728 12.90304323 -7.89834520 5.40706033 -3.98788435 2.70698051 -2.42427195 1.79623891 -1.29067527 0.80019802 -0.86142425 0.20910190 -1.03177955 
2.78398729 15.60624071 -11.43134512 9.38395139 -8.13387394 6.83445478 -6.39998881 5.53089833 -4.72778675 3.91003979 -3.62938920 2.63381919 -3.11878385 
2.79887549 15.60629606 -11.43142450 9.38404875 -8.13398391 6.83457270 -6.40011056 5.53102034 -4.72790599 3.91015378 -3.62949592 2.63391709 -3.11887179 
2.57006649 13.07560362 -8.10345305 5.61715303 -4.18713543 2.88767980 -2.58292453 1.93222336 -1.40505048 0.89515276 -0.93925879 0.27220397 -1.08216667 
2.57941505 12.98890716 -8.00006136 5.51090968 -4.08606094 2.79574457 -2.50197556 1.86264993 -1.34637957 0.84632739 -0.89914865 0.23962255 -1.05610231 
2.82832348 15.60640314 -11.43157807 9.38423710 -8.13419669 6.83480087 -6.40034612 5.53125640 -4.72813669 3.91037432 -3.62970239 2.63410649 -3.11904194 
2.84288646 15.60645495 -11.43165236 9.38432823 -8.13429962 6.83491125 -6.40046008 5.53137061 -4.72824830 3.91048101 -3.62980228 2.63419813 -3.11912426 
2.85734416 15.60650564 -11.43172506 9.38441739 -8.13440035 6.83501926 -6.40057160 5.53148236 -4.72835752 3.91058542 -3.62990003 2.63428780 -3.11920481 
2.87169811 15.60655524 -11.43179621 9.38450466 -8.13449893 6.83512497 -6.40068074 5.53159173 -4.72846440 3.91068760 -3.62999569 2.63437555 -3.11928364 
3.12144360 13.71662863 -8.88951646 6.44705173 -4.99793044 3.64428703 -3.26594672 2.53365610 -1.92423816 1.33671445 -1.30944510 0.57850825 -1.33157093 
3.13825308 13.96635441 -9.20610666 6.79214437 -5.34569977 3.97856832 -3.57647014 2.81471801 -2.17335025 1.55384383 -1.49569935 0.73589574 -1.46231438 
2.92810537 15.60674345 -11.43206613 9.38483573 -8.13487292 6.83552602 -6.40109480 5.53200667 -4.72886993 3.91107527 -3.63035864 2.63470851 -3.11958274 
2.94196208 15.60678809 -11.43213015 9.38491425 -8.13496162 6.83562113 -6.40119300 5.53210508 -4.72896611 3.91116721 -3.63044472 2.63478748 -3.11965368 
3.18323706 13.79690581 -8.99065133 6.55662406 -5.10769786 3.74919381 -3.36285480 2.62089532 -2.00115609 1.40342671 -1.36640433 0.62643066 -1.37121479 
3.38412091 15.60177171 -11.42493692 9.37609278 -8.12499776 6.82493785 -6.39016440 5.52105433 -4.71816725 3.90084500 -3.62078173 2.62592382 -3.11169197 
3.40613881 15.60195023 -11.42519288 9.37640662 -8.12535220 6.82531783 -6.39055661 5.52144728 -4.71855121 3.90121197 -3.62112523 2.62623888 -3.11197494 
3.24736951 14.09132610 -9.36673560 6.96956976 -5.52682251 4.15483466 -3.74218518 2.96646006 -2.30935228 1.67363503 -1.59947848 0.82440159 -1.53648706 
3.04948955 15.60711426 -11.43259794 9.38548802 -8.13560980 6.83631621 -6.40191065 5.53282426 -4.72966899 3.91183914 -3.63107381 2.63536459 -3.12017212 
3.06253294 15.60715150 -11.43265134 9.38555352 -8.13568380 6.83639557 -6.40199258 5.53290637 -4.72974924 3.91191586 -3.63114563 2.63543048 -3.12023131 
3.07549181 15.60718802 -11.43270372 9.38561777 -8.13575637 6.83647340 -6.40207294 5.53298690 -4.72982794 3.91199110 -3.63121607 2.63549510 -3.12028936 
2.87553204 13.54446384 -8.67464797 6.21635497 -4.76885282 3.42719772 -3.06704735 2.35601515 -1.76880349 1.20286150 -1.19592417 0.48358705 -1.25351020 
2.88343974 13.46839162 -8.58058621 6.11626774 -4.67033689 3.33462144 -2.98291979 2.28147243 -1.70407525 1.14751710 -1.14929998 0.44484174 -1.22183452 
3.10116035 15.60725897 -11.43280549 9.38574259 -8.13589739 6.83662462 -6.40222907 5.53314337 -4.72998086 3.91213729 -3.63135295 2.63562066 -3.12040216 
3.11387213 15.60729345 -11.43285493 9.38580323 -8.13596589 6.83669808 -6.40230492 5.53321939 -4.73005516 3.91220831 -3.63141944 2.63568167 -3.12045696 
2.91763150 13.60335688 -8.74783789 6.29461484 -4.84625223 3.50026395 -3.13374045 2.41536360 -1.82055091 1.24727746 -1.23347693 0.51489733 -1.27918852 
2.92535985 13.52872616 -8.65514449 6.19555674 -4.74833746 3.40787988 -3.04945777 2.34039981 -1.75521921 1.19122670 -1.18610689 0.47541679 -1.24682137 
3.13905584 15.60736046 -11.43295104 9.38592113 -8.13609908 6.83684091 -6.40245238 5.53336717 -4.73019959 3.91234639 -3.63154872 2.63580026 -3.12056350 
3.35803411 14.00951333 -9.26141389 6.85305847 -5.40770788 4.03874989 -3.63289979 2.86625718 -2.21942909 1.59433551 -1.53070105 0.76568444 -1.48722943 
3.37318559 14.22587647 -9.54131934 7.16417398 -5.72725341 4.35156356 -3.92867657 3.13860173 -2.46483523 1.81158798 -1.71982014 0.92769771 -1.62359178 
3.18849146 15.60748721 -11.43313283 9.38614411 -8.13635098 6.83711104 -6.40273130 5.53364669 -4.73047278 3.91260756 -3.63179324 2.63602458 -3.12076502 
3.20066177 15.60751747 -11.43317623 9.38619734 -8.13641111 6.83717553 -6.40279788 5.53371341 -4.73053799 3.91266990 -3.63185161 2.63607813 -3.12081312 
3.21275847 15.60754718 -11.43321884 9.38624961 -8.13647016 6.83723885 -6.40286326 5.53377893 -4.73060203 3.91273112 -3.63190893 2.63613072 -3.12086036 
3.02579805 13.74864240 -8.92977586 6.49059447 -5.04147704 3.68583773 -3.30426878 2.56810189 -1.95456389 1.36298007 -1.33184154 0.59732860 -1.34712204 
3.03308503 13.67767902 -8.84066385 6.39434924 -4.94535395 3.59423973 -3.21989488 2.49235490 -1.88795525 1.30535259 -1.28275388 0.55611825 -1.31310130 
3.03892134 13.76569009 -8.95125354 6.51386458 -5.06478910 3.70811793 -3.32485055 2.58663039 -1.97090046 1.37714918 -1.34393927 0.60750702 -1.35554217 
3.28113771 11.60597640 -6.44387052 3.99734671 -2.72008133 1.61292388 -1.50795154 1.04511052 -0.68487681 0.31556953 -0.47707677 -0.09396732 -0.79600224 
3.44934574 14.30255058 -9.64157036 7.27674653 -5.84402959 4.46697417 -4.03881370 3.24092243 -2.55783024 1.89458404 -1.79262456 0.99051639 -1.67682845 
3.27216826 15.60768800 -11.43342081 9.38649735 -8.13675004 6.83753899 -6.40317316 5.53408950 -4.73090557 3.91302130 -3.63218061 2.63637996 -3.12108427 
3.47723837 14.14276214 -9.43327424 7.04352273 -5.60277316 4.22917825 -3.81247228 3.03117125 -2.36765533 1.72524256 -1.64439687 0.86287660 -1.56886586 
3.49160700 14.34359339 -9.69546182 7.33750911 -5.90731191 4.52975562 -4.09894862 3.29698993 -2.60896368 1.94036861 -1.83291130 1.02537847 -1.70645497 
3.12847477 13.87876250 -9.09439687 6.66967727 -5.22159351 3.85863790 -3.46448771 2.71285513 -2.08263489 1.47442095 -1.42728323 0.67785756 -1.41392197 
3.13536737 13.81122492 -9.00875417 6.57630352 -5.12747735 3.76815725 -3.38042610 2.63676040 -2.01518411 1.41562603 -1.37684642 0.63523659 -1.37851576 
3.32986409 15.60781699 -11.43360582 9.38672428 -8.13700641 6.83781392 -6.40345703 5.53437399 -4.73118362 3.91328712 -3.63242949 2.63660828 -3.12128939 
3.34120618 15.60784148 -11.43364095 9.38676737 -8.13705509 6.83786613 -6.40351093 5.53442802 -4.73123642 3.91333760 -3.63247675 2.63665164 -3.12132834 
3.35248432 15.60786557 -11.43367549 9.38680974 -8.13710296 6.83791747 -6.40356394 5.53448114 -4.73128834 3.91338724 -3.63252322 2.63669427 -3.12136664 
3.54958446 14.21919998 -9.53261612 7.15442939 -5.71717349 4.34162860 -3.91922059 3.12983929 -2.45689104 1.80451449 -1.71362898 0.92236683 -1.61908303 
3.56349481 14.41100533 -9.78432307 7.43807655 -6.01243268 4.63441108 -4.19953430 3.39108173 -2.69504816 2.01768020 -1.90113369 1.08457315 -1.75688905 
3.21422805 13.98182567 -9.22591263 6.81393686 -5.36786248 4.00005845 -3.59660253 2.83308975 -2.18976191 1.56825422 -1.50814669 0.74648188 -1.47116267 
3.22080853 13.91710223 -9.14320465 6.72309154 -5.27563029 3.91077069 -3.51308783 2.75699496 -2.12188550 1.50873718 -1.45680444 0.70286967 -1.43475236 
3.40794031 15.60798012 -11.43383979 9.38701128 -8.13733064 6.83816164 -6.40381605 5.53473380 -4.73153529 3.91362332 -3.63274426 2.63689706 -3.12154881 
3.41884934 15.60800192 -11.43387106 9.38704963 -8.13737397 6.83820810 -6.40386402 5.53478188 -4.73158228 3.91366824 -3.63278632 2.63693565 -3.12158348 
3.42969920 15.60802336 -11.43390182 9.38708736 -8.13741659 6.83825381 -6.40391122 5.53482918 -4.73162851 3.91371244 -3.63282771 2.63697361 -3.12161758 
3.44049051 15.60804446 -11.43393208 9.38712448 -8.13745853 6.83829879 -6.40395766 5.53487572 -4.73167399 3.91375593 -3.63286842 2.63701096 -3.12165114 
3.45122392 15.60806523 -11.43396186 9.38716101 -8.13749980 6.83834304 -6.40400335 5.53492152 -4.73171875 3.91379872 -3.63290849 2.63704772 -3.12168416 
3.46190002 15.60808566 -11.43399116 9.38719695 -8.13754041 6.83838660 -6.40404832 5.53496658 -4.73176280 3.91384083 -3.63294791 2.63708389 -3.12171666 
3.64862896 14.31861803 -9.66264884 7.30049193 -5.86873884 4.49146797 -4.06225652 3.26276296 -2.57773413 1.91239347 -1.80828508 1.00405980 -1.68833109 
3.66193221 14.49854418 -9.90035728 7.57009911 -6.15115069 4.77320591 -4.33357882 3.51706061 -2.81082710 2.12210520 -1.99365632 1.16515925 -1.82579956 
3.67741696 14.34641083 -9.69916712 7.34169317 -5.91167591 4.53409122 -4.10310717 3.30087236 -2.61250899 1.94354691 -1.83571116 1.02780394 -1.70851831 
3.69054811 14.52298587 -9.93288481 7.60725082 -6.19033221 4.81254965 -4.37170793 3.55301564 -2.84397768 2.15209623 -2.02030601 1.18843411 -1.84575411 
3.53507842 15.60821999 -11.43418384 9.38743330 -8.13780742 6.83867294 -6.40434398 5.53526290 -4.73205241 3.91411771 -3.63320715 2.63732172 -3.12193031 
3.54531728 15.60823801 -11.43420969 9.38746501 -8.13784324 6.83871137 -6.40438366 5.53530266 -4.73209127 3.91415486 -3.63324193 2.63735363 -3.12195898 
3.55550399 15.60825577 -11.43423515 9.38749624 -8.13787853 6.83874920 -6.40442273 5.53534181 -4.73212954 3.91419145 -3.63327619 2.63738506 -3.12198722 
3.73378687 14.39942746 -9.76903075 7.42073637 -5.99427349 4.61629978 -4.18209700 3.37474274 -2.68007543 2.00421274 -1.88923227 1.07423253 -1.74806731 
3.89001495 15.60502966 -11.42960839 9.38182137 -8.13146789 6.83187481 -6.39732526 5.52822926 -4.72517835 3.90754637 -3.62705489 2.63167786 -3.11686033 
4.04927177 14.61949161 -10.06187019 7.75518316 -6.34697495 4.97044984 -4.52530771 3.69838314 -2.97847543 2.27417852 -2.12912872 1.28375785 -1.92771111 
4.19135779 15.60174138 -11.42489344 9.37603945 -8.12493754 6.82487329 -6.39009776 5.52098757 -4.71810202 3.90078266 -3.62072338 2.62587030 -3.11164390 
4.21341617 15.60192088 -11.42515080 9.37635503 -8.12529393 6.82525536 -6.39049213 5.52138268 -4.71848809 3.90115164 -3.62106876 2.62618708 -3.11192842 
4.23523392 15.60209460 -11.42539986 9.37666042 -8.12563884 6.82562512 -6.39087380 5.52176507 -4.71886172 3.90150875 -3.62140303 2.62649367 -3.11220379 
4.13714736 14.89016486 -10.42835840 8.18077159 -6.80310803 5.43562805 -4.98295281 4.13625426 -3.38788820 2.64952727 -2.46690203 1.58229421 -2.18659162 
3.88880735 14.68044497 -10.14379321 7.84964385 -6.44751795 5.07230628 -4.62486925 3.79304865 -3.06645586 2.35437736 -2.20090583 1.34687047 -1.98217078 
3.74904618 15.60856086 -11.43467276 9.38803304 -8.13848498 6.83939960 -6.40509428 5.53601486 -4.73278737 3.91482035 -3.63386503 2.63792528 -3.12247254 
3.75824860 15.60857395 -11.43469153 9.38805606 -8.13851100 6.83942750 -6.40512310 5.53604373 -4.73281560 3.91484734 -3.63389030 2.63794846 -3.12249336 
3.76740888 15.60858686 -11.43471005 9.38807878 -8.13853666 6.83945502 -6.40515151 5.53607221 -4.73284343 3.91487395 -3.63391522 2.63797132 -3.12251390 
3.92793421 14.56832898 -9.99337841 7.67650932 -6.26354417 4.88622869 -4.44326667 3.62063522 -2.90644851 2.20872079 -2.07071310 1.23253286 -1.88362351 
3.93964794 14.71761239 -10.19392040 7.90763468 -6.50944170 5.13523306 -4.68656239 3.85187751 -3.12128231 2.40448623 -2.24586487 1.38649545 -2.01643989 
3.50913917 12.18103725 -7.06979389 4.58644457 -3.23457490 2.04452957 -1.85956613 1.32567233 -0.90533953 0.48789423 -0.61093797 0.00980405 -0.87543415 
2.68556722 9.90326759 -4.76554539 2.55857422 -1.57082790 0.72400367 -0.83652267 0.54555948 -0.31689798 0.04207083 -0.27292481 -0.24859544 -0.68032854 
1.87456941 -15.92023063 -10.71494328 -8.55871323 -7.13894413 -6.11458772 -5.18382900 -4.02232137 -3.64224499 -3.13994601 -2.63956116 -2.43442170 -2.23088043 
3.22700550 6.33301728 -2.08571767 0.76056436 -0.42613061 -0.01183629 -0.36313265 0.23859475 -0.11809099 -0.09905088 -0.16959004 -0.33244991 -0.61662423 
3.99912244 14.10573095 -9.38534488 6.99022579 -5.54800965 4.17554823 -3.76174535 2.98444786 -2.32554088 1.68794957 -1.61192530 0.83505308 -1.54544291 
3.84965897 11.69057587 -6.53407037 4.08055582 -2.79133561 1.67159597 -1.55490057 1.08193559 -0.71334605 0.33751562 -0.49392264 -0.08102365 -0.80582717 
2.74254917 -4.53297166 -0.83755644 -0.25277565 -0.18829812 -0.24942694 -0.26151014 0.15145640 -0.10845198 -0.15792215 -0.15666395 -0.38675510 -0.58322552 
4.48069042 1.57109122 -0.26226210 0.02495245 -0.13124154 -0.17684212 -0.26900682 0.18000836 -0.09150753 -0.13008517 -0.14779522 -0.36332210 -0.59289626 
6.26034029 7.82271331 -3.06646431 1.33740361 -0.74690463 0.17343635 -0.47206670 0.30441456 -0.15750919 -0.07008488 -0.19154089 -0.31228399 -0.63241281 
