10.80698816 0.92365601 -0.16821647 0.00191945 -0.12696088 -0.18399511 -0.26494086 0.17679908 -0.09158501 -0.13251536 -0.14718114 -0.36603123 -0.59106284 
5.74392979 13.80091817 -8.99572199 6.56213432 -5.11323414 3.75449985 -3.36776966 2.62533150 -2.00507737 1.40683581 -1.36932156 0.62889017 -1.37325346 
5.33132082 13.96143683 -9.19981597 6.78522772 -5.33867057 3.97175703 -3.57009337 2.80890260 -2.16815847 1.54928778 -1.49176609 0.73255230 -1.45952117 
4.88987167 13.27275442 -8.34115310 5.86400173 -4.42441101 3.10564288 -2.77668674 2.10030288 -1.54805448 1.01513600 -1.03857385 0.35342696 -1.14756463 
4.50083307 14.98872747 -10.56353943 8.33969361 -6.97547107 5.61341946 -5.15979449 4.30725106 -3.54939872 2.79902544 -2.60266163 1.70331349 -2.29239228 
4.27475975 14.82154043 -10.33478319 8.07137161 -6.68509128 5.31452017 -4.86309001 4.02090783 -3.27944152 2.54958373 -2.37651855 1.50203853 -2.11668900 
4.01197519 14.58989657 -10.02222081 7.70960608 -6.29860774 4.92159110 -4.47768227 3.65322110 -2.93661094 2.23611017 -2.09513714 1.25393498 -1.90203088 
3.84512679 15.59834112 -11.42001898 9.37006315 -8.11818895 6.81763909 -6.38263137 5.51350775 -4.71079416 3.89379867 -3.61418657 2.61987522 -3.10625970 
3.81857890 15.59802891 -11.41957145 9.36951452 -8.11756949 6.81697512 -6.38194616 5.51282137 -4.71012362 3.89315790 -3.61358688 2.61932526 -3.10576581 
3.79167388 15.59770398 -11.41910572 9.36894359 -8.11692486 6.81628419 -6.38123313 5.51210714 -4.70942588 3.89249114 -3.61296287 2.61875301 -3.10525192 
4.06417008 13.29819559 -8.37208884 5.89639220 -4.45579461 3.13469241 -2.80270158 2.12303006 -1.56752282 1.03157295 -1.05225858 0.36467745 -1.15666834 
4.40013940 14.96742093 -10.53423884 8.30515925 -6.93792368 5.57459827 -5.12109295 4.26974689 -3.51390096 2.76610270 -2.57270826 1.67656513 -2.26896831 
4.50226727 15.60999040 -11.43672330 9.39054849 -8.14132701 6.84244765 -6.40824168 5.53916935 -4.73587069 3.91776822 -3.63662521 2.64045763 -3.12474762 
4.50226727 15.60999040 -11.43672330 9.39054849 -8.14132701 6.84244765 -6.40824168 5.53916935 -4.73587069 3.91776822 -3.63662521 2.64045763 -3.12474762 
4.60757171 15.04290036 -10.63823159 8.42794647 -7.07165431 5.71309460 -5.25938308 4.40396484 -3.64112617 2.88426422 -2.68035547 1.77281459 -2.35335605 
4.70569859 15.60944105 -11.43593528 9.38958179 -8.14023477 6.84127621 -6.40703203 5.53795695 -4.73468562 3.91663519 -3.63556430 2.63948427 -3.12387313 
4.61640038 15.07602688 -10.68404269 8.48222981 -7.13097902 5.77473566 -5.32112761 4.46407396 -3.69827012 2.93748397 -2.72896674 1.81638620 -2.39164756 
4.51488561 15.60999040 -11.43672330 9.39054849 -8.14132701 6.84244765 -6.40824168 5.53916935 -4.73587069 3.91776822 -3.63662521 2.64045763 -3.12474762 
4.51488561 15.60999040 -11.43672330 9.39054849 -8.14132701 6.84244765 -6.40824168 5.53916935 -4.73587069 3.91776822 -3.63662521 2.64045763 -3.12474762 
4.41027149 14.93930062 -10.49563399 8.25973282 -6.88861169 5.52369028 -5.07041573 4.22070638 -3.46754643 2.72316551 -2.53369086 1.64176228 -2.23852390 
4.40677943 14.97102116 -10.53918683 8.31098766 -6.94425703 5.58114293 -5.12761404 4.27606305 -3.51987633 2.77164209 -2.57774586 1.68106187 -2.27290464 
4.50858639 15.60999040 -11.43672330 9.39054849 -8.14132701 6.84244765 -6.40824168 5.53916935 -4.73587069 3.91776822 -3.63662521 2.64045763 -3.12474762 
4.50858639 15.60999040 -11.43672330 9.39054849 -8.14132701 6.84244765 -6.40824168 5.53916935 -4.73587069 3.91776822 -3.63662521 2.64045763 -3.12474762 
4.50858639 15.60999040 -11.43672330 9.39054849 -8.14132701 6.84244765 -6.40824168 5.53916935 -4.73587069 3.91776822 -3.63662521 2.64045763 -3.12474762 
4.50858639 15.60999040 -11.43672330 9.39054849 -8.14132701 6.84244765 -6.40824168 5.53916935 -4.73587069 3.91776822 -3.63662521 2.64045763 -3.12474762 
4.50858639 15.60999040 -11.43672330 9.39054849 -8.14132701 6.84244765 -6.40824168 5.53916935 -4.73587069 3.91776822 -3.63662521 2.64045763 -3.12474762 
4.40364362 14.93555374 -10.49049576 8.25369302 -6.88206194 5.51693516 -5.06369757 4.21421109 -3.46141224 2.71748824 -2.52853592 1.63716755 -2.23450741 
4.40013940 14.96742093 -10.53423884 8.30515925 -6.93792368 5.57459827 -5.12109295 4.26974689 -3.51390096 2.76610270 -2.57270826 1.67656513 -2.26896831 
4.50226727 15.60999040 -11.43672330 9.39054849 -8.14132701 6.84244765 -6.40824168 5.53916935 -4.73587069 3.91776822 -3.63662521 2.64045763 -3.12474762 
4.50226727 15.60999040 -11.43672330 9.39054849 -8.14132701 6.84244765 -6.40824168 5.53916935 -4.73587069 3.91776822 -3.63662521 2.64045763 -3.12474762 
4.39699379 14.93177635 -10.48531705 8.24760715 -6.87546384 5.51013172 -5.05693286 4.20767221 -3.45523815 2.71177515 -2.52334941 1.63254550 -2.23046770 
4.39347731 14.96379114 -10.52925148 8.29928585 -6.93154292 5.56800606 -5.11452589 4.26338751 -3.50788587 2.76052755 -2.56763903 1.67204091 -2.26500855 
4.49592812 15.60999040 -11.43672330 9.39054849 -8.14132701 6.84244765 -6.40824168 5.53916935 -4.73587069 3.91776822 -3.63662521 2.64045763 -3.12474762 
4.49592812 15.60999040 -11.43672330 9.39054849 -8.14132701 6.84244765 -6.40824168 5.53916935 -4.73587069 3.91776822 -3.63662521 2.64045763 -3.12474762 
4.49592812 15.60999040 -11.43672330 9.39054849 -8.14132701 6.84244765 -6.40824168 5.53916935 -4.73587069 3.91776822 -3.63662521 2.64045763 -3.12474762 
4.49592812 15.60999040 -11.43672330 9.39054849 -8.14132701 6.84244765 -6.40824168 5.53916935 -4.73587069 3.91776822 -3.63662521 2.64045763 -3.12474762 
4.49592812 15.60999040 -11.43672330 9.39054849 -8.14132701 6.84244765 -6.40824168 5.53916935 -4.73587069 3.91776822 -3.63662521 2.64045763 -3.12474762 
4.60156575 15.03996542 -10.63417784 8.42314869 -7.06641692 5.70765865 -5.25394373 4.39867491 -3.63610207 2.87958942 -2.67608920 1.76899375 -2.35000085 
4.60442255 15.07046179 -10.67633939 8.47309365 -7.12098570 5.76434352 -5.31070970 4.45392419 -3.68861392 2.92848462 -2.72074124 1.80900887 -2.38516040 
4.50226727 15.60999040 -11.43672330 9.39054849 -8.14132701 6.84244765 -6.40824168 5.53916935 -4.73587069 3.91776822 -3.63662521 2.64045763 -3.12474762 
4.50226727 15.60999040 -11.43672330 9.39054849 -8.14132701 6.84244765 -6.40824168 5.53916935 -4.73587069 3.91776822 -3.63662521 2.64045763 -3.12474762 
4.50226727 15.60999040 -11.43672330 9.39054849 -8.14132701 6.84244765 -6.40824168 5.53916935 -4.73587069 3.91776822 -3.63662521 2.64045763 -3.12474762 
4.50226727 15.60999040 -11.43672330 9.39054849 -8.14132701 6.84244765 -6.40824168 5.53916935 -4.73587069 3.91776822 -3.63662521 2.64045763 -3.12474762 
4.50226727 15.60999040 -11.43672330 9.39054849 -8.14132701 6.84244765 -6.40824168 5.53916935 -4.73587069 3.91776822 -3.63662521 2.64045763 -3.12474762 
4.50226727 15.60999040 -11.43672330 9.39054849 -8.14132701 6.84244765 -6.40824168 5.53916935 -4.73587069 3.91776822 -3.63662521 2.64045763 -3.12474762 
4.50226727 15.60999040 -11.43672330 9.39054849 -8.14132701 6.84244765 -6.40824168 5.53916935 -4.73587069 3.91776822 -3.63662521 2.64045763 -3.12474762 
4.50226727 15.60999040 -11.43672330 9.39054849 -8.14132701 6.84244765 -6.40824168 5.53916935 -4.73587069 3.91776822 -3.63662521 2.64045763 -3.12474762 
4.50226727 15.60999040 -11.43672330 9.39054849 -8.14132701 6.84244765 -6.40824168 5.53916935 -4.73587069 3.91776822 -3.63662521 2.64045763 -3.12474762 
4.50226727 15.60999040 -11.43672330 9.39054849 -8.14132701 6.84244765 -6.40824168 5.53916935 -4.73587069 3.91776822 -3.63662521 2.64045763 -3.12474762 
4.50226727 15.60999040 -11.43672330 9.39054849 -8.14132701 6.84244765 -6.40824168 5.53916935 -4.73587069 3.91776822 -3.63662521 2.64045763 -3.12474762 
4.60757171 15.04290036 -10.63823159 8.42794647 -7.07165431 5.71309460 -5.25938308 4.40396484 -3.64112617 2.88426422 -2.68035547 1.77281459 -2.35335605 
4.61042041 15.07325483 -10.68020520 8.47767811 -7.12599984 5.76955733 -5.31593602 4.45901560 -3.69345738 2.93299829 -2.72486651 1.81270853 -2.38841346 
4.61355973 15.04581337 -10.64225586 8.43271027 -7.07685556 5.71849400 -5.26478679 4.40922096 -3.64611895 2.88891055 -2.68459637 1.77661321 -2.35669216 
4.61640038 15.07602688 -10.68404269 8.48222981 -7.13097902 5.77473566 -5.32112761 4.46407396 -3.69827012 2.93748397 -2.72896674 1.81638620 -2.39164756 
4.51488561 15.60999040 -11.43672330 9.39054849 -8.14132701 6.84244765 -6.40824168 5.53916935 -4.73587069 3.91776822 -3.63662521 2.64045763 -3.12474762 
4.51488561 15.60999040 -11.43672330 9.39054849 -8.14132701 6.84244765 -6.40824168 5.53916935 -4.73587069 3.91776822 -3.63662521 2.64045763 -3.12474762 
4.51488561 15.60999040 -11.43672330 9.39054849 -8.14132701 6.84244765 -6.40824168 5.53916935 -4.73587069 3.91776822 -3.63662521 2.64045763 -3.12474762 
4.51488561 15.60999040 -11.43672330 9.39054849 -8.14132701 6.84244765 -6.40824168 5.53916935 -4.73587069 3.91776822 -3.63662521 2.64045763 -3.12474762 
4.51488561 15.60999040 -11.43672330 9.39054849 -8.14132701 6.84244765 -6.40824168 5.53916935 -4.73587069 3.91776822 -3.63662521 2.64045763 -3.12474762 
4.51488561 15.60999040 -11.43672330 9.39054849 -8.14132701 6.84244765 -6.40824168 5.53916935 -4.73587069 3.91776822 -3.63662521 2.64045763 -3.12474762 
4.51488561 15.60999040 -11.43672330 9.39054849 -8.14132701 6.84244765 -6.40824168 5.53916935 -4.73587069 3.91776822 -3.63662521 2.64045763 -3.12474762 
4.51488561 15.60999040 -11.43672330 9.39054849 -8.14132701 6.84244765 -6.40824168 5.53916935 -4.73587069 3.91776822 -3.63662521 2.64045763 -3.12474762 
4.51488561 15.60999040 -11.43672330 9.39054849 -8.14132701 6.84244765 -6.40824168 5.53916935 -4.73587069 3.91776822 -3.63662521 2.64045763 -3.12474762 
4.51488561 15.60999040 -11.43672330 9.39054849 -8.14132701 6.84244765 -6.40824168 5.53916935 -4.73587069 3.91776822 -3.63662521 2.64045763 -3.12474762 
4.51488561 15.60999040 -11.43672330 9.39054849 -8.14132701 6.84244765 -6.40824168 5.53916935 -4.73587069 3.91776822 -3.63662521 2.64045763 -3.12474762 
4.51488561 15.60999040 -11.43672330 9.39054849 -8.14132701 6.84244765 -6.40824168 5.53916935 -4.73587069 3.91776822 -3.63662521 2.64045763 -3.12474762 
4.51488561 15.60999040 -11.43672330 9.39054849 -8.14132701 6.84244765 -6.40824168 5.53916935 -4.73587069 3.91776822 -3.63662521 2.64045763 -3.12474762 
4.51488561 15.60999040 -11.43672330 9.39054849 -8.14132701 6.84244765 -6.40824168 5.53916935 -4.73587069 3.91776822 -3.63662521 2.64045763 -3.12474762 
4.51488561 15.60999040 -11.43672330 9.39054849 -8.14132701 6.84244765 -6.40824168 5.53916935 -4.73587069 3.91776822 -3.63662521 2.64045763 -3.12474762 
4.51488561 15.60999040 -11.43672330 9.39054849 -8.14132701 6.84244765 -6.40824168 5.53916935 -4.73587069 3.91776822 -3.63662521 2.64045763 -3.12474762 
4.61952992 15.04870467 -10.64625092 8.43744040 -7.08202100 5.72385716 -5.27015513 4.41444353 -3.65108064 2.89352864 -2.68881207 1.78038976 -2.36000931 
4.62236257 15.07877814 -10.68785213 8.48674905 -7.13592355 5.77987880 -5.32628475 4.46909953 -3.70305236 2.94194185 -2.73304210 1.82004202 -2.39486283 
4.52116505 15.60999040 -11.43672330 9.39054849 -8.14132701 6.84244765 -6.40824168 5.53916935 -4.73587069 3.91776822 -3.63662521 2.64045763 -3.12474762 
4.52116505 15.60999040 -11.43672330 9.39054849 -8.14132701 6.84244765 -6.40824168 5.53916935 -4.73587069 3.91776822 -3.63662521 2.64045763 -3.12474762 
4.52116505 15.60999040 -11.43672330 9.39054849 -8.14132701 6.84244765 -6.40824168 5.53916935 -4.73587069 3.91776822 -3.63662521 2.64045763 -3.12474762 
4.52116505 15.60999040 -11.43672330 9.39054849 -8.14132701 6.84244765 -6.40824168 5.53916935 -4.73587069 3.91776822 -3.63662521 2.64045763 -3.12474762 
4.62548238 15.05157446 -10.65021706 8.44213716 -7.08715093 5.72918439 -5.27548839 4.41963282 -3.65601146 2.89811867 -2.69300275 1.78414438 -2.36330761 
4.62830708 15.08150882 -10.69163377 8.49123612 -7.14083373 5.78498706 -5.33140772 4.47409257 -3.70780434 2.94637214 -2.73709276 1.82367613 -2.39805939 
4.52742484 15.60999040 -11.43672330 9.39054849 -8.14132701 6.84244765 -6.40824168 5.53916935 -4.73587069 3.91776822 -3.63662521 2.64045763 -3.12474762 
4.52742484 15.60999040 -11.43672330 9.39054849 -8.14132701 6.84244765 -6.40824168 5.53916935 -4.73587069 3.91776822 -3.63662521 2.64045763 -3.12474762 
4.52742484 15.60999040 -11.43672330 9.39054849 -8.14132701 6.84244765 -6.40824168 5.53916935 -4.73587069 3.91776822 -3.63662521 2.64045763 -3.12474762 
4.52742484 15.60999040 -11.43672330 9.39054849 -8.14132701 6.84244765 -6.40824168 5.53916935 -4.73587069 3.91776822 -3.63662521 2.64045763 -3.12474762 
4.63141723 15.05442295 -10.65415453 8.44680085 -7.09224566 5.73447597 -5.28078686 4.42478908 -3.66091166 2.90268086 -2.69716857 1.78787722 -2.36658717 
4.63423401 15.08421912 -10.69538789 8.49569132 -7.14570986 5.79006073 -5.33649682 4.47905334 -3.71252630 2.95077504 -2.74111891 1.82728870 -2.40123736 
4.53366509 15.60999040 -11.43672330 9.39054849 -8.14132701 6.84244765 -6.40824168 5.53916935 -4.73587069 3.91776822 -3.63662521 2.64045763 -3.12474762 
4.53366509 15.60999040 -11.43672330 9.39054849 -8.14132701 6.84244765 -6.40824168 5.53916935 -4.73587069 3.91776822 -3.63662521 2.64045763 -3.12474762 
4.53366509 15.60999040 -11.43672330 9.39054849 -8.14132701 6.84244765 -6.40824168 5.53916935 -4.73587069 3.91776822 -3.63662521 2.64045763 -3.12474762 
4.63733456 15.05725036 -10.65806362 8.45143177 -7.09730551 5.73973222 -5.28605082 4.42991256 -3.66578145 2.90721538 -2.70130971 1.79158842 -2.36984812 
4.64014347 15.08690923 -10.69911474 8.50011493 -7.15055225 5.79510011 -5.34155231 4.48398210 -3.71721846 2.95515075 -2.74512072 1.83087985 -2.40439687 
4.53988594 15.60999040 -11.43672330 9.39054849 -8.14132701 6.84244765 -6.40824168 5.53916935 -4.73587069 3.91776822 -3.63662521 2.64045763 -3.12474762 
4.53988594 15.60999040 -11.43672330 9.39054849 -8.14132701 6.84244765 -6.40824168 5.53916935 -4.73587069 3.91776822 -3.63662521 2.64045763 -3.12474762 
4.53988594 15.60999040 -11.43672330 9.39054849 -8.14132701 6.84244765 -6.40824168 5.53916935 -4.73587069 3.91776822 -3.63662521 2.64045763 -3.12474762 
4.64323448 15.06005688 -10.66194457 8.45603022 -7.10233076 5.74495343 -5.29128054 4.43500353 -3.67062106 2.91172245 -2.70542633 1.79527811 -2.37309058 
4.64603556 15.08957935 -10.70281457 8.50450725 -7.15536120 5.80010549 -5.34657446 4.48887909 -3.72188104 2.95949947 -2.74909835 1.83444975 -2.40753803 
4.54608749 15.60999040 -11.43672330 9.39054849 -8.14132701 6.84244765 -6.40824168 5.53916935 -4.73587069 3.91776822 -3.63662521 2.64045763 -3.12474762 
4.54608749 15.60999040 -11.43672330 9.39054849 -8.14132701 6.84244765 -6.40824168 5.53916935 -4.73587069 3.91776822 -3.63662521 2.64045763 -3.12474762 
4.54608749 15.60999040 -11.43672330 9.39054849 -8.14132701 6.84244765 -6.40824168 5.53916935 -4.73587069 3.91776822 -3.63662521 2.64045763 -3.12474762 
4.54608749 15.60999040 -11.43672330 9.39054849 -8.14132701 6.84244765 -6.40824168 5.53916935 -4.73587069 3.91776822 -3.63662521 2.64045763 -3.12474762 
4.54608749 15.60999040 -11.43672330 9.39054849 -8.14132701 6.84244765 -6.40824168 5.53916935 -4.73587069 3.91776822 -3.63662521 2.64045763 -3.12474762 
4.64911708 15.06284271 -10.66579766 8.46059649 -7.10732172 5.75013989 -5.29647629 4.44006222 -3.67543071 2.91620226 -2.70951860 1.79894645 -2.37631465 
4.65191038 15.09222968 -10.70648764 8.50886855 -7.16013699 5.80507715 -5.35156356 4.49374456 -3.72651428 2.96382139 -2.75305197 1.83799852 -2.41066096 
4.55226988 15.60999040 -11.43672330 9.39054849 -8.14132701 6.84244765 -6.40824168 5.53916935 -4.73587069 3.91776822 -3.63662521 2.64045763 -3.12474762 
4.55226988 15.60999040 -11.43672330 9.39054849 -8.14132701 6.84244765 -6.40824168 5.53916935 -4.73587069 3.91776822 -3.63662521 2.64045763 -3.12474762 
4.55226988 15.60999040 -11.43672330 9.39054849 -8.14132701 6.84244765 -6.40824168 5.53916935 -4.73587069 3.91776822 -3.63662521 2.64045763 -3.12474762 
4.55226988 15.60999040 -11.43672330 9.39054849 -8.14132701 6.84244765 -6.40824168 5.53916935 -4.73587069 3.91776822 -3.63662521 2.64045763 -3.12474762 
4.55226988 15.60999040 -11.43672330 9.39054849 -8.14132701 6.84244765 -6.40824168 5.53916935 -4.73587069 3.91776822 -3.63662521 2.64045763 -3.12474762 
4.44958529 14.96115920 -10.52563596 8.29502890 -6.92691916 5.56323000 -5.10976891 4.25878179 -3.50353026 2.75649114 -2.56396948 1.66876636 -2.26214294 
4.44616453 14.99201909 -10.56806989 8.34503764 -6.98128590 5.61943606 -5.16579688 4.31307180 -3.55491174 2.80414178 -2.60731930 1.70747514 -2.29603866 
4.54608749 15.60999040 -11.43672330 9.39054849 -8.14132701 6.84244765 -6.40824168 5.53916935 -4.73587069 3.91776822 -3.63662521 2.64045763 -3.12474762 
4.54608749 15.60999040 -11.43672330 9.39054849 -8.14132701 6.84244765 -6.40824168 5.53916935 -4.73587069 3.91776822 -3.63662521 2.64045763 -3.12474762 
4.44308626 14.95758870 -10.52073216 8.28925630 -6.92065040 5.55675597 -5.10332195 4.25254091 -3.49762927 2.75102349 -2.55899952 1.66433202 -2.25826290 
4.43965382 14.98858977 -10.56334993 8.33947010 -6.97522789 5.61316787 -5.15954352 4.30700771 -3.54916826 2.79881158 -2.60246696 1.70313956 -2.29223990 
4.53988594 15.60999040 -11.43672330 9.39054849 -8.14132701 6.84244765 -6.40824168 5.53916935 -4.73587069 3.91776822 -3.63662521 2.64045763 -3.12474762 
4.53988594 15.60999040 -11.43672330 9.39054849 -8.14132701 6.84244765 -6.40824168 5.53916935 -4.73587069 3.91776822 -3.63662521 2.64045763 -3.12474762 
4.53988594 15.60999040 -11.43672330 9.39054849 -8.14132701 6.84244765 -6.40824168 5.53916935 -4.73587069 3.91776822 -3.63662521 2.64045763 -3.12474762 
4.53988594 15.60999040 -11.43672330 9.39054849 -8.14132701 6.84244765 -6.40824168 5.53916935 -4.73587069 3.91776822 -3.63662521 2.64045763 -3.12474762 
4.43656611 14.95398956 -10.51579027 8.28344024 -6.91433588 5.55023611 -5.09683073 4.24625847 -3.49169014 2.74552152 -2.55399925 1.65987137 -2.25436045 
4.43312191 14.98513271 -10.55859292 8.33386013 -6.96912506 5.60685462 -5.15324647 4.30090245 -3.54338687 2.79344716 -2.59758427 1.69877756 -2.28841856 
4.53366509 15.60999040 -11.43672330 9.39054849 -8.14132701 6.84244765 -6.40824168 5.53916935 -4.73587069 3.91776822 -3.63662521 2.64045763 -3.12474762 
4.43002469 14.95036149 -10.51080990 8.27758028 -6.90797517 5.54367003 -5.09029487 4.23993413 -3.48571259 2.73998499 -2.54896845 1.65538423 -2.25043546 
4.42656865 14.98164762 -10.55379849 8.32820733 -6.96297699 5.60049591 -5.14690538 4.29475570 -3.53756728 2.78804825 -2.59267103 1.69438897 -2.28457451 
4.52742484 15.60999040 -11.43672330 9.39054849 -8.14132701 6.84244765 -6.40824168 5.53916935 -4.73587069 3.91776822 -3.63662521 2.64045763 -3.12474762 
4.52742484 15.60999040 -11.43672330 9.39054849 -8.14132701 6.84244765 -6.40824168 5.53916935 -4.73587069 3.91776822 -3.63662521 2.64045763 -3.12474762 
4.42346188 14.94670419 -10.50579066 8.27167602 -6.90156786 5.53705730 -5.08371400 4.23356756 -3.47969631 2.73441364 -2.54390692 1.65087045 -2.24648780 
4.41999392 14.97813420 -10.54896626 8.32251126 -6.95678324 5.59409134 -5.14051987 4.28856711 -3.53170919 2.78261461 -2.58772703 1.68997361 -2.28070760 
4.52116505 15.60999040 -11.43672330 9.39054849 -8.14132701 6.84244765 -6.40824168 5.53916935 -4.73587069 3.91776822 -3.63662521 2.64045763 -3.12474762 
4.52116505 15.60999040 -11.43672330 9.39054849 -8.14132701 6.84244765 -6.40824168 5.53916935 -4.73587069 3.91776822 -3.63662521 2.64045763 -3.12474762 
4.52116505 15.60999040 -11.43672330 9.39054849 -8.14132701 6.84244765 -6.40824168 5.53916935 -4.73587069 3.91776822 -3.63662521 2.64045763 -3.12474762 
4.52116505 15.60999040 -11.43672330 9.39054849 -8.14132701 6.84244765 -6.40824168 5.53916935 -4.73587069 3.91776822 -3.63662521 2.64045763 -3.12474762 
4.41687752 14.94301734 -10.50073216 8.26572701 -6.89511351 5.53039753 -5.07708775 4.22715842 -3.47364102 2.72880723 -2.53881446 1.64632985 -2.24251732 
4.41339756 14.97459215 -10.54409584 8.31677152 -6.95054340 5.58764048 -5.13408955 4.28233634 -3.52581231 2.77714597 -2.58275204 1.68553130 -2.27681769 
4.51488561 15.60999040 -11.43672330 9.39054849 -8.14132701 6.84244765 -6.40824168 5.53916935 -4.73587069 3.91776822 -3.63662521 2.64045763 -3.12474762 
4.51488561 15.60999040 -11.43672330 9.39054849 -8.14132701 6.84244765 -6.40824168 5.53916935 -4.73587069 3.91776822 -3.63662521 2.64045763 -3.12474762 
4.51488561 15.60999040 -11.43672330 9.39054849 -8.14132701 6.84244765 -6.40824168 5.53916935 -4.73587069 3.91776822 -3.63662521 2.64045763 -3.12474762 
4.51488561 15.60999040 -11.43672330 9.39054849 -8.14132701 6.84244765 -6.40824168 5.53916935 -4.73587069 3.91776822 -3.63662521 2.64045763 -3.12474762 
4.51488561 15.60999040 -11.43672330 9.39054849 -8.14132701 6.84244765 -6.40824168 5.53916935 -4.73587069 3.91776822 -3.63662521 2.64045763 -3.12474762 
4.51488561 15.60999040 -11.43672330 9.39054849 -8.14132701 6.84244765 -6.40824168 5.53916935 -4.73587069 3.91776822 -3.63662521 2.64045763 -3.12474762 
4.41027149 14.93930062 -10.49563399 8.25973282 -6.88861169 5.52369028 -5.07041573 4.22070638 -3.46754643 2.72316551 -2.53369086 1.64176228 -2.23852390 
4.40677943 14.97102116 -10.53918683 8.31098766 -6.94425703 5.58114293 -5.12761404 4.27606305 -3.51987633 2.77164209 -2.57774586 1.68106187 -2.27290464 
4.50858639 15.60999040 -11.43672330 9.39054849 -8.14132701 6.84244765 -6.40824168 5.53916935 -4.73587069 3.91776822 -3.63662521 2.64045763 -3.12474762 
4.40364362 14.93555374 -10.49049576 8.25369302 -6.88206194 5.51693516 -5.06369757 4.21421109 -3.46141224 2.71748824 -2.52853592 1.63716755 -2.23450741 
4.40013940 14.96742093 -10.53423884 8.30515925 -6.93792368 5.57459827 -5.12109295 4.26974689 -3.51390096 2.76610270 -2.57270826 1.67656513 -2.26896831 
4.50226727 15.60999040 -11.43672330 9.39054849 -8.14132701 6.84244765 -6.40824168 5.53916935 -4.73587069 3.91776822 -3.63662521 2.64045763 -3.12474762 
4.39699379 14.93177635 -10.48531705 8.24760715 -6.87546384 5.51013172 -5.05693286 4.20767221 -3.45523815 2.71177515 -2.52334941 1.63254550 -2.23046770 
4.39347731 14.96379114 -10.52925148 8.29928585 -6.93154292 5.56800606 -5.11452589 4.26338751 -3.50788587 2.76052755 -2.56763903 1.67204091 -2.26500855 
4.49592812 15.60999040 -11.43672330 9.39054849 -8.14132701 6.84244765 -6.40824168 5.53916935 -4.73587069 3.91776822 -3.63662521 2.64045763 -3.12474762 
4.39032185 14.92796813 -10.48009745 8.24147477 -6.86881692 5.50327955 -5.05012123 4.20108938 -3.44902387 2.70602600 -2.51813114 1.62789596 -2.22640465 
4.38679302 14.96013146 -10.52422432 8.29336702 -6.92511429 5.56136589 -5.10791246 4.25698455 -3.50183078 2.75491636 -2.56253795 1.66748904 -2.26102522 
4.48956882 15.60999040 -11.43672330 9.39054849 -8.14132701 6.84244765 -6.40824168 5.53916935 -4.73587069 3.91776822 -3.63662521 2.64045763 -3.12474762 
4.48956882 15.60999040 -11.43672330 9.39054849 -8.14132701 6.84244765 -6.40824168 5.53916935 -4.73587069 3.91776822 -3.63662521 2.64045763 -3.12474762 
4.48956882 15.60999040 -11.43672330 9.39054849 -8.14132701 6.84244765 -6.40824168 5.53916935 -4.73587069 3.91776822 -3.63662521 2.64045763 -3.12474762 
4.38362764 14.92412876 -10.47483654 8.23529543 -6.86212073 5.49637820 -5.04326227 4.19446227 -3.44276908 2.70024053 -2.51288090 1.62321875 -2.22231812 
4.38008639 14.95644158 -10.51915696 8.28740231 -6.91863735 5.55467731 -5.10125227 4.25053766 -3.49573536 2.74926887 -2.55740480 1.66290932 -2.25701817 
4.48318923 15.60999040 -11.43672330 9.39054849 -8.14132701 6.84244765 -6.40824168 5.53916935 -4.73587069 3.91776822 -3.63662521 2.64045763 -3.12474762 
4.48318923 15.60999040 -11.43672330 9.39054849 -8.14132701 6.84244765 -6.40824168 5.53916935 -4.73587069 3.91776822 -3.63662521 2.64045763 -3.12474762 
4.37691102 14.92025790 -10.46953390 8.22906865 -6.85537481 5.48942725 -5.03635558 4.18779052 -3.43647350 2.69441848 -2.50759846 1.61851372 -2.21820796 
4.37335725 14.95272117 -10.51404898 8.28139125 -6.91211163 5.54793988 -5.09454491 4.24404648 -3.48959931 2.74358483 -2.55223936 1.65830158 -2.25298725 
4.47678922 15.60999040 -11.43672330 9.39054849 -8.14132701 6.84244765 -6.40824168 5.53916935 -4.73587069 3.91776822 -3.63662521 2.64045763 -3.12474762 
4.47678922 15.60999040 -11.43672330 9.39054849 -8.14132701 6.84244765 -6.40824168 5.53916935 -4.73587069 3.91776822 -3.63662521 2.64045763 -3.12474762 
4.47678922 15.60999040 -11.43672330 9.39054849 -8.14132701 6.84244765 -6.40824168 5.53916935 -4.73587069 3.91776822 -3.63662521 2.64045763 -3.12474762 
4.47678922 15.60999040 -11.43672330 9.39054849 -8.14132701 6.84244765 -6.40824168 5.53916935 -4.73587069 3.91776822 -3.63662521 2.64045763 -3.12474762 
4.47678922 15.60999040 -11.43672330 9.39054849 -8.14132701 6.84244765 -6.40824168 5.53916935 -4.73587069 3.91776822 -3.63662521 2.64045763 -3.12474762 
4.47678922 15.60999040 -11.43672330 9.39054849 -8.14132701 6.84244765 -6.40824168 5.53916935 -4.73587069 3.91776822 -3.63662521 2.64045763 -3.12474762 
4.37017184 14.91635520 -10.46418909 8.22279398 -6.84857870 5.48242625 -5.02940077 4.18107377 -3.43013680 2.68855960 -2.50228362 1.61378068 -2.21407406 
4.36660547 14.94896990 -10.50889995 8.27533339 -6.90553667 5.54115317 -5.08778997 4.23751065 -3.48342230 2.73786395 -2.54704140 1.65366563 -2.24893233 
4.47036867 15.60999040 -11.43672330 9.39054849 -8.14132701 6.84244765 -6.40824168 5.53916935 -4.73587069 3.91776822 -3.63662521 2.64045763 -3.12474762 
4.36340995 14.91242033 -10.45880168 8.21647094 -6.84173191 5.47537475 -5.02239742 4.17431166 -3.42375868 2.68266362 -2.49693617 1.60901946 -2.20991626 
4.24002412 15.60911533 -11.43546807 9.38900864 -8.13958722 6.84058171 -6.40631489 5.53723819 -4.73398308 3.91596351 -3.63493539 2.63890727 -3.12335475 
4.35303334 14.94137343 -10.49847707 8.26307539 -6.89223714 5.52743009 -5.07413572 4.22430355 -3.47094416 2.72631063 -2.53654703 1.64430839 -2.24074988 
4.34981741 14.90445266 -10.44789730 8.20367783 -6.82788444 5.46111846 -5.00824348 4.16064991 -3.41087694 2.67075934 -2.48614256 1.59941180 -2.20152846 
4.34621269 14.93752753 -10.49320232 8.25687430 -6.88551162 5.52049282 -5.06723558 4.21763155 -3.46464239 2.72047764 -2.53125017 1.63958673 -2.23662206 
4.34298646 14.90041916 -10.44237942 8.19720680 -6.82088278 5.45391275 -5.00109205 4.15374955 -3.40437269 2.66475050 -2.48069596 1.59456501 -2.19729818 
4.33936877 14.93364940 -10.48788480 8.25062450 -6.87873495 5.51350444 -5.06028619 4.21091341 -3.45829838 2.71460674 -2.52591989 1.63483612 -2.23246964 
4.33613217 14.89635205 -10.43681714 8.19068545 -6.81382851 5.44665471 -4.99389043 4.14680236 -3.39782576 2.65870352 -2.47521588 1.58968934 -2.19304346 
4.21095042 15.60908952 -11.43543105 9.38896323 -8.13953591 6.84052668 -6.40625808 5.53718125 -4.73392742 3.91591030 -3.63488556 2.63886155 -3.12331368 
4.32561049 14.92579501 -10.47711956 8.23797681 -6.86502619 5.49937248 -5.04623796 4.19733720 -3.44548233 2.70275005 -2.51515814 1.62524734 -2.22409043 
4.32235295 14.88811556 -10.42555752 8.17748979 -6.79956016 5.43197977 -4.97933487 4.13276600 -3.38460258 2.64649402 -2.46415441 1.57985069 -2.18446017 
4.31869580 14.92181803 -10.47167093 8.23157793 -6.85809310 5.49222796 -5.03913826 4.19047837 -3.43900964 2.69676372 -2.50972621 1.62040879 -2.21986335 
4.31542770 14.88394543 -10.41985924 8.17081446 -6.79234507 5.42456191 -4.97198008 4.12567608 -3.37792569 2.64033098 -2.45857257 1.57488735 -2.18013132 
4.31175720 14.91780736 -10.46617768 8.22512834 -6.85110685 5.48503043 -5.03198758 4.18357186 -3.43249338 2.69073834 -2.50425993 1.61554055 -2.21561107 
4.30847847 14.87974019 -10.41411466 8.16408678 -6.78507534 5.41708981 -4.96457336 4.11853783 -3.37120483 2.63412870 -2.45295636 1.56989443 -2.17577748 
4.30479453 14.91376263 -10.46063932 8.21862753 -6.84406695 5.47777941 -5.02478547 4.17661728 -3.42593322 2.68467365 -2.49875908 1.61064243 -2.21133346 
4.30150508 14.87549946 -10.40832330 8.15730622 -6.77775046 5.40956300 -4.95711427 4.11135084 -3.36443967 2.62788692 -2.44730557 1.56487175 -2.17139853 
4.17400368 15.60905563 -11.43538243 9.38890358 -8.13946852 6.84045441 -6.40618345 5.53710645 -4.73385432 3.91584041 -3.63482012 2.63880151 -3.12325974 
4.29079627 14.90556946 -10.44942536 8.20547016 -6.82982406 5.46311492 -5.01022521 4.16256235 -3.41267985 2.67242515 -2.48765269 1.60075580 -2.20270163 
4.28748520 14.86690995 -10.39659825 8.14358430 -6.76293314 5.39434320 -4.94203721 4.09682913 -3.35077512 2.61528375 -2.43589934 1.55473642 -2.16256469 
4.28376034 14.90142025 -10.44374878 8.19881254 -6.82262002 5.45570046 -5.00286613 4.15546120 -3.40598595 2.66624076 -2.48204668 1.59576690 -2.19834712 
4.28043836 14.86256036 -10.39066354 8.13664186 -6.75543962 5.38664921 -4.93441832 4.08949361 -3.34387506 2.60892180 -2.43014344 1.54962341 -2.15810953 
4.15150352 15.60903436 -11.43535193 9.38886617 -8.13942625 6.84040907 -6.40613664 5.53705953 -4.73380845 3.91579656 -3.63477907 2.63876385 -3.12322590 
4.14394686 15.60902711 -11.43534153 9.38885341 -8.13941184 6.84039362 -6.40612067 5.53704354 -4.73379282 3.91578161 -3.63476507 2.63875101 -3.12321437 
4.13636155 15.60901978 -11.43533101 9.38884051 -8.13939726 6.84037798 -6.40610453 5.53702736 -4.73377701 3.91576649 -3.63475092 2.63873802 -3.12320270 
4.25536731 14.88446321 -10.42056668 8.17164311 -6.79324060 5.42548251 -4.97289276 4.12655580 -3.37875408 2.64109554 -2.45926496 1.57550297 -2.18066820 
4.25200095 14.84478678 -10.36643145 8.10831597 -6.72488705 5.35530075 -4.90339635 4.05964446 -3.31581499 2.58306503 -2.40676272 1.52886488 -2.14003079 
4.12110406 15.60900486 -11.43530961 9.38881426 -8.13936760 6.84034618 -6.40607169 5.53699444 -4.73374483 3.91573573 -3.63472212 2.63871160 -3.12317896 
4.11343144 15.60899727 -11.43529873 9.38880091 -8.13935252 6.84033000 -6.40605498 5.53697770 -4.73372847 3.91572009 -3.63470747 2.63869816 -3.12316689 
4.10572928 15.60898960 -11.43528772 9.38878740 -8.13933726 6.84031363 -6.40603808 5.53696076 -4.73371191 3.91570426 -3.63469265 2.63868456 -3.12315467 
4.22656679 14.86690995 -10.39659825 8.14358430 -6.76293314 5.39434320 -4.94203721 4.09682913 -3.35077512 2.61528375 -2.43589934 1.55473642 -2.16256469 
4.22315484 14.82639220 -10.34138429 8.07907263 -6.69338173 5.32301093 -4.87147740 4.02896429 -3.28700261 2.55654024 -2.38279958 1.50760733 -2.12153244 
4.21930161 14.86242525 -10.39047922 8.13642628 -6.75520695 5.38641035 -4.93418182 4.08926594 -3.34366093 2.60872439 -2.42996486 1.54946479 -2.15797134 
