10.59621571 0.53759070 -0.12964775 -0.00811912 -0.12561489 -0.18795346 -0.26288121 0.17503944 -0.09183744 -0.13394429 -0.14699048 -0.36757034 -0.59006724 
4.80230601 15.20477365 -10.86307506 8.69549343 -7.36523735 6.01932886 -5.56728407 4.70479488 -3.92810861 3.15241819 -2.92605369 1.99368906 -2.54800780 
4.62717688 15.10913011 -10.72992548 8.53671572 -7.19064936 5.83685962 -5.38347553 4.52488273 -3.75618161 2.99150901 -2.77839200 1.86075376 -2.43069401 
4.42875545 14.98281245 -10.55540082 8.33009638 -6.96503140 5.60262056 -5.14902400 4.29680925 -3.53951140 2.78985173 -2.59431219 1.69585480 -2.28585839 
4.31670381 15.60999040 -11.43672330 9.39054849 -8.14132701 6.84244765 -6.40824168 5.53916935 -4.73587069 3.91776822 -3.63662521 2.64045763 -3.12474762 
4.31670381 15.60999040 -11.43672330 9.39054849 -8.14132701 6.84244765 -6.40824168 5.53916935 -4.73587069 3.91776822 -3.63662521 2.64045763 -3.12474762 
4.31670381 15.60999040 -11.43672330 9.39054849 -8.14132701 6.84244765 -6.40824168 5.53916935 -4.73587069 3.91776822 -3.63662521 2.64045763 -3.12474762 
4.20124494 14.81217145 -10.32204250 8.05651507 -6.66910498 5.29815485 -4.84693083 4.00539263 -3.26488605 2.53619713 -2.36443610 1.49132974 -2.10737803 
4.19734694 14.84873263 -10.37180853 8.11459857 -6.73166049 5.36224767 -4.91026806 4.06625375 -3.32202575 2.58878603 -2.41193409 1.53345478 -2.14402693 
4.30974728 15.60999040 -11.43672330 9.39054849 -8.14132701 6.84244765 -6.40824168 5.53916935 -4.73587069 3.91776822 -3.63662521 2.64045763 -3.12474762 
4.30974728 15.60999040 -11.43672330 9.39054849 -8.14132701 6.84244765 -6.40824168 5.53916935 -4.73587069 3.91776822 -3.63662521 2.64045763 -3.12474762 
4.30974728 15.60999040 -11.43672330 9.39054849 -8.14132701 6.84244765 -6.40824168 5.53916935 -4.73587069 3.91776822 -3.63662521 2.64045763 -3.12474762 
4.42565187 14.94792656 -10.50746809 8.27364906 -6.90370884 5.53926675 -5.08591265 4.23569447 -3.48170606 2.73627464 -2.54559752 1.65237801 -2.24780621 
4.42875545 14.98281245 -10.55540082 8.33009638 -6.96503140 5.60262056 -5.14902400 4.29680925 -3.53951140 2.78985173 -2.59431219 1.69585480 -2.28585839 
4.43220754 14.95157408 -10.51247433 8.27953850 -6.91010057 5.54586388 -5.09247847 4.24204692 -3.48770939 2.74183435 -2.55064879 1.65688289 -2.25174630 
4.43530158 14.98628816 -10.56018273 8.33573486 -6.97116435 5.60896407 -5.15535036 4.30294213 -3.54531823 2.79523912 -2.59921522 1.70023451 -2.28969485 
4.43874185 14.95519247 -10.51744183 8.28538378 -6.91644583 5.55241452 -5.09899941 4.24835726 -3.49367411 2.74735934 -2.55566939 1.66136118 -2.25566376 
4.44182641 14.98973594 -10.56492735 8.34133064 -6.97725219 5.61526225 -5.16163281 4.30903363 -3.55108695 2.80059210 -2.60408777 1.70458768 -2.29350865 
4.44525494 14.95878203 -10.52237097 8.29118531 -6.92274505 5.55891905 -5.10547584 4.25462581 -3.49960049 2.75284984 -2.56065953 1.66581305 -2.25955873 
4.44833008 14.99315609 -10.56963504 8.34688413 -6.98329535 5.62151551 -5.16787170 4.31508407 -3.55681786 2.80591095 -2.60893005 1.70891449 -2.29729992 
4.33742938 15.60999040 -11.43672330 9.39054849 -8.14132701 6.84244765 -6.40824168 5.53916935 -4.73587069 3.91776822 -3.63662521 2.64045763 -3.12474762 
4.33742938 15.60999040 -11.43672330 9.39054849 -8.14132701 6.84244765 -6.40824168 5.53916935 -4.73587069 3.91776822 -3.63662521 2.64045763 -3.12474762 
4.33742938 15.60999040 -11.43672330 9.39054849 -8.14132701 6.84244765 -6.40824168 5.53916935 -4.73587069 3.91776822 -3.63662521 2.64045763 -3.12474762 
4.33742938 15.60999040 -11.43672330 9.39054849 -8.14132701 6.84244765 -6.40824168 5.53916935 -4.73587069 3.91776822 -3.63662521 2.64045763 -3.12474762 
4.33742938 15.60999040 -11.43672330 9.39054849 -8.14132701 6.84244765 -6.40824168 5.53916935 -4.73587069 3.91776822 -3.63662521 2.64045763 -3.12474762 
4.33742938 15.60999040 -11.43672330 9.39054849 -8.14132701 6.84244765 -6.40824168 5.53916935 -4.73587069 3.91776822 -3.63662521 2.64045763 -3.12474762 
4.33742938 15.60999040 -11.43672330 9.39054849 -8.14132701 6.84244765 -6.40824168 5.53916935 -4.73587069 3.91776822 -3.63662521 2.64045763 -3.12474762 
4.33742938 15.60999040 -11.43672330 9.39054849 -8.14132701 6.84244765 -6.40824168 5.53916935 -4.73587069 3.91776822 -3.63662521 2.64045763 -3.12474762 
4.33742938 15.60999040 -11.43672330 9.39054849 -8.14132701 6.84244765 -6.40824168 5.53916935 -4.73587069 3.91776822 -3.63662521 2.64045763 -3.12474762 
4.33742938 15.60999040 -11.43672330 9.39054849 -8.14132701 6.84244765 -6.40824168 5.53916935 -4.73587069 3.91776822 -3.63662521 2.64045763 -3.12474762 
4.45174696 14.96234306 -10.52726215 8.29694351 -6.92899865 5.56537789 -5.11190813 4.26085290 -3.50548883 2.75830610 -2.56561943 1.67023866 -2.26343132 
4.45481272 14.99654888 -10.57430619 8.35239574 -6.98929423 5.62772425 -5.17406741 4.32109380 -3.56251125 2.81119589 -2.61374226 1.71321511 -2.30106880 
4.34429045 15.60999040 -11.43672330 9.39054849 -8.14132701 6.84244765 -6.40824168 5.53916935 -4.73587069 3.91776822 -3.63662521 2.64045763 -3.12474762 
4.34429045 15.60999040 -11.43672330 9.39054849 -8.14132701 6.84244765 -6.40824168 5.53916935 -4.73587069 3.91776822 -3.63662521 2.64045763 -3.12474762 
4.34429045 15.60999040 -11.43672330 9.39054849 -8.14132701 6.84244765 -6.40824168 5.53916935 -4.73587069 3.91776822 -3.63662521 2.64045763 -3.12474762 
4.34429045 15.60999040 -11.43672330 9.39054849 -8.14132701 6.84244765 -6.40824168 5.53916935 -4.73587069 3.91776822 -3.63662521 2.64045763 -3.12474762 
4.34429045 15.60999040 -11.43672330 9.39054849 -8.14132701 6.84244765 -6.40824168 5.53916935 -4.73587069 3.91776822 -3.63662521 2.64045763 -3.12474762 
4.34429045 15.60999040 -11.43672330 9.39054849 -8.14132701 6.84244765 -6.40824168 5.53916935 -4.73587069 3.91776822 -3.63662521 2.64045763 -3.12474762 
4.34429045 15.60999040 -11.43672330 9.39054849 -8.14132701 6.84244765 -6.40824168 5.53916935 -4.73587069 3.91776822 -3.63662521 2.64045763 -3.12474762 
4.34429045 15.60999040 -11.43672330 9.39054849 -8.14132701 6.84244765 -6.40824168 5.53916935 -4.73587069 3.91776822 -3.63662521 2.64045763 -3.12474762 
4.34429045 15.60999040 -11.43672330 9.39054849 -8.14132701 6.84244765 -6.40824168 5.53916935 -4.73587069 3.91776822 -3.63662521 2.64045763 -3.12474762 
4.34429045 15.60999040 -11.43672330 9.39054849 -8.14132701 6.84244765 -6.40824168 5.53916935 -4.73587069 3.91776822 -3.63662521 2.64045763 -3.12474762 
4.34429045 15.60999040 -11.43672330 9.39054849 -8.14132701 6.84244765 -6.40824168 5.53916935 -4.73587069 3.91776822 -3.63662521 2.64045763 -3.12474762 
4.34429045 15.60999040 -11.43672330 9.39054849 -8.14132701 6.84244765 -6.40824168 5.53916935 -4.73587069 3.91776822 -3.63662521 2.64045763 -3.12474762 
4.34429045 15.60999040 -11.43672330 9.39054849 -8.14132701 6.84244765 -6.40824168 5.53916935 -4.73587069 3.91776822 -3.63662521 2.64045763 -3.12474762 
4.34429045 15.60999040 -11.43672330 9.39054849 -8.14132701 6.84244765 -6.40824168 5.53916935 -4.73587069 3.91776822 -3.63662521 2.64045763 -3.12474762 
4.34429045 15.60999040 -11.43672330 9.39054849 -8.14132701 6.84244765 -6.40824168 5.53916935 -4.73587069 3.91776822 -3.63662521 2.64045763 -3.12474762 
4.45821803 14.96587585 -10.53211574 8.30265880 -6.93520705 5.57179144 -5.11829665 4.26703886 -3.51133940 2.76372836 -2.57054927 1.67463817 -2.26728169 
4.46127449 14.99991461 -10.57894116 8.35786587 -6.99524925 5.63388886 -5.18022030 4.32706313 -3.56816741 2.81644719 -2.61852463 1.71748971 -2.30481544 
4.35112806 15.60999040 -11.43672330 9.39054849 -8.14132701 6.84244765 -6.40824168 5.53916935 -4.73587069 3.91776822 -3.63662521 2.64045763 -3.12474762 
4.35112806 15.60999040 -11.43672330 9.39054849 -8.14132701 6.84244765 -6.40824168 5.53916935 -4.73587069 3.91776822 -3.63662521 2.64045763 -3.12474762 
4.46466829 14.96938070 -10.53693211 8.30833157 -6.94137065 5.57816008 -5.12464175 4.27318401 -3.51715248 2.76911686 -2.57544926 1.67901175 -2.27110995 
4.46771549 15.00325356 -10.58354030 8.36329493 -7.00116081 5.64000973 -5.18633074 4.33299240 -3.57378663 2.82166508 -2.62327735 1.72173848 -2.30853997 
4.35794238 15.60999040 -11.43672330 9.39054849 -8.14132701 6.84244765 -6.40824168 5.53916935 -4.73587069 3.91776822 -3.63662521 2.64045763 -3.12474762 
4.35794238 15.60999040 -11.43672330 9.39054849 -8.14132701 6.84244765 -6.40824168 5.53916935 -4.73587069 3.91776822 -3.63662521 2.64045763 -3.12474762 
4.35794238 15.60999040 -11.43672330 9.39054849 -8.14132701 6.84244765 -6.40824168 5.53916935 -4.73587069 3.91776822 -3.63662521 2.64045763 -3.12474762 
4.47109788 14.97285790 -10.54171163 8.31396224 -6.94748987 5.58448420 -5.13094380 4.27928867 -3.52292837 2.77447184 -2.58031961 1.68335957 -2.27491624 
4.47413588 15.00656601 -10.58810399 8.36868331 -7.00702932 5.64608725 -5.19239908 4.33888192 -3.57936919 2.82684982 -2.62800063 1.72596156 -2.31224253 
4.36473356 15.60999040 -11.43672330 9.39054849 -8.14132701 6.84244765 -6.40824168 5.53916935 -4.73587069 3.91776822 -3.63662521 2.64045763 -3.12474762 
4.36473356 15.60999040 -11.43672330 9.39054849 -8.14132701 6.84244765 -6.40824168 5.53916935 -4.73587069 3.91776822 -3.63662521 2.64045763 -3.12474762 
4.36473356 15.60999040 -11.43672330 9.39054849 -8.14132701 6.84244765 -6.40824168 5.53916935 -4.73587069 3.91776822 -3.63662521 2.64045763 -3.12474762 
4.36473356 15.60999040 -11.43672330 9.39054849 -8.14132701 6.84244765 -6.40824168 5.53916935 -4.73587069 3.91776822 -3.63662521 2.64045763 -3.12474762 
4.36473356 15.60999040 -11.43672330 9.39054849 -8.14132701 6.84244765 -6.40824168 5.53916935 -4.73587069 3.91776822 -3.63662521 2.64045763 -3.12474762 
4.36473356 15.60999040 -11.43672330 9.39054849 -8.14132701 6.84244765 -6.40824168 5.53916935 -4.73587069 3.91776822 -3.63662521 2.64045763 -3.12474762 
4.36473356 15.60999040 -11.43672330 9.39054849 -8.14132701 6.84244765 -6.40824168 5.53916935 -4.73587069 3.91776822 -3.63662521 2.64045763 -3.12474762 
4.36473356 15.60999040 -11.43672330 9.39054849 -8.14132701 6.84244765 -6.40824168 5.53916935 -4.73587069 3.91776822 -3.63662521 2.64045763 -3.12474762 
4.36473356 15.60999040 -11.43672330 9.39054849 -8.14132701 6.84244765 -6.40824168 5.53916935 -4.73587069 3.91776822 -3.63662521 2.64045763 -3.12474762 
4.36473356 15.60999040 -11.43672330 9.39054849 -8.14132701 6.84244765 -6.40824168 5.53916935 -4.73587069 3.91776822 -3.63662521 2.64045763 -3.12474762 
4.36473356 15.60999040 -11.43672330 9.39054849 -8.14132701 6.84244765 -6.40824168 5.53916935 -4.73587069 3.91776822 -3.63662521 2.64045763 -3.12474762 
4.36473356 15.60999040 -11.43672330 9.39054849 -8.14132701 6.84244765 -6.40824168 5.53916935 -4.73587069 3.91776822 -3.63662521 2.64045763 -3.12474762 
4.36473356 15.60999040 -11.43672330 9.39054849 -8.14132701 6.84244765 -6.40824168 5.53916935 -4.73587069 3.91776822 -3.63662521 2.64045763 -3.12474762 
4.36473356 15.60999040 -11.43672330 9.39054849 -8.14132701 6.84244765 -6.40824168 5.53916935 -4.73587069 3.91776822 -3.63662521 2.64045763 -3.12474762 
4.36473356 15.60999040 -11.43672330 9.39054849 -8.14132701 6.84244765 -6.40824168 5.53916935 -4.73587069 3.91776822 -3.63662521 2.64045763 -3.12474762 
4.36473356 15.60999040 -11.43672330 9.39054849 -8.14132701 6.84244765 -6.40824168 5.53916935 -4.73587069 3.91776822 -3.63662521 2.64045763 -3.12474762 
4.36473356 15.60999040 -11.43672330 9.39054849 -8.14132701 6.84244765 -6.40824168 5.53916935 -4.73587069 3.91776822 -3.63662521 2.64045763 -3.12474762 
4.47750692 14.97630773 -10.54645467 8.31955121 -6.95356511 5.59076420 -5.13720315 4.28535317 -3.52866733 2.77979353 -2.58516050 1.68768179 -2.27870069 
4.48053578 15.00985222 -10.59263257 8.37403140 -7.01285516 5.65212179 -5.19842568 4.34473202 -3.58491537 2.83200164 -2.63269468 1.73015915 -2.31592325 
4.37150175 15.60999040 -11.43672330 9.39054849 -8.14132701 6.84244765 -6.40824168 5.53916935 -4.73587069 3.91776822 -3.63662521 2.64045763 -3.12474762 
4.37150175 15.60999040 -11.43672330 9.39054849 -8.14132701 6.84244765 -6.40824168 5.53916935 -4.73587069 3.91776822 -3.63662521 2.64045763 -3.12474762 
4.48389555 14.97973048 -10.55116158 8.32509887 -6.95959676 5.59700045 -5.14342016 4.29137781 -3.53436965 2.78508218 -2.58997213 1.69197857 -2.28246344 
4.48691532 15.01311248 -10.59712638 8.37933957 -7.01863873 5.65811374 -5.20441089 4.35054301 -3.59042545 2.83712079 -2.63735970 1.73433140 -2.31958229 
4.37824712 15.60999040 -11.43672330 9.39054849 -8.14132701 6.84244765 -6.40824168 5.53916935 -4.73587069 3.91776822 -3.63662521 2.64045763 -3.12474762 
4.37824712 15.60999040 -11.43672330 9.39054849 -8.14132701 6.84244765 -6.40824168 5.53916935 -4.73587069 3.91776822 -3.63662521 2.64045763 -3.12474762 
4.37824712 15.60999040 -11.43672330 9.39054849 -8.14132701 6.84244765 -6.40824168 5.53916935 -4.73587069 3.91776822 -3.63662521 2.64045763 -3.12474762 
4.49026389 14.98312641 -10.55583273 8.33060560 -6.96558522 5.60319334 -5.14959518 4.29736291 -3.54003559 2.79033801 -2.59475471 1.69625006 -2.28620460 
4.49327462 15.01634705 -10.60158579 8.38460822 -7.02438041 5.66406347 -5.21035506 4.35631522 -3.59589971 2.84220750 -2.64199590 1.73847849 -2.32321977 
4.38496982 15.60999040 -11.43672330 9.39054849 -8.14132701 6.84244765 -6.40824168 5.53916935 -4.73587069 3.91776822 -3.63662521 2.64045763 -3.12474762 
4.38496982 15.60999040 -11.43672330 9.39054849 -8.14132701 6.84244765 -6.40824168 5.53916935 -4.73587069 3.91776822 -3.63662521 2.64045763 -3.12474762 
4.38496982 15.60999040 -11.43672330 9.39054849 -8.14132701 6.84244765 -6.40824168 5.53916935 -4.73587069 3.91776822 -3.63662521 2.64045763 -3.12474762 
4.27336669 14.85817367 -10.38468004 8.12964438 -6.74788881 5.37889850 -4.92674526 4.08210779 -3.33692935 2.60251923 -2.42435206 1.54447993 -2.15362870 
4.26961405 14.89301458 -10.43225391 8.18533672 -6.80804407 5.44070454 -4.98798780 4.14110948 -3.39246197 2.65375028 -2.47072784 1.58569699 -2.18956013 
4.37824712 15.60999040 -11.43672330 9.39054849 -8.14132701 6.84244765 -6.40824168 5.53916935 -4.73587069 3.91776822 -3.63662521 2.64045763 -3.12474762 
4.37824712 15.60999040 -11.43672330 9.39054849 -8.14132701 6.84244765 -6.40824168 5.53916935 -4.73587069 3.91776822 -3.63662521 2.64045763 -3.12474762 
4.37824712 15.60999040 -11.43672330 9.39054849 -8.14132701 6.84244765 -6.40824168 5.53916935 -4.73587069 3.91776822 -3.63662521 2.64045763 -3.12474762 
4.37824712 15.60999040 -11.43672330 9.39054849 -8.14132701 6.84244765 -6.40824168 5.53916935 -4.73587069 3.91776822 -3.63662521 2.64045763 -3.12474762 
4.37824712 15.60999040 -11.43672330 9.39054849 -8.14132701 6.84244765 -6.40824168 5.53916935 -4.73587069 3.91776822 -3.63662521 2.64045763 -3.12474762 
4.37824712 15.60999040 -11.43672330 9.39054849 -8.14132701 6.84244765 -6.40824168 5.53916935 -4.73587069 3.91776822 -3.63662521 2.64045763 -3.12474762 
4.37824712 15.60999040 -11.43672330 9.39054849 -8.14132701 6.84244765 -6.40824168 5.53916935 -4.73587069 3.91776822 -3.63662521 2.64045763 -3.12474762 
4.37824712 15.60999040 -11.43672330 9.39054849 -8.14132701 6.84244765 -6.40824168 5.53916935 -4.73587069 3.91776822 -3.63662521 2.64045763 -3.12474762 
4.37824712 15.60999040 -11.43672330 9.39054849 -8.14132701 6.84244765 -6.40824168 5.53916935 -4.73587069 3.91776822 -3.63662521 2.64045763 -3.12474762 
4.37824712 15.60999040 -11.43672330 9.39054849 -8.14132701 6.84244765 -6.40824168 5.53916935 -4.73587069 3.91776822 -3.63662521 2.64045763 -3.12474762 
4.37824712 15.60999040 -11.43672330 9.39054849 -8.14132701 6.84244765 -6.40824168 5.53916935 -4.73587069 3.91776822 -3.63662521 2.64045763 -3.12474762 
4.37824712 15.60999040 -11.43672330 9.39054849 -8.14132701 6.84244765 -6.40824168 5.53916935 -4.73587069 3.91776822 -3.63662521 2.64045763 -3.12474762 
4.37824712 15.60999040 -11.43672330 9.39054849 -8.14132701 6.84244765 -6.40824168 5.53916935 -4.73587069 3.91776822 -3.63662521 2.64045763 -3.12474762 
4.49026389 14.98312641 -10.55583273 8.33060560 -6.96558522 5.60319334 -5.14959518 4.29736291 -3.54003559 2.79033801 -2.59475471 1.69625006 -2.28620460 
4.49327462 15.01634705 -10.60158579 8.38460822 -7.02438041 5.66406347 -5.21035506 4.35631522 -3.59589971 2.84220750 -2.64199590 1.73847849 -2.32321977 
4.38496982 15.60999040 -11.43672330 9.39054849 -8.14132701 6.84244765 -6.40824168 5.53916935 -4.73587069 3.91776822 -3.63662521 2.64045763 -3.12474762 
4.49661208 14.98649581 -10.56046845 8.33607181 -6.97153088 5.60934323 -5.15572854 4.30330879 -3.54566542 2.79556126 -2.59950843 1.70049644 -2.28992432 
4.49961383 15.01955619 -10.60601112 8.38983772 -7.03008059 5.66997135 -5.21625853 4.36204894 -3.60133842 2.84726201 -2.64660347 1.74260057 -2.32683582 
4.39166999 15.60999040 -11.43672330 9.39054849 -8.14132701 6.84244765 -6.40824168 5.53916935 -4.73587069 3.91776822 -3.63662521 2.64045763 -3.12474762 
4.39166999 15.60999040 -11.43672330 9.39054849 -8.14132701 6.84244765 -6.40824168 5.53916935 -4.73587069 3.91776822 -3.63662521 2.64045763 -3.12474762 
4.39166999 15.60999040 -11.43672330 9.39054849 -8.14132701 6.84244765 -6.40824168 5.53916935 -4.73587069 3.91776822 -3.63662521 2.64045763 -3.12474762 
4.39166999 15.60999040 -11.43672330 9.39054849 -8.14132701 6.84244765 -6.40824168 5.53916935 -4.73587069 3.91776822 -3.63662521 2.64045763 -3.12474762 
4.39166999 15.60999040 -11.43672330 9.39054849 -8.14132701 6.84244765 -6.40824168 5.53916935 -4.73587069 3.91776822 -3.63662521 2.64045763 -3.12474762 
4.39166999 15.60999040 -11.43672330 9.39054849 -8.14132701 6.84244765 -6.40824168 5.53916935 -4.73587069 3.91776822 -3.63662521 2.64045763 -3.12474762 
4.39166999 15.60999040 -11.43672330 9.39054849 -8.14132701 6.84244765 -6.40824168 5.53916935 -4.73587069 3.91776822 -3.63662521 2.64045763 -3.12474762 
4.39166999 15.60999040 -11.43672330 9.39054849 -8.14132701 6.84244765 -6.40824168 5.53916935 -4.73587069 3.91776822 -3.63662521 2.64045763 -3.12474762 
4.39166999 15.60999040 -11.43672330 9.39054849 -8.14132701 6.84244765 -6.40824168 5.53916935 -4.73587069 3.91776822 -3.63662521 2.64045763 -3.12474762 
4.39166999 15.60999040 -11.43672330 9.39054849 -8.14132701 6.84244765 -6.40824168 5.53916935 -4.73587069 3.91776822 -3.63662521 2.64045763 -3.12474762 
4.39166999 15.60999040 -11.43672330 9.39054849 -8.14132701 6.84244765 -6.40824168 5.53916935 -4.73587069 3.91776822 -3.63662521 2.64045763 -3.12474762 
4.39166999 15.60999040 -11.43672330 9.39054849 -8.14132701 6.84244765 -6.40824168 5.53916935 -4.73587069 3.91776822 -3.63662521 2.64045763 -3.12474762 
4.39166999 15.60999040 -11.43672330 9.39054849 -8.14132701 6.84244765 -6.40824168 5.53916935 -4.73587069 3.91776822 -3.63662521 2.64045763 -3.12474762 
4.39166999 15.60999040 -11.43672330 9.39054849 -8.14132701 6.84244765 -6.40824168 5.53916935 -4.73587069 3.91776822 -3.63662521 2.64045763 -3.12474762 
4.39166999 15.60999040 -11.43672330 9.39054849 -8.14132701 6.84244765 -6.40824168 5.53916935 -4.73587069 3.91776822 -3.63662521 2.64045763 -3.12474762 
4.39166999 15.60999040 -11.43672330 9.39054849 -8.14132701 6.84244765 -6.40824168 5.53916935 -4.73587069 3.91776822 -3.63662521 2.64045763 -3.12474762 
4.39166999 15.60999040 -11.43672330 9.39054849 -8.14132701 6.84244765 -6.40824168 5.53916935 -4.73587069 3.91776822 -3.63662521 2.64045763 -3.12474762 
4.39166999 15.60999040 -11.43672330 9.39054849 -8.14132701 6.84244765 -6.40824168 5.53916935 -4.73587069 3.91776822 -3.63662521 2.64045763 -3.12474762 
4.28043836 14.86256036 -10.39066354 8.13664186 -6.75543962 5.38664921 -4.93441832 4.08949361 -3.34387506 2.60892180 -2.43014344 1.54962341 -2.15810953 
4.27669966 14.89723542 -10.43802513 8.19210158 -6.81536021 5.44823050 -4.99545382 4.14831038 -3.39924677 2.66001591 -2.47640514 1.59074736 -2.19396667 
4.38496982 15.60999040 -11.43672330 9.39054849 -8.14132701 6.84244765 -6.40824168 5.53916935 -4.73587069 3.91776822 -3.63662521 2.64045763 -3.12474762 
4.27336669 14.85817367 -10.38468004 8.12964438 -6.74788881 5.37889850 -4.92674526 4.08210779 -3.33692935 2.60251923 -2.42435206 1.54447993 -2.15362870 
4.26961405 14.89301458 -10.43225391 8.18533672 -6.80804407 5.44070454 -4.98798780 4.14110948 -3.39246197 2.65375028 -2.47072784 1.58569699 -2.18956013 
4.37824712 15.60999040 -11.43672330 9.39054849 -8.14132701 6.84244765 -6.40824168 5.53916935 -4.73587069 3.91776822 -3.63662521 2.64045763 -3.12474762 
4.37824712 15.60999040 -11.43672330 9.39054849 -8.14132701 6.84244765 -6.40824168 5.53916935 -4.73587069 3.91776822 -3.63662521 2.64045763 -3.12474762 
4.26627002 14.85374946 -10.37864721 8.12259128 -6.74028015 5.37109053 -4.91901755 4.07467127 -3.32993767 2.59607577 -2.41852497 1.53930580 -2.14912206 
4.26250332 14.88875732 -10.42643460 8.17851742 -6.80067105 5.43312205 -4.98046760 4.13385809 -3.38563119 2.64744359 -2.46501453 1.58061559 -2.18512736 
4.37150175 15.60999040 -11.43672330 9.39054849 -8.14132701 6.84244765 -6.40824168 5.53916935 -4.73587069 3.91776822 -3.63662521 2.64045763 -3.12474762 
4.25914816 14.84928731 -10.37256452 8.11548200 -6.73261308 5.36322479 -4.91123474 4.06718363 -3.32289967 2.58959113 -2.41266193 1.53410084 -2.14458947 
4.25536731 14.88446321 -10.42056668 8.17164311 -6.79324060 5.42548251 -4.97289276 4.12655580 -3.37875408 2.64109554 -2.45926496 1.57550297 -2.18066820 
4.25200095 14.84478678 -10.36643145 8.10831597 -6.72488705 5.35530075 -4.90339635 4.05964446 -3.31581499 2.58306503 -2.40676272 1.52886488 -2.14003079 
4.12110406 15.60900486 -11.43530961 9.38881426 -8.13936760 6.84034618 -6.40607169 5.53699444 -4.73374483 3.91573573 -3.63472212 2.63871160 -3.12317896 
4.11343144 15.60899727 -11.43529873 9.38880091 -8.13935252 6.84033000 -6.40605498 5.53697770 -4.73372847 3.91572009 -3.63470747 2.63869816 -3.12316689 
4.10572928 15.60898960 -11.43528772 9.38878740 -8.13933726 6.84031363 -6.40603808 5.53696076 -4.73371191 3.91570426 -3.63469265 2.63868456 -3.12315467 
4.09799734 15.60898183 -11.43527658 9.38877373 -8.13932182 6.84029707 -6.40602099 5.53694363 -4.73369517 3.91568825 -3.63467765 2.63867081 -3.12314232 
4.09023539 15.60897397 -11.43526531 9.38875991 -8.13930620 6.84028032 -6.40600369 5.53692629 -4.73367822 3.91567205 -3.63466249 2.63865689 -3.12312981 
3.95301413 14.58865835 -10.02056374 7.70770328 -6.29659050 4.91955536 -4.47569980 3.65134290 -2.93487140 2.23452970 -2.09372704 1.25269874 -1.90096712 
3.79014298 15.60450955 -11.42886255 9.38090667 -8.13043471 6.83076700 -6.39618161 5.52708329 -4.72405847 3.90647591 -3.62605277 2.63075862 -3.11603461 
3.77198892 15.60440932 -11.42871883 9.38073041 -8.13023562 6.83055353 -6.39596124 5.52686247 -4.72384269 3.90626965 -3.62585968 2.63058150 -3.11587551 
3.90589757 14.69308043 -10.16081976 7.86932510 -6.46851708 5.09362907 -4.64575838 3.81295355 -3.08499364 2.37130887 -2.21608772 1.36024324 -1.99372951 
3.89400012 14.54029254 -9.95595115 7.63363395 -6.21819540 4.84056550 -4.39889393 3.57868354 -2.86767198 2.17355666 -2.03939613 1.20512368 -1.86007673 
3.88020742 14.67403201 -10.13515740 7.83966802 -6.43688077 5.06151162 -4.61430027 3.78298329 -3.05708687 2.34582456 -2.19324055 1.34012170 -1.97634003 
3.86816839 14.51853664 -9.92695946 7.60047849 -6.18318512 4.80536839 -4.36474407 3.54644492 -2.83791599 2.14660929 -2.01542786 1.18417164 -1.84209801 
3.54156269 14.15019889 -9.44291518 7.05426004 -5.61382267 4.24001484 -3.82273676 3.04063856 -2.37620001 1.73281842 -1.65100106 0.86854169 -1.57364000 
3.32613398 15.59046467 -11.40873171 9.35622916 -8.10257232 6.80090388 -6.36536410 5.49621426 -4.69390271 3.87765985 -3.59908467 2.60602791 -3.09382597 
3.29165293 15.58978403 -11.40775660 9.35503434 -8.10122386 6.79945918 -6.36387380 5.49472202 -4.69244545 3.87626778 -3.59778228 2.60483391 -3.09275403 
3.25656701 15.58906725 -11.40672975 9.35377619 -8.09980399 6.79793802 -6.36230469 5.49315091 -4.69091123 3.87480225 -3.59641119 2.60357697 -3.09162561 
3.61080989 12.51080454 -7.44230585 4.94975122 -3.56304580 2.32918982 -2.09879107 1.52228180 -1.06420998 0.61511620 -0.71187076 0.08936562 -0.93729782 
4.16175698 13.35287696 -8.43878284 5.96642818 -4.52384872 3.19785877 -2.85942028 2.17270869 -1.61018354 1.06767376 -1.08237892 0.38948809 -1.17678187 
5.02471163 10.38926642 -5.21803472 2.92528957 -1.84775838 0.92727304 -0.98256382 0.64920721 -0.38991952 0.09465123 -0.31129897 -0.21969337 -0.70177733 
5.56066512 14.65192243 -10.10541421 7.80534268 -6.40031407 5.02443693 -4.57803223 3.74847244 -3.02498958 2.31654586 -2.16701917 1.31705131 -1.95642091 
5.76300623 15.29934602 -10.99558258 8.85447454 -7.54108041 6.20414525 -5.75446541 4.88896044 -4.10497468 3.31872769 -3.07934992 2.13227464 -2.67079316 
5.84813528 15.59255779 -11.41173068 9.35990414 -8.10672016 6.80534813 -6.36994895 5.50080541 -4.69838652 3.88194332 -3.60309245 2.60970232 -3.09712493 
5.72055423 14.45330457 -9.84030080 7.50166836 -6.07914831 4.70106632 -4.26381711 3.45141375 -2.75042207 2.06756123 -1.94527661 1.12297797 -1.78969439 
5.25956552 12.12500720 -7.00748684 4.52659215 -3.18125909 1.99897116 -1.82179570 1.29503181 -0.88088561 0.46852480 -0.59571943 -0.00209720 -0.86624938 
4.58491752 12.72120961 -7.68517984 5.19160347 -3.78618538 2.52631467 -2.26753749 1.66343863 -1.18020407 0.70940258 -0.78768245 0.14980208 -0.98479264 
3.99475963 12.98766874 -7.99858949 5.50940218 -4.08463138 2.79444825 -2.50083755 1.86167464 -1.34555937 0.84564655 -0.89859064 0.23917022 -1.05574117 
3.21121390 8.85519746 -3.86152067 1.87662402 -1.09005230 0.39151790 -0.61010007 0.39228839 -0.21347806 -0.03087515 -0.22015254 -0.28902253 -0.65014852 
2.26108880 15.39671996 -11.13289400 9.02022595 -7.72548747 6.39904685 -5.95292088 5.08522270 -4.29438347 3.49765751 -3.24500248 2.28264857 -2.80454309 
2.14116088 15.37140297 -11.09710787 8.97692988 -7.67721377 6.34792052 -5.90075932 5.03354004 -4.24441568 3.45037393 -3.20115726 2.24278734 -2.76903806 
2.36484698 13.28547775 -8.35661681 5.88018504 -4.44008410 3.12014398 -2.78966746 2.11163851 -1.55776088 1.02332803 -1.04539189 0.35903049 -1.15209757 
2.81959774 13.82295657 -9.02360013 6.59245746 -5.14372813 3.78375113 -3.39488742 2.64982816 -2.02674783 1.42568974 -1.38546653 0.64251072 -1.38455046 
3.41730453 12.18457547 -7.07373809 4.59024227 -3.23796559 2.04743317 -1.86197834 1.32763306 -0.90690729 0.48913805 -0.61191663 0.01057027 -0.87602612 
4.15692869 11.84871127 -6.70441329 4.23925585 -2.92854978 1.78560439 -1.64691837 1.15470282 -0.77003686 0.38150002 -0.52786965 -0.05483770 -0.82577732 
4.78701290 12.97264180 -7.98074096 5.49113269 -4.06731676 2.77875642 -2.48706946 1.84988146 -1.33564657 0.83742181 -0.89185257 0.23371029 -1.05138353 
5.03931500 15.60370564 -11.42770981 9.37949301 -8.12883799 6.82905501 -6.39441430 5.52531244 -4.72232801 3.90482184 -3.62450435 2.62933829 -3.11475882 
5.05857634 15.60382530 -11.42788139 9.37970343 -8.12907565 6.82930982 -6.39467734 5.52557600 -4.72258555 3.90506801 -3.62473479 2.62954967 -3.11494868 
4.99822296 15.29040120 -10.98301372 8.83935339 -7.52431164 6.18647674 -5.73652792 4.87127145 -4.08794959 3.30268566 -3.06453421 2.11885606 -2.65888376 
4.93076856 15.60604696 -11.43106725 9.38361059 -8.13348896 6.83404196 -6.39956260 5.53047124 -4.72736935 3.90964078 -3.62901565 2.63347651 -3.11847602 
4.77720060 14.21145599 -9.52252662 7.14313834 -5.70549960 4.33012799 -3.90827944 3.11970509 -2.44770711 1.79634043 -1.70647727 0.91621105 -1.61387837 
4.58796010 15.60937243 -11.43583684 9.38946103 -8.14009833 6.84112988 -6.40688093 5.53780550 -4.73453759 3.91649366 -3.63543178 2.63936269 -3.12376390 
4.49327462 15.01634705 -10.60158579 8.38460822 -7.02438041 5.66406347 -5.21035506 4.35631522 -3.59589971 2.84220750 -2.64199590 1.73847849 -2.32321977 
4.27336669 14.85817367 -10.38468004 8.12964438 -6.74788881 5.37889850 -4.92674526 4.08210779 -3.33692935 2.60251923 -2.42435206 1.54447993 -2.15362870 
4.14394686 15.60902711 -11.43534153 9.38885341 -8.13941184 6.84039362 -6.40612067 5.53704354 -4.73379282 3.91578161 -3.63476507 2.63875101 -3.12321437 
4.13636155 15.60901978 -11.43533101 9.38884051 -8.13939726 6.84037798 -6.40610453 5.53702736 -4.73377701 3.91576649 -3.63475092 2.63873802 -3.12320270 
4.12874735 15.60901236 -11.43532037 9.38882746 -8.13938252 6.84036217 -6.40608821 5.53701099 -4.73376101 3.91575120 -3.63473660 2.63872488 -3.12319090 
4.12110406 15.60900486 -11.43530961 9.38881426 -8.13936760 6.84034618 -6.40607169 5.53699444 -4.73374483 3.91573573 -3.63472212 2.63871160 -3.12317896 
4.24101872 14.87576281 -10.40868289 8.15772718 -6.77820516 5.41003017 -4.95757719 4.11179682 -3.36485943 2.62827416 -2.44765612 1.56518330 -2.17167012 
4.35112806 15.60999040 -11.43672330 9.39054849 -8.14132701 6.84244765 -6.40824168 5.53916935 -4.73587069 3.91776822 -3.63662521 2.64045763 -3.12474762 
4.23762971 14.83566888 -10.35401196 8.09381133 -6.70925579 5.33927566 -4.88755092 4.04440992 -3.30150424 2.56988729 -2.39485487 1.51829920 -2.13083462 
4.23380576 14.87135566 -10.40266595 8.15068440 -6.77059901 5.40221628 -4.94983550 4.10433928 -3.35784116 2.62180024 -2.44179634 1.55997586 -2.16713090 
4.23040532 14.83105062 -10.34772443 8.08647154 -6.70134941 5.33117353 -4.87954291 4.03671370 -3.29427746 2.56323507 -2.38884577 1.51296913 -2.12619685 
4.09799734 15.60898183 -11.43527658 9.38877373 -8.13932182 6.84029707 -6.40602099 5.53694363 -4.73369517 3.91568825 -3.63467765 2.63867081 -3.12314232 
3.96130506 14.59530632 -10.02946222 7.71792326 -6.30742702 4.93049317 -4.48635318 3.66143760 -2.94422223 2.24302675 -2.10130917 1.25934689 -1.90668842 
3.79915859 15.60455865 -11.42893297 9.38099303 -8.13053225 6.83087159 -6.39628958 5.52719148 -4.72416419 3.90657696 -3.62614737 2.63084540 -3.11611256 
3.93126336 14.71156977 -10.18576187 7.89818639 -6.49934236 5.12496010 -4.67648132 3.84225571 -3.11230727 2.39627664 -2.23849319 1.37999355 -2.01081282 
4.05096727 15.60893328 -11.43520694 9.38868831 -8.13922530 6.84019356 -6.40591411 5.53683651 -4.73359046 3.91558815 -3.63458393 2.63858482 -3.12306506 
4.04302027 15.60892485 -11.43519484 9.38867347 -8.13920854 6.84017559 -6.40589554 5.53681790 -4.73357228 3.91557076 -3.63456765 2.63856988 -3.12305165 
4.03504157 15.60891632 -11.43518260 9.38865846 -8.13919158 6.84015740 -6.40587676 5.53679908 -4.73355388 3.91555317 -3.63455118 2.63855477 -3.12303807 
4.29155759 13.54310535 -8.67296351 6.21455775 -4.76707914 3.42552676 -3.06552517 2.35466320 -1.76762687 1.20185332 -1.19507316 0.48287856 -1.25292997 
