9.64034177 -0.27715669 -0.09118581 -0.02419548 -0.12483410 -0.19589638 -0.25934769 0.17158452 -0.09283089 -0.13698654 -0.14700096 -0.37067643 -0.58818763 
3.93540461 -1.55203086 -0.14790942 -0.04985091 -0.12825375 -0.20806283 -0.25594826 0.16648913 -0.09556591 -0.14206684 -0.14812587 -0.37530757 -0.58581600 
4.93178003 13.08552800 -8.11533281 5.62940441 -4.19883169 2.89835412 -2.59235372 1.94035277 -1.41192645 0.90089055 -0.94398430 0.27605114 -1.08525090 
5.03466331 14.59678341 -10.03143991 7.72019528 -6.30983676 4.93292606 -4.48872340 3.66368406 -2.94630363 2.24491853 -2.10299760 1.26082763 -1.90796296 
4.40536754 8.59440654 -3.65176722 1.72861234 -0.99228869 0.32756127 -0.56864206 0.36539421 -0.19603686 -0.04305760 -0.21132288 -0.29601642 -0.64486065 
2.93186586 -7.79299534 -2.48668569 -1.03895906 -0.55225169 -0.43521656 -0.34707945 0.09530627 -0.15026385 -0.19432913 -0.18271575 -0.40766359 -0.58923274 
1.82275434 15.07587342 -10.68383024 8.48197779 -7.13070331 5.77444890 -5.32084009 4.46379380 -3.69800354 2.93723550 -2.72873960 1.81618246 -2.39146838 
2.49153489 -11.46967661 -5.47393304 -3.19348126 -2.01776699 -1.41527368 -0.98771332 -0.33645062 -0.44901570 -0.40771317 -0.33357333 -0.51432255 -0.65749225 
3.92252480 7.95795181 -3.16522138 1.40108766 -0.78547819 0.19701414 -0.48651323 0.31337942 -0.16307352 -0.06615343 -0.19444495 -0.30982350 -0.63431129 
4.44017314 15.59856734 -11.42034325 9.37046068 -8.11863781 6.81812020 -6.38312789 5.51400512 -4.71128006 3.89426300 -3.61462114 2.62027375 -3.10661760 
4.25153208 13.61775370 -8.76577883 6.31384937 -4.86532442 3.51831299 -3.15025474 2.43009334 -1.83342282 1.25834874 -1.24285577 0.52273117 -1.28562428 
3.87157051 14.66755442 -10.12643854 7.82960063 -6.42615050 5.05062693 -4.60364733 3.77284182 -3.04765048 2.33721321 -2.18552533 1.33333106 -1.97047486 
3.57563314 14.36377952 -9.72202575 7.36752341 -5.93863531 4.56089269 -4.12883044 3.32490240 -2.63446538 1.96324136 -1.85306983 1.04284896 -1.72132318 
3.58105292 14.31035865 -9.65181053 7.28827902 -5.85602685 4.47886363 -4.05019005 3.25151855 -2.56748444 1.90322036 -1.80021715 0.99708121 -1.68240297 
3.73980122 15.60854759 -11.43465372 9.38800968 -8.13845860 6.83937130 -6.40506507 5.53598558 -4.73275876 3.91479300 -3.63383942 2.63790178 -3.12245143 
3.74904618 15.60856086 -11.43467276 9.38803304 -8.13848498 6.83939960 -6.40509428 5.53601486 -4.73278737 3.91482035 -3.63386503 2.63792528 -3.12247254 
3.75824860 15.60857395 -11.43469153 9.38805606 -8.13851100 6.83942750 -6.40512310 5.53604373 -4.73281560 3.91484734 -3.63389030 2.63794846 -3.12249336 
3.76740888 15.60858686 -11.43471005 9.38807878 -8.13853666 6.83945502 -6.40515151 5.53607221 -4.73284343 3.91487395 -3.63391522 2.63797132 -3.12251390 
3.77652739 15.60859960 -11.43472831 9.38810119 -8.13856198 6.83948217 -6.40517955 5.53610031 -4.73287089 3.91490020 -3.63393980 2.63799387 -3.12253416 
3.63490663 14.41885176 -9.79469404 7.44984421 -6.02476416 4.64671773 -4.21139015 3.40219733 -2.70524004 2.02685236 -1.90924339 1.09162268 -1.76290585 
3.64015760 14.36718800 -9.72651493 7.37259982 -5.94393734 4.56616720 -4.13389606 3.32963755 -2.63879454 1.96712676 -1.85649629 1.04582024 -1.72385329 
3.79464062 15.60862455 -11.43476411 9.38814509 -8.13861158 6.83953537 -6.40523448 5.53615536 -4.73292470 3.91495165 -3.63398796 2.63803806 -3.12257386 
3.65428282 14.43641862 -9.81793405 7.47623710 -6.05244515 4.67436558 -4.23804638 3.42720841 -2.72818961 2.04752022 -1.92752933 1.10752807 -1.77648928 
3.48483099 15.60999040 -11.43672330 9.39054849 -8.14132701 6.84244765 -6.40824168 5.53916935 -4.73587069 3.91776822 -3.63662521 2.64045763 -3.12474762 
3.65947981 14.38532286 -9.75041820 7.39965001 -5.97221018 4.59431287 -4.16094528 3.35493868 -2.66194093 1.98791292 -1.87483753 1.06173346 -1.73741060 
3.66390140 14.44506021 -9.82937714 7.48924434 -6.06609916 4.68801473 -4.25121674 3.43957568 -2.73954616 2.05775503 -1.93659080 1.11541493 -1.78322891 
3.49532970 15.60999040 -11.43672330 9.39054849 -8.14132701 6.84244765 -6.40824168 5.53916935 -4.73587069 3.91776822 -3.63662521 2.64045763 -3.12474762 
3.32181948 14.03583539 -9.29523095 6.89039518 -5.44580603 4.07581078 -3.66772766 2.89813536 -2.24798919 1.61948179 -1.55247819 0.78425024 -1.50278339 
3.31558881 14.09729345 -9.37444231 6.97812157 -5.53559167 4.16340543 -3.75027652 2.97389903 -2.31604549 1.67955201 -1.60462227 0.82880252 -1.54018664 
3.48483099 15.60999040 -11.43672330 9.39054849 -8.14132701 6.84244765 -6.40824168 5.53916935 -4.73587069 3.91776822 -3.63662521 2.64045763 -3.12474762 
3.48483099 15.60999040 -11.43672330 9.39054849 -8.14132701 6.84244765 -6.40824168 5.53916935 -4.73587069 3.91776822 -3.63662521 2.64045763 -3.12474762 
3.48483099 15.60999040 -11.43672330 9.39054849 -8.14132701 6.84244765 -6.40824168 5.53916935 -4.73587069 3.91776822 -3.63662521 2.64045763 -3.12474762 
3.31041898 14.02277639 -9.27844535 6.87185390 -5.42687801 4.05739004 -3.65040948 2.88227740 -2.23377621 1.60696304 -1.54163290 0.77500120 -1.49503233 
3.30414982 14.08459948 -9.35805233 6.95993861 -5.51695086 4.14519037 -3.73308405 2.95809600 -2.30182955 1.66698712 -1.59370123 0.81946025 -1.53233443 
3.29895372 14.00955638 -9.26146914 6.85311942 -5.40777001 4.03881028 -3.63295649 2.86630904 -2.21947552 1.59437635 -1.53073639 0.76571456 -1.48725464 
3.29264562 14.07174749 -9.34147378 6.94156295 -5.49812895 4.12681380 -3.71575329 2.94217843 -2.28752146 1.65434987 -1.58272474 0.81007652 -1.52445217 
3.46366677 15.60999040 -11.43672330 9.39054849 -8.14132701 6.84244765 -6.40824168 5.53916935 -4.73587069 3.91776822 -3.63662521 2.64045763 -3.12474762 
3.46366677 15.60999040 -11.43672330 9.39054849 -8.14132701 6.84244765 -6.40824168 5.53916935 -4.73587069 3.91776822 -3.63662521 2.64045763 -3.12474762 
3.46366677 15.60999040 -11.43672330 9.39054849 -8.14132701 6.84244765 -6.40824168 5.53916935 -4.73587069 3.91776822 -3.63662521 2.64045763 -3.12474762 
3.28742298 13.99617266 -9.24429942 6.83418916 -5.38847999 4.02007001 -3.61536774 2.85022976 -2.20508694 1.58172182 -1.51978892 0.75639066 -1.47945069 
3.28107545 14.05873482 -9.32470378 6.92299198 -5.47912384 4.10827415 -3.69828316 2.92614570 -2.27312096 1.64164025 -1.57169300 0.80065163 -1.51654020 
3.45300008 15.60999040 -11.43672330 9.39054849 -8.14132701 6.84244765 -6.40824168 5.53916935 -4.73587069 3.91776822 -3.63662521 2.64045763 -3.12474762 
3.27582601 13.98262247 -9.22693328 6.81506053 -5.36900588 4.00116774 -3.59764229 2.83403905 -2.19061035 1.56899954 -1.50879075 0.74702986 -1.47162088 
3.26943856 14.04555873 -9.30773940 6.90422305 -5.45993336 4.08956983 -3.68067263 2.90999720 -2.25862782 1.62885829 -1.56060620 0.79118587 -1.50859888 
3.44227619 15.60999040 -11.43672330 9.39054849 -8.14132701 6.84244765 -6.40824168 5.53916935 -4.73587069 3.91776822 -3.63662521 2.64045763 -3.12474762 
3.26416206 13.96890297 -9.20936772 6.79573087 -5.34934558 3.98210197 -3.57977916 2.81773642 -2.17604558 1.55620963 -1.49774216 0.73763254 -1.46376562 
3.04074647 15.60708903 -11.43256175 9.38544363 -8.13555965 6.83626244 -6.40185513 5.53276862 -4.72961461 3.91178716 -3.63102514 2.63531994 -3.12013201 
3.24596155 14.01870505 -9.27321547 6.86608049 -5.42098764 4.05166077 -3.64502609 2.87735055 -2.22936269 1.60307750 -1.53826830 0.77213304 -1.49262969 
3.24063010 13.94094443 -9.17362609 6.75645765 -5.30945789 3.94347384 -3.54363608 2.78479350 -2.14665113 1.53042751 -1.47549497 0.71872988 -1.44798048 
3.23411986 14.00502167 -9.25564976 6.84670133 -5.40122796 4.03245281 -3.62698797 2.86085125 -2.21459031 1.59007881 -1.52701770 0.76254667 -1.48460261 
3.40975515 15.60999040 -11.43672330 9.39054849 -8.14132701 6.84244765 -6.40824168 5.53916935 -4.73587069 3.91776822 -3.63662521 2.64045763 -3.12474762 
3.40975515 15.60999040 -11.43672330 9.39054849 -8.14132701 6.84244765 -6.40824168 5.53916935 -4.73587069 3.91776822 -3.63662521 2.64045763 -3.12474762 
3.40975515 15.60999040 -11.43672330 9.39054849 -8.14132701 6.84244765 -6.40824168 5.53916935 -4.73587069 3.91776822 -3.63662521 2.64045763 -3.12474762 
3.40975515 15.60999040 -11.43672330 9.39054849 -8.14132701 6.84244765 -6.40824168 5.53916935 -4.73587069 3.91776822 -3.63662521 2.64045763 -3.12474762 
3.40975515 15.60999040 -11.43672330 9.39054849 -8.14132701 6.84244765 -6.40824168 5.53916935 -4.73587069 3.91776822 -3.63662521 2.64045763 -3.12474762 
3.40975515 15.60999040 -11.43672330 9.39054849 -8.14132701 6.84244765 -6.40824168 5.53916935 -4.73587069 3.91776822 -3.63662521 2.64045763 -3.12474762 
3.22876051 13.92669941 -9.15544376 6.73650856 -5.28922619 3.92390843 -3.52535424 2.76815228 -2.13182125 1.51743564 -1.46429702 0.70922539 -1.44005150 
3.00092258 15.60697127 -11.43239285 9.38523647 -8.13532563 6.83601148 -6.40159602 5.53250896 -4.72936083 3.91154455 -3.63079800 2.63511157 -3.11994482 
3.21022606 13.97712689 -9.21989498 6.80731313 -5.36112372 3.99352186 -3.59047680 2.82749787 -2.18476502 1.56386533 -1.50435458 0.74325593 -1.46846561 
3.38777691 15.60999040 -11.43672330 9.39054849 -8.14132701 6.84244765 -6.40824168 5.53916935 -4.73587069 3.91776822 -3.63662521 2.64045763 -3.12474762 
3.38777691 15.60999040 -11.43672330 9.39054849 -8.14132701 6.84244765 -6.40824168 5.53916935 -4.73587069 3.91776822 -3.63662521 2.64045763 -3.12474762 
3.38777691 15.60999040 -11.43672330 9.39054849 -8.14132701 6.84244765 -6.40824168 5.53916935 -4.73587069 3.91776822 -3.63662521 2.64045763 -3.12474762 
3.38777691 15.60999040 -11.43672330 9.39054849 -8.14132701 6.84244765 -6.40824168 5.53916935 -4.73587069 3.91776822 -3.63662521 2.64045763 -3.12474762 
3.20481007 13.89766244 -9.11843992 6.69597134 -5.24817610 3.88426723 -3.48836529 2.73452812 -2.10189591 1.49125127 -1.44175427 0.69011232 -1.42412313 
3.19817230 13.96290932 -9.20169938 6.78729829 -5.34077457 3.97379558 -3.57200165 2.81064271 -2.16971181 1.55065079 -1.49294267 0.73355235 -1.46035658 
3.19272754 13.88286410 -9.09961176 6.67537740 -5.22735324 3.86418835 -3.46965631 2.71754435 -2.08680038 1.47805924 -1.43041026 0.68050470 -1.41612474 
3.18604616 13.94850738 -9.18328718 6.76706567 -5.32022430 3.95389321 -3.55337874 2.79366788 -2.15456474 1.53736459 -1.48147765 0.72381056 -1.45222116 
3.36555446 15.60999040 -11.43672330 9.39054849 -8.14132701 6.84244765 -6.40824168 5.53916935 -4.73587069 3.91776822 -3.63662521 2.64045763 -3.12474762 
3.18057235 13.86787481 -9.08056158 6.65456266 -5.20632881 3.84393519 -3.45080310 2.70044558 -2.07161628 1.46480100 -1.41901840 0.67086370 -1.40810424 
2.94655972 15.60680276 -11.43215119 9.38494006 -8.13499078 6.83565241 -6.40122529 5.53213744 -4.72899773 3.91119744 -3.63047302 2.63481344 -3.11967700 
3.16157330 13.91913726 -9.14579916 6.72593499 -5.27851090 3.91355353 -3.51568547 2.75935717 -2.12398860 1.51057799 -1.45838973 0.70421417 -1.43587315 
3.34308231 15.60999040 -11.43672330 9.39054849 -8.14132701 6.84244765 -6.40824168 5.53916935 -4.73587069 3.91776822 -3.63662521 2.64045763 -3.12474762 
3.15604047 13.83730977 -9.04178109 6.61225862 -5.16366605 3.80289979 -3.41266037 2.66590158 -2.04098248 1.43808710 -1.39609294 0.65148370 -1.39199917 
3.14922480 13.90416231 -9.12671628 6.70503074 -5.25734296 3.89311284 -3.49661306 2.74202033 -2.10855940 1.49707803 -1.44676764 0.69436055 -1.42766160 
3.14366199 13.82172704 -9.02204360 6.59076316 -5.14202305 3.78211440 -3.39336905 2.64845565 -2.02553291 1.42463210 -1.38456034 0.64174583 -1.38391574 
3.13680037 13.88898945 -9.10740265 6.68389633 -5.23596428 3.87248932 -3.47738877 2.72456188 -2.09303608 1.48350729 -1.43509403 0.68447068 -1.41942575 
3.50983134 14.23910700 -9.55857857 7.18351171 -5.74727010 4.37130524 -3.94747831 3.15603509 -2.48064992 1.82567716 -1.73215836 0.93832678 -1.63258589 
3.51456160 14.30489359 -9.64464258 7.28020581 -5.84762762 4.47053924 -4.04222432 3.24409861 -2.56072362 1.89717197 -1.79489940 0.99248303 -1.67849821 
3.33175084 15.60999040 -11.43672330 9.39054849 -8.14132701 6.84244765 -6.40824168 5.53916935 -4.73587069 3.91776822 -3.63662521 2.64045763 -3.12474762 
3.33175084 15.60999040 -11.43672330 9.39054849 -8.14132701 6.84244765 -6.40824168 5.53916935 -4.73587069 3.91776822 -3.63662521 2.64045763 -3.12474762 
3.33175084 15.60999040 -11.43672330 9.39054849 -8.14132701 6.84244765 -6.40824168 5.53916935 -4.73587069 3.91776822 -3.63662521 2.64045763 -3.12474762 
3.52016129 14.24963217 -9.57232046 7.19892126 -5.76323353 4.38706152 -3.96249568 3.16996963 -2.49329951 1.83695404 -1.74203999 0.94684456 -1.63979752 
3.52486967 14.31498763 -9.65788407 7.29512200 -5.86314860 4.48592424 -4.05694858 3.25781595 -2.57322413 1.90835666 -1.80473420 1.00098801 -1.68572140 
3.34308231 15.60999040 -11.43672330 9.39054849 -8.14132701 6.84244765 -6.40824168 5.53916935 -4.73587069 3.91776822 -3.63662521 2.64045763 -3.12474762 
3.34308231 15.60999040 -11.43672330 9.39054849 -8.14132701 6.84244765 -6.40824168 5.53916935 -4.73587069 3.91776822 -3.63662521 2.64045763 -3.12474762 
3.34308231 15.60999040 -11.43672330 9.39054849 -8.14132701 6.84244765 -6.40824168 5.53916935 -4.73587069 3.91776822 -3.63662521 2.64045763 -3.12474762 
3.34308231 15.60999040 -11.43672330 9.39054849 -8.14132701 6.84244765 -6.40824168 5.53916935 -4.73587069 3.91776822 -3.63662521 2.64045763 -3.12474762 
3.34308231 15.60999040 -11.43672330 9.39054849 -8.14132701 6.84244765 -6.40824168 5.53916935 -4.73587069 3.91776822 -3.63662521 2.64045763 -3.12474762 
3.34308231 15.60999040 -11.43672330 9.39054849 -8.14132701 6.84244765 -6.40824168 5.53916935 -4.73587069 3.91776822 -3.63662521 2.64045763 -3.12474762 
3.53043856 14.26003897 -9.58591809 7.21418013 -5.77905208 4.40268544 -3.97739675 3.18380511 -2.50586692 1.84816419 -1.75186857 0.95532102 -1.64697774 
3.69292433 15.60847838 -11.43455445 9.38788791 -8.13832102 6.83922376 -6.40491272 5.53583289 -4.73260952 3.91465032 -3.63370583 2.63777922 -3.12234132 
3.54532887 14.33483496 -9.68394816 7.32451296 -5.89376213 4.51629904 -4.08604626 3.28494848 -2.59797156 1.93051755 -1.82423584 1.01786521 -1.70006520 
3.55083715 14.28050456 -9.61268844 7.24425332 -5.81026090 4.43354127 -4.00685371 3.21118138 -2.53075668 1.87038501 -1.77136674 0.97214968 -1.66124335 
3.71180714 15.60850665 -11.43459500 9.38793765 -8.13837722 6.83928402 -6.40497495 5.53589526 -4.73267048 3.91470860 -3.63376040 2.63782928 -3.12238630 
3.56558230 14.35423932 -9.70946653 7.35332766 -5.92381510 4.54615558 -4.11468272 3.31168282 -2.62238381 1.95240209 -1.84351415 1.03456531 -1.71427164 
3.38777691 15.60999040 -11.43672330 9.39054849 -8.14132701 6.84244765 -6.40824168 5.53916935 -4.73587069 3.91776822 -3.63662521 2.64045763 -3.12474762 
3.38777691 15.60999040 -11.43672330 9.39054849 -8.14132701 6.84244765 -6.40824168 5.53916935 -4.73587069 3.91776822 -3.63662521 2.64045763 -3.12474762 
3.57103128 14.30051763 -9.63890512 7.27374595 -5.84090912 4.46388272 -4.03585659 3.23816895 -2.55532225 1.89234109 -1.79065319 0.98881229 -1.67538175 
3.88542636 14.53311147 -9.94637677 7.62267904 -6.20662205 4.82892498 -4.38759469 3.56801204 -2.85781815 2.16462937 -2.03145279 1.19817749 -1.85411426 
3.89737063 14.68679417 -10.15234699 7.85952920 -6.45806306 5.08301180 -4.63535504 3.80303853 -3.07575795 2.36287201 -2.20852145 1.35357758 -1.98796722 
3.60548804 14.39177128 -9.75892524 7.40928519 -5.98228918 4.60435449 -4.17060314 3.36397911 -2.67021736 1.99535045 -1.88140446 1.06743450 -1.74227044 
3.61082210 14.33923909 -9.68973683 7.33104600 -5.90057247 4.52306158 -4.09252939 3.29099823 -2.60349341 1.93546560 -1.82859290 1.02163817 -1.70327365 
3.76740888 15.60858686 -11.43471005 9.38807878 -8.13853666 6.83945502 -6.40515151 5.53607221 -4.73284343 3.91487395 -3.63391522 2.63797132 -3.12251390 
3.62514813 14.40992371 -9.78289391 7.43645542 -6.01073439 4.63271669 -4.19790243 3.38955216 -2.69364606 2.01641870 -1.90001857 1.08360403 -1.75606207 
3.63042651 14.35797269 -9.71438031 7.35888061 -5.92961120 4.55191809 -4.12021376 3.31685009 -2.62710546 1.95663754 -1.84724747 1.03780120 -1.71702585 
3.78560451 15.60861216 -11.43474633 9.38812329 -8.13858695 6.83950895 -6.40520720 5.53612802 -4.73289798 3.91492610 -3.63396404 2.63801611 -3.12255414 
3.79464062 15.60862455 -11.43476411 9.38814509 -8.13861158 6.83953537 -6.40523448 5.53615536 -4.73292470 3.91495165 -3.63398796 2.63803806 -3.12257386 
3.80363610 15.60863678 -11.43478164 9.38816660 -8.13863589 6.83956143 -6.40526139 5.53618233 -4.73295107 3.91497685 -3.63401156 2.63805971 -3.12259331 
3.81259129 15.60864884 -11.43479895 9.38818783 -8.13865987 6.83958715 -6.40528794 5.53620894 -4.73297708 3.91500172 -3.63403485 2.63808107 -3.12261250 
3.82150657 15.60866074 -11.43481602 9.38820877 -8.13868353 6.83961252 -6.40531414 5.53623520 -4.73300274 3.91502626 -3.63405782 2.63810215 -3.12263144 
3.97778503 14.60841436 -10.04701993 7.73810200 -6.32883705 4.95211688 -4.50742737 3.68141836 -2.96274105 2.25986374 -2.11634086 1.27253328 -1.91804160 
3.98923344 14.75265607 -10.24130350 7.96258455 -6.56825691 5.19513653 -4.74542041 3.90812178 -3.17380680 2.45258390 -2.28909854 1.42466561 -2.04950521 
3.85677549 15.60870680 -11.43488208 9.38828981 -8.13877508 6.83971072 -6.40541554 5.53633682 -4.73310206 3.91512121 -3.63414673 2.63818371 -3.12270472 
4.01034507 14.63390041 -10.08120418 7.77744088 -6.37062953 4.99437811 -4.54866347 3.72055970 -2.99905853 2.29291746 -2.14587978 1.29847019 -1.94039264 
4.02162310 14.77491693 -10.27146336 7.99762819 -6.60583572 5.23347932 -4.78315936 3.94424521 -3.20759544 2.48357197 -2.31699320 1.44932685 -2.07089608 
3.89143324 15.60875051 -11.43494478 9.38836672 -8.13886197 6.83980390 -6.40551175 5.53643325 -4.73319631 3.91521132 -3.63423110 2.63826112 -3.12277425 
4.04238600 14.65845251 -10.11419405 7.81546977 -6.41109691 5.03536419 -4.58871665 3.75863453 -3.03443678 2.32515985 -2.17473059 1.32383351 -1.96227461 
4.17773961 15.60626854 -11.43138503 9.38400034 -8.13392923 6.83451407 -6.40005002 5.53095968 -4.72784670 3.91009710 -3.62944286 2.63386841 -3.11882807 
4.06924856 14.80676334 -10.31469192 8.04794801 -6.65989085 5.28872659 -4.83762547 3.99646193 -3.25651123 2.52849786 -2.35748948 1.48517502 -2.10202848 
4.08173180 14.68789726 -10.15383349 7.86124753 -6.45989652 5.08487358 -4.63717902 3.80477663 -3.07737672 2.36435057 -2.20984727 1.35474544 -1.98897669 
4.21461784 15.60640314 -11.43157807 9.38423710 -8.13419669 6.83480087 -6.40034612 5.53125640 -4.72813669 3.91037432 -3.62970239 2.63410649 -3.11904194 
4.22918082 15.60645495 -11.43165236 9.38432823 -8.13429962 6.83491125 -6.40046008 5.53137061 -4.72824830 3.91048101 -3.62980228 2.63419813 -3.11912426 
4.24363852 15.60650564 -11.43172506 9.38441739 -8.13440035 6.83501926 -6.40057160 5.53148236 -4.72835752 3.91058542 -3.62990003 2.63428780 -3.11920481 
4.37730069 14.85030095 -10.37394613 8.11709660 -6.73435416 5.36501080 -4.91300174 4.06888344 -3.32449725 2.59106297 -2.41399257 1.53528203 -2.14561800 
4.49912281 15.60392243 -11.42802066 9.37987422 -8.12926855 6.82951665 -6.39489085 5.52578994 -4.72279460 3.90526783 -3.62492185 2.62972125 -3.11510280 
4.62297222 14.96172437 -10.52641228 8.29594289 -6.92791184 5.56425531 -5.11079007 4.25977041 -3.50446514 2.75735746 -2.56475703 1.66946910 -2.26275789 
4.64268927 15.17001226 -10.81458215 8.63755315 -7.30140727 5.95249706 -5.49984505 4.63867574 -3.86482371 3.09309995 -2.87154175 1.94454807 -2.50458657 
4.56152901 15.60428887 -11.42854611 9.38051860 -8.12999638 6.83029701 -6.39569643 5.52659713 -4.72358339 3.90602179 -3.62562766 2.63036867 -3.11568434 
4.57987737 15.60439235 -11.42869449 9.38070057 -8.13020191 6.83051739 -6.39592393 5.52682508 -4.72380615 3.90623472 -3.62582699 2.63055151 -3.11584857 
4.59805894 15.60449303 -11.42883887 9.38087763 -8.13040190 6.83073182 -6.39614530 5.52704690 -4.72402291 3.90644192 -3.62602095 2.63072943 -3.11600839 
4.71597739 15.01096181 -10.59416187 8.37583771 -7.01482311 5.65416051 -5.20046198 4.34670893 -3.58678980 2.83374298 -2.63428147 1.73157825 -2.31716774 
4.73484825 15.20462444 -10.86286666 8.69524416 -7.36496244 6.01904073 -5.56699303 4.70450927 -3.92783500 3.15216151 -2.92581761 1.99347608 -2.54781948 
4.65749750 15.60480974 -11.42929303 9.38143460 -8.13103102 6.83140638 -6.39684167 5.52774468 -4.72470480 3.90709372 -3.62663114 2.63128915 -3.11651116 
4.57793155 15.11591910 -10.73934820 8.54791974 -7.20293482 5.84966557 -5.39634245 4.53744591 -3.76815888 3.00269370 -2.78863413 1.86995603 -2.43879952 
4.59384351 14.97619966 -10.54630607 8.31937609 -6.95337473 5.59056738 -5.13700697 4.28516307 -3.52848742 2.77962669 -2.58500871 1.68754626 -2.27858202 
4.79941849 15.05233439 -10.65126743 8.44338117 -7.08850983 5.73059571 -5.27690146 4.42100788 -3.65731817 2.89933518 -2.69411351 1.78513964 -2.36418198 
4.90421075 15.60279859 -11.42640923 9.37789814 -8.12703669 6.82712375 -6.39242073 5.52331496 -4.72037615 3.90295622 -3.62275795 2.62773643 -3.11332001 
4.92481125 15.60294490 -11.42661901 9.37815539 -8.12732723 6.82743524 -6.39274226 5.52363712 -4.72069095 3.90325710 -3.62303960 2.62799476 -3.11355204 
4.86031381 15.24779989 -10.92325561 8.76757832 -7.44484113 6.10286787 -5.65176853 4.78780164 -4.00771845 3.22718135 -2.99488396 2.05584374 -2.60301704 
4.78785288 15.60544199 -11.43019968 9.38254655 -8.13228702 6.83275313 -6.39823201 5.52913788 -4.72606629 3.90839516 -3.62784951 2.63240678 -3.11751509 
4.80424614 15.60551584 -11.43030559 9.38267643 -8.13243374 6.83291045 -6.39839443 5.52930063 -4.72622535 3.90854720 -3.62799184 2.63253734 -3.11763238 
4.73027046 15.17794651 -10.82564054 8.65075451 -7.31593847 5.96769950 -5.51517387 4.65369350 -3.87918761 3.10655456 -2.88389838 1.95568061 -2.51441780 
4.84237655 14.11978471 -9.40351941 7.01041939 -5.56874262 4.19583674 -3.78092153 3.00209804 -2.34143909 1.70201857 -1.62416788 0.84553721 -1.55426402 
5.01986636 15.60358247 -11.42753319 9.37927642 -8.12859336 6.82879273 -6.39414355 5.52504116 -4.72206291 3.90456845 -3.62426715 2.62912072 -3.11456339 
5.12023599 15.16814787 -10.81198450 8.63445310 -7.29799598 5.94892922 -5.49624856 4.63515317 -3.86145539 3.08994562 -2.86864549 1.94193929 -2.50228322 
5.06637879 14.54123188 -9.95720391 7.63506774 -6.21971054 4.84208982 -4.40037394 3.58008167 -2.86896328 2.17472680 -2.04043752 1.20603452 -1.86085872 
4.82933665 15.21444693 -10.87658980 8.71166421 -7.38307645 6.03803142 -5.58618040 4.72334384 -3.94588303 3.16909677 -2.94139678 2.00753393 -2.56025252 
4.74999357 15.60788925 -11.43370946 9.38685140 -8.13715003 6.83796794 -6.40361605 5.53453337 -4.73133939 3.91343604 -3.63256892 2.63673619 -3.12140430 
4.76114593 15.60791254 -11.43374286 9.38689237 -8.13719631 6.83801758 -6.40366730 5.53458473 -4.73138959 3.91348403 -3.63261385 2.63677742 -3.12144133 
4.86451227 15.10783773 -10.72813223 8.53458402 -7.18831250 5.83442435 -5.38102923 4.52249472 -3.75390545 2.98938391 -2.77644636 1.85900597 -2.42915480 
4.96118695 15.60616496 -11.43123648 9.38381815 -8.13372342 6.83429338 -6.39982217 5.53073135 -4.72762356 3.90988379 -3.62924315 2.63368521 -3.11866350 
4.97622441 15.60622198 -11.43131827 9.38391846 -8.13383673 6.83441488 -6.39994761 5.53085706 -4.72774641 3.91000123 -3.62935310 2.63378607 -3.11875410 
4.99114964 15.60627775 -11.43139823 9.38401654 -8.13394753 6.83453369 -6.40007028 5.53097997 -4.72786654 3.91011606 -3.62946061 2.63388470 -3.11884270 
5.00596432 15.60633228 -11.43147644 9.38411246 -8.13405588 6.83464988 -6.40019024 5.53110019 -4.72798402 3.91022837 -3.62956575 2.63398115 -3.11892934 
5.10225936 15.18214817 -10.83149904 8.65775104 -7.32364271 5.97576252 -5.52330673 4.66166397 -3.88681348 3.11369983 -2.89046243 1.96159599 -2.51964304 
5.11796679 15.32361007 -11.02971521 8.89558161 -7.58671271 6.25227239 -5.80337050 4.93723084 -4.15147280 3.36257604 -3.11987698 2.16900614 -2.70341549 
5.05456874 15.60650564 -11.43172506 9.38441739 -8.13440035 6.83501926 -6.40057160 5.53148236 -4.72835752 3.91058542 -3.62990003 2.63428780 -3.11920481 
4.98924519 15.26751990 -10.95089620 8.80075301 -7.48154690 6.14145919 -5.69086570 4.82628018 -4.04468217 3.26194792 -3.02693804 2.08482852 -2.62870283 
4.91623362 15.60821087 -11.43417076 9.38741726 -8.13778930 6.83865351 -6.40432392 5.53524279 -4.73203276 3.91409891 -3.63318955 2.63730558 -3.12191581 
4.92649876 15.60822904 -11.43419681 9.38744921 -8.13782540 6.83869223 -6.40436390 5.53528285 -4.73207192 3.91413635 -3.63322461 2.63733773 -3.12194470 
4.85169574 15.19913812 -10.85520562 8.68608205 -7.35485993 6.00845406 -5.55630138 4.69401858 -3.91778641 3.14273603 -2.91714998 1.98565748 -2.54090675 
4.67523898 15.10263685 -10.72091730 8.52600922 -7.17891433 5.82463230 -5.37119470 4.51289622 -3.74475813 2.98084504 -2.76862979 1.85198529 -2.42297280 
4.67827394 15.07646847 -10.68465408 8.48295506 -7.13177246 5.77556092 -5.32195506 4.46488024 -3.69903732 2.93819909 -2.72962046 1.81697259 -2.39216326 
4.68102896 15.10519103 -10.72446027 8.53021961 -7.18352862 5.82943960 -5.37602249 4.51760779 -3.74924792 2.98503590 -2.77246591 1.85543060 -2.42600637 
4.48176827 14.97859256 -10.54959660 8.32325421 -6.95759103 5.59492654 -5.14135251 4.28937401 -3.53247293 2.78332295 -2.58837149 1.69054912 -2.28121159 
4.36586605 15.60921878 -11.43561645 9.38919067 -8.13979287 6.84080227 -6.40654265 5.53746646 -4.73420619 3.91617682 -3.63513512 2.63909051 -3.12351938 
4.24624430 14.80289269 -10.30943273 8.04182037 -6.65330237 5.28198695 -4.83097553 3.99008145 -3.25052944 2.52299993 -2.35253016 1.48078203 -2.09821098 
3.97944653 14.56349189 -9.98691581 7.66910013 -6.25570154 4.87832586 -4.43558169 3.61336453 -2.89972364 2.20261857 -2.06527526 1.22777089 -1.87953037 
3.95742917 14.77537672 -10.27208679 7.99835312 -6.60661367 5.23427365 -4.78394172 3.94499457 -3.20829681 2.48421560 -2.31757291 1.44983963 -2.07134109 
3.81095661 12.60457007 -7.55003995 5.05655148 -3.66115021 2.41549396 -2.17237150 1.58359191 -1.11440276 0.65577830 -0.74446567 0.11528192 -0.95761391 
3.42800493 15.57875630 -11.39196370 9.33568997 -8.07939953 6.77608458 -6.33976879 5.47059255 -4.66888821 3.85377030 -3.57673919 2.58554663 -3.07544215 
3.03209810 10.66773496 -5.48683984 3.15074577 -2.02375931 1.06035904 -1.08084176 0.72072286 -0.44147492 0.13232324 -0.33904793 -0.19881232 -0.71729433 
2.08596174 11.26485344 -6.08673288 3.67358217 -2.44748371 1.39196131 -1.33375271 0.91037775 -0.58207451 0.23716853 -0.41742544 -0.13953053 -0.76161075 
2.33182492 9.57852667 -4.47496435 2.33181687 -1.40576309 0.60672796 -0.75474215 0.48905904 -0.27806454 0.01448692 -0.25293571 -0.26374349 -0.66906824 
4.03097474 7.05603519 -2.53721482 1.01311426 -0.55974522 0.06286554 -0.40604975 0.26417466 -0.13305631 -0.08768625 -0.17834568 -0.32397544 -0.62330581 
4.97459662 12.25171004 -7.14879195 4.66270967 -3.30284210 2.10313243 -1.90836577 1.36542710 -0.93719445 0.51321413 -0.63089298 0.02544800 -0.88753549 
4.85523530 10.06585886 -4.91457328 2.67754730 -1.65935794 0.78812977 -0.88203218 0.57749817 -0.33916722 0.05800740 -0.28451438 -0.23985267 -0.68681759 
4.04185714 -15.57367624 -10.24139773 -8.00444722 -6.54093677 -5.50152634 -4.57806992 -3.44020440 -3.09583461 -2.63766355 -2.18690382 -2.03423724 -1.88395899 
4.51421404 10.62786533 -5.44792693 3.11776425 -1.99775037 1.04051121 -1.06606008 0.70988229 -0.43360372 0.12654331 -0.33477614 -0.20202874 -0.71490180 
4.50344272 -11.00717823 -5.03207873 -2.82680353 -1.73513595 -1.20554589 -0.83667988 -0.22794248 -0.37098104 -0.35129393 -0.29311387 -0.48549644 -0.63770040 
6.02449921 4.26454694 -1.04863385 0.27760876 -0.21007156 -0.12574993 -0.29937434 0.20042544 -0.09772645 -0.11755470 -0.15514890 -0.34926905 -0.60336191 
6.78717356 14.82777669 -10.34326837 8.08127110 -6.69574895 5.32543582 -4.87387320 4.03126598 -3.28916316 2.55852835 -2.38459492 1.50919933 -2.12291727 
6.49549744 10.05403151 -4.90365283 2.66876841 -1.65278140 0.78333770 -0.87861278 0.57508666 -0.33747825 0.05679566 -0.28363198 -0.24051767 -0.68632413 
5.26264037 7.13600026 -2.58998677 1.04412243 -0.57692766 0.07273777 -0.41182375 0.26764750 -0.13512822 -0.08616268 -0.17950350 -0.32290688 -0.62414400 
3.50563493 7.90878488 -3.12913002 1.37770181 -0.77124811 0.18828637 -0.48115106 0.31004525 -0.16099964 -0.06761682 -0.19336541 -0.31073445 -0.63360913 
2.95154300 11.26217897 -6.08397438 3.67111720 -2.44543733 1.39032421 -1.33247814 0.90940353 -0.58133939 0.23661291 -0.41700577 -0.13984962 -0.76137095 
3.83032018 11.16282643 -5.98195729 3.58034542 -2.37039288 1.33051917 -1.28608537 0.87406386 -0.55475781 0.21657217 -0.40189842 -0.15132315 -0.75275817 
4.76924915 10.75920064 -5.57665017 3.22730646 -2.08447360 1.10692827 -1.11569026 0.74639322 -0.46019033 0.14610619 -0.34925556 -0.19112210 -0.72301891 
5.22426365 15.20718342 -10.86644097 8.69951991 -7.36967824 6.02398370 -5.57198616 4.70940962 -3.93252982 3.15656608 -2.92986880 1.99713108 -2.55105154 
5.17299673 14.62722012 -10.07223800 7.76711611 -6.35965400 4.98327287 -4.53782137 3.71026265 -2.98949926 2.28421285 -2.13809704 1.29163339 -1.93449851 
4.94918477 15.25486964 -10.93316072 8.77946180 -7.45798436 6.11668114 -5.66575787 4.80156493 -4.02093559 3.23960901 -3.00633866 2.06619877 -2.61219108 
5.04936876 14.33262529 -9.68104452 7.32123670 -5.89034755 4.51290916 -4.08279711 3.28191715 -2.59520527 1.92803918 -1.82205385 1.01597604 -1.69845895 
5.35889733 14.55786559 -9.97940158 7.66048835 -6.24658913 4.86914655 -4.42665830 3.60492482 -2.89191986 2.19553935 -2.05896847 1.22224937 -1.87478554 
5.19124925 11.95024974 -6.81498628 4.34335337 -3.01947450 1.86187597 -1.70904148 1.20425592 -0.80895827 0.41190709 -0.55147639 -0.03654803 -0.83976910 
4.08761105 2.79594042 -0.54085028 0.10110788 -0.15063773 -0.15986011 -0.27933001 0.18740448 -0.09276534 -0.12510842 -0.15006261 -0.35761137 -0.59700613 
2.44885097 -7.44423485 -2.26550247 -0.91352087 -0.48514473 -0.39870655 -0.32806914 0.10688462 -0.14234972 -0.18820476 -0.17830518 -0.40439848 -0.58773931 
3.51881154 11.25564754 -6.07724044 3.66510216 -2.44044561 1.38633223 -1.32937118 0.90702946 -0.57954851 0.23525964 -0.41598379 -0.14062658 -0.76078713 
3.17072299 0.74935646 -0.14918379 -0.00288830 -0.12626015 -0.18580386 -0.26397901 0.17599251 -0.09168080 -0.13316101 -0.14707920 -0.36673239 -0.59060466 
4.77613503 -0.62453291 -0.09250219 -0.03030761 -0.12519445 -0.19919819 -0.25816383 0.17018052 -0.09343518 -0.13831862 -0.14717305 -0.37195711 -0.58747358 
