10.99261957 0.23934246 -0.10880848 -0.01457806 -0.12504139 -0.19090993 -0.26146270 0.17374050 -0.09213053 -0.13504958 -0.14692998 -0.36872717 -0.58934514 
4.47261889 13.82624603 -9.02776513 6.59699183 -5.14829206 3.78813278 -3.39895281 2.65350353 -2.03000165 1.42852270 -1.38789408 0.64455999 -1.38625116 
4.66040432 15.60999040 -11.43672330 9.39054849 -8.14132701 6.84244765 -6.40824168 5.53916935 -4.73587069 3.91776822 -3.63662521 2.64045763 -3.12474762 
4.66040432 15.60999040 -11.43672330 9.39054849 -8.14132701 6.84244765 -6.40824168 5.53916935 -4.73587069 3.91776822 -3.63662521 2.64045763 -3.12474762 
4.75772673 15.11209430 -10.73403907 8.54160634 -7.19601140 5.84244819 -5.38909009 4.53036416 -3.76140687 2.99638803 -2.78285945 1.86476729 -2.43422891 
4.84907618 15.60951442 -11.43604052 9.38971089 -8.14038064 6.84143265 -6.40719357 5.53811885 -4.73484387 3.91678649 -3.63570597 2.63961424 -3.12398991 
4.85439061 15.60951694 -11.43604414 9.38971533 -8.14038565 6.84143803 -6.40719913 5.53812442 -4.73484931 3.91679170 -3.63571084 2.63961871 -3.12399392 
4.85969096 15.60951945 -11.43604773 9.38971973 -8.14039063 6.84144337 -6.40720464 5.53812994 -4.73485471 3.91679686 -3.63571568 2.63962315 -3.12399790 
4.77698250 15.14589317 -10.78100259 8.59750780 -7.25737186 5.90647134 -5.45347923 4.59329073 -3.82145125 3.05250545 -2.83428807 1.91100869 -2.47498764 
4.68366040 15.60999040 -11.43672330 9.39054849 -8.14132701 6.84244765 -6.40824168 5.53916935 -4.73587069 3.91776822 -3.63662521 2.64045763 -3.12474762 
4.68366040 15.60999040 -11.43672330 9.39054849 -8.14132701 6.84244765 -6.40824168 5.53916935 -4.73587069 3.91776822 -3.63662521 2.64045763 -3.12474762 
4.68366040 15.60999040 -11.43672330 9.39054849 -8.14132701 6.84244765 -6.40824168 5.53916935 -4.73587069 3.91776822 -3.63662521 2.64045763 -3.12474762 
4.68366040 15.60999040 -11.43672330 9.39054849 -8.14132701 6.84244765 -6.40824168 5.53916935 -4.73587069 3.91776822 -3.63662521 2.64045763 -3.12474762 
4.58748149 15.03303073 -10.62460285 8.41181997 -7.05405404 5.69483089 -5.24111164 4.38619878 -3.62425602 2.86856977 -2.66603494 1.75999125 -2.34209715 
4.58429907 15.06099736 -10.66324528 8.45757158 -7.10401538 5.74670394 -5.29303409 4.43671073 -3.67224414 2.91323415 -2.70680719 1.79651588 -2.37417839 
4.58141496 15.03002111 -10.62044879 8.40690666 -7.04869389 5.68927086 -5.23555135 4.38079424 -3.61912581 2.86379865 -2.66168285 1.75609531 -2.33867746 
4.68401348 14.04281819 -9.30421297 6.90032369 -5.45594860 4.08568805 -3.67701971 2.90664920 -2.25562444 1.62621071 -1.55831071 0.78922679 -1.50695593 
4.77146357 15.14363369 -10.77785967 8.59376291 -7.25325722 5.90217411 -5.44915352 4.58905960 -3.81741055 3.04872605 -2.83082187 1.90788991 -2.47223681 
4.67787168 15.60999040 -11.43672330 9.39054849 -8.14132701 6.84244765 -6.40824168 5.53916935 -4.73587069 3.91776822 -3.63662521 2.64045763 -3.12474762 
4.67787168 15.60999040 -11.43672330 9.39054849 -8.14132701 6.84244765 -6.40824168 5.53916935 -4.73587069 3.91776822 -3.63662521 2.64045763 -3.12474762 
4.67787168 15.60999040 -11.43672330 9.39054849 -8.14132701 6.84244765 -6.40824168 5.53916935 -4.73587069 3.91776822 -3.63662521 2.64045763 -3.12474762 
4.67787168 15.60999040 -11.43672330 9.39054849 -8.14132701 6.84244765 -6.40824168 5.53916935 -4.73587069 3.91776822 -3.63662521 2.64045763 -3.12474762 
4.58141496 15.03002111 -10.62044879 8.40690666 -7.04869389 5.68927086 -5.23555135 4.38079424 -3.61912581 2.86379865 -2.66168285 1.75609531 -2.33867746 
4.47144278 15.60929607 -11.43572733 9.38932668 -8.13994654 6.84096708 -6.40671283 5.53763702 -4.73437291 3.91633622 -3.63528436 2.63922743 -3.12364239 
4.57212731 15.05520234 -10.65523201 8.44807721 -7.09364015 5.73592450 -5.28223743 4.42620085 -3.66225345 2.90393021 -2.69830948 1.78889963 -2.36748551 
4.47329607 13.74901425 -8.93024406 6.49110144 -5.04198462 3.68632258 -3.30471643 2.56850466 -1.95491884 1.36328778 -1.33210415 0.59754946 -1.34730467 
4.34716496 14.97275964 -10.54157655 8.31380308 -6.94731688 5.58430540 -5.13076561 4.27911605 -3.52276503 2.77432038 -2.58018185 1.68323658 -2.27480856 
4.44556647 15.60927788 -11.43570122 9.38929466 -8.13991036 6.84092828 -6.40667276 5.53759687 -4.73433366 3.91629869 -3.63524923 2.63919520 -3.12361343 
4.43904474 15.60927322 -11.43569454 9.38928645 -8.13990110 6.84091834 -6.40666250 5.53758658 -4.73432361 3.91628908 -3.63524023 2.63918694 -3.12360601 
4.43250168 15.60926851 -11.43568779 9.38927817 -8.13989174 6.84090831 -6.40665214 5.53757619 -4.73431345 3.91627937 -3.63523114 2.63917860 -3.12359852 
4.31678753 14.84835832 -10.37129840 8.11400245 -6.73101773 5.36158837 -4.90961583 4.06562636 -3.32143613 2.58824286 -2.41144306 1.53301892 -2.14364742 
4.30576266 14.95007723 -10.51041973 8.27712127 -6.90747699 5.54315582 -5.08978309 4.23943897 -3.48524463 2.73955160 -2.54857469 1.65503305 -2.25012830 
4.29588363 14.83511799 -10.35326183 8.09293555 -6.70831228 5.33830867 -4.88659504 4.04349115 -3.30064142 2.56909298 -2.39413728 1.51766264 -2.13028069 
4.28473660 14.93829381 -10.49425318 8.25810958 -6.88685124 5.52187448 -5.06860972 4.21896015 -3.46589716 2.72163898 -2.53230468 1.64052666 -2.23744372 
4.38609089 15.60923422 -11.43563861 9.38921784 -8.13982358 6.84083521 -6.40657665 5.53750054 -4.73423951 3.91620867 -3.63516494 2.63911787 -3.12354396 
4.26766877 14.81693768 -10.32852296 8.06407059 -6.67723384 5.30647524 -4.85514528 4.01327867 -3.27228333 2.54299955 -2.37057510 1.49677020 -2.11210786 
4.25635460 14.92210119 -10.47205882 8.23203342 -6.85858655 5.49273640 -5.03964346 4.19096637 -3.43947012 2.69718956 -2.51011258 1.62075293 -2.22016397 
4.35907874 15.60921353 -11.43560892 9.38918142 -8.13978243 6.84079107 -6.40653108 5.53745486 -4.73419486 3.91616599 -3.63512497 2.63908120 -3.12351102 
4.23905170 14.79813063 -10.30296429 8.03428596 -6.64520359 5.27370458 -4.82280552 3.98224447 -3.24318393 2.51625012 -2.34644293 1.47539102 -2.09352712 
4.22756533 14.90533499 -10.44910454 8.20509384 -6.82941681 5.46269572 -5.00980909 4.16216077 -3.41230126 2.67207534 -2.48733557 1.60047355 -2.20245526 
4.33169676 15.60919196 -11.43557799 9.38914348 -8.13973956 6.84074510 -6.40648361 5.53740729 -4.73414836 3.91612153 -3.63508335 2.63904301 -3.12347670 
4.32479228 15.60918643 -11.43557006 9.38913375 -8.13972857 6.84073331 -6.40647143 5.53739508 -4.73413643 3.91611013 -3.63507267 2.63903321 -3.12346790 
4.20269706 14.77369649 -10.26980865 7.99570417 -6.60377110 5.23137133 -4.78108326 3.94225676 -3.20573442 2.48186425 -2.31545514 1.44796639 -2.06971547 
4.19098797 14.88352946 -10.41929093 8.17014882 -6.79162570 5.42382243 -4.97124699 4.12496949 -3.37726035 2.63971691 -2.45801647 1.57439292 -2.17970014 
4.29693353 15.60916373 -11.43553749 9.38909380 -8.13968343 6.84068489 -6.40642144 5.53734498 -4.73408746 3.91606331 -3.63502883 2.63899299 -3.12343177 
4.17313188 14.75337159 -10.24227219 7.96370928 -6.56946216 5.19636546 -4.74662919 3.90927809 -3.17488772 2.45357466 -2.28998991 1.42545325 -2.05018807 
4.16123835 14.86537176 -10.39449929 8.14112871 -6.76028239 5.39162129 -4.93934164 4.09423361 -3.34833349 2.61303236 -2.43386229 1.55292677 -2.16098778 
4.26868123 15.60914005 -11.43550352 9.38905213 -8.13963635 6.84063440 -6.40636930 5.53729272 -4.73403638 3.91601447 -3.63498311 2.63895104 -3.12339408 
4.26155536 15.60913397 -11.43549480 9.38904143 -8.13962426 6.84062144 -6.40635592 5.53727931 -4.73402327 3.91600194 -3.63497137 2.63894027 -3.12338441 
4.25440400 15.60912782 -11.43548598 9.38903061 -8.13961205 6.84060834 -6.40634239 5.53726575 -4.73401002 3.91598927 -3.63495950 2.63892939 -3.12337463 
4.12795167 14.72151132 -10.19918644 7.91373527 -6.51596478 5.14187035 -4.69307768 3.85809778 -3.12708610 2.40979644 -2.25063429 1.39070314 -2.02008225 
4.11577037 14.83687418 -10.35565323 8.09572766 -6.71132044 5.34139181 -4.88964284 4.04642073 -3.30339271 2.57162588 -2.39642561 1.51969264 -2.13204723 
4.22554010 15.60910257 -11.43544976 9.38898618 -8.13956184 6.84055449 -6.40628679 5.53721003 -4.73395555 3.91593720 -3.63491075 2.63888466 -3.12333444 
4.09725688 14.69930459 -10.16921252 7.87903259 -6.47888100 5.10415896 -4.65608005 3.82279435 -3.09416342 2.37968834 -2.22360491 1.36686765 -1.99945778 
4.08487592 14.81698685 -10.32858983 8.06414856 -6.67731774 5.30656114 -4.85523009 4.01336010 -3.27235972 2.54306981 -2.37063852 1.49682641 -2.11215673 
4.07392404 14.68211546 -10.14604335 7.85224387 -6.45029107 5.07512117 -4.62762597 3.79567463 -3.06890072 2.35660972 -2.20290695 1.34863267 -1.98369355 
3.92128723 15.60518216 -11.42982708 9.38208957 -8.13177084 6.83219965 -6.39766061 5.52856530 -4.72550674 3.90786028 -3.62734876 2.63194744 -3.11710247 
3.90429026 15.60509987 -11.42970907 9.38194484 -8.13160735 6.83202435 -6.39747964 5.52838395 -4.72532952 3.90769088 -3.62719018 2.63180196 -3.11697180 
3.88714762 15.60501544 -11.42958800 9.38179636 -8.13143964 6.83184452 -6.39729398 5.52819792 -4.72514772 3.90751710 -3.62702749 2.63165273 -3.11683775 
3.86985676 15.60492881 -11.42946377 9.38164400 -8.13126754 6.83165999 -6.39710349 5.52800704 -4.72496118 3.90733879 -3.62686056 2.63149960 -3.11670020 
3.85241513 15.60483990 -11.42933627 9.38148764 -8.13109092 6.83147061 -6.39690798 5.52781113 -4.72476974 3.90715579 -3.62668924 2.63134245 -3.11655904 
3.83482004 15.60474863 -11.42920539 9.38132712 -8.13090962 6.83127621 -6.39670729 5.52761003 -4.72457321 3.90696794 -3.62651338 2.63118114 -3.11641413 
3.96459371 14.73538951 -10.21794254 7.93547680 -6.53922551 5.16555152 -4.71633610 3.88031463 -3.14782577 2.42878134 -2.26769349 1.40575953 -2.03312102 
3.95301413 14.58865835 -10.02056374 7.70770328 -6.29659050 4.91955536 -4.47569980 3.65134290 -2.93487140 2.23452970 -2.09372704 1.25269874 -1.90096712 
3.79014298 15.60450955 -11.42886255 9.38090667 -8.13043471 6.83076700 -6.39618161 5.52708329 -4.72405847 3.90647591 -3.62605277 2.63075862 -3.11603461 
3.77198892 15.60440932 -11.42871883 9.38073041 -8.13023562 6.83055353 -6.39596124 5.52686247 -4.72384269 3.90626965 -3.62585968 2.63058150 -3.11587551 
3.75366856 15.60430631 -11.42857112 9.38054928 -8.13003102 6.83033417 -6.39573478 5.52663556 -4.72362095 3.90605769 -3.62566126 2.63039950 -3.11571203 
3.73517884 15.60420043 -11.42841930 9.38036308 -8.12982072 6.83010868 -6.39550201 5.52640232 -4.72339302 3.90583982 -3.62545731 2.63021242 -3.11554398 
3.56184048 14.17186666 -9.47103478 7.08560936 -5.64611550 4.27171562 -3.85279175 3.06838424 -2.40126339 1.75505821 -1.67040339 0.88519713 -1.58768575 
3.53429952 14.44335829 -9.82712291 7.48668137 -6.06340813 4.68532406 -4.24861989 3.43713667 -2.73730603 2.05573578 -1.93480272 1.11385837 -1.78189855 
3.51075849 14.11678362 -9.39963680 7.00610378 -5.56431007 4.19149763 -3.77681887 2.99832058 -2.33803547 1.69900562 -1.62154530 0.84329071 -1.55237337 
3.29165293 15.58978403 -11.40775660 9.35503434 -8.10122386 6.79945918 -6.36387380 5.49472202 -4.69244545 3.87626778 -3.59778228 2.60483391 -3.09275403 
3.45068265 14.36638186 -9.72545309 7.37139897 -5.94268301 4.56491928 -4.13269746 3.32851705 -2.63777004 1.96620721 -1.85568530 1.04511694 -1.72325438 
3.42623762 14.02194971 -9.27738331 6.87068135 -5.42568157 4.05622620 -3.64931579 2.88127636 -2.23287938 1.60617342 -1.54094909 0.77441823 -1.49454395 
3.19668713 15.58778515 -11.40489315 9.35152602 -8.09726473 6.79521777 -6.35949883 5.49034162 -4.68816803 3.87218196 -3.59395988 2.60132982 -3.08960830 
3.36344208 14.28172685 -9.61428853 7.24605219 -5.81212906 4.43538960 -4.00861945 3.21282348 -2.53225059 1.87171953 -1.77253841 0.97316148 -1.66210149 
3.33802274 13.91792023 -9.14424750 6.72423440 -5.27678804 3.91188910 -3.51413176 2.75794424 -2.12273063 1.50947688 -1.45744144 0.70340990 -1.43520269 
3.30693361 14.22445302 -9.53946344 7.16209563 -5.72510316 4.34944387 -3.92665874 3.13673159 -2.46313947 1.81007785 -1.71849820 0.92655931 -1.62262882 
3.45659046 15.60234485 -11.42575866 9.37710038 -8.12613571 6.82615781 -6.39142365 5.52231597 -4.71940001 3.90202323 -3.62188461 2.62693538 -3.11260052 
3.43512397 15.60217936 -11.42552139 9.37680944 -8.12580713 6.82580555 -6.39106004 5.52195166 -4.71904404 3.90168301 -3.62156614 2.62664328 -3.11233816 
3.23394781 13.78832163 -8.97980804 6.54484603 -5.09586940 3.73786205 -3.35236272 2.61142886 -1.99279159 1.39615733 -1.36018588 0.62118956 -1.36687177 
3.20104610 14.11179299 -9.39318212 6.99893125 -5.55694519 4.18428992 -3.77000566 2.99204896 -2.33238586 1.69400562 -1.61719404 0.83956415 -1.54923770 
3.35812321 15.60155582 -11.42462740 9.37571325 -8.12456915 6.82447835 -6.38969012 5.52057916 -4.71770297 3.90040127 -3.62036638 2.62554287 -3.11134981 
3.14912793 13.67701440 -8.83983147 6.39345254 -4.94446064 3.59339052 -3.21911448 2.49165588 -1.88734191 1.30482303 -1.28230367 0.55574096 -1.31279036 
3.11466573 14.01456323 -9.26789666 6.86021060 -5.41500053 4.04583900 -3.63955721 2.87234674 -2.22488133 1.59913315 -1.53485353 0.76922270 -1.49019219 
3.08629015 13.59116009 -8.73265369 6.27835142 -4.83014118 3.48503090 -3.11981484 2.40295327 -1.80971466 1.23796414 -1.22559294 0.50831640 -1.27378545 
2.80884867 15.57737241 -11.38998261 9.33326430 -8.07666386 6.77315558 -6.33674925 5.46757088 -4.66593906 3.85095460 -3.57410620 2.58313393 -3.07327705 
2.76407629 15.57589481 -11.38786757 9.33067483 -8.07374371 6.77002930 -6.33352656 5.46434615 -4.66279195 3.84795009 -3.57129682 2.58055973 -3.07096716 
2.46819859 12.47035563 -7.39607953 4.90416181 -3.52137917 2.29271024 -2.06783300 1.49660043 -1.04327411 0.59821972 -0.69837254 0.07866411 -0.92893165 
2.39742073 13.11207277 -8.14715229 5.66226378 -4.23024376 2.92705792 -2.61774035 1.96226581 -1.43048182 0.91639059 -0.95676207 0.28646284 -1.09360468 
2.60715483 15.57017406 -11.37968074 9.32065379 -8.06244530 6.75793577 -6.32106246 5.45187638 -4.65062437 3.83633571 -3.56043840 2.57061173 -3.06204175 
2.55757314 15.56817658 -11.37682292 9.31715650 -8.05850309 6.75371703 -6.31671532 5.44752811 -4.64638226 3.83228716 -3.55665397 2.56714513 -3.05893194 
2.50673116 15.56602564 -11.37374594 9.31339150 -8.05425963 6.74917642 -6.31203703 5.44284908 -4.64181790 3.82793148 -3.55258281 2.56341619 -3.05558705 
2.74189915 13.53606083 -8.66423136 6.20524390 -4.75789003 3.41687229 -3.05764341 2.34766475 -1.76153759 1.19663703 -1.19067102 0.47921442 -1.24992980 
2.70859656 13.01037259 -8.02559586 5.53708454 -4.11090307 2.81828899 -2.52178215 1.87963693 -1.36067537 0.85820192 -0.90888674 0.24752060 -1.06241129 
2.36447430 15.55941053 -11.36428551 9.30181876 -8.04121952 6.73522652 -6.29766745 5.42848038 -4.62780428 3.81456115 -3.54008816 2.55197382 -3.04532483 
2.30840688 15.55654209 -11.36018454 9.29680358 -8.03557000 6.72918441 -6.29144512 5.42225991 -4.62173891 3.80877544 -3.53468246 2.54702430 -3.04088658 
2.25072258 15.55342402 -11.35572754 9.29135399 -8.02943218 6.72262116 -6.28468716 5.41550499 -4.61515334 3.80249436 -3.52881468 2.54165234 -3.03607007 
2.51773687 13.19829568 -8.25095766 5.76991122 -4.33357151 3.02184707 -2.70189340 2.03517057 -1.49243269 0.96830826 -0.99968979 0.32153582 -1.12181751 
2.48119306 12.60288586 -7.54809774 5.05461931 -3.65936925 2.41392211 -2.17102717 1.58246839 -1.11348033 0.65502910 -0.74386371 0.11480236 -0.95723727 
2.08823444 15.54364861 -11.34176028 9.27428288 -8.01021237 6.70207648 -6.26354018 5.39437434 -4.59455880 3.78285772 -3.51047514 2.52486676 -3.02102371 
2.02372950 15.53932451 -11.33558477 9.26673826 -8.00172161 6.69300396 -6.25420516 5.38504984 -4.58547394 3.77419817 -3.50239001 2.51746880 -3.01439404 
1.95707518 15.53456683 -11.32879200 9.25844186 -7.99238726 6.68303256 -6.24394771 5.37480629 -4.57549582 3.76468912 -3.49351346 2.50934814 -3.00711796 
1.88812334 15.52931606 -11.32129768 9.24929139 -7.98209500 6.67204091 -6.23264374 5.36352050 -4.56450509 3.75421745 -3.48374040 2.50040909 -2.99911013 
1.81670996 15.52350224 -11.31300269 9.23916675 -7.97071069 6.65988674 -6.22014787 5.35104821 -4.55236213 3.74265085 -3.47294800 2.49053990 -2.99027089 
1.74265282 15.51704264 -11.30379000 9.22792621 -7.95807617 6.64640241 -6.20628897 5.33721976 -4.53890278 3.72983391 -3.46099210 2.47960941 -2.98048339 
1.66574872 15.50983892 -11.29352059 9.21540159 -7.94400398 6.63138941 -6.19086454 5.32183453 -4.52393316 3.71558321 -3.44770263 2.46746308 -2.96961001 
1.58577006 15.50177346 -11.28202842 9.20139225 -7.92827064 6.61461135 -6.17363367 5.30465414 -4.50722302 3.69968111 -3.43287803 2.45391783 -2.95748783 
1.50246086 15.49270470 -11.26911388 9.18565730 -7.91060823 6.59578512 -6.15430820 5.28539367 -4.48849751 3.68186807 -3.41627810 2.43875571 -2.94392308 
1.41553175 15.48246112 -11.25453550 9.16790569 -7.89069345 6.57456956 -6.13254128 5.26371067 -4.46742664 3.66183281 -3.39761507 2.42171586 -2.92868406 
0.86097001 7.85041001 -3.08655768 1.35028240 -0.75465986 0.17815607 -0.47494856 0.30619835 -0.15861332 -0.06930342 -0.19211913 -0.31179150 -0.63279331 
-0.36354840 14.57498134 -10.00226993 7.68670719 -6.27434272 4.89711411 -4.45385577 3.63065689 -2.91572089 2.21713728 -2.07821548 1.23910461 -1.88927372 
-0.67396592 14.29610869 -9.63312626 7.26724147 -5.83414622 4.45718413 -4.02945037 3.23220504 -2.54989109 1.88748476 -1.78638559 0.98512385 -1.67225092 
-1.04107810 13.89110876 -9.11009904 6.68684555 -5.23894623 3.87536470 -3.48006793 2.72699395 -2.09519772 1.48539633 -1.43671843 0.68584642 -1.42057105 
0.13009067 6.55471811 -2.21925341 0.83282464 -0.46315138 0.00848769 -0.37467628 0.24544094 -0.12203815 -0.09597383 -0.17198227 -0.33005457 -0.61851801 
1.30823701 10.57700810 -5.39849720 3.07603598 -1.96497119 1.01558493 -1.04755719 0.69635380 -0.42380839 0.11936459 -0.32947779 -0.20601684 -0.71193657 
1.66117388 15.56449859 -11.37156170 9.31071916 -8.05124801 6.74595422 -6.30871745 5.43952928 -4.63857975 3.82484162 -3.54969501 2.56077133 -3.05321475 
2.04171057 12.20692743 -7.09868111 4.61428334 -3.25945140 2.06584968 -1.87729201 1.34009120 -0.91687675 0.49705319 -0.61814835 0.01545168 -0.87979921 
2.32082540 15.60403598 -11.42818349 9.38007390 -8.12949409 6.82975846 -6.39514048 5.52604006 -4.72303903 3.90550146 -3.62514056 2.62992187 -3.11528300 
2.30189824 15.60392243 -11.42802066 9.37987422 -8.12926855 6.82951665 -6.39489085 5.52578994 -4.72279460 3.90526783 -3.62492185 2.62972125 -3.11510280 
1.97182884 11.64800588 -6.48860129 4.03853891 -2.75529547 1.64187375 -1.53108190 1.06322702 -0.69886358 0.32633935 -0.48533588 -0.08762559 -0.80081292 
1.46884243 15.55501601 -11.35800304 9.29413612 -8.03256553 6.72597156 -6.28813681 5.41895296 -4.61851474 3.80570023 -3.53180951 2.54439403 -3.03852820 
1.88661032 11.87172964 -6.72939771 4.26270294 -2.94896674 1.80268142 -1.66078900 1.16573764 -0.77868250 0.38823995 -0.53309265 -0.05079671 -0.82886468 
1.85876592 11.37622363 -6.20217559 3.77723490 -2.53393665 1.46142351 -1.38805547 0.95204460 -0.61362903 0.26108703 -0.43553350 -0.12574320 -0.77198582 
1.81640800 11.71190547 -6.55691428 4.10172029 -2.80953553 1.68664098 -1.56698452 1.09144732 -0.72072399 0.34321884 -0.49831062 -0.07764656 -0.80839454 
2.12297547 15.60273628 -11.42631989 9.37778858 -8.12691296 6.82699110 -6.39228380 5.52317777 -4.72024209 3.90282809 -3.62263801 2.62762641 -3.11322119 
2.44548452 12.86225342 -7.85026251 5.35820238 -3.94190952 2.66559747 -2.38820056 1.76553690 -1.26502477 0.77903319 -0.84417309 0.19518582 -1.02072026 
2.69484337 15.60999040 -11.43672330 9.39054849 -8.14132701 6.84244765 -6.40824168 5.53916935 -4.73587069 3.91776822 -3.63662521 2.64045763 -3.12474762 
2.69484337 15.60999040 -11.43672330 9.39054849 -8.14132701 6.84244765 -6.40824168 5.53916935 -4.73587069 3.91776822 -3.63662521 2.64045763 -3.12474762 
2.69484337 15.60999040 -11.43672330 9.39054849 -8.14132701 6.84244765 -6.40824168 5.53916935 -4.73587069 3.91776822 -3.63662521 2.64045763 -3.12474762 
2.43800310 12.73935279 -7.70631287 5.21283124 -3.80593708 2.54390418 -2.28271149 1.67622600 -1.19078628 0.71805907 -0.79468279 0.15541026 -0.98922048 
2.08094356 15.60242563 -11.42587448 9.37724240 -8.12629610 6.82632977 -6.39160115 5.52249381 -4.71957378 3.90218932 -3.62204008 2.62707798 -3.11272860 
1.71449324 11.00875690 -5.82551546 3.44263122 -2.25771872 1.24158455 -1.21771858 0.82242555 -0.51622301 0.18769758 -0.38023607 -0.16773226 -0.74047199 
1.66846847 11.35787504 -6.18307899 3.76002209 -2.51952597 1.44980457 -1.37894226 0.94503029 -0.60830165 0.25703950 -0.43246352 -0.12808332 -0.77022294 
1.63846809 10.80544134 -5.62234009 3.26649025 -2.11572878 1.13102945 -1.13381547 0.75980635 -0.47001121 0.15336100 -0.35464031 -0.18706244 -0.72604348 
1.59037494 11.16125400 -5.98034985 3.57892126 -2.36922035 1.32958834 -1.28536591 0.87351769 -0.55434830 0.21626420 -0.40166672 -0.15149892 -0.75262636 
2.30030971 12.59638934 -7.54060845 5.04717105 -3.65250599 2.40786642 -2.16584949 1.57814230 -1.10992944 0.65214573 -0.74154752 0.11295744 -0.95578857 
2.56576633 15.60999040 -11.43672330 9.39054849 -8.14132701 6.84244765 -6.40824168 5.53916935 -4.73587069 3.91776822 -3.63662521 2.64045763 -3.12474762 
2.84063518 13.40538224 -8.50308365 6.03421649 -4.58997152 3.25945807 -2.91492884 2.22149462 -1.65221613 1.10335211 -1.11223188 0.41414242 -1.19681826 
2.84697204 13.50374673 -8.62423514 6.16264406 -4.71591913 3.37739600 -3.02173825 2.31582333 -1.73386595 1.17295908 -1.17070969 0.46261554 -1.23635122 
2.85500391 13.42669259 -8.52925447 6.06188117 -4.61702752 3.28472668 -2.93775459 2.24160328 -1.66958047 1.11812244 -1.12461486 0.42438732 -1.20515845 
2.86130232 13.52425472 -8.64960730 6.18965628 -4.74252141 3.40240709 -3.04447791 2.33598172 -1.75137815 1.18793877 -1.18333408 0.47311032 -1.24493400 
2.59882494 15.60999040 -11.43672330 9.39054849 -8.14132701 6.84244765 -6.40824168 5.53916935 -4.73587069 3.91776822 -3.63662521 2.64045763 -3.12474762 
2.59882494 15.60999040 -11.43672330 9.39054849 -8.14132701 6.84244765 -6.40824168 5.53916935 -4.73587069 3.91776822 -3.63662521 2.64045763 -3.12474762 
2.32977048 12.53624993 -7.47146237 4.97857908 -3.58945845 2.35236876 -2.11850621 1.53867205 -1.07759921 0.62594205 -0.72053364 0.09624326 -0.94268170 
1.94927293 15.60136393 -11.42435230 9.37537593 -8.12418821 6.82406997 -6.38926860 5.52015685 -4.71729034 3.90000690 -3.61999725 2.62520431 -3.11104573 
2.30030971 12.59638934 -7.54060845 5.04717105 -3.65250599 2.40786642 -2.16584949 1.57814230 -1.10992944 0.65214573 -0.74154752 0.11295744 -0.95578857 
2.29238481 12.46357798 -7.38834844 4.89655113 -3.51443574 2.28664144 -2.06269114 1.49234164 -1.03980743 0.59542561 -0.69614304 0.07689832 -0.92755251 
2.28141718 12.56038142 -7.49916810 5.00602476 -3.61465154 2.37451652 -2.13737634 1.55438542 -1.09045547 0.63635144 -0.72887371 0.10287165 -0.94787567 
2.54902983 15.60999040 -11.43672330 9.39054849 -8.14132701 6.84244765 -6.40824168 5.53916935 -4.73587069 3.91776822 -3.63662521 2.64045763 -3.12474762 
2.27343354 12.42623723 -7.34583013 4.85476632 -3.47637757 2.25342969 -2.03459473 1.46910427 -1.02091823 0.58021984 -0.68402329 0.06730819 -0.92006883 
2.26234897 12.52370291 -7.45707801 4.96434980 -3.57641500 2.34091697 -2.10876144 1.53056727 -1.07097572 0.62058470 -0.71624529 0.09283771 -0.94001511 
2.25430584 12.38820322 -7.30265343 4.81245813 -3.43795228 2.21998794 -2.00637712 1.44582465 -1.00203943 0.56505439 -0.67195840 0.05777649 -0.91264178 
1.85641606 15.60052706 -11.42315252 9.37390487 -8.12252697 6.82228910 -6.38743048 5.51831534 -4.71549110 3.89828732 -3.61838771 2.62372811 -3.10971991 
2.22367261 12.44826258 -7.37089403 4.87938324 -3.49878601 2.27297385 -2.05111991 1.48276463 -1.03201710 0.58915057 -0.69113877 0.07293672 -0.92445972 
2.21550815 12.30998158 -7.21427040 4.72624290 -3.35999340 2.15242186 -1.94959380 1.39915737 -0.96433186 0.53486124 -0.64800716 0.03889923 -0.89796576 
2.20405780 12.40946341 -7.32677198 4.83607615 -3.45938908 2.23863327 -2.02210062 1.45878938 -1.01254772 0.57349179 -0.67866796 0.06307543 -0.91676931 
2.19583146 12.26975538 -7.16903600 4.68232140 -3.32045672 2.11830184 -1.92103644 1.37577960 -0.94551286 0.51984217 -0.63612790 0.02955914 -0.89072089 
2.18425395 12.36991889 -7.28194385 4.79220944 -3.41960113 2.20404907 -1.99295429 1.43477139 -0.99309158 0.55787783 -0.66625709 0.05327751 -0.90914006 
2.46317974 15.60999040 -11.43672330 9.39054849 -8.14132701 6.84244765 -6.40824168 5.53916935 -4.73587069 3.91776822 -3.63662521 2.64045763 -3.12474762 
2.46317974 15.60999040 -11.43672330 9.39054849 -8.14132701 6.84244765 -6.40824168 5.53916935 -4.73587069 3.91776822 -3.63662521 2.64045763 -3.12474762 
2.46317974 15.60999040 -11.43672330 9.39054849 -8.14132701 6.84244765 -6.40824168 5.53916935 -4.73587069 3.91776822 -3.63662521 2.64045763 -3.12474762 
2.46317974 15.60999040 -11.43672330 9.39054849 -8.14132701 6.84244765 -6.40824168 5.53916935 -4.73587069 3.91776822 -3.63662521 2.64045763 -3.12474762 
2.46317974 15.60999040 -11.43672330 9.39054849 -8.14132701 6.84244765 -6.40824168 5.53916935 -4.73587069 3.91776822 -3.63662521 2.64045763 -3.12474762 
2.46317974 15.60999040 -11.43672330 9.39054849 -8.14132701 6.84244765 -6.40824168 5.53916935 -4.73587069 3.91776822 -3.63662521 2.64045763 -3.12474762 
2.17596494 12.22875873 -7.12308707 4.63784763 -3.28054678 2.08396046 -1.89237459 1.35237934 -0.92672386 0.50488071 -0.62431772 0.02028845 -0.88354083 
2.16425751 12.32960865 -7.23639464 4.74777523 -3.37942027 2.16922333 -1.96368522 1.41071581 -0.97365385 0.54231328 -0.65390998 0.04354594 -0.90157420 
2.44555848 15.60999040 -11.43672330 9.39054849 -8.14132701 6.84244765 -6.40824168 5.53916935 -4.73587069 3.91776822 -3.63662521 2.64045763 -3.12474762 
2.44555848 15.60999040 -11.43672330 9.39054849 -8.14132701 6.84244765 -6.40824168 5.53916935 -4.73587069 3.91776822 -3.63662521 2.64045763 -3.12474762 
2.44555848 15.60999040 -11.43672330 9.39054849 -8.14132701 6.84244765 -6.40824168 5.53916935 -4.73587069 3.91776822 -3.63662521 2.64045763 -3.12474762 
2.44555848 15.60999040 -11.43672330 9.39054849 -8.14132701 6.84244765 -6.40824168 5.53916935 -4.73587069 3.91776822 -3.63662521 2.64045763 -3.12474762 
2.44555848 15.60999040 -11.43672330 9.39054849 -8.14132701 6.84244765 -6.40824168 5.53916935 -4.73587069 3.91776822 -3.63662521 2.64045763 -3.12474762 
2.44555848 15.60999040 -11.43672330 9.39054849 -8.14132701 6.84244765 -6.40824168 5.53916935 -4.73587069 3.91776822 -3.63662521 2.64045763 -3.12474762 
2.44555848 15.60999040 -11.43672330 9.39054849 -8.14132701 6.84244765 -6.40824168 5.53916935 -4.73587069 3.91776822 -3.63662521 2.64045763 -3.12474762 
2.44555848 15.60999040 -11.43672330 9.39054849 -8.14132701 6.84244765 -6.40824168 5.53916935 -4.73587069 3.91776822 -3.63662521 2.64045763 -3.12474762 
2.44555848 15.60999040 -11.43672330 9.39054849 -8.14132701 6.84244765 -6.40824168 5.53916935 -4.73587069 3.91776822 -3.63662521 2.64045763 -3.12474762 
2.44555848 15.60999040 -11.43672330 9.39054849 -8.14132701 6.84244765 -6.40824168 5.53916935 -4.73587069 3.91776822 -3.63662521 2.64045763 -3.12474762 
2.44555848 15.60999040 -11.43672330 9.39054849 -8.14132701 6.84244765 -6.40824168 5.53916935 -4.73587069 3.91776822 -3.63662521 2.64045763 -3.12474762 
2.44555848 15.60999040 -11.43672330 9.39054849 -8.14132701 6.84244765 -6.40824168 5.53916935 -4.73587069 3.91776822 -3.63662521 2.64045763 -3.12474762 
2.15590500 12.18697060 -7.07640868 4.59281428 -3.24026246 2.04940051 -1.86361309 1.32896209 -0.90797016 0.48998144 -0.61258032 0.01108994 -0.87642765 
2.14406480 12.28851158 -7.19010899 4.70276559 -3.33884482 2.13415840 -1.93429797 1.38662808 -0.95423991 0.52680289 -0.64163053 0.03388371 -0.89407398 
2.13564796 12.14436916 -7.02898558 4.54721405 -3.19960288 2.01462504 -1.83475700 1.30553355 -0.88925721 0.47514905 -0.60091947 0.00196645 -0.86938340 
2.12367206 12.24660577 -7.14307114 4.65717257 -3.29787327 2.09885693 -1.90479740 1.36251382 -0.93485529 0.51135151 -0.62942269 0.02429386 -0.88664163 
2.11519005 12.10093182 -6.98080210 4.50103963 -3.15856735 1.97963744 -1.80581172 1.28209967 -0.87059066 0.46038834 -0.58933897 -0.00707919 -0.86241011 
2.10307541 12.20386853 -7.09526493 4.61098820 -3.25650431 2.06332183 -1.87518865 1.33837896 -0.91550572 0.49596409 -0.61729049 0.01477945 -0.87927942 
2.39174358 15.60999040 -11.43672330 9.39054849 -8.14132701 6.84244765 -6.40824168 5.53916935 -4.73587069 3.91776822 -3.63662521 2.64045763 -3.12474762 
2.09452737 12.05663513 -6.93184221 4.45428372 -3.11715542 1.94444138 -1.77678292 1.25866663 -0.85197632 0.44570420 -0.57784269 -0.01604414 -0.85550983 
1.65667378 15.59844249 -11.42016427 9.37024127 -8.11839007 6.81785466 -6.38285385 5.51373061 -4.71101187 3.89400672 -3.61438129 2.62005378 -3.10642006 
1.21144007 9.52937439 -4.43180268 2.29873367 -1.38209647 0.59016791 -0.74335305 0.48128689 -0.27278276 0.01075491 -0.25023675 -0.26579901 -0.66753738 
0.38575388 15.45272286 -11.21226808 9.11650150 -7.83309327 6.51327587 -6.06972206 5.20119765 -4.40673759 3.60417956 -3.34395705 2.37276447 -2.88493961 
-0.34793092 1.64282668 -0.27494662 0.02810714 -0.13191248 -0.17599498 -0.26950877 0.18038812 -0.09152759 -0.12981063 -0.14788679 -0.36301054 -0.59311279 
-0.61664885 1.91047448 -0.32626030 0.04113473 -0.13483973 -0.17270853 -0.27148148 0.18185517 -0.09165668 -0.12877246 -0.14827164 -0.36182551 -0.59394561 
-0.62928296 -0.72810512 -0.09494429 -0.03217325 -0.12537823 -0.20017977 -0.25784780 0.16976645 -0.09363578 -0.13872199 -0.14724370 -0.37233530 -0.58727054 
-4.86915099 4.31277467 -1.06852478 0.28542147 -0.21302270 -0.12419372 -0.30025947 0.20097678 -0.09797961 -0.11725710 -0.15537106 -0.34895752 -0.60360416 
-1.13788214 -2.95958921 -0.37627283 -0.10773069 -0.14242131 -0.22321702 -0.25552466 0.16047924 -0.10032405 -0.14860630 -0.15101711 -0.38042501 -0.58401665 
-1.05021841 -6.40765373 -1.67146407 -0.60510965 -0.33301625 -0.32003383 -0.28989457 0.13056788 -0.12543472 -0.17423158 -0.16816497 -0.39662448 -0.58483036 
0.32688753 -3.19116897 -0.43051361 -0.12264185 -0.14657936 -0.22618804 -0.25587530 0.15936708 -0.10130670 -0.14981878 -0.15167446 -0.38129837 -0.58381099 
0.97499948 15.58723918 -11.40411111 9.35056792 -8.09618361 6.79405965 -6.35830431 5.48914570 -4.68700029 3.87106660 -3.59291647 2.60037336 -3.08874970 
2.04567077 7.85436168 -3.08943007 1.35212674 -0.75577237 0.17883398 -0.47536291 0.30645501 -0.15877231 -0.06919095 -0.19220231 -0.31172077 -0.63284793 
