9.54803338 0.45330665 -0.12296727 -0.01004038 -0.12541526 -0.18879650 -0.26246540 0.17466756 -0.09191178 -0.13425617 -0.14696578 -0.36789989 -0.58985909 
3.59573980 15.60832414 -11.43433322 9.38761653 -8.13801443 6.83889495 -6.40457322 5.53549264 -4.73227696 3.91433238 -3.63340814 2.63750611 -3.12209597 
3.44088939 14.23088668 -9.54785322 7.17149262 -5.73482690 4.35903100 -3.93578662 3.14519265 -2.47081274 1.81691207 -1.72448156 0.93171259 -1.62698842 
3.25058028 15.60999040 -11.43672330 9.39054849 -8.14132701 6.84244765 -6.40824168 5.53916935 -4.73587069 3.91776822 -3.63662521 2.64045763 -3.12474762 
3.25058028 15.60999040 -11.43672330 9.39054849 -8.14132701 6.84244765 -6.40824168 5.53916935 -4.73587069 3.91776822 -3.63662521 2.64045763 -3.12474762 
3.25058028 15.60999040 -11.43672330 9.39054849 -8.14132701 6.84244765 -6.40824168 5.53916935 -4.73587069 3.91776822 -3.63662521 2.64045763 -3.12474762 
3.25058028 15.60999040 -11.43672330 9.39054849 -8.14132701 6.84244765 -6.40824168 5.53916935 -4.73587069 3.91776822 -3.63662521 2.64045763 -3.12474762 
3.05482434 13.70669570 -8.87704461 6.43358301 -4.98448029 3.63147142 -3.25414309 2.52306044 -1.91492175 1.32865499 -1.30258061 0.57274584 -1.32681423 
3.04762314 13.77692608 -8.96542414 6.52923333 -5.08020075 3.72286138 -3.33848262 2.59891344 -1.98173971 1.38655788 -1.35197859 0.61427564 -1.36114529 
3.04180879 13.68936459 -8.85530562 6.41012940 -4.96108134 3.60919680 -3.23364560 2.50467647 -1.89877069 1.31469385 -1.29069814 0.56277780 -1.31859123 
3.03455636 13.76003352 -8.94412405 6.50613694 -5.05704445 3.70071327 -3.31800781 2.58046809 -1.96546529 1.37243360 -1.33991183 0.60411758 -1.35273749 
3.02870902 13.67179630 -8.83329774 6.38641543 -4.93745155 3.58672882 -3.21299372 2.48617443 -1.88253315 1.30067188 -1.27877506 0.55278432 -1.31035404 
3.02140464 13.74290752 -8.92255684 6.48277936 -5.03365406 3.67836674 -3.29737242 2.56189797 -1.94909768 1.35824216 -1.32779874 0.59392912 -1.34431133 
3.21475842 15.60999040 -11.43672330 9.39054849 -8.14132701 6.84244765 -6.40824168 5.53916935 -4.73587069 3.91776822 -3.63662521 2.64045763 -3.12474762 
3.21475842 15.60999040 -11.43672330 9.39054849 -8.14132701 6.84244765 -6.40824168 5.53916935 -4.73587069 3.91776822 -3.63662521 2.64045763 -3.12474762 
3.21475842 15.60999040 -11.43672330 9.39054849 -8.14132701 6.84244765 -6.40824168 5.53916935 -4.73587069 3.91776822 -3.63662521 2.64045763 -3.12474762 
3.01552395 13.65398634 -8.81101652 6.36243744 -4.91358831 3.56406588 -3.19218671 2.46755423 -1.86620949 1.28658975 -1.26681215 0.54276623 -1.30210348 
3.00816688 13.72554365 -8.90071806 6.45915684 -5.01002684 3.65582004 -3.27657556 2.54320286 -1.93263713 1.34398414 -1.31564004 0.58371105 -1.33586760 
3.00225247 13.63593014 -8.78845743 6.33819173 -4.88948901 3.54120639 -3.17122384 2.44881583 -1.84980014 1.27244816 -1.25481026 0.53272440 -1.29384037 
2.99484197 13.70793734 -8.87860312 6.43526557 -4.98616001 3.63307143 -3.25561634 2.52438256 -1.91608393 1.32966013 -1.30343651 0.57346418 -1.32740708 
2.98889347 13.61762296 -8.76561583 6.31367453 -4.86515096 3.51814875 -3.15010440 2.42995919 -1.83330554 1.25824782 -1.24277025 0.52265971 -1.28556556 
2.98142876 13.69008393 -8.85620736 6.41110168 -4.96205079 3.61011915 -3.23449391 2.50543691 -1.89943843 1.31527077 -1.29118895 0.56318936 -1.31893061 
3.17828325 15.60999040 -11.43672330 9.39054849 -8.14132701 6.84244765 -6.40824168 5.53916935 -4.73587069 3.91776822 -3.63662521 2.64045763 -3.12474762 
3.17828325 15.60999040 -11.43672330 9.39054849 -8.14132701 6.84244765 -6.40824168 5.53916935 -4.73587069 3.91776822 -3.63662521 2.64045763 -3.12474762 
2.97544580 13.59906001 -8.74248699 6.28888199 -4.84057151 3.49489138 -3.12882773 2.41098435 -1.81672619 1.24398952 -1.23069301 0.51257308 -1.27727991 
2.96792609 13.67197864 -8.83352601 6.38666124 -4.93769634 3.58696144 -3.21320742 2.48636577 -1.88270099 1.30081675 -1.27889818 0.55288747 -1.31043903 
3.16597552 15.60999040 -11.43672330 9.39054849 -8.14132701 6.84244765 -6.40824168 5.53916935 -4.73587069 3.91776822 -3.63662521 2.64045763 -3.12474762 
3.16597552 15.60999040 -11.43672330 9.39054849 -8.14132701 6.84244765 -6.40824168 5.53916935 -4.73587069 3.91776822 -3.63662521 2.64045763 -3.12474762 
3.16597552 15.60999040 -11.43672330 9.39054849 -8.14132701 6.84244765 -6.40824168 5.53916935 -4.73587069 3.91776822 -3.63662521 2.64045763 -3.12474762 
3.16597552 15.60999040 -11.43672330 9.39054849 -8.14132701 6.84244765 -6.40824168 5.53916935 -4.73587069 3.91776822 -3.63662521 2.64045763 -3.12474762 
3.16597552 15.60999040 -11.43672330 9.39054849 -8.14132701 6.84244765 -6.40824168 5.53916935 -4.73587069 3.91776822 -3.63662521 2.64045763 -3.12474762 
2.96190828 13.58023632 -8.71906607 6.26381022 -4.81574794 3.47143267 -3.10739317 2.39189134 -1.80006261 1.22967406 -1.21857949 0.50246547 -1.26898434 
2.95433277 13.65361655 -8.81055421 6.36194025 -4.91309381 3.56359654 -3.19175606 2.46716907 -1.86587202 1.28629877 -1.26656508 0.54255942 -1.30193323 
3.15359158 15.60999040 -11.43672330 9.39054849 -8.14132701 6.84244765 -6.40824168 5.53916935 -4.73587069 3.91776822 -3.63662521 2.64045763 -3.12474762 
3.15359158 15.60999040 -11.43672330 9.39054849 -8.14132701 6.84244765 -6.40824168 5.53916935 -4.73587069 3.91776822 -3.63662521 2.64045763 -3.12474762 
2.94827972 13.56114683 -8.69534814 6.23845527 -4.79067752 3.44777106 -3.08580009 2.37268027 -1.78331540 1.21530230 -1.20643065 0.49233785 -1.26067976 
2.94064760 13.63499264 -8.78728698 6.33693463 -4.88824033 3.54002271 -3.17013904 2.44784672 -1.84895198 1.27171761 -1.25419057 0.53220615 -1.29341411 
2.93455892 13.54178634 -8.67132816 6.21281310 -4.76535751 3.42390498 -3.06404791 2.35335125 -1.76648516 1.20087513 -1.19424752 0.48219124 -1.25236712 
2.92686934 13.61610174 -8.76371923 6.31164025 -4.86313296 3.51623820 -3.14835558 2.42839873 -1.83194137 1.25707406 -1.24177558 0.52182864 -1.28488260 
2.92074462 13.52214952 -8.64700097 6.18687962 -4.73978511 3.39983285 -3.04213604 2.33390447 -1.74957257 1.18639349 -1.18203113 0.47202668 -1.24404740 
2.65009117 15.60570421 -11.43057572 9.38300774 -8.13280798 6.83331174 -6.39880872 5.52971578 -4.72663106 3.90893503 -3.62835492 2.63287041 -3.11793156 
2.89902850 13.57749767 -8.71566132 6.26016832 -4.81214484 3.46803016 -3.10428645 2.38912590 -1.79765064 1.22760325 -1.21682820 0.50100496 -1.26778628 
3.10327446 15.60999040 -11.43672330 9.39054849 -8.14132701 6.84244765 -6.40824168 5.53916935 -4.73587069 3.91776822 -3.63662521 2.64045763 -3.12474762 
3.10327446 15.60999040 -11.43672330 9.39054849 -8.14132701 6.84244765 -6.40824168 5.53916935 -4.73587069 3.91776822 -3.63662521 2.64045763 -3.12474762 
3.10327446 15.60999040 -11.43672330 9.39054849 -8.14132701 6.84244765 -6.40824168 5.53916935 -4.73587069 3.91776822 -3.63662521 2.64045763 -3.12474762 
3.10327446 15.60999040 -11.43672330 9.39054849 -8.14132701 6.84244765 -6.40824168 5.53916935 -4.73587069 3.91776822 -3.63662521 2.64045763 -3.12474762 
3.10327446 15.60999040 -11.43672330 9.39054849 -8.14132701 6.84244765 -6.40824168 5.53916935 -4.73587069 3.91776822 -3.63662521 2.64045763 -3.12474762 
3.10327446 15.60999040 -11.43672330 9.39054849 -8.14132701 6.84244765 -6.40824168 5.53916935 -4.73587069 3.91776822 -3.63662521 2.64045763 -3.12474762 
3.10327446 15.60999040 -11.43672330 9.39054849 -8.14132701 6.84244765 -6.40824168 5.53916935 -4.73587069 3.91776822 -3.63662521 2.64045763 -3.12474762 
3.10327446 15.60999040 -11.43672330 9.39054849 -8.14132701 6.84244765 -6.40824168 5.53916935 -4.73587069 3.91776822 -3.63662521 2.64045763 -3.12474762 
3.10327446 15.60999040 -11.43672330 9.39054849 -8.14132701 6.84244765 -6.40824168 5.53916935 -4.73587069 3.91776822 -3.63662521 2.64045763 -3.12474762 
3.10327446 15.60999040 -11.43672330 9.39054849 -8.14132701 6.84244765 -6.40824168 5.53916935 -4.73587069 3.91776822 -3.63662521 2.64045763 -3.12474762 
3.10327446 15.60999040 -11.43672330 9.39054849 -8.14132701 6.84244765 -6.40824168 5.53916935 -4.73587069 3.91776822 -3.63662521 2.64045763 -3.12474762 
3.10327446 15.60999040 -11.43672330 9.39054849 -8.14132701 6.84244765 -6.40824168 5.53916935 -4.73587069 3.91776822 -3.63662521 2.64045763 -3.12474762 
3.10327446 15.60999040 -11.43672330 9.39054849 -8.14132701 6.84244765 -6.40824168 5.53916935 -4.73587069 3.91776822 -3.63662521 2.64045763 -3.12474762 
3.10327446 15.60999040 -11.43672330 9.39054849 -8.14132701 6.84244765 -6.40824168 5.53916935 -4.73587069 3.91776822 -3.63662521 2.64045763 -3.12474762 
3.10327446 15.60999040 -11.43672330 9.39054849 -8.14132701 6.84244765 -6.40824168 5.53916935 -4.73587069 3.91776822 -3.63662521 2.64045763 -3.12474762 
3.10327446 15.60999040 -11.43672330 9.39054849 -8.14132701 6.84244765 -6.40824168 5.53916935 -4.73587069 3.91776822 -3.63662521 2.64045763 -3.12474762 
3.10327446 15.60999040 -11.43672330 9.39054849 -8.14132701 6.84244765 -6.40824168 5.53916935 -4.73587069 3.91776822 -3.63662521 2.64045763 -3.12474762 
3.10327446 15.60999040 -11.43672330 9.39054849 -8.14132701 6.84244765 -6.40824168 5.53916935 -4.73587069 3.91776822 -3.63662521 2.64045763 -3.12474762 
3.10327446 15.60999040 -11.43672330 9.39054849 -8.14132701 6.84244765 -6.40824168 5.53916935 -4.73587069 3.91776822 -3.63662521 2.64045763 -3.12474762 
3.10327446 15.60999040 -11.43672330 9.39054849 -8.14132701 6.84244765 -6.40824168 5.53916935 -4.73587069 3.91776822 -3.63662521 2.64045763 -3.12474762 
3.10327446 15.60999040 -11.43672330 9.39054849 -8.14132701 6.84244765 -6.40824168 5.53916935 -4.73587069 3.91776822 -3.63662521 2.64045763 -3.12474762 
3.10327446 15.60999040 -11.43672330 9.39054849 -8.14132701 6.84244765 -6.40824168 5.53916935 -4.73587069 3.91776822 -3.63662521 2.64045763 -3.12474762 
3.31422630 14.02714715 -9.28406159 6.87805567 -5.43320724 4.06354788 -3.65619713 2.88757563 -2.23852360 1.61114351 -1.54525369 0.77808840 -1.49761900 
3.31938743 14.10149012 -9.37986423 6.98414017 -5.54176539 4.16944150 -3.75597679 2.97914136 -2.32076371 1.68372422 -1.60825027 0.83190734 -1.54279731 
2.90683557 13.50223088 -8.62236131 6.16065069 -4.71395755 3.37555313 -3.02006396 2.31434014 -1.73257833 1.17185836 -1.16978259 0.46184525 -1.23572159 
2.89902850 13.57749767 -8.71566132 6.26016832 -4.81214484 3.46803016 -3.10428645 2.38912590 -1.79765064 1.22760325 -1.21682820 0.50100496 -1.26778628 
3.10327446 15.60999040 -11.43672330 9.39054849 -8.14132701 6.84244765 -6.40824168 5.53916935 -4.73587069 3.91776822 -3.63662521 2.64045763 -3.12474762 
3.10327446 15.60999040 -11.43672330 9.39054849 -8.14132701 6.84244765 -6.40824168 5.53916935 -4.73587069 3.91776822 -3.63662521 2.64045763 -3.12474762 
3.10327446 15.60999040 -11.43672330 9.39054849 -8.14132701 6.84244765 -6.40824168 5.53916935 -4.73587069 3.91776822 -3.63662521 2.64045763 -3.12474762 
3.31422630 14.02714715 -9.28406159 6.87805567 -5.43320724 4.06354788 -3.65619713 2.88757563 -2.23852360 1.61114351 -1.54525369 0.77808840 -1.49761900 
3.31938743 14.10149012 -9.37986423 6.98414017 -5.54176539 4.16944150 -3.75597679 2.97914136 -2.32076371 1.68372422 -1.60825027 0.83190734 -1.54279731 
3.11597291 15.60999040 -11.43672330 9.39054849 -8.14132701 6.84244765 -6.40824168 5.53916935 -4.73587069 3.91776822 -3.63662521 2.64045763 -3.12474762 
3.11597291 15.60999040 -11.43672330 9.39054849 -8.14132701 6.84244765 -6.40824168 5.53916935 -4.73587069 3.91776822 -3.63662521 2.64045763 -3.12474762 
3.11597291 15.60999040 -11.43672330 9.39054849 -8.14132701 6.84244765 -6.40824168 5.53916935 -4.73587069 3.91776822 -3.63662521 2.64045763 -3.12474762 
3.11597291 15.60999040 -11.43672330 9.39054849 -8.14132701 6.84244765 -6.40824168 5.53916935 -4.73587069 3.91776822 -3.63662521 2.64045763 -3.12474762 
3.11597291 15.60999040 -11.43672330 9.39054849 -8.14132701 6.84244765 -6.40824168 5.53916935 -4.73587069 3.91776822 -3.63662521 2.64045763 -3.12474762 
2.90683557 13.50223088 -8.62236131 6.16065069 -4.71395755 3.37555313 -3.02006396 2.31434014 -1.73257833 1.17185836 -1.16978259 0.46184525 -1.23572159 
2.89902850 13.57749767 -8.71566132 6.26016832 -4.81214484 3.46803016 -3.10428645 2.38912590 -1.79765064 1.22760325 -1.21682820 0.50100496 -1.26778628 
3.10327446 15.60999040 -11.43672330 9.39054849 -8.14132701 6.84244765 -6.40824168 5.53916935 -4.73587069 3.91776822 -3.63662521 2.64045763 -3.12474762 
3.31422630 14.02714715 -9.28406159 6.87805567 -5.43320724 4.06354788 -3.65619713 2.88757563 -2.23852360 1.61114351 -1.54525369 0.77808840 -1.49761900 
3.31938743 14.10149012 -9.37986423 6.98414017 -5.54176539 4.16944150 -3.75597679 2.97914136 -2.32076371 1.68372422 -1.60825027 0.83190734 -1.54279731 
3.11597291 15.60999040 -11.43672330 9.39054849 -8.14132701 6.84244765 -6.40824168 5.53916935 -4.73587069 3.91776822 -3.63662521 2.64045763 -3.12474762 
3.11597291 15.60999040 -11.43672330 9.39054849 -8.14132701 6.84244765 -6.40824168 5.53916935 -4.73587069 3.91776822 -3.63662521 2.64045763 -3.12474762 
3.11597291 15.60999040 -11.43672330 9.39054849 -8.14132701 6.84244765 -6.40824168 5.53916935 -4.73587069 3.91776822 -3.63662521 2.64045763 -3.12474762 
3.32560538 14.04015308 -9.30078427 6.89653312 -5.45207572 4.08191594 -3.67347061 2.90339690 -2.25270739 1.62363961 -1.55608186 0.78732484 -1.50536110 
3.33074058 14.11397748 -9.39600717 7.00207018 -5.56016799 4.18744365 -3.77298651 2.99479262 -2.33485720 1.69619263 -1.61909715 0.84119392 -1.55060895 
3.12859125 15.60999040 -11.43672330 9.39054849 -8.14132701 6.84244765 -6.40824168 5.53916935 -4.73587069 3.91776822 -3.63662521 2.64045763 -3.12474762 
3.33692067 14.05300153 -9.31732008 6.91482072 -5.47076692 4.10012694 -3.69061056 2.91910846 -2.26680370 1.63606769 -1.56685852 0.79652325 -1.51307608 
3.34203019 14.12631287 -9.41196806 7.01981340 -5.57839433 4.20528792 -3.78986040 3.01033079 -2.34885920 1.70858872 -1.62988823 0.85043843 -1.55838981 
3.14113048 15.60999040 -11.43672330 9.39054849 -8.14132701 6.84244765 -6.40824168 5.53916935 -4.73587069 3.91776822 -3.63662521 2.64045763 -3.12474762 
3.14113048 15.60999040 -11.43672330 9.39054849 -8.14132701 6.84244765 -6.40824168 5.53916935 -4.73587069 3.91776822 -3.63662521 2.64045763 -3.12474762 
3.14113048 15.60999040 -11.43672330 9.39054849 -8.14132701 6.84244765 -6.40824168 5.53916935 -4.73587069 3.91776822 -3.63662521 2.64045763 -3.12474762 
3.14113048 15.60999040 -11.43672330 9.39054849 -8.14132701 6.84244765 -6.40824168 5.53916935 -4.73587069 3.91776822 -3.63662521 2.64045763 -3.12474762 
3.14113048 15.60999040 -11.43672330 9.39054849 -8.14132701 6.84244765 -6.40824168 5.53916935 -4.73587069 3.91776822 -3.63662521 2.64045763 -3.12474762 
3.34817287 14.06569507 -9.33367178 6.93292097 -5.48928283 4.11818235 -3.70761797 2.93471085 -2.28081274 1.64842772 -1.57758346 0.80568335 -1.52076359 
3.35325696 14.13849876 -9.42774959 7.03737232 -5.59644645 4.22297584 -3.80659951 3.02575652 -2.36276999 1.72091255 -1.64062339 0.85964064 -1.56613959 
3.15359158 15.60999040 -11.43672330 9.39054849 -8.14132701 6.84244765 -6.40824168 5.53916935 -4.73587069 3.91776822 -3.63662521 2.64045763 -3.12474762 
3.35936268 14.07823624 -9.34984206 6.95083628 -5.50762541 4.13608363 -3.72449379 2.95020463 -2.29473474 1.66071967 -1.58825649 0.81480483 -1.52842331 
3.36442159 14.15053761 -9.44335442 7.05474937 -5.61432635 4.24050895 -3.82320490 3.04107044 -2.37658989 1.73316418 -1.65130253 0.86880034 -1.57385801 
3.16597552 15.60999040 -11.43672330 9.39054849 -8.14132701 6.84244765 -6.40824168 5.53916935 -4.73587069 3.91776822 -3.63662521 2.64045763 -3.12474762 
3.37049077 14.09062749 -9.36583358 6.96856907 -5.52579662 4.15383220 -3.74123899 2.96559034 -2.30856990 1.67294352 -1.59887744 0.82388744 -1.53605491 
3.37552474 14.16243180 -9.45878514 7.07194693 -5.63203602 4.25788874 -3.83967762 3.05627320 -2.39031923 1.74534368 -1.66192554 0.87791733 -1.58154482 
3.17828325 15.60999040 -11.43672330 9.39054849 -8.14132701 6.84244765 -6.40824168 5.53916935 -4.73587069 3.91776822 -3.63662521 2.64045763 -3.12474762 
3.17828325 15.60999040 -11.43672330 9.39054849 -8.14132701 6.84244765 -6.40824168 5.53916935 -4.73587069 3.91776822 -3.63662521 2.64045763 -3.12474762 
3.17828325 15.60999040 -11.43672330 9.39054849 -8.14132701 6.84244765 -6.40824168 5.53916935 -4.73587069 3.91776822 -3.63662521 2.64045763 -3.12474762 
3.17828325 15.60999040 -11.43672330 9.39054849 -8.14132701 6.84244765 -6.40824168 5.53916935 -4.73587069 3.91776822 -3.63662521 2.64045763 -3.12474762 
3.38155783 14.10287125 -9.38164895 6.98612169 -5.54379836 4.17142951 -3.75785454 2.98086855 -2.32231848 1.68509929 -1.60944615 0.83293092 -1.54365809 
3.38656708 14.17418366 -9.47404432 7.08896737 -5.64957740 4.27511672 -3.85601873 3.07136547 -2.40395833 1.75745114 -1.67249235 0.88699141 -1.58919975 
3.39256450 14.11496987 -9.39729070 7.00349648 -5.56163255 4.18887698 -3.77434141 2.99603983 -2.33598073 1.69718698 -1.61996249 0.84193503 -1.55123256 
3.56563908 15.60827325 -11.43426022 9.38752700 -8.13791328 6.83878647 -6.40446121 5.53538038 -4.73216724 3.91422748 -3.63330993 2.63741601 -3.12201502 
3.40847198 14.19726953 -9.50405803 7.12248612 -5.68416304 4.30912318 -3.88831029 3.10122116 -2.43096723 1.78145041 -1.69345712 0.90501017 -1.60441305 
3.41439928 14.13874097 -9.42806341 7.03772164 -5.59680573 4.22332802 -3.80693292 3.02606389 -2.36304728 1.72115829 -1.64083752 0.85982425 -1.56629427 
3.58575648 15.60830743 -11.43430925 9.38758713 -8.13798122 6.83885934 -6.40453644 5.53545578 -4.73224093 3.91429794 -3.63337590 2.63747653 -3.12206939 
3.43014142 14.21981300 -9.53341506 7.15532374 -5.71809842 4.34254005 -3.92008793 3.13064286 -2.45761945 1.80516296 -1.71419647 0.92285539 -1.61949618 
3.43600020 14.16195878 -9.45817122 7.07126245 -5.63133087 4.25719647 -3.83902125 3.05566722 -2.38977179 1.74485788 -1.66150170 0.87755347 -1.58123795 
3.60567353 15.60834060 -11.43435683 9.38764550 -8.13804715 6.83893005 -6.40460945 5.53552895 -4.73231245 3.91436631 -3.63343991 2.63753526 -3.12212216 
3.45158036 14.24183110 -9.56213421 7.18749776 -5.75139834 4.37537886 -3.95135994 3.15963598 -2.48391801 1.82858996 -1.73471025 0.94052603 -1.63444755 
3.45737217 14.18464055 -9.48763299 7.10413625 -5.66522237 4.29049333 -3.87061406 3.08485458 -2.41615666 1.76828636 -1.68195437 0.89512125 -1.59606174 
3.62539420 15.60837280 -11.43440301 9.38770215 -8.13811116 6.83899869 -6.40468033 5.53559998 -4.73238188 3.91443268 -3.63350206 2.63759227 -3.12217337 
3.47279361 14.26334019 -9.59023362 7.21902521 -5.78407720 4.40765095 -3.98213458 3.18820597 -2.50986604 1.85173277 -1.75499849 0.95802126 -1.64926580 
3.47851995 14.20680286 -9.51646687 7.13635986 -5.69849424 4.32322941 -3.90171901 3.11363083 -2.44220443 1.79144454 -1.70219511 0.91252636 -1.61076392 
3.64492231 15.60840407 -11.43444786 9.38775716 -8.13817331 6.83906534 -6.40474915 5.53566895 -4.73244929 3.91449713 -3.63356240 2.63764764 -3.12222311 
3.65461532 15.60841936 -11.43446980 9.38778407 -8.13820371 6.83909794 -6.40478281 5.53570269 -4.73248227 3.91452866 -3.63359192 2.63767472 -3.12224744 
3.82436432 14.48081459 -9.87679779 7.54322918 -6.12285245 4.74482881 -4.30611372 3.49119424 -2.78700728 2.10058048 -1.97455061 1.14849023 -1.81152255 
3.83664681 14.64098038 -10.09071144 7.78839383 -6.38227810 5.00616947 -4.56018027 3.73150199 -3.00922080 2.30217459 -2.15415944 1.30574593 -1.94666719 
3.69292433 15.60847838 -11.43455445 9.38788791 -8.13832102 6.83922376 -6.40491272 5.53583289 -4.73260952 3.91465032 -3.63370583 2.63777922 -3.12234132 
3.70238802 15.60849261 -11.43457487 9.38791296 -8.13834932 6.83925410 -6.40494406 5.53586429 -4.73264022 3.91467966 -3.63373331 2.63780443 -3.12236397 
3.71180714 15.60850665 -11.43459500 9.38793765 -8.13837722 6.83928402 -6.40497495 5.53589526 -4.73267048 3.91470860 -3.63376040 2.63782928 -3.12238630 
3.72118210 15.60852049 -11.43461485 9.38796200 -8.13840473 6.83931353 -6.40500541 5.53592579 -4.73270032 3.91473712 -3.63378711 2.63785378 -3.12240831 
3.73051333 15.60853413 -11.43463442 9.38798601 -8.13843185 6.83934262 -6.40503545 5.53595589 -4.73272974 3.91476525 -3.63381345 2.63787795 -3.12243002 
3.73980122 15.60854759 -11.43465372 9.38800968 -8.13845860 6.83937130 -6.40506507 5.53598558 -4.73275876 3.91479300 -3.63383942 2.63790178 -3.12245143 
3.74904618 15.60856086 -11.43467276 9.38803304 -8.13848498 6.83939960 -6.40509428 5.53601486 -4.73278737 3.91482035 -3.63386503 2.63792528 -3.12247254 
3.91103874 14.55444656 -9.97483675 7.65525839 -6.24105678 4.86357520 -4.42124378 3.59980517 -2.88718720 2.19124716 -2.05514552 1.21890316 -1.87191062 
4.05494070 15.60578290 -11.43068857 9.38314615 -8.13296432 6.83347939 -6.39898180 5.52988922 -4.72680056 3.90909706 -3.62850661 2.63300956 -3.11805656 
4.07070927 15.60584864 -11.43078285 9.38326178 -8.13309494 6.83361945 -6.39912640 5.53003412 -4.72694216 3.90923242 -3.62863334 2.63312580 -3.11816098 
4.08635448 15.60591285 -11.43087493 9.38337472 -8.13322251 6.83375625 -6.39926763 5.53017565 -4.72708047 3.90936464 -3.62875712 2.63323935 -3.11826298 
4.23085647 14.75358293 -10.24255831 7.96404151 -6.56981818 5.19672848 -4.74698627 3.90961968 -3.17520705 2.45386736 -2.29025326 1.42568595 -2.05038982 
4.36136679 15.60302820 -11.42673845 9.37830184 -8.12749264 6.82761259 -6.39292532 5.52382054 -4.72087017 3.90342841 -3.62319996 2.62814185 -3.11368416 
4.38163672 15.60316760 -11.42693833 9.37854695 -8.12776946 6.82790938 -6.39323169 5.52412751 -4.72117013 3.90371510 -3.62346833 2.62838801 -3.11390526 
4.40170327 15.60330286 -11.42713226 9.37878477 -8.12803807 6.82819736 -6.39352897 5.52442537 -4.72146118 3.90399330 -3.62372875 2.62862688 -3.11411981 
4.42157049 15.60343414 -11.42732050 9.37901560 -8.12829878 6.82847688 -6.39381751 5.52471447 -4.72174369 3.90426332 -3.62398152 2.62885873 -3.11432806 
4.33212951 14.99916490 -10.57790862 8.35664719 -6.99392243 5.63251523 -5.17884917 4.32573281 -3.56690680 2.81527673 -2.61745862 1.71653683 -2.30398020 
4.35021778 14.83314685 -10.35057809 8.08980251 -6.70493721 5.33484988 -4.88317627 4.04020534 -3.29755590 2.56625266 -2.39157145 1.51538667 -2.12830026 
4.47360471 15.60376590 -11.42779622 9.37959898 -8.12895768 6.82918333 -6.39454677 5.52544517 -4.72245771 3.90494581 -3.62462040 2.62944474 -3.11485443 
4.49277375 15.60388386 -11.42796535 9.37980639 -8.12919194 6.82943451 -6.39480605 5.52570497 -4.72271158 3.90518847 -3.62484756 2.62965311 -3.11504159 
4.40643415 15.03676906 -10.62976395 8.41792572 -7.06071649 5.70174319 -5.24802564 4.39292038 -3.63063761 2.87450569 -2.67145041 1.76483987 -2.34635367 
4.42383383 14.87902258 -10.41313453 8.16293911 -6.78383540 5.41581555 -4.96331043 4.11732084 -3.37005916 2.63307157 -2.45199924 1.56904362 -2.17503566 
4.43931970 15.05275608 -10.65185032 8.44407154 -7.08926399 5.73137898 -5.27768574 4.42177109 -3.65804345 2.90001042 -2.69473007 1.78569211 -2.36466735 
4.45642335 14.89858163 -10.43986618 8.19426000 -6.81769494 5.45063260 -4.99783718 4.15060947 -3.40141335 2.66201699 -2.47821858 1.59236075 -2.19537455 
4.47167455 15.06810257 -10.67307460 8.46922259 -7.11675251 5.75994245 -5.30629872 4.44962769 -3.68452723 2.92467668 -2.71726141 1.80588842 -2.38241694 
4.48849202 14.91738921 -10.46560505 8.22445612 -6.85037880 5.48428046 -5.03124259 4.18285240 -3.43181465 2.69011082 -2.50369070 1.61503365 -2.21516835 
4.60408292 15.60452599 -11.42888613 9.38093559 -8.13046737 6.83080202 -6.39621776 5.52711951 -4.72409387 3.90650974 -3.62608445 2.63078768 -3.11606071 
4.52238012 15.09140660 -10.70534687 8.50751395 -7.15865356 5.80353280 -5.35001370 4.49223303 -3.72507483 2.96247860 -2.75182356 1.83689585 -2.40969057 
4.53875902 14.94601083 -10.50483925 8.27055700 -6.90035367 5.53580435 -5.08246725 4.23236156 -3.47855680 2.73335852 -2.54294845 1.65001579 -2.24574040 
4.65163250 15.60477932 -11.42924940 9.38138110 -8.13097058 6.83134158 -6.39677477 5.52767765 -4.72463930 3.90703110 -3.62657252 2.63123538 -3.11646286 
4.66917614 15.60486980 -11.42937914 9.38154022 -8.13115031 6.83153429 -6.39697372 5.52787700 -4.72483411 3.90721732 -3.62674685 2.63139529 -3.11660650 
4.59006999 15.12113674 -10.74659294 8.55653742 -7.21238786 5.85952263 -5.40624988 4.54712267 -3.77738729 3.01131403 -2.79653026 1.87705240 -2.44505171 
4.60588175 14.98263682 -10.55515923 8.32981155 -6.96472162 5.60230018 -5.14870452 4.29649958 -3.53921823 2.78957976 -2.59406468 1.69563373 -2.28566476 
4.71522048 15.60509987 -11.42970907 9.38194484 -8.13160735 6.83202435 -6.39747964 5.52838395 -4.72532952 3.90769088 -3.62719018 2.63180196 -3.11697180 
4.63790164 15.14122428 -10.77450873 8.58977076 -7.24887154 5.89759445 -5.44454413 4.58455157 -3.81310595 3.04470027 -2.82713012 1.90456853 -2.46930758 
4.65332492 15.00745731 -10.58933215 8.37013361 -7.00860905 5.64772345 -5.19403302 4.34046790 -3.58087268 2.82824631 -2.62927297 1.72709927 -2.31324009 
4.66722688 15.15317362 -10.79113293 8.60958217 -7.27064234 5.92033466 -5.46743825 4.60694812 -3.83449722 3.06471071 -2.84548441 1.92108494 -2.48387690 
4.68241687 15.02225118 -10.60972820 8.39423113 -7.03487033 5.67493649 -5.22122082 4.36686935 -3.60591155 2.85151272 -2.65047886 1.74606810 -2.32987807 
4.69612916 15.16468407 -10.80715930 8.62869564 -7.29166152 5.94230513 -5.48957230 4.62861510 -3.85520446 3.08409260 -2.86327203 1.93709977 -2.49801076 
4.71109278 15.03652267 -10.62942373 8.41752319 -7.06027721 5.70128739 -5.24756967 4.39247706 -3.63021667 2.87411411 -2.67109315 1.76451997 -2.34607282 
4.72462049 15.17577645 -10.82261542 8.64714250 -7.31196189 5.96353852 -5.51097761 4.64958174 -3.87525428 3.10286969 -2.88051377 1.95263090 -2.51172425 
4.64082424 15.60764706 -11.43336209 9.38642532 -8.13666867 6.83745173 -6.40308306 5.53399921 -4.73081732 3.91293694 -3.63210162 2.63630750 -3.12101917 
4.65260043 15.60767447 -11.43340141 9.38647355 -8.13672315 6.83751016 -6.40314339 5.53405967 -4.73087641 3.91299343 -3.63215451 2.63635602 -3.12106276 
4.56688445 15.08215459 -10.69252819 8.49229750 -7.14199531 5.78619563 -5.33261989 4.47527411 -3.70892894 2.94742069 -2.73805155 1.82453638 -2.39881612 
4.57650276 14.99741194 -10.57549461 8.35379818 -6.99082087 5.62930450 -5.17564454 4.32262377 -3.56396086 2.81254165 -2.61496777 1.71431044 -2.30202879 
4.68174105 15.60774094 -11.43349674 9.38659048 -8.13685525 6.83765183 -6.40328966 5.53420626 -4.73101968 3.91313040 -3.63228275 2.63647367 -3.12116845 
4.59725734 15.09589984 -10.71157519 8.51491061 -7.16675457 5.81196745 -5.35847929 4.50049011 -3.73293893 2.96981533 -2.75853596 1.84292165 -2.41499391 
4.60672458 15.01299686 -10.59696700 8.37915129 -7.01843356 5.65790116 -5.20419853 4.35033682 -3.59022992 2.83693911 -2.63719413 1.73418331 -2.31945240 
4.61526261 15.10389817 -10.72266684 8.52808824 -7.18119270 5.82700588 -5.37357830 4.51522236 -3.74697470 2.98291397 -2.77052353 1.85368605 -2.42447027 
4.62464144 15.02207247 -10.60948170 8.39393975 -7.03455264 5.67460714 -5.22089163 4.36654956 -3.60560813 2.85123068 -2.65022171 1.74583800 -2.32967618 
4.53964372 13.90917577 -9.13310270 6.71202424 -5.26442224 3.89994663 -3.50298735 2.74781276 -2.11371293 1.50158589 -1.45064742 0.69764915 -1.43040151 
4.31670381 15.60999040 -11.43672330 9.39054849 -8.14132701 6.84244765 -6.40824168 5.53916935 -4.73587069 3.91776822 -3.63662521 2.64045763 -3.12474762 
4.20124494 14.81217145 -10.32204250 8.05651507 -6.66910498 5.29815485 -4.84693083 4.00539263 -3.26488605 2.53619713 -2.36443610 1.49132974 -2.10737803 
4.06676716 15.60894985 -11.43523070 9.38871746 -8.13925824 6.84022888 -6.40595058 5.53687306 -4.73362619 3.91562230 -3.63461591 2.63861416 -3.12309142 
4.18997502 14.84408737 -10.36547850 8.10720272 -6.72368700 5.35407015 -4.90217923 4.05847399 -3.31471523 2.58205212 -2.40584723 1.52805241 -2.13932350 
4.41907471 14.94424959 -10.50242271 8.26771501 -6.89727022 5.53262270 -5.07930157 4.22929955 -3.47566380 2.73067994 -2.54051540 1.64784637 -2.24384336 
4.63057833 15.02505311 -10.61359352 8.39880055 -7.03985282 5.68010232 -5.22638452 4.37188619 -3.61067171 2.85593792 -2.65451387 1.74967890 -2.33304638 
4.92059315 14.20332244 -9.51193567 7.13129267 -5.69325889 4.31807522 -3.89681875 3.10909483 -2.43809626 1.78779020 -1.69899957 0.90977722 -1.60844068 
5.09184368 15.60402664 -11.42817009 9.38005747 -8.12947554 6.82973857 -6.39511994 5.52601949 -4.72301892 3.90548224 -3.62512257 2.62990536 -3.11526818 
5.18868946 15.19419789 -10.84830956 8.67783759 -7.34577217 5.99893372 -5.54668947 4.68459003 -3.90875766 3.13426933 -2.90936593 1.97863752 -2.53470149 
5.27989805 15.60227379 -11.42565678 9.37697545 -8.12599462 6.82600655 -6.39126751 5.52215954 -4.71924716 3.90187714 -3.62174786 2.62680995 -3.11248786 
5.15940656 14.61658882 -10.05797756 7.75070452 -6.34221795 4.96564044 -4.52061587 3.69393047 -2.97434473 2.27041968 -2.12577012 1.28080925 -1.92517053 
4.77277697 13.08469364 -8.11433371 5.62837370 -4.19784737 2.89745552 -2.59155969 1.93966799 -1.41134710 0.90040697 -0.94358594 0.27572676 -1.08499079 
3.88937231 6.18191531 -1.99719126 0.71382965 -0.40274431 -0.02452593 -0.35597189 0.23435541 -0.11567336 -0.10097655 -0.16808504 -0.33399496 -0.61540129 
1.97967268 -10.49729531 -4.56707060 -2.45755869 -1.46245986 -1.01110184 -0.70202927 -0.13421860 -0.30519537 -0.30447290 -0.26000259 -0.46217053 -0.62209458 
2.73431354 6.28838579 -2.05935966 0.74655086 -0.41907115 -0.01567896 -0.36096058 0.23730839 -0.11735509 -0.09963335 -0.16913543 -0.33291331 -0.61625753 
3.38559035 15.24930404 -10.92536262 8.77010571 -7.44763597 6.10580471 -5.65474234 4.79072696 -4.01052728 3.22982205 -2.99731760 2.05804348 -2.60496568 
3.18402116 12.41779255 -7.33623221 4.84535068 -3.46781651 2.24597106 -2.02829485 1.46390179 -1.01669532 0.57682476 -0.68132035 0.06517146 -0.91840294 
2.12918554 -2.84648949 -0.35149480 -0.10111204 -0.14062848 -0.22183561 -0.25540340 0.16100488 -0.09986657 -0.14803037 -0.15071578 -0.38000329 -0.58412699 
3.56739201 1.07677510 -0.18713649 0.00657638 -0.12771789 -0.18237126 -0.26583063 0.17752595 -0.09152628 -0.13194629 -0.14729254 -0.36540607 -0.59147742 
5.58100711 6.82898654 -2.39045778 0.92848878 -0.51368389 0.03669486 -0.39085989 0.25507756 -0.12767024 -0.09169262 -0.17528376 -0.32685342 -0.62104298 
6.85481739 9.86684150 -4.73248200 2.53242281 -1.55154277 0.71014579 -0.82675958 0.53875271 -0.31218058 0.03870609 -0.27048201 -0.25044108 -0.67895805 
