9.32803102 1.56000371 -0.26034187 0.02447686 -0.13114182 -0.17697190 -0.26893021 0.17995014 -0.09150497 -0.13012748 -0.14778149 -0.36337004 -0.59286304 
5.09572614 12.81362311 -7.79313744 5.30035150 -3.88765117 2.61691106 -2.34589151 1.72963052 -1.23510969 0.75441210 -0.82415131 0.17906766 -1.00793572 
4.49922829 12.71690332 -7.68016834 5.18657380 -3.78150935 2.52215382 -2.26395078 1.66041828 -1.17770633 0.70736066 -0.78603215 0.14848063 -0.98374981 
4.03604949 14.82736818 -10.34271243 8.08062237 -6.69505041 5.32472023 -4.87316618 4.03058671 -3.28852553 2.55794160 -2.38406504 1.50872946 -2.12250854 
3.91563761 15.60515496 -11.42978808 9.38204174 -8.13171680 6.83214171 -6.39760080 5.52850536 -4.72544817 3.90780429 -3.62729635 2.63189935 -3.11705928 
3.79212104 14.60620070 -10.04405367 7.73469168 -6.32521733 4.94845977 -4.50386201 3.67803689 -2.95960603 2.25701259 -2.11379471 1.27029910 -1.91611754 
3.80657207 14.46519097 -9.85606146 7.51960612 -6.09800130 4.71993501 -4.28204490 3.46854915 -2.76617396 2.08177168 -1.95787008 1.13394895 -1.79907766 
3.68346738 12.59043385 -7.53374628 5.04034973 -3.64622334 2.40232548 -2.16111394 1.57418726 -1.10668436 0.64951160 -0.73943221 0.11127299 -0.95446621 
2.95162169 10.76718953 -5.58453017 3.23405312 -2.08984640 1.11106515 -1.11879707 0.74868938 -0.46186953 0.14734556 -0.35017488 -0.19042916 -0.72353504 
2.34274816 15.58681642 -11.40350556 9.34982608 -8.09534653 6.79316297 -6.35737948 5.48821980 -4.68609623 3.87020310 -3.59210871 2.59963291 -3.08808502 
3.17679335 9.08382177 -4.05037745 2.01327213 -1.18251554 0.45322513 -0.65079579 0.41907164 -0.23108274 -0.01856165 -0.22905536 -0.28207229 -0.65537540 
4.78336871 7.55966652 -2.87901647 1.21922082 -0.67684710 0.13128351 -0.44655535 0.28872342 -0.14786561 -0.07694702 -0.18643907 -0.31669202 -0.62899600 
5.53394361 13.84772700 -9.05498849 6.62665569 -5.17817505 3.81684595 -3.42561497 2.67762651 -2.05137387 1.44714361 -1.40386090 0.65804703 -1.39745077 
5.62634271 15.05706710 -10.65781023 8.45113156 -7.09697747 5.73939142 -5.28570949 4.42958032 -3.66546563 2.90692129 -2.70104111 1.79134769 -2.36963659 
4.96818349 6.72798389 -2.32663681 0.89243713 -0.49444346 0.02589202 -0.38463901 0.25136710 -0.12549206 -0.09333546 -0.17402057 -0.32806517 -0.62008810 
2.94612992 -2.91461191 -0.36628457 -0.10504829 -0.14169061 -0.22266261 -0.25547266 0.16068956 -0.10014039 -0.14837603 -0.15089575 -0.38025696 -0.58405977 
0.98269458 7.49533022 -2.83410274 1.19143659 -0.66067504 0.12167950 -0.44080115 0.28520901 -0.14572353 -0.07848234 -0.18529094 -0.31770131 -0.62821078 
2.18679889 -10.72199866 -4.76914278 -2.61587214 -1.57783586 -1.09236825 -0.75761889 -0.17253747 -0.33189967 -0.32340058 -0.27333919 -0.47153971 -0.62830894 
3.56928189 8.38677727 -3.48909175 1.61660698 -0.92003849 0.28119348 -0.53907263 0.34646700 -0.18391719 -0.05152726 -0.20516124 -0.30097680 -0.64108935 
4.19435609 14.72792472 -10.20785175 7.92377732 -6.52670590 5.15280306 -4.70381278 3.86834990 -3.13665455 2.41855356 -2.25850166 1.39764561 -2.02609338 
4.09776392 13.34964166 -8.43482909 5.96226848 -4.51979931 3.19409357 -2.85603365 2.16973754 -1.60762808 1.06550809 -1.08056956 0.38799584 -1.17557070 
3.67347422 14.45360906 -9.84070436 7.50212748 -6.07963067 4.70154890 -4.26428314 3.45185169 -2.75082452 2.06792418 -1.94559817 1.12325802 -1.78993384 
3.33315595 14.04873605 -9.31182874 6.90874579 -5.46455610 4.09407397 -3.68491202 2.91388343 -2.26211463 1.63193256 -1.56327204 0.79346136 -1.51050745 
3.32696329 14.10983204 -9.39064655 6.99611439 -5.55405347 4.18146055 -3.76733175 2.98958813 -2.33016955 1.69204453 -1.61548771 0.83810305 -1.54800848 
3.49532970 15.60999040 -11.43672330 9.39054849 -8.14132701 6.84244765 -6.40824168 5.53916935 -4.73587069 3.91776822 -3.63662521 2.64045763 -3.12474762 
3.49532970 15.60999040 -11.43672330 9.39054849 -8.14132701 6.84244765 -6.40824168 5.53916935 -4.73587069 3.91776822 -3.63662521 2.64045763 -3.12474762 
3.49532970 15.60999040 -11.43672330 9.39054849 -8.14132701 6.84244765 -6.40824168 5.53916935 -4.73587069 3.91776822 -3.63662521 2.64045763 -3.12474762 
3.49532970 15.60999040 -11.43672330 9.39054849 -8.14132701 6.84244765 -6.40824168 5.53916935 -4.73587069 3.91776822 -3.63662521 2.64045763 -3.12474762 
3.32181948 14.03583539 -9.29523095 6.89039518 -5.44580603 4.07581078 -3.66772766 2.89813536 -2.24798919 1.61948179 -1.55247819 0.78425024 -1.50278339 
3.31558881 14.09729345 -9.37444231 6.97812157 -5.53559167 4.16340543 -3.75027652 2.97389903 -2.31604549 1.67955201 -1.60462227 0.82880252 -1.54018664 
3.65947981 14.38532286 -9.75041820 7.39965001 -5.97221018 4.59431287 -4.16094528 3.35493868 -2.66194093 1.98791292 -1.87483753 1.06173346 -1.73741060 
3.66390140 14.44506021 -9.82937714 7.48924434 -6.06609916 4.68801473 -4.25121674 3.43957568 -2.73954616 2.05775503 -1.93659080 1.11541493 -1.78322891 
3.49532970 15.60999040 -11.43672330 9.39054849 -8.14132701 6.84244765 -6.40824168 5.53916935 -4.73587069 3.91776822 -3.63662521 2.64045763 -3.12474762 
3.66907181 14.39424524 -9.76219005 7.41298408 -5.98615961 4.60821168 -4.17431396 3.36745363 -2.67339908 1.99821037 -1.88393020 1.06962769 -1.74414040 
3.67347422 14.45360906 -9.84070436 7.50212748 -6.07963067 4.70154890 -4.26428314 3.45185169 -2.75082452 2.06792418 -1.94559817 1.12325802 -1.78993384 
3.33315595 14.04873605 -9.31182874 6.90874579 -5.46455610 4.09407397 -3.68491202 2.91388343 -2.26211463 1.63193256 -1.56327204 0.79346136 -1.51050745 
3.32696329 14.10983204 -9.39064655 6.99611439 -5.55405347 4.18146055 -3.76733175 2.98958813 -2.33016955 1.69204453 -1.61548771 0.83810305 -1.54800848 
3.49532970 15.60999040 -11.43672330 9.39054849 -8.14132701 6.84244765 -6.40824168 5.53916935 -4.73587069 3.91776822 -3.63662521 2.64045763 -3.12474762 
3.32181948 14.03583539 -9.29523095 6.89039518 -5.44580603 4.07581078 -3.66772766 2.89813536 -2.24798919 1.61948179 -1.55247819 0.78425024 -1.50278339 
3.31558881 14.09729345 -9.37444231 6.97812157 -5.53559167 4.16340543 -3.75027652 2.97389903 -2.31604549 1.67955201 -1.60462227 0.82880252 -1.54018664 
3.31041898 14.02277639 -9.27844535 6.87185390 -5.42687801 4.05739004 -3.65040948 2.88227740 -2.23377621 1.60696304 -1.54163290 0.77500120 -1.49503233 
3.30414982 14.08459948 -9.35805233 6.95993861 -5.51695086 4.14519037 -3.73308405 2.95809600 -2.30182955 1.66698712 -1.59370123 0.81946025 -1.53233443 
3.47427688 15.60999040 -11.43672330 9.39054849 -8.14132701 6.84244765 -6.40824168 5.53916935 -4.73587069 3.91776822 -3.63662521 2.64045763 -3.12474762 
3.29895372 14.00955638 -9.26146914 6.85311942 -5.40777001 4.03881028 -3.63295649 2.86630904 -2.21947552 1.59437635 -1.53073639 0.76571456 -1.48725464 
3.29264562 14.07174749 -9.34147378 6.94156295 -5.49812895 4.12681380 -3.71575329 2.94217843 -2.28752146 1.65434987 -1.58272474 0.81007652 -1.52445217 
3.28742298 13.99617266 -9.24429942 6.83418916 -5.38847999 4.02007001 -3.61536774 2.85022976 -2.20508694 1.58172182 -1.51978892 0.75639066 -1.47945069 
3.28107545 14.05873482 -9.32470378 6.92299198 -5.47912384 4.10827415 -3.69828316 2.92614570 -2.27312096 1.64164025 -1.57169300 0.80065163 -1.51654020 
3.27582601 13.98262247 -9.22693328 6.81506053 -5.36900588 4.00116774 -3.59764229 2.83403905 -2.19061035 1.56899954 -1.50879075 0.74702986 -1.47162088 
3.26943856 14.04555873 -9.30773940 6.90422305 -5.45993336 4.08956983 -3.68067263 2.90999720 -2.25862782 1.62885829 -1.56060620 0.79118587 -1.50859888 
3.44227619 15.60999040 -11.43672330 9.39054849 -8.14132701 6.84244765 -6.40824168 5.53916935 -4.73587069 3.91776822 -3.63662521 2.64045763 -3.12474762 
3.26416206 13.96890297 -9.20936772 6.79573087 -5.34934558 3.98210197 -3.57977916 2.81773642 -2.17604558 1.55620963 -1.49774216 0.73763254 -1.46376562 
3.25773419 14.03221643 -9.29057765 6.88525347 -5.44055536 4.07069924 -3.66292062 2.89373234 -2.24404180 1.61600402 -1.54946455 0.78167956 -1.50062858 
3.25243035 13.95501127 -9.19159969 6.77619749 -5.32949696 3.96287117 -3.56177740 2.80132140 -2.16139254 1.54335223 -1.48664346 0.72819907 -1.45588534 
3.24596155 14.01870505 -9.27321547 6.86608049 -5.42098764 4.05166077 -3.64502609 2.87735055 -2.22936269 1.60307750 -1.53826830 0.77213304 -1.49262969 
3.42065436 15.60999040 -11.43672330 9.39054849 -8.14132701 6.84244765 -6.40824168 5.53916935 -4.73587069 3.91776822 -3.63662521 2.64045763 -3.12474762 
3.24063010 13.94094443 -9.17362609 6.75645765 -5.30945789 3.94347384 -3.54363608 2.78479350 -2.14665113 1.53042751 -1.47549497 0.71872988 -1.44798048 
3.23411986 14.00502167 -9.25564976 6.84670133 -5.40122796 4.03245281 -3.62698797 2.86085125 -2.21459031 1.59007881 -1.52701770 0.76254667 -1.48460261 
3.22876051 13.92669941 -9.15544376 6.73650856 -5.28922619 3.92390843 -3.52535424 2.76815228 -2.13182125 1.51743564 -1.46429702 0.70922539 -1.44005150 
3.22220831 13.99116330 -9.23787734 6.82711317 -5.38127408 4.01307372 -3.60880523 2.84423387 -2.19972447 1.57700805 -1.51571303 0.75292084 -1.47654777 
3.21682078 13.91227313 -9.13704946 6.71634742 -5.26879967 3.90417341 -3.50693096 2.75139729 -2.11690286 1.50437681 -1.45305000 0.69968604 -1.43209889 
3.21022606 13.97712689 -9.21989498 6.80731313 -5.36112372 3.99352186 -3.59047680 2.82749787 -2.18476502 1.56386533 -1.50435458 0.74325593 -1.46846561 
3.38777691 15.60999040 -11.43672330 9.39054849 -8.14132701 6.84244765 -6.40824168 5.53916935 -4.73587069 3.91776822 -3.63662521 2.64045763 -3.12474762 
3.20481007 13.89766244 -9.11843992 6.69597134 -5.24817610 3.88426723 -3.48836529 2.73452812 -2.10189591 1.49125127 -1.44175427 0.69011232 -1.42412313 
3.19817230 13.96290932 -9.20169938 6.78729829 -5.34077457 3.97379558 -3.57200165 2.81064271 -2.16971181 1.55065079 -1.49294267 0.73355235 -1.46035658 
3.37669655 15.60999040 -11.43672330 9.39054849 -8.14132701 6.84244765 -6.40824168 5.53916935 -4.73587069 3.91776822 -3.63662521 2.64045763 -3.12474762 
3.37669655 15.60999040 -11.43672330 9.39054849 -8.14132701 6.84244765 -6.40824168 5.53916935 -4.73587069 3.91776822 -3.63662521 2.64045763 -3.12474762 
3.37669655 15.60999040 -11.43672330 9.39054849 -8.14132701 6.84244765 -6.40824168 5.53916935 -4.73587069 3.91776822 -3.63662521 2.64045763 -3.12474762 
3.37669655 15.60999040 -11.43672330 9.39054849 -8.14132701 6.84244765 -6.40824168 5.53916935 -4.73587069 3.91776822 -3.63662521 2.64045763 -3.12474762 
3.37669655 15.60999040 -11.43672330 9.39054849 -8.14132701 6.84244765 -6.40824168 5.53916935 -4.73587069 3.91776822 -3.63662521 2.64045763 -3.12474762 
3.37669655 15.60999040 -11.43672330 9.39054849 -8.14132701 6.84244765 -6.40824168 5.53916935 -4.73587069 3.91776822 -3.63662521 2.64045763 -3.12474762 
3.37669655 15.60999040 -11.43672330 9.39054849 -8.14132701 6.84244765 -6.40824168 5.53916935 -4.73587069 3.91776822 -3.63662521 2.64045763 -3.12474762 
3.19272754 13.88286410 -9.09961176 6.67537740 -5.22735324 3.86418835 -3.46965631 2.71754435 -2.08680038 1.47805924 -1.43041026 0.68050470 -1.41612474 
2.96028959 15.60684619 -11.43221347 9.38501644 -8.13507707 6.83574494 -6.40132083 5.53223318 -4.72909130 3.91128689 -3.63055676 2.63489027 -3.11974602 
3.17384679 13.93391781 -9.16465494 6.74661226 -5.29947054 3.93381309 -3.53460702 2.77657286 -2.13932369 1.52400692 -1.46995987 0.71403101 -1.44405985 
3.16834362 13.85269118 -9.06128587 6.63352408 -5.18510053 3.82350620 -3.43180475 2.68323144 -2.05634363 1.45147685 -1.40757913 0.66118985 -1.40006220 
3.16157330 13.91913726 -9.14579916 6.72593499 -5.27851090 3.91355353 -3.51568547 2.75935717 -2.12398860 1.51057799 -1.45838973 0.70421417 -1.43587315 
3.34308231 15.60999040 -11.43672330 9.39054849 -8.14132701 6.84244765 -6.40824168 5.53916935 -4.73587069 3.91776822 -3.63662521 2.64045763 -3.12474762 
3.34308231 15.60999040 -11.43672330 9.39054849 -8.14132701 6.84244765 -6.40824168 5.53916935 -4.73587069 3.91776822 -3.63662521 2.64045763 -3.12474762 
3.34308231 15.60999040 -11.43672330 9.39054849 -8.14132701 6.84244765 -6.40824168 5.53916935 -4.73587069 3.91776822 -3.63662521 2.64045763 -3.12474762 
3.53043856 14.26003897 -9.58591809 7.21418013 -5.77905208 4.40268544 -3.97739675 3.18380511 -2.50586692 1.84816419 -1.75186857 0.95532102 -1.64697774 
3.53512525 14.32496751 -9.67098528 7.30989043 -5.87852623 4.50117707 -4.07155556 3.27143234 -2.58563997 1.91947178 -1.81451298 1.00944874 -1.69291043 
3.35434995 15.60999040 -11.43672330 9.39054849 -8.14132701 6.84244765 -6.40824168 5.53916935 -4.73587069 3.91776822 -3.63662521 2.64045763 -3.12474762 
3.35434995 15.60999040 -11.43672330 9.39054849 -8.14132701 6.84244765 -6.40824168 5.53916935 -4.73587069 3.91776822 -3.63662521 2.64045763 -3.12474762 
3.35434995 15.60999040 -11.43672330 9.39054849 -8.14132701 6.84244765 -6.40824168 5.53916935 -4.73587069 3.91776822 -3.63662521 2.64045763 -3.12474762 
3.35434995 15.60999040 -11.43672330 9.39054849 -8.14132701 6.84244765 -6.40824168 5.53916935 -4.73587069 3.91776822 -3.63662521 2.64045763 -3.12474762 
3.16834362 13.85269118 -9.06128587 6.63352408 -5.18510053 3.82350620 -3.43180475 2.68323144 -2.05634363 1.45147685 -1.40757913 0.66118985 -1.40006220 
3.16157330 13.91913726 -9.14579916 6.72593499 -5.27851090 3.91355353 -3.51568547 2.75935717 -2.12398860 1.51057799 -1.45838973 0.70421417 -1.43587315 
3.34308231 15.60999040 -11.43672330 9.39054849 -8.14132701 6.84244765 -6.40824168 5.53916935 -4.73587069 3.91776822 -3.63662521 2.64045763 -3.12474762 
3.34308231 15.60999040 -11.43672330 9.39054849 -8.14132701 6.84244765 -6.40824168 5.53916935 -4.73587069 3.91776822 -3.63662521 2.64045763 -3.12474762 
3.53043856 14.26003897 -9.58591809 7.21418013 -5.77905208 4.40268544 -3.97739675 3.18380511 -2.50586692 1.84816419 -1.75186857 0.95532102 -1.64697774 
3.69292433 15.60847838 -11.43455445 9.38788791 -8.13832102 6.83922376 -6.40491272 5.53583289 -4.73260952 3.91465032 -3.63370583 2.63777922 -3.12234132 
3.54532887 14.33483496 -9.68394816 7.32451296 -5.89376213 4.51629904 -4.08604626 3.28494848 -2.59797156 1.93051755 -1.82423584 1.01786521 -1.70006520 
3.55083715 14.28050456 -9.61268844 7.24425332 -5.81026090 4.43354127 -4.00685371 3.21118138 -2.53075668 1.87038501 -1.77136674 0.97214968 -1.66124335 
3.71180714 15.60850665 -11.43459500 9.38793765 -8.13837722 6.83928402 -6.40497495 5.53589526 -4.73267048 3.91470860 -3.63376040 2.63782928 -3.12238630 
3.72118210 15.60852049 -11.43461485 9.38796200 -8.13840473 6.83931353 -6.40500541 5.53592579 -4.73270032 3.91473712 -3.63378711 2.63785378 -3.12240831 
3.73051333 15.60853413 -11.43463442 9.38798601 -8.13843185 6.83934262 -6.40503545 5.53595589 -4.73272974 3.91476525 -3.63381345 2.63787795 -3.12243002 
3.73980122 15.60854759 -11.43465372 9.38800968 -8.13845860 6.83937130 -6.40506507 5.53598558 -4.73275876 3.91479300 -3.63383942 2.63790178 -3.12245143 
3.59558552 14.38254395 -9.74675333 7.39550046 -5.96787084 4.58999091 -4.15678969 3.35104985 -2.65838169 1.98471526 -1.87201485 1.05928353 -1.73532262 
3.77689863 12.65172539 -7.60452445 5.11085593 -3.71129629 2.45982926 -2.21035286 1.61538592 -1.14054639 0.67704153 -0.76157119 0.12892401 -0.96833891 
3.91438847 14.69930459 -10.16921252 7.87903259 -6.47888100 5.10415896 -4.65608005 3.82279435 -3.09416342 2.37968834 -2.22360491 1.36686765 -1.99945778 
3.77652739 15.60859960 -11.43472831 9.38810119 -8.13856198 6.83948217 -6.40517955 5.53610031 -4.73287089 3.91490020 -3.63393980 2.63799387 -3.12253416 
3.78560451 15.60861216 -11.43474633 9.38812329 -8.13858695 6.83950895 -6.40520720 5.53612802 -4.73289798 3.91492610 -3.63396404 2.63801611 -3.12255414 
3.79464062 15.60862455 -11.43476411 9.38814509 -8.13861158 6.83953537 -6.40523448 5.53615536 -4.73292470 3.91495165 -3.63398796 2.63803806 -3.12257386 
3.80363610 15.60863678 -11.43478164 9.38816660 -8.13863589 6.83956143 -6.40526139 5.53618233 -4.73295107 3.91497685 -3.63401156 2.63805971 -3.12259331 
3.81259129 15.60864884 -11.43479895 9.38818783 -8.13865987 6.83958715 -6.40528794 5.53620894 -4.73297708 3.91500172 -3.63403485 2.63808107 -3.12261250 
3.82150657 15.60866074 -11.43481602 9.38820877 -8.13868353 6.83961252 -6.40531414 5.53623520 -4.73300274 3.91502626 -3.63405782 2.63810215 -3.12263144 
3.83038228 15.60867249 -11.43483286 9.38822943 -8.13870687 6.83963756 -6.40534000 5.53626111 -4.73302807 3.91505047 -3.63408049 2.63812295 -3.12265012 
3.83921877 15.60868408 -11.43484949 9.38824983 -8.13872991 6.83966227 -6.40536551 5.53628668 -4.73305306 3.91507436 -3.63410286 2.63814347 -3.12266856 
3.84801640 15.60869551 -11.43486589 9.38826995 -8.13875265 6.83968665 -6.40539069 5.53631192 -4.73307772 3.91509794 -3.63412494 2.63816372 -3.12268676 
3.85677549 15.60870680 -11.43488208 9.38828981 -8.13877508 6.83971072 -6.40541554 5.53633682 -4.73310206 3.91512121 -3.63414673 2.63818371 -3.12270472 
3.86549640 15.60871794 -11.43489806 9.38830941 -8.13879723 6.83973447 -6.40544006 5.53636140 -4.73312609 3.91514418 -3.63416824 2.63820344 -3.12272244 
3.87417944 15.60872894 -11.43491384 9.38832876 -8.13881909 6.83975791 -6.40546427 5.53638566 -4.73314980 3.91516685 -3.63418946 2.63822292 -3.12273994 
3.88282494 15.60873979 -11.43492941 9.38834786 -8.13884067 6.83978105 -6.40548816 5.53640961 -4.73317321 3.91518923 -3.63421042 2.63824214 -3.12275721 
4.03442353 14.65239955 -10.10605556 7.80608230 -6.40110142 5.02523467 -4.57881210 3.74921405 -3.02567891 2.31717429 -2.16758166 1.31754595 -1.95684777 
4.04557704 14.79106517 -10.29337106 8.02311624 -6.63320181 5.26143524 -4.81070694 3.97064303 -3.23231362 2.50626450 -2.33744019 1.46742020 -2.08660368 
3.91703802 15.60878184 -11.43498972 9.38842184 -8.13892425 6.83987070 -6.40558072 5.53650238 -4.73326388 3.91527592 -3.63429158 2.63831661 -3.12282410 
4.06608582 14.67628073 -10.13818513 7.84316507 -6.44060915 5.06529470 -4.61800379 3.78650990 -3.06036910 2.34882053 -2.19592534 1.34248524 -1.97838187 
4.07707745 14.81189889 -10.32167198 8.05608317 -6.66864037 5.29767937 -4.84646147 4.00494210 -3.26446351 2.53580862 -2.36408552 1.49101909 -2.10710799 
4.08950934 14.69362676 -10.16155629 7.87017684 -6.46942625 5.09455262 -4.64666352 3.81381638 -3.08579750 2.37204334 -2.21674651 1.36082371 -1.99423139 
4.22191258 15.60642918 -11.43161542 9.38428291 -8.13424844 6.83485636 -6.40040341 5.53131382 -4.72819280 3.91042796 -3.62975261 2.63415256 -3.11908332 
4.23642273 15.60648043 -11.43168891 9.38437305 -8.13435026 6.83496555 -6.40051614 5.53142678 -4.72830320 3.91053350 -3.62985142 2.63424320 -3.11916475 
4.25082837 15.60653057 -11.43176082 9.38446126 -8.13444990 6.83507240 -6.40062646 5.53153734 -4.72841125 3.91063678 -3.62994811 2.63433191 -3.11924443 
4.26513099 15.60657965 -11.43183121 9.38454759 -8.13454743 6.83517698 -6.40073443 5.53164554 -4.72851699 3.91073787 -3.63004275 2.63441873 -3.11932243 
4.27933206 15.60662769 -11.43190011 9.38463210 -8.13464289 6.83527935 -6.40084013 5.53175145 -4.72862051 3.91083682 -3.63013540 2.63450372 -3.11939877 
4.41064838 14.87097970 -10.40215275 8.15008380 -6.76995046 5.40155012 -4.94917558 4.10370367 -3.35724308 2.62124861 -2.44129710 1.55953225 -2.16674425 
4.53056930 15.60410993 -11.42828952 9.38020393 -8.12964095 6.82991593 -6.39530303 5.52620294 -4.72319819 3.90565360 -3.62528298 2.63005250 -3.11540034 
4.54920257 15.60421828 -11.42844489 9.38039447 -8.12985618 6.83014669 -6.39554125 5.52644164 -4.72343145 3.90587655 -3.62549169 2.63024396 -3.11557231 
4.46524522 15.06508289 -10.66889660 8.46426962 -7.11133712 5.75431319 -5.30065769 4.44413388 -3.67930245 2.91980894 -2.71281367 1.80190051 -2.37891122 
4.48211916 14.91368598 -10.46053439 8.21850438 -6.84393360 5.47764208 -5.02464909 4.17648560 -3.42580902 2.68455884 -2.49865496 1.61054973 -2.21125251 
4.49718765 15.07994093 -10.68946236 8.48865955 -7.13801410 5.78205359 -5.32846570 4.47122507 -3.70507520 2.94382768 -2.73476627 1.82158883 -2.39622335 
4.51378295 14.93191945 -10.48551321 8.24783765 -6.87571371 5.51038934 -5.05718898 4.20791975 -3.45547187 2.71199139 -2.52354570 1.63272041 -2.23062057 
4.72730554 15.01673112 -10.60211536 8.38523397 -7.02506242 5.66477027 -5.21106127 4.35700107 -3.59655023 2.84281202 -2.64254692 1.73897142 -2.32365216 
4.83575490 15.60229027 -11.42568041 9.37700444 -8.12602735 6.82604164 -6.39130374 5.52219583 -4.71928262 3.90191103 -3.62177959 2.62683905 -3.11251400 
4.76834350 15.21658406 -10.87957681 8.71523961 -7.38702215 6.04216955 -5.59036280 4.72745067 -3.94981959 3.17279171 -2.94479679 2.01060273 -2.56296730 
4.59611174 15.12371551 -10.75017454 8.56079884 -7.21706350 5.86439924 -5.41115251 4.55191219 -3.78195585 3.01558238 -2.80044075 1.88056743 -2.44814911 
4.50649221 15.60731044 -11.43287930 9.38583313 -8.13599966 6.83673429 -6.40234231 5.53325686 -4.73009178 3.91224332 -3.63145222 2.63571174 -3.12048398 
4.51908394 15.60734394 -11.43292735 9.38589207 -8.13606625 6.83680570 -6.40241604 5.53333074 -4.73016399 3.91231236 -3.63151685 2.63577103 -3.12053724 
4.53159689 15.60737682 -11.43297451 9.38594991 -8.13613160 6.83687578 -6.40248839 5.53340325 -4.73023486 3.91238011 -3.63158028 2.63582922 -3.12058952 
4.64745554 15.00443365 -10.58516603 8.36521431 -7.00325107 5.64217430 -5.18849190 4.33508975 -3.57577456 2.82351124 -2.62495911 1.72324206 -2.30985817 
4.75465767 15.60528870 -11.42997986 9.38227694 -8.13198248 6.83242659 -6.39789490 5.52880007 -4.72573617 3.90807959 -3.62755408 2.63213577 -3.11727165 
4.77132415 15.60536630 -11.43009114 9.38241342 -8.13213664 6.83259189 -6.39806555 5.52897107 -4.72590328 3.90823934 -3.62770363 2.63227295 -3.11739488 
4.69612916 15.16468407 -10.80715930 8.62869564 -7.29166152 5.94230513 -5.48957230 4.62861510 -3.85520446 3.08409260 -2.86327203 1.93709977 -2.49801076 
4.71109278 15.03652267 -10.62942373 8.41752319 -7.06027721 5.70128739 -5.24756967 4.39247706 -3.63021667 2.87411411 -2.67109315 1.76451997 -2.34607282 
4.72462049 15.17577645 -10.82261542 8.64714250 -7.31196189 5.96353852 -5.51097761 4.64958174 -3.87525428 3.10286969 -2.88051377 1.95263090 -2.51172425 
4.64082424 15.60764706 -11.43336209 9.38642532 -8.13666867 6.83745173 -6.40308306 5.53399921 -4.73081732 3.91293694 -3.63210162 2.63630750 -3.12101917 
4.75056231 15.05567031 -10.65587900 8.44884364 -7.09447755 5.73679438 -5.28310856 4.42704872 -3.66305932 2.90468059 -2.69899475 1.78951374 -2.36802510 
4.85263481 15.60572692 -11.43060829 9.38304768 -8.13285309 6.83336012 -6.39885867 5.52976583 -4.72667997 3.90898179 -3.62839869 2.63291056 -3.11796763 
4.86850766 15.60579397 -11.43070444 9.38316561 -8.13298631 6.83350296 -6.39900614 5.52991361 -4.72682439 3.90911984 -3.62852794 2.63302912 -3.11807413 
4.88425553 15.60585945 -11.43079835 9.38328078 -8.13311641 6.83364247 -6.39915017 5.53005794 -4.72696544 3.90925467 -3.62865417 2.63314491 -3.11817815 
4.89988037 15.60592341 -11.43089007 9.38339328 -8.13324349 6.83377874 -6.39929085 5.53019891 -4.72710321 3.90938638 -3.62877747 2.63325802 -3.11827975 
5.00138824 15.14225777 -10.77594601 8.59148299 -7.25075247 5.89955849 -5.44652085 4.58648474 -3.81495182 3.04642652 -2.82871309 1.90599265 -2.47056352 
5.01786970 15.29608212 -10.99099542 8.84895490 -7.53495828 6.19769356 -5.74791447 4.88249927 -4.09875511 3.31286644 -3.07393603 2.12737069 -2.66644025 
4.95109880 15.60612622 -11.43118093 9.38375001 -8.13364645 6.83421084 -6.39973696 5.53064596 -4.72754010 3.90980401 -3.62916846 2.63361669 -3.11860195 
4.88232776 15.23280770 -10.90226630 8.74241453 -7.41702862 6.07365641 -5.62220309 4.75873130 -3.97981757 3.20096114 -2.97072884 2.03401804 -2.58368932 
4.80514370 15.60800192 -11.43387106 9.38704963 -8.13737397 6.83820810 -6.40386402 5.53478188 -4.73158228 3.91366824 -3.63278632 2.63693565 -3.12158348 
4.72568674 15.15058485 -10.78753022 8.60528745 -7.26592148 5.91540222 -5.46247109 4.60208766 -3.82985379 3.06036600 -2.84149841 1.91749733 -2.48071160 
4.63589039 15.60940134 -11.43587832 9.38951191 -8.14015582 6.84119153 -6.40694460 5.53786931 -4.73459996 3.91655329 -3.63548762 2.63941391 -3.12380993 
4.74016244 15.07774773 -10.68642532 8.48505629 -7.13407139 5.77795215 -5.32435275 4.46721673 -3.70126064 2.94027159 -2.73151509 1.81867216 -2.39365800 
4.74817838 15.15961028 -10.80009334 8.62026685 -7.28239048 5.93261264 -5.47980585 4.61905305 -3.84606442 3.07553619 -2.85541824 1.93002771 -2.49176848 
4.65943156 15.60941504 -11.43589798 9.38953602 -8.14018306 6.84122075 -6.40697477 5.53789955 -4.73462952 3.91658155 -3.63551408 2.63943819 -3.12383173 
4.56805358 15.05325088 -10.65253429 8.44488166 -7.09014899 5.73229817 -5.27860612 4.42266677 -3.65889466 2.90080291 -2.69545371 1.78634054 -2.36523704 
4.46392744 15.60999040 -11.43672330 9.39054849 -8.14132701 6.84244765 -6.40824168 5.53916935 -4.73587069 3.91776822 -3.63662521 2.64045763 -3.12474762 
4.35662519 14.90845294 -10.45337123 8.21009905 -6.83483399 5.46827231 -5.01534513 4.16750383 -3.41733883 2.67673029 -2.49155589 1.60422989 -2.20573444 
4.11266290 14.71050767 -10.18432822 7.89652649 -6.49756850 5.12315615 -4.67471144 3.84056682 -3.11073222 2.39483619 -2.23720000 1.37885313 -2.00982601 
4.10038258 14.82702229 -10.34224173 8.08007312 -6.69445899 5.32411440 -4.87256761 4.03001165 -3.28798573 2.55744488 -2.38361648 1.50833170 -2.12216254 
4.08950934 14.69362676 -10.16155629 7.87017684 -6.46942625 5.09455262 -4.64666352 3.81381638 -3.08579750 2.37204334 -2.21674651 1.36082371 -1.99423139 
3.79946423 14.40703925 -9.77908315 7.43213338 -6.00620721 4.62820051 -4.19355342 3.38547628 -2.68991030 2.01305791 -1.89704808 1.08102268 -1.75385955 
3.61231749 15.59530158 -11.41566252 9.36472297 -8.11215979 6.81117723 -6.37596324 5.50682869 -4.70426963 3.88756418 -3.60835206 2.61452490 -3.10145513 
3.41775720 13.94664406 -9.18090643 6.76445105 -5.31757012 3.95132410 -3.55097604 2.79147892 -2.15261243 1.53565292 -1.48000125 0.72255658 -1.45117436 
2.78755094 9.95047571 -4.80857189 2.59273908 -1.59611795 0.74223737 -0.84940784 0.55456759 -0.32315670 0.04654096 -0.27617229 -0.24614356 -0.68214879 
2.01358809 15.34140523 -11.05478309 8.92581188 -7.62031374 6.28775365 -5.83946744 4.97289920 -4.18586827 3.39504415 -3.14991442 2.19625484 -2.72763641 
1.87733026 15.30552473 -11.00426902 8.86492992 -7.55268036 6.21637297 -5.76688453 4.90121246 -4.11677141 3.32984732 -3.08962305 2.14158203 -2.67905629 
2.13272541 12.90304323 -7.89834520 5.40706033 -3.98788435 2.70698051 -2.42427195 1.79623891 -1.29067527 0.80019802 -0.86142425 0.20910190 -1.03177955 
2.63633769 13.57949276 -8.71814158 6.26282127 -4.81476946 3.47050860 -3.10654937 2.39114019 -1.79940743 1.22911152 -1.21810372 0.50206868 -1.26865884 
2.81140194 15.55260211 -11.35455285 9.28991786 -8.02781487 6.72089194 -6.28290683 5.41372563 -4.61341875 3.80084012 -3.52726942 2.54023776 -3.03480185 
2.75156050 15.54912979 -11.34959080 9.28385227 -8.02098489 6.71359021 -6.27539011 5.40621384 -4.60609673 3.79385794 -3.52074780 2.53426819 -3.02945034 
2.06600326 3.37845467 -0.71957658 0.15794955 -0.16805372 -0.14887608 -0.28594539 0.19184165 -0.09417859 -0.12240267 -0.15172560 -0.35453926 -0.59931122 
1.89599352 3.70818148 -0.83395913 0.19742845 -0.18120200 -0.14134739 -0.29038433 0.19473162 -0.09527605 -0.12072079 -0.15286258 -0.35267145 -0.60073514 
4.43130009 4.95978280 -1.35516508 0.40478243 -0.26073879 -0.09936468 -0.31421224 0.20951645 -0.10214864 -0.11281008 -0.15877971 -0.34447780 -0.60711129 
6.06975345 8.17118188 -3.32422457 1.50563451 -0.84999632 0.23701069 -0.51129935 0.32889213 -0.17278829 -0.05932177 -0.19946519 -0.30563852 -0.63752664 
6.73609367 14.41998437 -9.79619154 7.45154391 -6.02654583 4.64849633 -4.21310407 3.40380468 -2.70671420 2.02817935 -1.91041694 1.09264305 -1.76377692 
6.55901944 11.60112651 -6.43871921 3.99261201 -2.71604132 1.60960834 -1.50530690 1.04304240 -0.68328249 0.31434342 -0.47613746 -0.09468805 -0.79545588 
5.38882159 0.85274864 -0.16015199 -0.00009620 -0.12665611 -0.18473568 -0.26454311 0.17646839 -0.09162031 -0.13277822 -0.14713650 -0.36631778 -0.59087470 
3.49957252 -2.93751736 -0.37134905 -0.10640594 -0.14205975 -0.22294410 -0.25549851 0.16058267 -0.10023364 -0.14849309 -0.15095730 -0.38034248 -0.58403768 
3.57248018 5.49727560 -1.62131296 0.52626813 -0.31371725 -0.07182220 -0.32953553 0.21869235 -0.10697765 -0.10829430 -0.16232642 -0.34025203 -0.61044650 
4.18080965 -4.34698496 -0.77168752 -0.22963121 -0.18027287 -0.24536202 -0.26026315 0.15275691 -0.10728771 -0.15666953 -0.15584051 -0.38594561 -0.58323772 
5.26908648 11.88106092 -6.73953970 4.27223325 -2.95727595 1.80963961 -1.66644714 1.17024386 -0.78221666 0.39099749 -0.53523115 -0.04914125 -0.83013013 
5.23098850 11.19952387 -6.01953524 3.61369278 -2.39789136 1.35238115 -1.30300608 0.88692581 -0.56441300 0.22384016 -0.40737050 -0.14717020 -0.75587350 
4.06228782 4.15002589 -1.00222078 0.25962619 -0.20336743 -0.12930400 -0.29734595 0.19915637 -0.09715319 -0.11824533 -0.15463744 -0.34999760 -0.60279640 
1.51968500 -12.05596447 -6.06155428 -3.70397971 -2.42924572 -1.73376110 -1.22676894 -0.51435779 -0.58073601 -0.50506895 -0.40479471 -0.56595505 -0.69391208 
0.65549439 -11.49597683 -5.49963372 -3.21527039 -2.03491305 -1.42824484 -0.99723193 -0.34339713 -0.45407454 -0.41140398 -0.33624159 -0.51623671 -0.65882225 
3.17632207 2.55599348 -0.47589851 0.08198630 -0.14526110 -0.16371535 -0.27697503 0.18577810 -0.09235212 -0.12614518 -0.14949446 -0.35880268 -0.59612736 
4.13174970 13.30701757 -8.38283012 5.90765274 -4.46671851 3.14481577 -2.81177773 2.13096792 -1.57432965 1.03732551 -1.05705228 0.36862171 -1.15986247 
4.47020266 14.93975932 -10.49626310 8.26047242 -6.88941384 5.52451770 -5.07123872 4.22150216 -3.46829806 2.72386123 -2.53432264 1.64232544 -2.23901625 
4.58088023 15.60750241 -11.43315463 9.38617084 -8.13638118 6.83714343 -6.40276474 5.53368020 -4.73050553 3.91263887 -3.63182255 2.63605148 -3.12078918 
4.59301363 15.60753239 -11.43319763 9.38622359 -8.13644077 6.83720733 -6.40283072 5.53374632 -4.73057016 3.91270065 -3.63188040 2.63610454 -3.12083685 
4.60507386 15.60756183 -11.43323986 9.38627539 -8.13649929 6.83727009 -6.40289551 5.53381125 -4.73063362 3.91276132 -3.63193720 2.63615665 -3.12088366 
4.71677908 15.03931640 -10.63328151 8.42208798 -7.06525915 5.70645712 -5.25274158 4.39750589 -3.63499190 2.87855654 -2.67514666 1.76814969 -2.34925971 
5.08856012 13.39282336 -8.48768010 6.01795380 -4.57408583 3.24463896 -2.90155738 2.20972760 -1.64206560 1.09472629 -1.10500680 0.40816977 -1.19195986 
