9.95767101 0.34475700 -0.11528201 -0.01239855 -0.12520256 -0.18987316 -0.26194728 0.17419433 -0.09201742 -0.13465830 -0.14694281 -0.36832121 -0.58959578 
3.79876966 14.50977722 -9.91529942 7.58715774 -6.16913342 4.79125546 -4.35106398 3.53354225 -2.82601739 2.13584276 -2.00585916 1.17581332 -1.83493093 
3.80291979 14.56425413 -9.98793406 7.67026737 -6.25693690 4.87957053 -4.43679190 3.61450936 -2.90078240 2.20357920 -2.06613121 1.22852037 -1.88017453 
3.80772155 14.51740737 -9.92545583 7.59876025 -6.18137215 4.80354707 -4.36297819 3.54477902 -2.83637939 2.14521860 -2.01419164 1.18309159 -1.84117173 
3.95067567 15.60882180 -11.43504704 9.38849216 -8.13900369 6.83995589 -6.40566870 5.53659055 -4.73335006 3.91535831 -3.63436872 2.63838738 -3.12288769 
3.95899742 15.60883148 -11.43506092 9.38850919 -8.13902294 6.83997653 -6.40569001 5.53661190 -4.73337093 3.91537827 -3.63438741 2.63840453 -3.12290309 
3.96728469 15.60884104 -11.43507464 9.38852602 -8.13904195 6.83999692 -6.40571105 5.53663300 -4.73339155 3.91539798 -3.63440587 2.63842146 -3.12291830 
3.97553776 15.60885049 -11.43508818 9.38854263 -8.13906072 6.84001705 -6.40573184 5.53665383 -4.73341192 3.91541745 -3.63442410 2.63843818 -3.12293333 
3.98375691 15.60885982 -11.43510156 9.38855904 -8.13907926 6.84003694 -6.40575238 5.53667441 -4.73343203 3.91543668 -3.63444210 2.63845470 -3.12294817 
3.99194243 15.60886903 -11.43511478 9.38857525 -8.13909758 6.84005658 -6.40577266 5.53669474 -4.73345190 3.91545567 -3.63445989 2.63847102 -3.12296283 
4.00009458 15.60887813 -11.43512783 9.38859127 -8.13911567 6.84007598 -6.40579270 5.53671482 -4.73347153 3.91547444 -3.63447746 2.63848714 -3.12297731 
3.87331160 14.62066374 -10.06344224 7.75699213 -6.34889661 4.97239292 -4.52720353 3.70018253 -2.98014490 2.27569787 -2.13048643 1.28494994 -1.92873833 
3.87793729 14.57576034 -10.00331141 7.68790199 -6.27560821 4.89839008 -4.45509729 3.63183214 -2.91680850 2.21812470 -2.07909582 1.23987589 -1.88993696 
3.88193975 14.62740134 -10.07248117 7.76739606 -6.35995153 4.98357387 -4.53811517 3.71054163 -2.98975820 2.28444860 -2.13830778 1.29181849 -1.93465806 
3.88654433 14.58273302 -10.01263608 7.69860217 -6.28694436 4.90982294 -4.46622413 3.64236749 -2.92656039 2.22698009 -2.08699252 1.24679559 -1.89588844 
4.02435354 15.60890478 -11.43516605 9.38863816 -8.13916864 6.84013280 -6.40585136 5.53677362 -4.73352900 3.91552938 -3.63452890 2.63853434 -3.12301971 
3.89908571 14.64067745 -10.09030456 7.78792498 -6.38177936 5.00566451 -4.55968697 3.73103320 -3.00878534 2.30177785 -2.15380453 1.30543400 -1.94639814 
3.90364864 14.59647424 -10.03102593 7.71971967 -6.30933230 4.93241674 -4.48822718 3.66321374 -2.94586785 2.24452244 -2.10264407 1.26051758 -1.90769608 
3.90760415 14.64721770 -10.09909110 7.79805208 -6.39255424 5.01657596 -4.57034860 3.74116688 -3.01820012 2.31035708 -2.16148042 1.31218130 -1.95221870 
3.91214653 14.60324454 -10.04009321 7.73013911 -6.32038605 4.94357939 -4.49910482 3.67352576 -2.95542428 2.25321003 -2.11039937 1.26732017 -1.91355241 
4.04832177 15.60893048 -11.43520292 9.38868338 -8.13921974 6.84018760 -6.40590794 5.53683033 -4.73358443 3.91558238 -3.63457852 2.63857986 -3.12306061 
3.92453346 14.66010679 -10.11641891 7.81803675 -6.41383084 5.03813545 -4.59142700 3.76121300 -3.03683442 2.32734650 -2.17668854 1.32555587 -1.96376144 
3.92903528 14.61658882 -10.05797756 7.75070452 -6.34221795 4.96564044 -4.52061587 3.69393047 -2.97434473 2.27041968 -2.12577012 1.28080925 -1.92517053 
4.06414249 15.60894711 -11.43522678 9.38871265 -8.13925280 6.84022305 -6.40594456 5.53686702 -4.73362029 3.91561667 -3.63461063 2.63860932 -3.12308707 
4.07200617 15.60895528 -11.43523850 9.38872702 -8.13926904 6.84024047 -6.40596254 5.53688505 -4.73363791 3.91563351 -3.63462640 2.63862378 -3.12310007 
3.94966295 14.67897413 -10.14181220 7.84735507 -6.44507704 5.06982884 -4.62244325 3.79073791 -3.06430468 2.35241333 -2.19914538 1.34532033 -1.98083135 
3.95410528 14.63612688 -10.08419346 7.78088416 -6.37429090 4.99808379 -4.55228233 3.72399754 -3.00225086 2.29582508 -2.14848005 1.30075491 -1.94236275 
3.95797009 14.68514207 -10.15012087 7.85695613 -6.45531784 5.08022441 -4.63262447 3.80043674 -3.07333496 2.36065906 -2.20653727 1.35182990 -1.98645668 
3.96239293 14.64251523 -10.09277313 7.79076972 -6.38480559 5.00872864 -4.56268052 3.73387812 -3.01142808 2.30418574 -2.15595863 1.30732729 -1.94803121 
3.96624302 14.69125070 -10.15835322 7.86647295 -6.46547286 5.09053687 -4.64272808 3.81006511 -3.08230276 2.36885045 -2.21388273 1.35830050 -1.99204989 
3.82298365 15.60999040 -11.43672330 9.39054849 -8.14132701 6.84244765 -6.40824168 5.53916935 -4.73587069 3.91776822 -3.63662521 2.64045763 -3.12474762 
3.82298365 15.60999040 -11.43672330 9.39054849 -8.14132701 6.84244765 -6.40824168 5.53916935 -4.73587069 3.91776822 -3.63662521 2.64045763 -3.12474762 
3.82298365 15.60999040 -11.43672330 9.39054849 -8.14132701 6.84244765 -6.40824168 5.53916935 -4.73587069 3.91776822 -3.63662521 2.64045763 -3.12474762 
3.82298365 15.60999040 -11.43672330 9.39054849 -8.14132701 6.84244765 -6.40824168 5.53916935 -4.73587069 3.91776822 -3.63662521 2.64045763 -3.12474762 
3.82298365 15.60999040 -11.43672330 9.39054849 -8.14132701 6.84244765 -6.40824168 5.53916935 -4.73587069 3.91776822 -3.63662521 2.64045763 -3.12474762 
3.82298365 15.60999040 -11.43672330 9.39054849 -8.14132701 6.84244765 -6.40824168 5.53916935 -4.73587069 3.91776822 -3.63662521 2.64045763 -3.12474762 
3.82298365 15.60999040 -11.43672330 9.39054849 -8.14132701 6.84244765 -6.40824168 5.53916935 -4.73587069 3.91776822 -3.63662521 2.64045763 -3.12474762 
3.82298365 15.60999040 -11.43672330 9.39054849 -8.14132701 6.84244765 -6.40824168 5.53916935 -4.73587069 3.91776822 -3.63662521 2.64045763 -3.12474762 
3.82298365 15.60999040 -11.43672330 9.39054849 -8.14132701 6.84244765 -6.40824168 5.53916935 -4.73587069 3.91776822 -3.63662521 2.64045763 -3.12474762 
3.82298365 15.60999040 -11.43672330 9.39054849 -8.14132701 6.84244765 -6.40824168 5.53916935 -4.73587069 3.91776822 -3.63662521 2.64045763 -3.12474762 
3.82298365 15.60999040 -11.43672330 9.39054849 -8.14132701 6.84244765 -6.40824168 5.53916935 -4.73587069 3.91776822 -3.63662521 2.64045763 -3.12474762 
3.82298365 15.60999040 -11.43672330 9.39054849 -8.14132701 6.84244765 -6.40824168 5.53916935 -4.73587069 3.91776822 -3.63662521 2.64045763 -3.12474762 
3.82298365 15.60999040 -11.43672330 9.39054849 -8.14132701 6.84244765 -6.40824168 5.53916935 -4.73587069 3.91776822 -3.63662521 2.64045763 -3.12474762 
3.67544117 14.40014069 -9.76997244 7.42180376 -5.99539090 4.61741385 -4.18316924 3.37574712 -2.68099553 2.00504009 -1.88996321 1.07486744 -1.74860882 
3.67028834 14.45076967 -9.83694140 7.49784679 -6.07513369 4.69705021 -4.25993916 3.44776979 -2.74707372 2.06454174 -1.94260171 1.12064852 -1.78770272 
3.66587955 14.39128172 -9.75827926 7.40855339 -5.98152352 4.60359152 -4.16986920 3.36329196 -2.66958818 1.99478494 -1.88090507 1.06700090 -1.74190076 
3.48659152 15.60813209 -11.43405775 9.38727864 -8.13763269 6.83848556 -6.40415051 5.53506899 -4.73186289 3.91393652 -3.63303751 2.63716608 -3.12179050 
3.65106638 14.43351724 -9.81409367 7.47187351 -6.04786636 4.66979011 -4.23363300 3.42306559 -2.72438664 2.04409397 -1.92449679 1.10488937 -1.77423502 
3.64661897 14.37327642 -9.73453651 7.38167368 -5.95341750 4.57560104 -4.14295897 3.33811166 -2.64654424 1.97408391 -1.86263317 1.05114314 -1.72838686 
3.64138611 14.42474988 -9.80249368 7.45869844 -6.03404689 4.65598586 -4.22032262 3.41057556 -2.71292509 2.03377112 -1.91536291 1.09694401 -1.76744909 
3.78710825 15.60999040 -11.43672330 9.39054849 -8.14132701 6.84244765 -6.40824168 5.53916935 -4.73587069 3.91776822 -3.63662521 2.64045763 -3.12474762 
3.78710825 15.60999040 -11.43672330 9.39054849 -8.14132701 6.84244765 -6.40824168 5.53916935 -4.73587069 3.91776822 -3.63662521 2.64045763 -3.12474762 
3.78710825 15.60999040 -11.43672330 9.39054849 -8.14132701 6.84244765 -6.40824168 5.53916935 -4.73587069 3.91776822 -3.63662521 2.64045763 -3.12474762 
3.78710825 15.60999040 -11.43672330 9.39054849 -8.14132701 6.84244765 -6.40824168 5.53916935 -4.73587069 3.91776822 -3.63662521 2.64045763 -3.12474762 
3.78710825 15.60999040 -11.43672330 9.39054849 -8.14132701 6.84244765 -6.40824168 5.53916935 -4.73587069 3.91776822 -3.63662521 2.64045763 -3.12474762 
3.78710825 15.60999040 -11.43672330 9.39054849 -8.14132701 6.84244765 -6.40824168 5.53916935 -4.73587069 3.91776822 -3.63662521 2.64045763 -3.12474762 
3.78710825 15.60999040 -11.43672330 9.39054849 -8.14132701 6.84244765 -6.40824168 5.53916935 -4.73587069 3.91776822 -3.63662521 2.64045763 -3.12474762 
3.78710825 15.60999040 -11.43672330 9.39054849 -8.14132701 6.84244765 -6.40824168 5.53916935 -4.73587069 3.91776822 -3.63662521 2.64045763 -3.12474762 
3.78710825 15.60999040 -11.43672330 9.39054849 -8.14132701 6.84244765 -6.40824168 5.53916935 -4.73587069 3.91776822 -3.63662521 2.64045763 -3.12474762 
3.78710825 15.60999040 -11.43672330 9.39054849 -8.14132701 6.84244765 -6.40824168 5.53916935 -4.73587069 3.91776822 -3.63662521 2.64045763 -3.12474762 
3.78710825 15.60999040 -11.43672330 9.39054849 -8.14132701 6.84244765 -6.40824168 5.53916935 -4.73587069 3.91776822 -3.63662521 2.64045763 -3.12474762 
3.78710825 15.60999040 -11.43672330 9.39054849 -8.14132701 6.84244765 -6.40824168 5.53916935 -4.73587069 3.91776822 -3.63662521 2.64045763 -3.12474762 
3.63691913 14.36412731 -9.72248375 7.36804127 -5.93917613 4.56143065 -4.12934705 3.32538526 -2.63490680 1.96363750 -1.85341915 1.04315185 -1.72158108 
3.63165905 14.41588658 -9.79077414 7.44539566 -6.02010171 4.64206394 -4.20690614 3.39799268 -2.70138425 2.02338189 -1.90617453 1.08895469 -1.76062845 
3.77803794 15.60999040 -11.43672330 9.39054849 -8.14132701 6.84244765 -6.40824168 5.53916935 -4.73587069 3.91776822 -3.63662521 2.64045763 -3.12474762 
3.77803794 15.60999040 -11.43672330 9.39054849 -8.14132701 6.84244765 -6.40824168 5.53916935 -4.73587069 3.91776822 -3.63662521 2.64045763 -3.12474762 
3.77803794 15.60999040 -11.43672330 9.39054849 -8.14132701 6.84244765 -6.40824168 5.53916935 -4.73587069 3.91776822 -3.63662521 2.64045763 -3.12474762 
3.62717234 14.35487866 -9.71030792 7.35427839 -5.92480736 4.54714199 -4.11562942 3.31256717 -2.62319182 1.95312683 -1.84415292 1.03511893 -1.71474282 
3.62188476 14.40692593 -9.77893345 7.43196361 -6.00602941 4.62802315 -4.19338265 3.38531625 -2.68976363 2.01292597 -1.89693147 1.08092136 -1.75377310 
3.76892631 15.60999040 -11.43672330 9.39054849 -8.14132701 6.84244765 -6.40824168 5.53916935 -4.73587069 3.91776822 -3.63662521 2.64045763 -3.12474762 
3.61737813 14.34552902 -9.69800734 7.34038346 -5.91030978 4.53273390 -4.10180519 3.29965676 -2.61139889 1.94255166 -1.83483438 1.02704436 -1.70787211 
3.61206276 14.39786650 -9.76696996 7.41840067 -5.99182855 4.61386232 -4.17975121 3.37254558 -2.67806276 2.00240307 -1.88763359 1.07284395 -1.74688306 
3.75977297 15.60999040 -11.43672330 9.39054849 -8.14132701 6.84244765 -6.40824168 5.53916935 -4.73587069 3.91776822 -3.63662521 2.64045763 -3.12474762 
3.60753606 14.33607690 -9.68558035 7.32635483 -5.89568197 4.51820522 -4.08787350 3.28665341 -2.59952757 1.93191175 -1.82546341 1.01892814 -1.70096902 
3.60219261 14.38870682 -9.75488198 7.40470521 -5.97749769 4.59958025 -4.16601087 3.35967999 -2.66628116 1.99181290 -1.87828072 1.06472242 -1.73995835 
3.75057755 15.60999040 -11.43672330 9.39054849 -8.14132701 6.84244765 -6.40824168 5.53916935 -4.73587069 3.91776822 -3.63662521 2.64045763 -3.12474762 
3.75057755 15.60999040 -11.43672330 9.39054849 -8.14132701 6.84244765 -6.40824168 5.53916935 -4.73587069 3.91776822 -3.63662521 2.64045763 -3.12474762 
3.75057755 15.60999040 -11.43672330 9.39054849 -8.14132701 6.84244765 -6.40824168 5.53916935 -4.73587069 3.91776822 -3.63662521 2.64045763 -3.12474762 
3.75057755 15.60999040 -11.43672330 9.39054849 -8.14132701 6.84244765 -6.40824168 5.53916935 -4.73587069 3.91776822 -3.63662521 2.64045763 -3.12474762 
3.75057755 15.60999040 -11.43672330 9.39054849 -8.14132701 6.84244765 -6.40824168 5.53916935 -4.73587069 3.91776822 -3.63662521 2.64045763 -3.12474762 
3.75057755 15.60999040 -11.43672330 9.39054849 -8.14132701 6.84244765 -6.40824168 5.53916935 -4.73587069 3.91776822 -3.63662521 2.64045763 -3.12474762 
3.59764565 14.32652079 -9.67302522 7.31219088 -5.88092251 4.50355479 -4.07383343 3.27355647 -2.58757747 1.92120686 -1.81603992 1.01077025 -1.69403361 
3.59227382 14.37944541 -9.74266782 7.39087556 -5.96303537 4.58517571 -4.15216071 3.34671878 -2.65441838 1.98115516 -1.86887272 1.05655671 -1.73299899 
3.74133966 15.60999040 -11.43672330 9.39054849 -8.14132701 6.84244765 -6.40824168 5.53916935 -4.73587069 3.91776822 -3.63662521 2.64045763 -3.12474762 
3.74133966 15.60999040 -11.43672330 9.39054849 -8.14132701 6.84244765 -6.40824168 5.53916935 -4.73587069 3.91776822 -3.63662521 2.64045763 -3.12474762 
3.74133966 15.60999040 -11.43672330 9.39054849 -8.14132701 6.84244765 -6.40824168 5.53916935 -4.73587069 3.91776822 -3.63662521 2.64045763 -3.12474762 
3.58770643 14.31685915 -9.66034022 7.29788993 -5.86602992 4.48878143 -4.05968409 3.26036531 -2.57554817 1.91043676 -1.80656382 1.00257071 -1.68706595 
3.58230593 14.37008075 -9.73032574 7.37691006 -5.94844010 4.57064749 -4.13819976 3.33366126 -2.64247394 1.97042958 -1.85940945 1.04834681 -1.72600503 
3.73205890 15.60999040 -11.43672330 9.39054849 -8.14132701 6.84244765 -6.40824168 5.53916935 -4.73587069 3.91776822 -3.63662521 2.64045763 -3.12474762 
3.73205890 15.60999040 -11.43672330 9.39054849 -8.14132701 6.84244765 -6.40824168 5.53916935 -4.73587069 3.91776822 -3.63662521 2.64045763 -3.12474762 
3.73205890 15.60999040 -11.43672330 9.39054849 -8.14132701 6.84244765 -6.40824168 5.53916935 -4.73587069 3.91776822 -3.63662521 2.64045763 -3.12474762 
3.73205890 15.60999040 -11.43672330 9.39054849 -8.14132701 6.84244765 -6.40824168 5.53916935 -4.73587069 3.91776822 -3.63662521 2.64045763 -3.12474762 
3.73205890 15.60999040 -11.43672330 9.39054849 -8.14132701 6.84244765 -6.40824168 5.53916935 -4.73587069 3.91776822 -3.63662521 2.64045763 -3.12474762 
3.73205890 15.60999040 -11.43672330 9.39054849 -8.14132701 6.84244765 -6.40824168 5.53916935 -4.73587069 3.91776822 -3.63662521 2.64045763 -3.12474762 
3.73205890 15.60999040 -11.43672330 9.39054849 -8.14132701 6.84244765 -6.40824168 5.53916935 -4.73587069 3.91776822 -3.63662521 2.64045763 -3.12474762 
3.57771791 14.30709041 -9.64752358 7.28345029 -5.85100275 4.47388394 -4.04542458 3.24707930 -2.56343927 1.89960123 -1.79703503 0.99432953 -1.68006613 
3.57228843 14.36061130 -9.71785397 7.36280699 -5.93371037 4.55599435 -4.12412707 3.32050673 -2.63044737 1.95963587 -1.84989078 1.04009266 -1.71897650 
3.72273488 15.60999040 -11.43672330 9.39054849 -8.14132701 6.84244765 -6.40824168 5.53916935 -4.73587069 3.91776822 -3.63662521 2.64045763 -3.12474762 
3.72273488 15.60999040 -11.43672330 9.39054849 -8.14132701 6.84244765 -6.40824168 5.53916935 -4.73587069 3.91776822 -3.63662521 2.64045763 -3.12474762 
3.72273488 15.60999040 -11.43672330 9.39054849 -8.14132701 6.84244765 -6.40824168 5.53916935 -4.73587069 3.91776822 -3.63662521 2.64045763 -3.12474762 
3.72273488 15.60999040 -11.43672330 9.39054849 -8.14132701 6.84244765 -6.40824168 5.53916935 -4.73587069 3.91776822 -3.63662521 2.64045763 -3.12474762 
3.87793729 14.57576034 -10.00331141 7.68790199 -6.27560821 4.89839008 -4.45509729 3.63183214 -2.91680850 2.21812470 -2.07909582 1.23987589 -1.88993696 
3.88193975 14.62740134 -10.07248117 7.76739606 -6.35995153 4.98357387 -4.53811517 3.71054163 -2.98975820 2.28444860 -2.13830778 1.29181849 -1.93465806 
3.73205890 15.60999040 -11.43672330 9.39054849 -8.14132701 6.84244765 -6.40824168 5.53916935 -4.73587069 3.91776822 -3.63662521 2.64045763 -3.12474762 
3.88654433 14.58273302 -10.01263608 7.69860217 -6.28694436 4.90982294 -4.46622413 3.64236749 -2.92656039 2.22698009 -2.08699252 1.24679559 -1.89588844 
3.89053101 14.63407228 -10.08143493 7.77770666 -6.37091212 4.99466410 -4.54894274 3.72082498 -2.99930486 2.29314181 -2.14608040 1.29864645 -1.94054463 
3.74133966 15.60999040 -11.43672330 9.39054849 -8.14132701 6.84244765 -6.40824168 5.53916935 -4.73587069 3.91776822 -3.63662521 2.64045763 -3.12474762 
3.74133966 15.60999040 -11.43672330 9.39054849 -8.14132701 6.84244765 -6.40824168 5.53916935 -4.73587069 3.91776822 -3.63662521 2.64045763 -3.12474762 
3.74133966 15.60999040 -11.43672330 9.39054849 -8.14132701 6.84244765 -6.40824168 5.53916935 -4.73587069 3.91776822 -3.63662521 2.64045763 -3.12474762 
3.74133966 15.60999040 -11.43672330 9.39054849 -8.14132701 6.84244765 -6.40824168 5.53916935 -4.73587069 3.91776822 -3.63662521 2.64045763 -3.12474762 
3.74133966 15.60999040 -11.43672330 9.39054849 -8.14132701 6.84244765 -6.40824168 5.53916935 -4.73587069 3.91776822 -3.63662521 2.64045763 -3.12474762 
3.89511467 14.58963735 -10.02187390 7.70920771 -6.29818539 4.92116487 -4.47726718 3.65282784 -2.93624670 2.23577923 -2.09484186 1.25367610 -1.90180811 
3.89908571 14.64067745 -10.09030456 7.78792498 -6.38177936 5.00566451 -4.55968697 3.73103320 -3.00878534 2.30177785 -2.15380453 1.30543400 -1.94639814 
3.75057755 15.60999040 -11.43672330 9.39054849 -8.14132701 6.84244765 -6.40824168 5.53916935 -4.73587069 3.91776822 -3.63662521 2.64045763 -3.12474762 
3.75057755 15.60999040 -11.43672330 9.39054849 -8.14132701 6.84244765 -6.40824168 5.53916935 -4.73587069 3.91776822 -3.63662521 2.64045763 -3.12474762 
3.75057755 15.60999040 -11.43672330 9.39054849 -8.14132701 6.84244765 -6.40824168 5.53916935 -4.73587069 3.91776822 -3.63662521 2.64045763 -3.12474762 
3.59764565 14.32652079 -9.67302522 7.31219088 -5.88092251 4.50355479 -4.07383343 3.27355647 -2.58757747 1.92120686 -1.81603992 1.01077025 -1.69403361 
3.59227382 14.37944541 -9.74266782 7.39087556 -5.96303537 4.58517571 -4.15216071 3.34671878 -2.65441838 1.98115516 -1.86887272 1.05655671 -1.73299899 
3.74133966 15.60999040 -11.43672330 9.39054849 -8.14132701 6.84244765 -6.40824168 5.53916935 -4.73587069 3.91776822 -3.63662521 2.64045763 -3.12474762 
3.74133966 15.60999040 -11.43672330 9.39054849 -8.14132701 6.84244765 -6.40824168 5.53916935 -4.73587069 3.91776822 -3.63662521 2.64045763 -3.12474762 
3.58770643 14.31685915 -9.66034022 7.29788993 -5.86602992 4.48878143 -4.05968409 3.26036531 -2.57554817 1.91043676 -1.80656382 1.00257071 -1.68706595 
3.58230593 14.37008075 -9.73032574 7.37691006 -5.94844010 4.57064749 -4.13819976 3.33366126 -2.64247394 1.97042958 -1.85940945 1.04834681 -1.72600503 
3.73205890 15.60999040 -11.43672330 9.39054849 -8.14132701 6.84244765 -6.40824168 5.53916935 -4.73587069 3.91776822 -3.63662521 2.64045763 -3.12474762 
3.73205890 15.60999040 -11.43672330 9.39054849 -8.14132701 6.84244765 -6.40824168 5.53916935 -4.73587069 3.91776822 -3.63662521 2.64045763 -3.12474762 
3.73205890 15.60999040 -11.43672330 9.39054849 -8.14132701 6.84244765 -6.40824168 5.53916935 -4.73587069 3.91776822 -3.63662521 2.64045763 -3.12474762 
3.73205890 15.60999040 -11.43672330 9.39054849 -8.14132701 6.84244765 -6.40824168 5.53916935 -4.73587069 3.91776822 -3.63662521 2.64045763 -3.12474762 
3.73205890 15.60999040 -11.43672330 9.39054849 -8.14132701 6.84244765 -6.40824168 5.53916935 -4.73587069 3.91776822 -3.63662521 2.64045763 -3.12474762 
3.73205890 15.60999040 -11.43672330 9.39054849 -8.14132701 6.84244765 -6.40824168 5.53916935 -4.73587069 3.91776822 -3.63662521 2.64045763 -3.12474762 
3.73205890 15.60999040 -11.43672330 9.39054849 -8.14132701 6.84244765 -6.40824168 5.53916935 -4.73587069 3.91776822 -3.63662521 2.64045763 -3.12474762 
3.73205890 15.60999040 -11.43672330 9.39054849 -8.14132701 6.84244765 -6.40824168 5.53916935 -4.73587069 3.91776822 -3.63662521 2.64045763 -3.12474762 
3.73205890 15.60999040 -11.43672330 9.39054849 -8.14132701 6.84244765 -6.40824168 5.53916935 -4.73587069 3.91776822 -3.63662521 2.64045763 -3.12474762 
3.57771791 14.30709041 -9.64752358 7.28345029 -5.85100275 4.47388394 -4.04542458 3.24707930 -2.56343927 1.89960123 -1.79703503 0.99432953 -1.68006613 
3.57228843 14.36061130 -9.71785397 7.36280699 -5.93371037 4.55599435 -4.12412707 3.32050673 -2.63044737 1.95963587 -1.84989078 1.04009266 -1.71897650 
3.72273488 15.60999040 -11.43672330 9.39054849 -8.14132701 6.84244765 -6.40824168 5.53916935 -4.73587069 3.91776822 -3.63662521 2.64045763 -3.12474762 
3.72273488 15.60999040 -11.43672330 9.39054849 -8.14132701 6.84244765 -6.40824168 5.53916935 -4.73587069 3.91776822 -3.63662521 2.64045763 -3.12474762 
3.72273488 15.60999040 -11.43672330 9.39054849 -8.14132701 6.84244765 -6.40824168 5.53916935 -4.73587069 3.91776822 -3.63662521 2.64045763 -3.12474762 
3.72273488 15.60999040 -11.43672330 9.39054849 -8.14132701 6.84244765 -6.40824168 5.53916935 -4.73587069 3.91776822 -3.63662521 2.64045763 -3.12474762 
3.72273488 15.60999040 -11.43672330 9.39054849 -8.14132701 6.84244765 -6.40824168 5.53916935 -4.73587069 3.91776822 -3.63662521 2.64045763 -3.12474762 
3.87793729 14.57576034 -10.00331141 7.68790199 -6.27560821 4.89839008 -4.45509729 3.63183214 -2.91680850 2.21812470 -2.07909582 1.23987589 -1.88993696 
4.01629987 15.60889600 -11.43515347 9.38862272 -8.13915120 6.84011409 -6.40583204 5.53675426 -4.73351007 3.91551129 -3.63451196 2.63851879 -3.12300575 
3.89053101 14.63407228 -10.08143493 7.77770666 -6.37091212 4.99466410 -4.54894274 3.72082498 -2.99930486 2.29314181 -2.14608040 1.29864645 -1.94054463 
3.89511467 14.58963735 -10.02187390 7.70920771 -6.29818539 4.92116487 -4.47726718 3.65282784 -2.93624670 2.23577923 -2.09484186 1.25367610 -1.90180811 
3.89908571 14.64067745 -10.09030456 7.78792498 -6.38177936 5.00566451 -4.55968697 3.73103320 -3.00878534 2.30177785 -2.15380453 1.30543400 -1.94639814 
3.75057755 15.60999040 -11.43672330 9.39054849 -8.14132701 6.84244765 -6.40824168 5.53916935 -4.73587069 3.91776822 -3.63662521 2.64045763 -3.12474762 
3.90364864 14.59647424 -10.03102593 7.71971967 -6.30933230 4.93241674 -4.48822718 3.66321374 -2.94586785 2.24452244 -2.10264407 1.26051758 -1.90769608 
3.90760415 14.64721770 -10.09909110 7.79805208 -6.39255424 5.01657596 -4.57034860 3.74116688 -3.01820012 2.31035708 -2.16148042 1.31218130 -1.95221870 
3.75977297 15.60999040 -11.43672330 9.39054849 -8.14132701 6.84244765 -6.40824168 5.53916935 -4.73587069 3.91776822 -3.63662521 2.64045763 -3.12474762 
3.75977297 15.60999040 -11.43672330 9.39054849 -8.14132701 6.84244765 -6.40824168 5.53916935 -4.73587069 3.91776822 -3.63662521 2.64045763 -3.12474762 
3.75977297 15.60999040 -11.43672330 9.39054849 -8.14132701 6.84244765 -6.40824168 5.53916935 -4.73587069 3.91776822 -3.63662521 2.64045763 -3.12474762 
3.75977297 15.60999040 -11.43672330 9.39054849 -8.14132701 6.84244765 -6.40824168 5.53916935 -4.73587069 3.91776822 -3.63662521 2.64045763 -3.12474762 
3.75977297 15.60999040 -11.43672330 9.39054849 -8.14132701 6.84244765 -6.40824168 5.53916935 -4.73587069 3.91776822 -3.63662521 2.64045763 -3.12474762 
3.75977297 15.60999040 -11.43672330 9.39054849 -8.14132701 6.84244765 -6.40824168 5.53916935 -4.73587069 3.91776822 -3.63662521 2.64045763 -3.12474762 
3.91214653 14.60324454 -10.04009321 7.73013911 -6.32038605 4.94357939 -4.49910482 3.67352576 -2.95542428 2.25321003 -2.11039937 1.26732017 -1.91355241 
3.91608663 14.65369387 -10.10779555 7.80808899 -6.40323775 5.02739932 -4.58092837 3.75122661 -3.02754966 2.31887984 -2.16910834 1.31888853 -1.95800643 
3.92060864 14.60994912 -10.04907675 7.74046705 -6.33134762 4.95465368 -4.50990082 3.68376449 -2.96491643 2.26184234 -2.11810797 1.27408401 -1.91937720 
3.92453346 14.66010679 -10.11641891 7.81803675 -6.41383084 5.03813545 -4.59142700 3.76121300 -3.03683442 2.32734650 -2.17668854 1.32555587 -1.96376144 
3.77803794 15.60999040 -11.43672330 9.39054849 -8.14132701 6.84244765 -6.40824168 5.53916935 -4.73587069 3.91776822 -3.63662521 2.64045763 -3.12474762 
3.77803794 15.60999040 -11.43672330 9.39054849 -8.14132701 6.84244765 -6.40824168 5.53916935 -4.73587069 3.91776822 -3.63662521 2.64045763 -3.12474762 
3.77803794 15.60999040 -11.43672330 9.39054849 -8.14132701 6.84244765 -6.40824168 5.53916935 -4.73587069 3.91776822 -3.63662521 2.64045763 -3.12474762 
3.77803794 15.60999040 -11.43672330 9.39054849 -8.14132701 6.84244765 -6.40824168 5.53916935 -4.73587069 3.91776822 -3.63662521 2.64045763 -3.12474762 
3.77803794 15.60999040 -11.43672330 9.39054849 -8.14132701 6.84244765 -6.40824168 5.53916935 -4.73587069 3.91776822 -3.63662521 2.64045763 -3.12474762 
3.62717234 14.35487866 -9.71030792 7.35427839 -5.92480736 4.54714199 -4.11562942 3.31256717 -2.62319182 1.95312683 -1.84415292 1.03511893 -1.71474282 
3.62188476 14.40692593 -9.77893345 7.43196361 -6.00602941 4.62802315 -4.19338265 3.38531625 -2.68976363 2.01292597 -1.89693147 1.08092136 -1.75377310 
3.61737813 14.34552902 -9.69800734 7.34038346 -5.91030978 4.53273390 -4.10180519 3.29965676 -2.61139889 1.94255166 -1.83483438 1.02704436 -1.70787211 
3.61206276 14.39786650 -9.76696996 7.41840067 -5.99182855 4.61386232 -4.17975121 3.37254558 -2.67806276 2.00240307 -1.88763359 1.07284395 -1.74688306 
3.60753606 14.33607690 -9.68558035 7.32635483 -5.89568197 4.51820522 -4.08787350 3.28665341 -2.59952757 1.93191175 -1.82546341 1.01892814 -1.70096902 
3.60219261 14.38870682 -9.75488198 7.40470521 -5.97749769 4.59958025 -4.16601087 3.35967999 -2.66628116 1.99181290 -1.87828072 1.06472242 -1.73995835 
3.75057755 15.60999040 -11.43672330 9.39054849 -8.14132701 6.84244765 -6.40824168 5.53916935 -4.73587069 3.91776822 -3.63662521 2.64045763 -3.12474762 
3.75057755 15.60999040 -11.43672330 9.39054849 -8.14132701 6.84244765 -6.40824168 5.53916935 -4.73587069 3.91776822 -3.63662521 2.64045763 -3.12474762 
3.75057755 15.60999040 -11.43672330 9.39054849 -8.14132701 6.84244765 -6.40824168 5.53916935 -4.73587069 3.91776822 -3.63662521 2.64045763 -3.12474762 
3.75057755 15.60999040 -11.43672330 9.39054849 -8.14132701 6.84244765 -6.40824168 5.53916935 -4.73587069 3.91776822 -3.63662521 2.64045763 -3.12474762 
3.75057755 15.60999040 -11.43672330 9.39054849 -8.14132701 6.84244765 -6.40824168 5.53916935 -4.73587069 3.91776822 -3.63662521 2.64045763 -3.12474762 
3.75057755 15.60999040 -11.43672330 9.39054849 -8.14132701 6.84244765 -6.40824168 5.53916935 -4.73587069 3.91776822 -3.63662521 2.64045763 -3.12474762 
3.75057755 15.60999040 -11.43672330 9.39054849 -8.14132701 6.84244765 -6.40824168 5.53916935 -4.73587069 3.91776822 -3.63662521 2.64045763 -3.12474762 
3.90364864 14.59647424 -10.03102593 7.71971967 -6.30933230 4.93241674 -4.48822718 3.66321374 -2.94586785 2.24452244 -2.10264407 1.26051758 -1.90769608 
4.04036424 15.60892202 -11.43519078 9.38866849 -8.13920291 6.84016955 -6.40588931 5.53681165 -4.73356617 3.91556492 -3.63456218 2.63856487 -3.12304714 
4.04832177 15.60893048 -11.43520292 9.38868338 -8.13921974 6.84018760 -6.40590794 5.53683033 -4.73358443 3.91558238 -3.63457852 2.63857986 -3.12306061 
3.92453346 14.66010679 -10.11641891 7.81803675 -6.41383084 5.03813545 -4.59142700 3.76121300 -3.03683442 2.32734650 -2.17668854 1.32555587 -1.96376144 
3.77803794 15.60999040 -11.43672330 9.39054849 -8.14132701 6.84244765 -6.40824168 5.53916935 -4.73587069 3.91776822 -3.63662521 2.64045763 -3.12474762 
3.77803794 15.60999040 -11.43672330 9.39054849 -8.14132701 6.84244765 -6.40824168 5.53916935 -4.73587069 3.91776822 -3.63662521 2.64045763 -3.12474762 
3.62717234 14.35487866 -9.71030792 7.35427839 -5.92480736 4.54714199 -4.11562942 3.31256717 -2.62319182 1.95312683 -1.84415292 1.03511893 -1.71474282 
3.62188476 14.40692593 -9.77893345 7.43196361 -6.00602941 4.62802315 -4.19338265 3.38531625 -2.68976363 2.01292597 -1.89693147 1.08092136 -1.75377310 
3.61737813 14.34552902 -9.69800734 7.34038346 -5.91030978 4.53273390 -4.10180519 3.29965676 -2.61139889 1.94255166 -1.83483438 1.02704436 -1.70787211 
3.61206276 14.39786650 -9.76696996 7.41840067 -5.99182855 4.61386232 -4.17975121 3.37254558 -2.67806276 2.00240307 -1.88763359 1.07284395 -1.74688306 
3.91214653 14.60324454 -10.04009321 7.73013911 -6.32038605 4.94357939 -4.49910482 3.67352576 -2.95542428 2.25321003 -2.11039937 1.26732017 -1.91355241 
4.04832177 15.60893048 -11.43520292 9.38868338 -8.13921974 6.84018760 -6.40590794 5.53683033 -4.73358443 3.91558238 -3.63457852 2.63857986 -3.12306061 
3.92453346 14.66010679 -10.11641891 7.81803675 -6.41383084 5.03813545 -4.59142700 3.76121300 -3.03683442 2.32734650 -2.17668854 1.32555587 -1.96376144 
3.48082173 12.05663513 -6.93184221 4.45428372 -3.11715542 1.94444138 -1.77678292 1.25866663 -0.85197632 0.44570420 -0.57784269 -0.01604414 -0.85550983 
2.37281440 -2.01593419 -0.20395350 -0.06383730 -0.13128032 -0.21268946 -0.25538146 0.16460556 -0.09692020 -0.14408599 -0.14887883 -0.37697344 -0.58512414 
2.40272530 1.58508260 -0.26470064 0.02555713 -0.13136887 -0.17667791 -0.26910387 0.18008201 -0.09151098 -0.13003173 -0.14781270 -0.36326153 -0.59293828 
4.11320488 8.15643164 -3.31309568 1.49823725 -0.84538368 0.23412846 -0.50950172 0.32776154 -0.17207672 -0.05982109 -0.19909925 -0.30594095 -0.63729484 
4.95163105 12.77492945 -7.74784001 5.25462968 -3.84490659 2.57867359 -2.31276109 1.70159384 -1.21181482 0.73528712 -0.80863411 0.16660056 -0.99806567 
5.32254031 14.94498579 -10.50343279 8.26890288 -6.89855897 5.53395246 -5.08062461 4.23057923 -3.47687281 2.73179931 -2.54153214 1.64875292 -2.24463607 
5.46651148 15.51047038 -11.29442059 9.21649901 -7.94523676 6.63270437 -6.19221529 5.32318163 -4.52524366 3.71683058 -3.44886571 2.46852597 -2.97056139 
5.41551121 15.10546358 -10.72483837 8.53066897 -7.18402114 5.82995276 -5.37653788 4.51811082 -3.74972730 2.98548340 -2.77287555 1.85579854 -2.42633035 
5.01088261 11.89457767 -6.75424479 4.28606414 -2.96934549 1.81975524 -1.67467941 1.17680514 -0.78736628 0.39501797 -0.53835071 -0.04672537 -0.83197755 
3.92186893 3.82280413 -0.87596041 0.21250438 -0.18642048 -0.13845709 -0.29206927 0.19581352 -0.09571535 -0.12010511 -0.15329413 -0.35199761 -0.60125228 
3.20748416 -6.13709590 -1.53200457 -0.53917605 -0.30322725 -0.30530561 -0.28332274 0.13485825 -0.12217571 -0.17133145 -0.16606409 -0.39494222 -0.58435984 
5.38869870 5.86593925 -1.81857972 0.62246212 -0.35836681 -0.04829371 -0.34264526 0.22646936 -0.11124142 -0.10461356 -0.16522841 -0.33702250 -0.61300335 
