9.69726251 0.24402797 -0.10907551 -0.01448328 -0.12504764 -0.19086402 -0.26148385 0.17376056 -0.09212528 -0.13503217 -0.14693035 -0.36870919 -0.58935617 
3.18604616 13.94850738 -9.18328718 6.76706567 -5.32022430 3.95389321 -3.55337874 2.79366788 -2.15456474 1.53736459 -1.48147765 0.72381056 -1.45222116 
3.36555446 15.60999040 -11.43672330 9.39054849 -8.14132701 6.84244765 -6.40824168 5.53916935 -4.73587069 3.91776822 -3.63662521 2.64045763 -3.12474762 
3.18057235 13.86787481 -9.08056158 6.65456266 -5.20632881 3.84393519 -3.45080310 2.70044558 -2.07161628 1.46480100 -1.41901840 0.67086370 -1.40810424 
3.17384679 13.93391781 -9.16465494 6.74661226 -5.29947054 3.93381309 -3.53460702 2.77657286 -2.13932369 1.52400692 -1.46995987 0.71403101 -1.44405985 
3.16834362 13.85269118 -9.06128587 6.63352408 -5.18510053 3.82350620 -3.43180475 2.68323144 -2.05634363 1.45147685 -1.40757913 0.66118985 -1.40006220 
3.16157330 13.91913726 -9.14579916 6.72593499 -5.27851090 3.91355353 -3.51568547 2.75935717 -2.12398860 1.51057799 -1.45838973 0.70421417 -1.43587315 
3.15604047 13.83730977 -9.04178109 6.61225862 -5.16366605 3.80289979 -3.41266037 2.66590158 -2.04098248 1.43808710 -1.39609294 0.65148370 -1.39199917 
2.91881395 15.60671318 -11.43202271 9.38478247 -8.13481275 6.83546150 -6.40102819 5.53193992 -4.72880469 3.91101290 -3.63030025 2.63465494 -3.11953462 
2.90479537 15.60666696 -11.43195642 9.38470117 -8.13472092 6.83536302 -6.40092651 5.53183802 -4.72870511 3.91091770 -3.63021112 2.63457318 -3.11946117 
2.89067784 15.60661976 -11.43188873 9.38461814 -8.13462712 6.83526244 -6.40082267 5.53173396 -4.72860341 3.91082048 -3.63012009 2.63448968 -3.11938616 
3.11171999 13.85803561 -9.06806820 6.64092409 -5.19256472 3.83068699 -3.43848054 2.68927842 -2.06170701 1.45615465 -1.41159414 0.66458439 -1.40288348 
3.10606535 13.77373426 -8.96139747 6.52486494 -5.07581894 3.71866843 -3.33460472 2.59541841 -1.97865475 1.38387946 -1.34968951 0.61234799 -1.35954926 
2.86214027 15.60652229 -11.43174894 9.38444669 -8.13443344 6.83505475 -6.40060824 5.53151908 -4.72839340 3.91061972 -3.62993214 2.63431726 -3.11923127 
2.84771731 15.60647196 -11.43167677 9.38435817 -8.13433344 6.83494751 -6.40049752 5.53140813 -4.72828497 3.91051607 -3.62983510 2.63422823 -3.11915130 
2.83318960 15.60642053 -11.43160301 9.38426770 -8.13423125 6.83483793 -6.40038439 5.53129475 -4.72817416 3.91041014 -3.62973593 2.63413726 -3.11906958 
2.57784205 12.88395294 -7.87582268 5.38415599 -3.96631445 2.68755020 -2.40732319 1.78180288 -1.27860632 0.79023354 -0.85329778 0.20254324 -1.02656485 
2.54962597 13.14519020 -8.18694173 5.70344466 -4.26969603 2.96318329 -2.64975485 1.98995323 -1.45397021 0.93604482 -0.97298996 0.29970450 -1.10424336 
3.02140464 13.74290752 -8.92255684 6.48277936 -5.03365406 3.67836674 -3.29737242 2.56189797 -1.94909768 1.35824216 -1.32779874 0.59392912 -1.34431133 
3.01552395 13.65398634 -8.81101652 6.36243744 -4.91358831 3.56406588 -3.19218671 2.46755423 -1.86620949 1.28658975 -1.26681215 0.54276623 -1.30210348 
2.75892466 15.60614566 -11.43120881 9.38378421 -8.13368508 6.83425226 -6.39977973 5.53068881 -4.72758199 3.90984405 -3.62920595 2.63365108 -3.11863284 
2.99484197 13.70793734 -8.87860312 6.43526557 -4.98616001 3.63307143 -3.25561634 2.52438256 -1.91608393 1.32966013 -1.30343651 0.57346418 -1.32740708 
2.98889347 13.61762296 -8.76561583 6.31367453 -4.86515096 3.51814875 -3.15010440 2.42995919 -1.83330554 1.25824782 -1.24277025 0.52265971 -1.28556556 
2.72842896 15.60602676 -11.43103829 9.38357507 -8.13344883 6.83399893 -6.39951818 5.53042672 -4.72732584 3.90959919 -3.62897671 2.63344079 -3.11844394 
2.71300495 15.60596523 -11.43095005 9.38346684 -8.13332658 6.83386783 -6.39938283 5.53029109 -4.72719330 3.90947249 -3.62885809 2.63333198 -3.11834619 
2.69746107 15.60590225 -11.43085974 9.38335608 -8.13320146 6.83373367 -6.39924432 5.53015229 -4.72705764 3.90934282 -3.62873669 2.63322061 -3.11824615 
2.94064760 13.63499264 -8.78728698 6.33693463 -4.88824033 3.54002271 -3.17013904 2.44784672 -1.84895198 1.27171761 -1.25419057 0.53220615 -1.29341411 
3.14113048 15.60999040 -11.43672330 9.39054849 -8.14132701 6.84244765 -6.40824168 5.53916935 -4.73587069 3.91776822 -3.63662521 2.64045763 -3.12474762 
3.14113048 15.60999040 -11.43672330 9.39054849 -8.14132701 6.84244765 -6.40824168 5.53916935 -4.73587069 3.91776822 -3.63662521 2.64045763 -3.12474762 
2.93455892 13.54178634 -8.67132816 6.21281310 -4.76535751 3.42390498 -3.06404791 2.35335125 -1.76648516 1.20087513 -1.19424752 0.48219124 -1.25236712 
2.66600612 15.60577179 -11.43067264 9.38312661 -8.13294225 6.83345573 -6.39895737 5.52986474 -4.72677663 3.90907419 -3.62848520 2.63298991 -3.11803891 
2.38900797 12.53648088 -7.47172727 4.97884125 -3.58969889 2.35257995 -2.11868600 1.53882165 -1.07772151 0.62604101 -0.72061288 0.09630620 -0.94273099 
2.35765202 12.81781498 -7.79805298 5.30532115 -3.89230456 2.62108006 -2.34950894 1.73269606 -1.23766016 0.75650857 -0.82585417 0.18043713 -1.00902090 
2.87079989 13.53776030 -8.66633755 6.20748996 -4.76010559 3.41895857 -3.05954308 2.34935124 -1.76300475 1.19789365 -1.19173136 0.48009689 -1.25065226 
2.86452686 13.44072729 -8.54651322 6.08014859 -4.63491551 3.30145309 -2.95288162 2.25494469 -1.68111362 1.12794259 -1.13285552 0.43121101 -1.21071806 
2.58513389 15.60541697 -11.43016380 9.38250254 -8.13223731 6.83269982 -6.39817698 5.52908273 -4.72601240 3.90834365 -3.62780128 2.63236253 -3.11747535 
2.84217269 13.49684326 -8.61570308 6.15356951 -4.70699097 3.36900969 -3.01412044 2.30907615 -1.72800939 1.16795339 -1.16649415 0.45911348 -1.23348903 
2.83582292 13.39820896 -8.49428378 6.02492398 -4.58089269 3.25098724 -2.90728414 2.21476606 -1.64641094 1.09841816 -1.10809856 0.41072514 -1.19403816 
2.82770612 13.47592719 -8.58987977 6.12613202 -4.68002270 3.34370204 -2.99115297 2.28875159 -1.71038269 1.15289951 -1.15382595 0.44859652 -1.22489923 
3.03854389 15.60999040 -11.43672330 9.39054849 -8.14132701 6.84244765 -6.40824168 5.53916935 -4.73587069 3.91776822 -3.63662521 2.64045763 -3.12474762 
3.03854389 15.60999040 -11.43672330 9.39054849 -8.14132701 6.84244765 -6.40824168 5.53916935 -4.73587069 3.91776822 -3.63662521 2.64045763 -3.12474762 
2.82131731 13.37647632 -8.46765226 5.99683121 -4.55347413 3.22543014 -2.88424160 2.19450364 -1.62894467 1.08358546 -1.09568231 0.40046704 -1.18569835 
2.53499286 15.60518216 -11.42982708 9.38208957 -8.13177084 6.83219965 -6.39766061 5.52856530 -4.72550674 3.90786028 -3.62734876 2.63194744 -3.11710247 
2.79845982 13.43314815 -8.53719072 6.07027892 -4.62524863 3.29241195 -2.94470326 2.24773023 -1.67487575 1.12263025 -1.12839686 0.42751843 -1.20770907 
2.79199155 13.33203126 -8.41332499 5.93966152 -4.49780807 3.17366045 -2.83766765 2.15363547 -1.59378773 1.05378579 -1.07078127 0.37992715 -1.16902498 
2.50085325 15.60501544 -11.42958800 9.38179636 -8.13143964 6.83184452 -6.39729398 5.52819792 -4.72514772 3.90751710 -3.62702749 2.63165273 -3.11683775 
2.48356240 15.60492881 -11.42946377 9.38164400 -8.13126754 6.83165999 -6.39710349 5.52800704 -4.72496118 3.90733879 -3.62686056 2.63149960 -3.11670020 
2.75378472 13.36651169 -8.45545609 5.98398075 -4.54094626 3.21376544 -2.87373563 2.18527460 -1.62099697 1.07684224 -1.09004242 0.39581105 -1.18191583 
2.74719371 13.26281020 -8.32907749 5.85137472 -4.41219205 3.09434642 -2.76658229 2.09148544 -1.54050962 1.00877238 -1.03328075 0.34907911 -1.14404928 
2.44852568 15.60474863 -11.42920539 9.38132712 -8.13090962 6.83127621 -6.39670729 5.52761003 -4.72457321 3.90696794 -3.62651338 2.63118114 -3.11641413 
2.72344583 13.32035943 -8.39908833 5.92471078 -4.48327975 3.16017502 -2.82555827 2.14302875 -1.58467907 1.04607752 -1.06434978 0.37462929 -1.16473001 
2.71677053 13.21487508 -8.27099668 5.79077099 -4.35366850 3.04034869 -2.71837532 2.04949665 -1.50464489 0.97857254 -1.00819969 0.32850554 -1.12743696 
2.70810480 13.29674245 -8.37032026 5.89453882 -4.45399730 3.13302740 -2.80120932 2.12172539 -1.56640440 1.03062802 -1.05147137 0.36402990 -1.15614406 
2.70138659 13.19034798 -8.24136053 5.75993006 -4.32396383 3.01300957 -2.69402707 2.02833857 -1.48661321 0.96342045 -0.99564003 0.31822097 -1.11914634 
2.69264709 13.27275442 -8.34115310 5.86400173 -4.42441101 3.10564288 -2.77668674 2.10030288 -1.54805448 1.01513600 -1.03857385 0.35342696 -1.14756463 
2.68588546 13.16543704 -8.21131750 5.72872279 -4.29395986 2.98544204 -2.66951593 2.00707285 -1.46851750 0.94823600 -0.98307002 0.30794005 -1.11086797 
2.67707095 13.24838720 -8.31157944 5.83309405 -4.39451761 3.07802003 -2.75199052 2.07876220 -1.52963086 0.99960321 -1.02565899 0.34282211 -1.13899317 
2.67026536 13.14013383 -8.18086012 5.69714382 -4.26365355 2.95764499 -2.64484218 1.98570071 -1.45035949 0.93302109 -0.97049151 0.29766446 -1.10260331 
2.35815071 15.60425374 -11.42849574 9.38045682 -8.12992660 6.83022220 -6.39561920 5.52651974 -4.72350777 3.90594951 -3.62555999 2.63030660 -3.11562858 
2.64555616 13.19848142 -8.25118201 5.77014462 -4.33379624 3.02205385 -2.70207750 2.03533051 -1.49256896 0.96842274 -0.99978466 0.32161349 -1.12188011 
2.63866105 13.08831574 -8.11867144 5.63284910 -4.20212183 2.90135811 -2.59500843 1.94264248 -1.41386388 0.90250787 -0.94531673 0.27713623 -1.08612105 
2.62961379 13.17292536 -8.22034252 5.73809150 -4.30296166 2.99370788 -2.67686106 2.01344185 -1.47393417 0.95277896 -0.98682904 0.31101324 -1.11334158 
2.85973071 15.60999040 -11.43672330 9.39054849 -8.14132701 6.84244765 -6.40824168 5.53916935 -4.73587069 3.91776822 -3.63662521 2.64045763 -3.12474762 
2.85973071 15.60999040 -11.43672330 9.39054849 -8.14132701 6.84244765 -6.40824168 5.53916935 -4.73587069 3.91776822 -3.63662521 2.64045763 -3.12474762 
2.62267308 13.06178279 -8.08692428 5.60012226 -4.17089035 2.87286630 -2.56984943 1.92095927 -1.39553017 0.88721372 -0.93272447 0.26688717 -1.07790651 
2.61354555 13.14695510 -8.18906503 5.70564506 -4.27180672 2.96511833 -2.65147169 1.99143969 -1.45523259 0.93710219 -0.97386380 0.30041812 -1.10481715 
2.60655870 13.03482140 -8.05473102 5.56700160 -4.13934442 2.84414103 -2.54452982 1.89917541 -1.37714192 0.87189745 -0.92013173 0.25665059 -1.06971179 
2.28279025 15.60380560 -11.42785313 9.37966878 -8.12903651 6.82926786 -6.39463402 5.52553260 -4.72254314 3.90502747 -3.62469684 2.62951486 -3.11491742 
2.58102357 13.09373404 -8.12516252 5.63954845 -4.20852248 2.90720376 -2.60017582 1.94710058 -1.41763706 0.90565835 -0.94791282 0.27925083 -1.08781709 
2.57394269 12.97957416 -7.98897242 5.49955573 -4.07529721 2.78598687 -2.49341176 1.85531258 -1.34021057 0.84120772 -0.89495350 0.23622253 -1.05338822 
2.56456577 13.06646358 -8.09252022 5.60588620 -4.17638654 2.87787656 -2.57427037 1.92476674 -1.39874730 0.88989580 -0.93493145 0.26868255 -1.07934479 
2.55743699 12.95126800 -7.95538967 5.46521881 -4.04278994 2.75655653 -2.46761505 1.83323729 -1.32167209 0.82583906 -0.88237250 0.22603497 -1.04526266 
2.22434592 15.60343414 -11.42732050 9.37901560 -8.12829878 6.82847688 -6.39381751 5.52471447 -4.72174369 3.90426332 -3.62398152 2.62885873 -3.11432806 
2.53124597 13.01055137 -8.02580871 5.53730290 -4.11111047 2.81847735 -2.52194776 1.87977906 -1.36079506 0.85830141 -0.90896837 0.24758684 -1.06246423 
2.52401959 12.89323743 -7.88677223 5.39528706 -3.97679323 2.69698631 -2.41555143 1.78880901 -1.28446186 0.79506669 -0.85723842 0.20572291 -1.02909242 
2.51437963 12.98188808 -7.99172094 5.50236920 -4.07796374 2.78840358 -2.49553227 1.85712900 -1.34173742 0.84247461 -0.89599141 0.23706359 -1.05405950 
2.75638669 15.60999040 -11.43672330 9.39054849 -8.14132701 6.84244765 -6.40824168 5.53916935 -4.73587069 3.91776822 -3.63662521 2.64045763 -3.12474762 
2.75638669 15.60999040 -11.43672330 9.39054849 -8.14132701 6.84244765 -6.40824168 5.53916935 -4.73587069 3.91776822 -3.63662521 2.64045763 -3.12474762 
2.75638669 15.60999040 -11.43672330 9.39054849 -8.14132701 6.84244765 -6.40824168 5.53916935 -4.73587069 3.91776822 -3.63662521 2.64045763 -3.12474762 
2.50710352 12.86349080 -7.85171888 5.35968002 -3.94329795 2.66684549 -2.38928693 1.76646037 -1.26579534 0.77966829 -0.84469022 0.19560260 -1.02105119 
2.49737265 12.95273845 -7.95713242 5.46699890 -4.04447352 2.75807933 -2.46894863 1.83437749 -1.32262881 0.82663158 -0.88302081 0.22655962 -1.04568087 
2.74117749 15.60999040 -11.43672330 9.39054849 -8.14132701 6.84244765 -6.40824168 5.53916935 -4.73587069 3.91776822 -3.63662521 2.64045763 -3.12474762 
2.74117749 15.60999040 -11.43672330 9.39054849 -8.14132701 6.84244765 -6.40824168 5.53916935 -4.73587069 3.91776822 -3.63662521 2.64045763 -3.12474762 
2.74117749 15.60999040 -11.43672330 9.39054849 -8.14132701 6.84244765 -6.40824168 5.53916935 -4.73587069 3.91776822 -3.63662521 2.64045763 -3.12474762 
2.74117749 15.60999040 -11.43672330 9.39054849 -8.14132701 6.84244765 -6.40824168 5.53916935 -4.73587069 3.91776822 -3.63662521 2.64045763 -3.12474762 
2.49004619 12.83324121 -7.81615628 5.32363727 -3.90946752 2.63646704 -2.36286911 1.74402519 -1.24709157 0.76426542 -0.83215792 0.18550896 -1.01304158 
2.48022273 12.92309085 -7.92203328 5.43118544 -4.01063656 2.72750393 -2.44219794 1.81152674 -1.30347194 0.81077509 -0.87005913 0.21607716 -1.03733020 
2.72585175 15.60999040 -11.43672330 9.39054849 -8.14132701 6.84244765 -6.40824168 5.53916935 -4.73587069 3.91776822 -3.63662521 2.64045763 -3.12474762 
2.72585175 15.60999040 -11.43672330 9.39054849 -8.14132701 6.84244765 -6.40824168 5.53916935 -4.73587069 3.91776822 -3.63662521 2.64045763 -3.12474762 
2.72585175 15.60999040 -11.43672330 9.39054849 -8.14132701 6.84244765 -6.40824168 5.53916935 -4.73587069 3.91776822 -3.63662521 2.64045763 -3.12474762 
2.72585175 15.60999040 -11.43672330 9.39054849 -8.14132701 6.84244765 -6.40824168 5.53916935 -4.73587069 3.91776822 -3.63662521 2.64045763 -3.12474762 
2.72585175 15.60999040 -11.43672330 9.39054849 -8.14132701 6.84244765 -6.40824168 5.53916935 -4.73587069 3.91776822 -3.63662521 2.64045763 -3.12474762 
2.72585175 15.60999040 -11.43672330 9.39054849 -8.14132701 6.84244765 -6.40824168 5.53916935 -4.73587069 3.91776822 -3.63662521 2.64045763 -3.12474762 
2.72585175 15.60999040 -11.43672330 9.39054849 -8.14132701 6.84244765 -6.40824168 5.53916935 -4.73587069 3.91776822 -3.63662521 2.64045763 -3.12474762 
2.72585175 15.60999040 -11.43672330 9.39054849 -8.14132701 6.84244765 -6.40824168 5.53916935 -4.73587069 3.91776822 -3.63662521 2.64045763 -3.12474762 
2.72585175 15.60999040 -11.43672330 9.39054849 -8.14132701 6.84244765 -6.40824168 5.53916935 -4.73587069 3.91776822 -3.63662521 2.64045763 -3.12474762 
2.72585175 15.60999040 -11.43672330 9.39054849 -8.14132701 6.84244765 -6.40824168 5.53916935 -4.73587069 3.91776822 -3.63662521 2.64045763 -3.12474762 
2.72585175 15.60999040 -11.43672330 9.39054849 -8.14132701 6.84244765 -6.40824168 5.53916935 -4.73587069 3.91776822 -3.63662521 2.64045763 -3.12474762 
2.72585175 15.60999040 -11.43672330 9.39054849 -8.14132701 6.84244765 -6.40824168 5.53916935 -4.73587069 3.91776822 -3.63662521 2.64045763 -3.12474762 
2.72585175 15.60999040 -11.43672330 9.39054849 -8.14132701 6.84244765 -6.40824168 5.53916935 -4.73587069 3.91776822 -3.63662521 2.64045763 -3.12474762 
2.72585175 15.60999040 -11.43672330 9.39054849 -8.14132701 6.84244765 -6.40824168 5.53916935 -4.73587069 3.91776822 -3.63662521 2.64045763 -3.12474762 
2.72585175 15.60999040 -11.43672330 9.39054849 -8.14132701 6.84244765 -6.40824168 5.53916935 -4.73587069 3.91776822 -3.63662521 2.64045763 -3.12474762 
2.72585175 15.60999040 -11.43672330 9.39054849 -8.14132701 6.84244765 -6.40824168 5.53916935 -4.73587069 3.91776822 -3.63662521 2.64045763 -3.12474762 
2.72585175 15.60999040 -11.43672330 9.39054849 -8.14132701 6.84244765 -6.40824168 5.53916935 -4.73587069 3.91776822 -3.63662521 2.64045763 -3.12474762 
2.97993828 13.60527638 -8.75022882 6.29717700 -4.84879165 3.50266613 -3.13593747 2.41732243 -1.82226202 1.24874868 -1.23472283 0.51593767 -1.28004294 
2.98590971 13.69606282 -8.86370410 6.41918684 -4.97011430 3.61779265 -3.24155290 2.51176606 -1.90499716 1.32007444 -1.29527631 0.56661735 -1.32175782 
2.74117749 15.60999040 -11.43672330 9.39054849 -8.14132701 6.84244765 -6.40824168 5.53916935 -4.73587069 3.91776822 -3.63662521 2.64045763 -3.12474762 
2.74117749 15.60999040 -11.43672330 9.39054849 -8.14132701 6.84244765 -6.40824168 5.53916935 -4.73587069 3.91776822 -3.63662521 2.64045763 -3.12474762 
2.74117749 15.60999040 -11.43672330 9.39054849 -8.14132701 6.84244765 -6.40824168 5.53916935 -4.73587069 3.91776822 -3.63662521 2.64045763 -3.12474762 
2.74117749 15.60999040 -11.43672330 9.39054849 -8.14132701 6.84244765 -6.40824168 5.53916935 -4.73587069 3.91776822 -3.63662521 2.64045763 -3.12474762 
2.74117749 15.60999040 -11.43672330 9.39054849 -8.14132701 6.84244765 -6.40824168 5.53916935 -4.73587069 3.91776822 -3.63662521 2.64045763 -3.12474762 
2.74117749 15.60999040 -11.43672330 9.39054849 -8.14132701 6.84244765 -6.40824168 5.53916935 -4.73587069 3.91776822 -3.63662521 2.64045763 -3.12474762 
2.99335627 13.62375354 -8.77326138 6.32187733 -4.87329034 3.52585675 -3.15716165 2.43625787 -1.83881318 1.26298775 -1.24678777 0.52601709 -1.28832507 
2.99929336 13.71383333 -8.88600573 6.44325942 -4.99414241 3.64067685 -3.26262084 2.53066991 -1.92161194 1.33444209 -1.30750929 0.57688295 -1.33022906 
2.75638669 15.60999040 -11.43672330 9.39054849 -8.14132701 6.84244765 -6.40824168 5.53916935 -4.73587069 3.91776822 -3.63662521 2.64045763 -3.12474762 
2.75638669 15.60999040 -11.43672330 9.39054849 -8.14132701 6.84244765 -6.40824168 5.53916935 -4.73587069 3.91776822 -3.63662521 2.64045763 -3.12474762 
3.00668597 13.64197652 -8.79600829 6.34630361 -4.89754850 3.54884816 -3.17822882 2.45507510 -1.85527942 1.27716859 -1.25881517 0.53607426 -1.29659608 
3.01258909 13.73135831 -8.90802811 6.46706068 -5.01792906 3.66335796 -3.28352584 2.54944846 -1.93813429 1.34874417 -1.31969796 0.58712031 -1.33868408 
2.77148110 15.60999040 -11.43672330 9.39054849 -8.14132701 6.84244765 -6.40824168 5.53916935 -4.73587069 3.91776822 -3.63662521 2.64045763 -3.12474762 
3.01992852 13.65995013 -8.81847424 6.37045967 -4.92156883 3.57164195 -3.19913966 2.47377410 -1.87166025 1.29129044 -1.27080416 0.54610827 -1.30485510 
3.02579805 13.74864240 -8.92977586 6.49059447 -5.04147704 3.68583773 -3.30426878 2.56810189 -1.95456389 1.36298007 -1.33184154 0.59732860 -1.34712204 
3.03308503 13.67767902 -8.84066385 6.39434924 -4.94535395 3.59423973 -3.21989488 2.49235490 -1.88795525 1.30535259 -1.28275388 0.55611825 -1.31310130 
3.03892134 13.76569009 -8.95125354 6.51386458 -5.06478910 3.70811793 -3.32485055 2.58663039 -1.97090046 1.37714918 -1.34393927 0.60750702 -1.35554217 
3.04615661 13.69516776 -8.86258161 6.41797602 -4.96890651 3.61664308 -3.24049522 2.51081758 -1.90416401 1.31935435 -1.29466351 0.56610334 -1.32133384 
3.05196005 13.78250582 -8.97246557 6.53687472 -5.08786797 3.73020030 -3.34527203 2.60503420 -1.98714376 1.39125096 -1.35599043 0.61765478 -1.36394368 
2.81609262 15.60999040 -11.43672330 9.39054849 -8.14132701 6.84244765 -6.40824168 5.53916935 -4.73587069 3.91776822 -3.63662521 2.64045763 -3.12474762 
2.81609262 15.60999040 -11.43672330 9.39054849 -8.14132701 6.84244765 -6.40824168 5.53916935 -4.73587069 3.91776822 -3.63662521 2.64045763 -3.12474762 
3.05914433 13.71242079 -8.88423194 6.44134365 -4.99222909 3.63885361 -3.26094141 2.52916222 -1.92028615 1.33329508 -1.30653227 0.57606273 -1.32955195 
3.06491525 13.79909387 -8.99341632 6.55962856 -5.11071636 3.75208660 -3.36553417 2.62331359 -2.00329356 1.40528489 -1.36799434 0.62777113 -1.37232584 
3.07204925 13.72944244 -8.90561917 6.46445571 -5.01532426 3.66087292 -3.28123424 2.54738895 -1.93632136 1.34717417 -1.31835940 0.58599561 -1.33775485 
3.27216826 15.60768800 -11.43342081 9.38649735 -8.13675004 6.83753899 -6.40317316 5.53408950 -4.73090557 3.91302130 -3.63218061 2.63637996 -3.12108427 
3.28384134 15.60771470 -11.43345911 9.38654432 -8.13680310 6.83759590 -6.40323191 5.53414839 -4.73096312 3.91307633 -3.63223213 2.63642722 -3.12112673 
3.29544669 15.60774094 -11.43349674 9.38659048 -8.13685525 6.83765183 -6.40328966 5.53420626 -4.73101968 3.91313040 -3.63228275 2.63647367 -3.12116845 
3.30698509 15.60776673 -11.43353373 9.38663585 -8.13690651 6.83770679 -6.40334641 5.53426313 -4.73107527 3.91318354 -3.63233251 2.63651931 -3.12120946 
3.12847477 13.87876250 -9.09439687 6.66967727 -5.22159351 3.85863790 -3.46448771 2.71285513 -2.08263489 1.47442095 -1.42728323 0.67785756 -1.41392197 
3.13536737 13.81122492 -9.00875417 6.57630352 -5.12747735 3.76815725 -3.38042610 2.63676040 -2.01518411 1.41562603 -1.37684642 0.63523659 -1.37851576 
3.14095034 13.89406928 -9.11386640 6.69096690 -5.24311407 3.87938425 -3.48381380 2.73039490 -2.09822098 1.48803871 -1.43899093 0.68777130 -1.42217370 
3.14779658 13.82694387 -9.02864885 6.59795406 -5.14926070 3.78906285 -3.39981587 2.65428388 -2.03069259 1.42912433 -1.38840967 0.64499528 -1.38661245 
3.52917770 14.19797061 -9.50497028 7.12350575 -5.68521597 4.31015928 -3.88929489 3.10213215 -2.43179193 1.78218370 -1.69409809 0.90556140 -1.60487872 
3.54321604 14.39229176 -9.75961207 7.41006328 -5.98310330 4.60516577 -4.17138359 3.36470982 -2.67088645 1.99595184 -1.88193555 1.06789564 -1.74266360 
3.37485157 15.60791254 -11.43374286 9.38689237 -8.13719631 6.83801758 -6.40366730 5.53458473 -4.73138959 3.91348403 -3.63261385 2.63677742 -3.12144133 
3.38594208 15.60793544 -11.43377571 9.38693267 -8.13724183 6.83806640 -6.40371771 5.53463524 -4.73143896 3.91353123 -3.63265804 2.63681796 -3.12147775 
3.39697144 15.60795796 -11.43380801 9.38697230 -8.13728660 6.83811441 -6.40376728 5.53468493 -4.73148752 3.91357765 -3.63270151 2.63685783 -3.12151357 
3.22618664 13.99580239 -9.24382464 6.83366595 -5.38794709 4.01955253 -3.61488228 2.84978615 -2.20469014 1.58137297 -1.51948724 0.75613381 -1.47923578 
3.44591802 11.98083123 -6.84847227 4.37504523 -3.04729870 1.88532907 -1.72823238 1.21963101 -0.82108475 0.42141443 -0.55888001 -0.03079863 -0.84417707 
3.75673363 15.60432368 -11.42859602 9.38057981 -8.13006551 6.83037115 -6.39577296 5.52667381 -4.72365833 3.90609342 -3.62569471 2.63043018 -3.11573958 
3.92684180 14.51960043 -9.92837601 7.60209733 -6.18489336 4.80708460 -4.36640815 3.54801490 -2.83936421 2.14792007 -2.01659310 1.18518973 -1.84297120 
3.94633930 14.76781377 -10.26183461 7.98643456 -6.59382639 5.22122004 -4.77108763 3.93268515 -3.19677796 2.47364712 -2.30805569 1.44142249 -2.06403759 
3.82003830 15.60467070 -11.42909364 9.38119008 -8.13075482 6.83111023 -6.39653594 5.52743834 -4.72440543 3.90680756 -3.62636324 2.63104342 -3.11629043 
3.83776333 15.60476401 -11.42922744 9.38135417 -8.13094017 6.83130896 -6.39674111 5.52764391 -4.72460633 3.90699959 -3.62654302 2.63120832 -3.11643855 
3.85533265 15.60485488 -11.42935775 9.38151398 -8.13112068 6.83150252 -6.39694092 5.52784414 -4.72480199 3.90718662 -3.62671811 2.63136893 -3.11658282 
4.01734582 14.59420272 -10.02798472 7.71622602 -6.30562706 4.92867607 -4.48458303 3.65976000 -2.94266801 2.24161423 -2.10004856 1.25824142 -1.90573694 
4.28696162 14.75378257 -10.24282860 7.96435534 -6.57015450 5.19707142 -4.74732361 3.90994239 -3.17550872 2.45414388 -2.29050205 1.42590580 -2.05058042 
4.31003726 15.02216312 -10.60960673 8.39408754 -7.03471378 5.67477420 -5.22105861 4.36671177 -3.60576203 2.85137374 -2.65035214 1.74595471 -2.32977858 
4.21341617 15.60192088 -11.42515080 9.37635503 -8.12529393 6.82525536 -6.39049213 5.52138268 -4.71848809 3.90115164 -3.62106876 2.62618708 -3.11192842 
4.35609796 14.80065508 -10.30639306 8.03827947 -6.64949593 5.27809391 -4.82713501 3.98639721 -3.24707600 2.51982635 -2.34966792 1.47824701 -2.09600835 
4.37844235 15.05571074 -10.65593489 8.44890986 -7.09454990 5.73686954 -5.28318383 4.42712198 -3.66312895 2.90474542 -2.69905396 1.78956680 -2.36807172 
4.28523509 15.60247877 -11.42595067 9.37733584 -8.12640163 6.82644290 -6.39171793 5.52261081 -4.71968810 3.90229859 -3.62214236 2.62717179 -3.11281286 
4.42293260 14.84388758 -10.36520628 8.10688472 -6.72334422 5.35371865 -4.90183159 4.05813968 -3.31440113 2.58176282 -2.40558576 1.52782038 -2.13912151 
4.44459033 15.08654358 -10.69860813 8.49951356 -7.14989390 5.79441493 -5.34086489 4.48331187 -3.71658037 2.95455565 -2.74457645 1.83039140 -2.40396711 
4.35456424 15.60298078 -11.42667046 9.37821847 -8.12739848 6.82751163 -6.39282112 5.52371613 -4.72076815 3.90333089 -3.62310868 2.62805812 -3.11360895 
4.37490288 15.60312160 -11.42687237 9.37846607 -8.12767812 6.82781145 -6.39313060 5.52402622 -4.72107115 3.90362050 -3.62337978 2.62830678 -3.11383230 
4.50661796 14.89523923 -10.43529550 8.18890175 -6.81189937 5.44467016 -4.99192161 4.14490338 -3.39603644 2.65705106 -2.47371854 1.58835731 -2.19188120 
4.52744328 15.12302393 -10.74921395 8.55965586 -7.21580934 5.86309111 -5.40983732 4.55062728 -3.78073015 3.01443717 -2.79939152 1.87962426 -2.44731797 
4.55027431 14.92083995 -10.47033116 8.23000475 -6.85638885 5.49047201 -5.03739358 4.18879312 -3.43741948 2.69529324 -2.50839208 1.61922053 -2.21882537 
4.66822036 15.60088993 -11.42367275 9.37454272 -8.12324727 6.82306126 -6.38822745 5.51911378 -4.71627120 3.89903287 -3.61908554 2.62436812 -3.11029472 
4.69138587 15.60109774 -11.42397067 9.37490800 -8.12365978 6.82350348 -6.38868388 5.51957105 -4.71671798 3.89945987 -3.61948522 2.62473469 -3.11062395 
4.71428613 15.60129851 -11.42425851 9.37526094 -8.12405835 6.82393075 -6.38912490 5.52001288 -4.71714968 3.89987246 -3.61987141 2.62508889 -3.11094207 
4.73692716 15.60149257 -11.42453673 9.37560207 -8.12444359 6.82434375 -6.38955118 5.52043996 -4.71756697 3.90027128 -3.62024471 2.62543128 -3.11124958 
4.66612946 15.17905824 -10.82719050 8.65260537 -7.31797636 5.96983210 -5.51732475 4.65580125 -3.88120407 3.10844379 -2.88563381 1.95724444 -2.51579909 
4.48447169 15.07406932 -10.68133266 8.47901532 -7.12746255 5.77107845 -5.31746095 4.46050131 -3.69487088 2.93431567 -2.72607063 1.81378851 -2.38936314 
4.50117733 14.92471030 -10.47563330 8.23623119 -6.86313465 5.49742308 -5.04430063 4.19546544 -3.44371581 2.70111614 -2.51367544 1.62392653 -2.22293646 
4.51611163 15.08857428 -10.70142182 8.50285373 -7.15355075 5.79822099 -5.34468355 4.48703522 -3.72012536 2.95786190 -2.74760046 1.83310535 -2.40635505 
4.31272266 14.95393830 -10.51571990 8.28335743 -6.91424598 5.55014330 -5.09673833 4.24616906 -3.49160563 2.74544323 -2.55392810 1.65980790 -2.25430493 
4.32370739 14.85269873 -10.37721471 8.12091683 -6.73847412 5.36923751 -4.91718388 4.07290697 -3.32827916 2.59454753 -2.41714310 1.53807894 -2.14805360 
4.44231624 15.60713297 -11.43262477 9.38552093 -8.13564698 6.83635609 -6.40195182 5.53286552 -4.72970931 3.91187769 -3.63110989 2.63539769 -3.12020186 
4.45531723 15.60716985 -11.43267766 9.38558580 -8.13572026 6.83643467 -6.40203296 5.53294683 -4.72978878 3.91195366 -3.63118102 2.63546295 -3.12026048 
4.36077797 14.98006886 -10.55162698 8.32564746 -6.96019328 5.59761728 -5.14403516 4.29197384 -3.53493384 2.78560550 -2.59044830 1.69240381 -2.28283586 
4.25201452 15.60912576 -11.43548302 9.38902698 -8.13960794 6.84060394 -6.40633785 5.53726120 -4.73400557 3.91598501 -3.63495552 2.63892574 -3.12337134 
4.25917441 15.60913192 -11.43549187 9.38903784 -8.13962020 6.84061709 -6.40635143 5.53727481 -4.73401887 3.91599773 -3.63496743 2.63893666 -3.12338116 
4.03104960 13.14779655 -8.19007747 5.70669435 -4.27281334 2.96604125 -2.65229062 1.99214879 -1.45583485 0.93760667 -0.97428074 0.30075864 -1.10509096 
3.72429735 15.60852506 -11.43462140 9.38797004 -8.13841381 6.83932327 -6.40501547 5.53593587 -4.73271017 3.91474654 -3.63379593 2.63786188 -3.12241558 
3.40962741 11.83393881 -6.68840442 4.22425487 -2.91550674 1.77471019 -1.63808142 1.14768143 -0.76454227 0.37722090 -0.52455648 -0.05739940 -0.82382134 
2.93744961 15.58127310 -11.39556704 9.34010249 -8.08437652 6.78141386 -6.34526338 5.47609154 -4.67425572 3.85889537 -3.58153208 2.58993888 -3.07938392 
2.45680280 8.95291300 -3.94167029 1.93422973 -1.12877917 0.41722284 -0.62697183 0.40334749 -0.22071994 -0.02581304 -0.22381426 -0.28615335 -0.65230927 
1.09288138 8.33559168 -3.44957642 1.58977385 -0.90295902 0.27034859 -0.53221837 0.34211109 -0.18114732 -0.05346509 -0.20374775 -0.30212608 -0.64021276 
-0.57645571 -2.44882440 -0.27329398 -0.08096884 -0.13539897 -0.21727114 -0.25521309 0.16277773 -0.09836823 -0.14608298 -0.14975547 -0.37854060 -0.58456440 
-1.48221606 -3.77910099 -0.58938673 -0.16968450 -0.16063646 -0.23484543 -0.25747937 0.15626943 -0.10410429 -0.15312072 -0.15359975 -0.38359126 -0.58341908 
0.27621324 7.78825923 -3.04156345 1.32149950 -0.73735986 0.16764196 -0.46853557 0.30223199 -0.15616034 -0.07104057 -0.19083302 -0.31288873 -0.63194526 
2.35237924 5.95054184 -1.86553974 0.64609875 -0.36967069 -0.04227751 -0.34600905 0.22846043 -0.11235141 -0.10368749 -0.16595726 -0.33623714 -0.61362546 
3.58187167 10.37135641 -5.20098426 2.91117747 -1.83688352 0.91914586 -0.97662765 0.64493090 -0.38686540 0.09243354 -0.30967227 -0.22091699 -0.70086897 
4.24768926 13.39192562 -8.48657958 6.01679247 -4.57295196 3.24358171 -2.90060383 2.20888883 -1.64134235 1.09411192 -1.10449238 0.40774466 -1.19161417 
4.47360471 15.60376590 -11.42779622 9.37959898 -8.12895768 6.82918333 -6.39454677 5.52544517 -4.72245771 3.90494581 -3.62462040 2.62944474 -3.11485443 
4.49277375 15.60388386 -11.42796535 9.37980639 -8.12919194 6.82943451 -6.39480605 5.52570497 -4.72271158 3.90518847 -3.62484756 2.62965311 -3.11504159 
4.61701368 14.95845391 -10.52192035 8.29065487 -6.92216904 5.55832421 -5.10488352 4.25405244 -3.49905838 2.75234756 -2.56020299 1.66540572 -2.25920232 
4.82571532 15.03873601 -10.63248001 8.42113951 -7.06422394 5.70538281 -5.25166675 4.39646073 -3.63399939 2.87763315 -2.67430406 1.76739514 -2.34859719 
4.93419732 15.59909800 -11.42110391 9.37139322 -8.11969078 6.81924887 -6.38429271 5.51517197 -4.71242002 3.89535238 -3.61564072 2.62120878 -3.10745732 
5.21033561 13.51470020 -8.63778173 6.17706130 -4.73011277 3.39073633 -3.03386323 2.32656868 -1.74319802 1.18093942 -1.17743354 0.46820383 -1.24092037 
5.63337594 13.99011535 -9.23653414 6.82563352 -5.37976758 4.01161134 -3.60743378 2.84298107 -2.19860422 1.57602349 -1.51486184 0.75219633 -1.47594172 
