8.99720566 2.94758758 -0.58450816 0.11442820 -0.15453815 -0.15724171 -0.28092130 0.18848830 -0.09307472 -0.12443193 -0.15045569 -0.35683724 -0.59758204 
5.63755653 7.45811249 -2.80828800 1.17556180 -0.65148737 0.11624494 -0.43755481 0.28323030 -0.14452051 -0.07934676 -0.18464332 -0.31827375 -0.62776495 
3.77225564 -1.29400787 -0.12491417 -0.04355946 -0.12705550 -0.20556635 -0.25642386 0.16751815 -0.09489715 -0.14098992 -0.14778789 -0.37438131 -0.58624075 
1.95534344 2.53208243 -0.46970305 0.08020631 -0.14477499 -0.16408199 -0.27675055 0.18562156 -0.09231583 -0.12624643 -0.14944136 -0.35891924 -0.59604189 
2.69060943 15.36557445 -11.08887762 8.96698219 -7.66613280 6.33619522 -5.88880683 5.02170698 -4.23298419 3.43956450 -3.19114085 2.23368703 -2.76093729 
2.14505832 5.22911545 -1.48534860 0.46297808 -0.28561006 -0.08646957 -0.32139184 0.21383309 -0.10438666 -0.11065790 -0.16046510 -0.34242517 -0.60872914 
1.44984068 -8.31376627 -2.83695973 -1.24849816 -0.67016203 -0.50180200 -0.38331797 0.07316245 -0.16513850 -0.20543872 -0.19064442 -0.41342590 -0.59213461 
3.24321414 7.00190909 -2.50181580 0.99248436 -0.54840298 0.05638122 -0.40227036 0.26190603 -0.13170739 -0.08868303 -0.17758627 -0.32468192 -0.62275103 
3.65033108 14.54368756 -9.96047936 7.63881695 -6.22367292 4.84607666 -4.40424527 3.58373918 -2.87234167 2.17778848 -2.04316256 1.20841815 -1.86290532 
3.32833736 14.17905942 -9.48037906 7.09603739 -5.65686794 4.28228090 -3.86281769 3.07764804 -2.40963878 1.76249603 -1.67689723 0.89077559 -1.59239336 
3.13905584 15.60736046 -11.43295104 9.38592113 -8.13609908 6.83684091 -6.40245238 5.53336717 -4.73019959 3.91234639 -3.63154872 2.63580026 -3.12056350 
2.75122404 10.28382506 -5.11806734 2.84287428 -1.78448989 0.88015155 -0.94825449 0.62456264 -0.37236516 0.08192626 -0.30197521 -0.22670727 -0.69657147 
2.75122404 10.28382506 -5.11806734 2.84287428 -1.78448989 0.88015155 -0.94825449 0.62456264 -0.37236516 0.08192626 -0.30197521 -0.22670727 -0.69657147 
2.94521961 13.64123002 -8.79507586 6.34530171 -4.89655289 3.54790398 -3.17736317 2.45430147 -1.85460208 1.27658497 -1.25831995 0.53565998 -1.29625524 
2.95283276 13.56753985 -8.70328743 6.24693863 -4.79906193 3.45568091 -3.09301544 2.37909707 -1.78890706 1.22009909 -1.21048413 0.49571589 -1.26344890 
2.95887402 13.65976609 -8.81824405 6.37021200 -4.92132240 3.57140797 -3.19892488 2.47358193 -1.87149182 1.29114516 -1.27068076 0.54600495 -1.30477002 
2.96643084 13.58654016 -8.72690580 6.27219875 -4.82404976 3.47927471 -3.11455561 2.39826880 -1.80562646 1.23445218 -1.22262130 0.50583695 -1.27175058 
2.97243699 13.67804203 -8.84111849 6.39483903 -4.94584191 3.59470361 -3.22032119 2.49273677 -1.88829032 1.30564190 -1.28299985 0.55632438 -1.31327118 
2.72585175 15.60999040 -11.43672330 9.39054849 -8.14132701 6.84244765 -6.40824168 5.53916935 -4.73587069 3.91776822 -3.63662521 2.64045763 -3.12474762 
2.72585175 15.60999040 -11.43672330 9.39054849 -8.14132701 6.84244765 -6.40824168 5.53916935 -4.73587069 3.91776822 -3.63662521 2.64045763 -3.12474762 
2.72585175 15.60999040 -11.43672330 9.39054849 -8.14132701 6.84244765 -6.40824168 5.53916935 -4.73587069 3.91776822 -3.63662521 2.64045763 -3.12474762 
2.97993828 13.60527638 -8.75022882 6.29717700 -4.84879165 3.50266613 -3.13593747 2.41732243 -1.82226202 1.24874868 -1.23472283 0.51593767 -1.28004294 
2.98590971 13.69606282 -8.86370410 6.41918684 -4.97011430 3.61779265 -3.24155290 2.51176606 -1.90499716 1.32007444 -1.29527631 0.56661735 -1.32175782 
2.74117749 15.60999040 -11.43672330 9.39054849 -8.14132701 6.84244765 -6.40824168 5.53916935 -4.73587069 3.91776822 -3.63662521 2.64045763 -3.12474762 
2.99335627 13.62375354 -8.77326138 6.32187733 -4.87329034 3.52585675 -3.15716165 2.43625787 -1.83881318 1.26298775 -1.24678777 0.52601709 -1.28832507 
3.20066177 15.60751747 -11.43317623 9.38619734 -8.13641111 6.83717553 -6.40279788 5.53371341 -4.73053799 3.91266990 -3.63185161 2.63607813 -3.12081312 
3.01258909 13.73135831 -8.90802811 6.46706068 -5.01792906 3.66335796 -3.28352584 2.54944846 -1.93813429 1.34874417 -1.31969796 0.58712031 -1.33868408 
3.01992852 13.65995013 -8.81847424 6.37045967 -4.92156883 3.57164195 -3.19913966 2.47377410 -1.87166025 1.29129044 -1.27080416 0.54610827 -1.30485510 
3.02579805 13.74864240 -8.92977586 6.49059447 -5.04147704 3.68583773 -3.30426878 2.56810189 -1.95456389 1.36298007 -1.33184154 0.59732860 -1.34712204 
3.03308503 13.67767902 -8.84066385 6.39434924 -4.94535395 3.59423973 -3.21989488 2.49235490 -1.88795525 1.30535259 -1.28275388 0.55611825 -1.31310130 
3.03892134 13.76569009 -8.95125354 6.51386458 -5.06478910 3.70811793 -3.32485055 2.58663039 -1.97090046 1.37714918 -1.34393927 0.60750702 -1.35554217 
2.80133240 15.60999040 -11.43672330 9.39054849 -8.14132701 6.84244765 -6.40824168 5.53916935 -4.73587069 3.91776822 -3.63662521 2.64045763 -3.12474762 
3.04615661 13.69516776 -8.86258161 6.41797602 -4.96890651 3.61664308 -3.24049522 2.51081758 -1.90416401 1.31935435 -1.29466351 0.56610334 -1.32133384 
3.05196005 13.78250582 -8.97246557 6.53687472 -5.08786797 3.73020030 -3.34527203 2.60503420 -1.98714376 1.39125096 -1.35599043 0.61765478 -1.36394368 
2.81609262 15.60999040 -11.43672330 9.39054849 -8.14132701 6.84244765 -6.40824168 5.53916935 -4.73587069 3.91776822 -3.63662521 2.64045763 -3.12474762 
2.81609262 15.60999040 -11.43672330 9.39054849 -8.14132701 6.84244765 -6.40824168 5.53916935 -4.73587069 3.91776822 -3.63662521 2.64045763 -3.12474762 
2.81609262 15.60999040 -11.43672330 9.39054849 -8.14132701 6.84244765 -6.40824168 5.53916935 -4.73587069 3.91776822 -3.63662521 2.64045763 -3.12474762 
3.05914433 13.71242079 -8.88423194 6.44134365 -4.99222909 3.63885361 -3.26094141 2.52916222 -1.92028615 1.33329508 -1.30653227 0.57606273 -1.32955195 
3.26042664 15.60766083 -11.43338184 9.38644954 -8.13669603 6.83748107 -6.40311336 5.53402957 -4.73084700 3.91296531 -3.63212819 2.63633186 -3.12104107 
3.27216826 15.60768800 -11.43342081 9.38649735 -8.13675004 6.83753899 -6.40317316 5.53408950 -4.73090557 3.91302130 -3.63218061 2.63637996 -3.12108427 
3.09057932 13.83160363 -9.03455091 6.60438169 -5.15573234 3.79527795 -3.40558412 2.65950027 -2.03531199 1.43314729 -1.39185780 0.64790677 -1.38902925 
2.85973071 15.60999040 -11.43672330 9.39054849 -8.14132701 6.84244765 -6.40824168 5.53916935 -4.73587069 3.91776822 -3.63662521 2.64045763 -3.12474762 
2.62267308 13.06178279 -8.08692428 5.60012226 -4.17089035 2.87286630 -2.56984943 1.92095927 -1.39553017 0.88721372 -0.93272447 0.26688717 -1.07790651 
2.61354555 13.14695510 -8.18906503 5.70564506 -4.27180672 2.96511833 -2.65147169 1.99143969 -1.45523259 0.93710219 -0.97386380 0.30041812 -1.10481715 
2.84529022 15.60999040 -11.43672330 9.39054849 -8.14132701 6.84244765 -6.40824168 5.53916935 -4.73587069 3.91776822 -3.63662521 2.64045763 -3.12474762 
2.84529022 15.60999040 -11.43672330 9.39054849 -8.14132701 6.84244765 -6.40824168 5.53916935 -4.73587069 3.91776822 -3.63662521 2.64045763 -3.12474762 
2.84529022 15.60999040 -11.43672330 9.39054849 -8.14132701 6.84244765 -6.40824168 5.53916935 -4.73587069 3.91776822 -3.63662521 2.64045763 -3.12474762 
2.84529022 15.60999040 -11.43672330 9.39054849 -8.14132701 6.84244765 -6.40824168 5.53916935 -4.73587069 3.91776822 -3.63662521 2.64045763 -3.12474762 
2.84529022 15.60999040 -11.43672330 9.39054849 -8.14132701 6.84244765 -6.40824168 5.53916935 -4.73587069 3.91776822 -3.63662521 2.64045763 -3.12474762 
2.84529022 15.60999040 -11.43672330 9.39054849 -8.14132701 6.84244765 -6.40824168 5.53916935 -4.73587069 3.91776822 -3.63662521 2.64045763 -3.12474762 
2.84529022 15.60999040 -11.43672330 9.39054849 -8.14132701 6.84244765 -6.40824168 5.53916935 -4.73587069 3.91776822 -3.63662521 2.64045763 -3.12474762 
2.84529022 15.60999040 -11.43672330 9.39054849 -8.14132701 6.84244765 -6.40824168 5.53916935 -4.73587069 3.91776822 -3.63662521 2.64045763 -3.12474762 
3.08487239 13.74623696 -8.92674754 6.48731570 -5.03819458 3.68270262 -3.30137449 2.56549793 -1.95226934 1.36099105 -1.33014418 0.59590122 -1.34594179 
3.09057932 13.83160363 -9.03455091 6.60438169 -5.15573234 3.79527795 -3.40558412 2.65950027 -2.03531199 1.43314729 -1.39185780 0.64790677 -1.38902925 
3.09761479 13.76280847 -8.94762120 6.50992710 -5.06084257 3.70434430 -3.32136298 2.58348935 -1.96812982 1.37474517 -1.34188592 0.60577883 -1.35411204 
3.10329023 13.84753345 -9.05474301 6.62638801 -5.17790519 3.81658647 -3.42537386 2.67740821 -2.05118034 1.44697489 -1.40371615 0.65792469 -1.39734913 
3.11027743 13.77916102 -8.96824421 6.53229331 -5.08327072 3.72579957 -3.34120051 2.60136340 -1.98390257 1.38843602 -1.35358396 0.61562771 -1.36226490 
3.11592173 13.86325180 -9.07469036 6.64815208 -5.19985806 3.83770589 -3.44500806 2.69519304 -2.06695466 1.46073290 -1.41552480 0.66790850 -1.40564691 
2.88830263 15.60999040 -11.43672330 9.39054849 -8.14132701 6.84244765 -6.40824168 5.53916935 -4.73587069 3.91776822 -3.63662521 2.64045763 -3.12474762 
2.88830263 15.60999040 -11.43672330 9.39054849 -8.14132701 6.84244765 -6.40824168 5.53916935 -4.73587069 3.91776822 -3.63662521 2.64045763 -3.12474762 
2.88830263 15.60999040 -11.43672330 9.39054849 -8.14132701 6.84244765 -6.40824168 5.53916935 -4.73587069 3.91776822 -3.63662521 2.64045763 -3.12474762 
2.88830263 15.60999040 -11.43672330 9.39054849 -8.14132701 6.84244765 -6.40824168 5.53916935 -4.73587069 3.91776822 -3.63662521 2.64045763 -3.12474762 
2.88830263 15.60999040 -11.43672330 9.39054849 -8.14132701 6.84244765 -6.40824168 5.53916935 -4.73587069 3.91776822 -3.63662521 2.64045763 -3.12474762 
2.88830263 15.60999040 -11.43672330 9.39054849 -8.14132701 6.84244765 -6.40824168 5.53916935 -4.73587069 3.91776822 -3.63662521 2.64045763 -3.12474762 
2.65452451 13.11442970 -8.14998071 5.66518776 -4.23304189 2.92961736 -2.62000619 1.96422345 -1.43214098 0.91777770 -0.95790642 0.28739593 -1.09435383 
2.93436946 10.80259049 -5.61951764 3.26406514 -2.11379084 1.12953259 -1.13268799 0.75897078 -0.46939859 0.15290801 -0.35430385 -0.18731617 -0.72585439 
3.11592173 13.86325180 -9.07469036 6.64815208 -5.19985806 3.83770589 -3.44500806 2.69519304 -2.06695466 1.46073290 -1.41552480 0.66790850 -1.40564691 
2.88830263 15.60999040 -11.43672330 9.39054849 -8.14132701 6.84244765 -6.40824168 5.53916935 -4.73587069 3.91776822 -3.63662521 2.64045763 -3.12474762 
2.88830263 15.60999040 -11.43672330 9.39054849 -8.14132701 6.84244765 -6.40824168 5.53916935 -4.73587069 3.91776822 -3.63662521 2.64045763 -3.12474762 
3.12286131 13.79529855 -8.98862056 6.55441769 -5.10548150 3.74707002 -3.36088794 2.61912033 -1.99958739 1.40206312 -1.36523766 0.62544719 -1.37039970 
3.12847477 13.87876250 -9.09439687 6.66967727 -5.22159351 3.85863790 -3.46448771 2.71285513 -2.08263489 1.47442095 -1.42728323 0.67785756 -1.41392197 
2.90243696 15.60999040 -11.43672330 9.39054849 -8.14132701 6.84244765 -6.40824168 5.53916935 -4.73587069 3.91776822 -3.63662521 2.64045763 -3.12474762 
3.13536737 13.81122492 -9.00875417 6.57630352 -5.12747735 3.76815725 -3.38042610 2.63676040 -2.01518411 1.41562603 -1.37684642 0.63523659 -1.37851576 
3.14095034 13.89406928 -9.11386640 6.69096690 -5.24311407 3.87938425 -3.48381380 2.73039490 -2.09822098 1.48803871 -1.43899093 0.68777130 -1.42217370 
2.91647211 15.60999040 -11.43672330 9.39054849 -8.14132701 6.84244765 -6.40824168 5.53916935 -4.73587069 3.91776822 -3.63662521 2.64045763 -3.12474762 
2.91647211 15.60999040 -11.43672330 9.39054849 -8.14132701 6.84244765 -6.40824168 5.53916935 -4.73587069 3.91776822 -3.63662521 2.64045763 -3.12474762 
2.91647211 15.60999040 -11.43672330 9.39054849 -8.14132701 6.84244765 -6.40824168 5.53916935 -4.73587069 3.91776822 -3.63662521 2.64045763 -3.12474762 
2.91647211 15.60999040 -11.43672330 9.39054849 -8.14132701 6.84244765 -6.40824168 5.53916935 -4.73587069 3.91776822 -3.63662521 2.64045763 -3.12474762 
2.91647211 15.60999040 -11.43672330 9.39054849 -8.14132701 6.84244765 -6.40824168 5.53916935 -4.73587069 3.91776822 -3.63662521 2.64045763 -3.12474762 
3.14779658 13.82694387 -9.02864885 6.59795406 -5.14926070 3.78906285 -3.39981587 2.65428388 -2.03069259 1.42912433 -1.38840967 0.64499528 -1.38661245 
3.15334936 13.90917577 -9.13310270 6.71202424 -5.26442224 3.89994663 -3.50298735 2.74781276 -2.11371293 1.50158589 -1.45064742 0.69764915 -1.43040151 
3.16014984 13.84245910 -9.04830836 6.61937251 -5.17083393 3.80978840 -3.41905811 2.67169108 -2.04611270 1.44255762 -1.39992686 0.65472264 -1.39468914 
3.16567276 13.92408554 -9.15210948 6.73285248 -5.28552047 3.92032675 -3.52200936 2.76510917 -2.12911075 1.51506221 -1.46225224 0.70749056 -1.43860484 
3.17242809 13.85777420 -9.06773638 6.64056200 -5.19219942 3.83033550 -3.43815372 2.68898233 -2.06144435 1.45592554 -1.41139746 0.66441809 -1.40274524 
3.36369921 15.60788925 -11.43370946 9.38685140 -8.13715003 6.83796794 -6.40361605 5.53453337 -4.73133939 3.91343604 -3.63256892 2.63673619 -3.12140430 
3.19009630 13.95332871 -9.18944885 6.77383426 -5.32709688 3.96054700 -3.55960286 2.79933948 -2.15962420 1.54180127 -1.48530520 0.72706205 -1.45493587 
2.97164802 15.60999040 -11.43672330 9.39054849 -8.14132701 6.84244765 -6.40824168 5.53916935 -4.73587069 3.91776822 -3.63662521 2.64045763 -3.12474762 
3.19676308 13.88781793 -9.10591231 6.68226644 -5.23431648 3.87090059 -3.47590861 2.72321836 -2.09184207 1.48246395 -1.43419694 0.68371098 -1.41879335 
3.20219822 13.96766883 -9.20778848 6.79399395 -5.34757985 3.98039049 -3.57817640 2.81627437 -2.17473997 1.55506360 -1.49675256 0.73679115 -1.46306255 
3.20882157 13.90255336 -9.12466722 6.70278742 -5.25507265 3.89092174 -3.49456972 2.74016389 -2.10690807 1.49563385 -1.44552490 0.69330735 -1.42678426 
3.39697144 15.60795796 -11.43380801 9.38697230 -8.13728660 6.83811441 -6.40376728 5.53468493 -4.73148752 3.91357765 -3.63270151 2.63685783 -3.12151357 
3.22618664 13.99580239 -9.24382464 6.83366595 -5.38794709 4.01955253 -3.61488228 2.84978615 -2.20469014 1.58137297 -1.51948724 0.75613381 -1.47923578 
3.23272480 13.93146773 -9.16152793 6.74318168 -5.29599163 3.93044900 -3.53146386 2.77371197 -2.13677438 1.52177371 -1.46803514 0.71239744 -1.44269715 
3.41884934 15.60800192 -11.43387106 9.38704963 -8.13737397 6.83820810 -6.40386402 5.53478188 -4.73158228 3.91366824 -3.63278632 2.63693565 -3.12158348 
3.24989340 14.02322781 -9.27902532 6.87249425 -5.42753143 4.05802568 -3.65100683 2.88282418 -2.23426608 1.60739436 -1.54200644 0.77531966 -1.49529914 
3.25634850 13.95966115 -9.19754505 6.78273142 -5.33613422 3.96929987 -3.56779345 2.80680559 -2.16628671 1.54764552 -1.49034858 0.73134755 -1.45851485 
3.44049051 15.60804446 -11.43393208 9.38712448 -8.13745853 6.83829879 -6.40395766 5.53487572 -4.73167399 3.91375593 -3.63286842 2.63701096 -3.12165114 
3.45122392 15.60806523 -11.43396186 9.38716101 -8.13749980 6.83834304 -6.40400335 5.53492152 -4.73171875 3.91379872 -3.63290849 2.63704772 -3.12168416 
3.46190002 15.60808566 -11.43399116 9.38719695 -8.13754041 6.83838660 -6.40404832 5.53496658 -4.73176280 3.91384083 -3.63294791 2.63708389 -3.12171666 
3.64862896 14.31861803 -9.66264884 7.30049193 -5.86873884 4.49146797 -4.06225652 3.26276296 -2.57773413 1.91239347 -1.80828508 1.00405980 -1.68833109 
3.96022557 14.54762645 -9.96573436 7.64483333 -6.23003272 4.85247703 -4.41046144 3.58961314 -2.87776835 2.18270728 -2.04754126 1.21224884 -1.86619488 
3.97942682 14.79020921 -10.29220920 8.02176379 -6.63174899 5.25995040 -4.80924312 3.96923968 -3.23099900 2.50505713 -2.33635187 1.46645681 -2.08576703 
3.70940165 14.53884670 -9.95402304 7.63142739 -6.21586383 4.83821997 -4.39661677 3.57653252 -2.86568545 2.17175664 -2.03779427 1.20372271 -1.85887400 
3.38656708 14.17418366 -9.47404432 7.08896737 -5.64957740 4.27511672 -3.85601873 3.07136547 -2.40395833 1.75745114 -1.67249235 0.88699141 -1.58919975 
3.19051570 15.60999040 -11.43672330 9.39054849 -8.14132701 6.84244765 -6.40824168 5.53916935 -4.73587069 3.91776822 -3.63662521 2.64045763 -3.12474762 
3.19051570 15.60999040 -11.43672330 9.39054849 -8.14132701 6.84244765 -6.40824168 5.53916935 -4.73587069 3.91776822 -3.63662521 2.64045763 -3.12474762 
3.19051570 15.60999040 -11.43672330 9.39054849 -8.14132701 6.84244765 -6.40824168 5.53916935 -4.73587069 3.91776822 -3.63662521 2.64045763 -3.12474762 
3.19051570 15.60999040 -11.43672330 9.39054849 -8.14132701 6.84244765 -6.40824168 5.53916935 -4.73587069 3.91776822 -3.63662521 2.64045763 -3.12474762 
3.39256450 14.11496987 -9.39729070 7.00349648 -5.56163255 4.18887698 -3.77434141 2.99603983 -2.33598073 1.69718698 -1.61996249 0.84193503 -1.55123256 
3.56563908 15.60827325 -11.43426022 9.38752700 -8.13791328 6.83878647 -6.40446121 5.53538038 -4.73216724 3.91422748 -3.63330993 2.63741601 -3.12201502 
3.57572308 15.60829047 -11.43428492 9.38755729 -8.13794750 6.83882318 -6.40449911 5.53541836 -4.73220436 3.91426297 -3.63334316 2.63744650 -3.12204241 
3.75223144 14.41637672 -9.79142204 7.44613088 -6.02087221 4.64283295 -4.20764704 3.39868737 -2.70202125 2.02395519 -1.90668146 1.08939538 -1.76100460 
3.76492432 14.58445320 -10.01493722 7.70124354 -6.28974352 4.91264676 -4.46897310 3.64497101 -2.92897090 2.22916951 -2.08894535 1.24850717 -1.89736082 
3.61555817 15.60835682 -11.43438009 9.38767403 -8.13807939 6.83896462 -6.40464515 5.53556473 -4.73234742 3.91439974 -3.63347122 2.63756398 -3.12214795 
3.62539420 15.60837280 -11.43440301 9.38770215 -8.13811116 6.83899869 -6.40468033 5.53559998 -4.73238188 3.91443268 -3.63350206 2.63759227 -3.12217337 
3.63518208 15.60838855 -11.43442560 9.38772986 -8.13814246 6.83903226 -6.40471499 5.53563472 -4.73241583 3.91446514 -3.63353245 2.63762016 -3.12219842 
3.64492231 15.60840407 -11.43444786 9.38775716 -8.13817331 6.83906534 -6.40474915 5.53566895 -4.73244929 3.91449713 -3.63356240 2.63764764 -3.12222311 
3.65461532 15.60841936 -11.43446980 9.38778407 -8.13820371 6.83909794 -6.40478281 5.53570269 -4.73248227 3.91452866 -3.63359192 2.63767472 -3.12224744 
3.82436432 14.48081459 -9.87679779 7.54322918 -6.12285245 4.74482881 -4.30611372 3.49119424 -2.78700728 2.10058048 -1.97455061 1.14849023 -1.81152255 
3.83664681 14.64098038 -10.09071144 7.78839383 -6.38227810 5.00616947 -4.56018027 3.73150199 -3.00922080 2.30217459 -2.15415944 1.30574593 -1.94666719 
4.00550363 13.00592445 -8.02030103 5.53165347 -4.10574533 2.81360553 -2.51766511 1.87610403 -1.35770060 0.85572979 -0.90685848 0.24587494 -1.06109624 
4.13714736 14.89016486 -10.42835840 8.18077159 -6.80310803 5.43562805 -4.98295281 4.13625426 -3.38788820 2.64952727 -2.46690203 1.58229421 -2.18659162 
4.28931112 13.41023725 -8.50904228 6.04051147 -4.59612439 3.26520123 -2.92011395 2.22606011 -1.65615655 1.10670231 -1.11503934 0.41646420 -1.19870766 
4.41178915 15.07144811 -10.67770446 8.47471239 -7.12275605 5.76618428 -5.31255477 4.45572154 -3.69032366 2.93007787 -2.72219733 1.81031468 -2.38630854 
4.32020005 15.60273628 -11.42631989 9.37778858 -8.12691296 6.82699110 -6.39228380 5.52317777 -4.72024209 3.90282809 -3.62263801 2.62762641 -3.11322119 
4.34088934 15.60288449 -11.42653239 9.37804916 -8.12720725 6.82730662 -6.39260949 5.52350409 -4.72056096 3.90313286 -3.62292330 2.62788809 -3.11345623 
4.36136679 15.60302820 -11.42673845 9.37830184 -8.12749264 6.82761259 -6.39292532 5.52382054 -4.72087017 3.90342841 -3.62319996 2.62814185 -3.11368416 
4.38163672 15.60316760 -11.42693833 9.37854695 -8.12776946 6.82790938 -6.39323169 5.52412751 -4.72117013 3.90371510 -3.62346833 2.62838801 -3.11390526 
4.29040851 14.97712512 -10.54757863 8.32087581 -6.95500515 5.59225298 -5.13868722 4.28679121 -3.53002834 2.78105572 -2.58630877 1.68870713 -2.27959855 
4.18516985 15.60629606 -11.43142450 9.38404875 -8.13398391 6.83457270 -6.40011056 5.53102034 -4.72790599 3.91015378 -3.62949592 2.63391709 -3.11887179 
4.19994804 15.60635019 -11.43150213 9.38414396 -8.13409147 6.83468804 -6.40022964 5.53113967 -4.72802261 3.91026526 -3.62960029 2.63401283 -3.11895780 
4.21461784 15.60640314 -11.43157807 9.38423710 -8.13419669 6.83480087 -6.40034612 5.53125640 -4.72813669 3.91037432 -3.62970239 2.63410649 -3.11904194 
4.22918082 15.60645495 -11.43165236 9.38432823 -8.13429962 6.83491125 -6.40046008 5.53137061 -4.72824830 3.91048101 -3.62980228 2.63419813 -3.11912426 
4.24363852 15.60650564 -11.43172506 9.38441739 -8.13440035 6.83501926 -6.40057160 5.53148236 -4.72835752 3.91058542 -3.62990003 2.63428780 -3.11920481 
4.25799247 15.60655524 -11.43179621 9.38450466 -8.13449893 6.83512497 -6.40068074 5.53159173 -4.72846440 3.91068760 -3.62999569 2.63437555 -3.11928364 
4.27224413 15.60660380 -11.43186584 9.38459007 -8.13459541 6.83522843 -6.40078756 5.53169878 -4.72856902 3.91078761 -3.63008932 2.63446145 -3.11936080 
4.28639495 15.60665134 -11.43193402 9.38467369 -8.13468987 6.83532973 -6.40089214 5.53180358 -4.72867145 3.91088552 -3.63018099 2.63454554 -3.11943635 
4.30044636 15.60669788 -11.43200077 9.38475556 -8.13478236 6.83542890 -6.40099453 5.53190619 -4.72877173 3.91098139 -3.63027074 2.63462788 -3.11951031 
4.31439973 15.60674345 -11.43206613 9.38483573 -8.13487292 6.83552602 -6.40109480 5.53200667 -4.72886993 3.91107527 -3.63035864 2.63470851 -3.11958274 
4.32825644 15.60678809 -11.43213015 9.38491425 -8.13496162 6.83562113 -6.40119300 5.53210508 -4.72896611 3.91116721 -3.63044472 2.63478748 -3.11965368 
4.45642335 14.89858163 -10.43986618 8.19426000 -6.81769494 5.45063260 -4.99783718 4.15060947 -3.40141335 2.66201699 -2.47821858 1.59236075 -2.19537455 
4.47167455 15.06810257 -10.67307460 8.46922259 -7.11675251 5.75994245 -5.30629872 4.44962769 -3.68452723 2.92467668 -2.71726141 1.80588842 -2.38241694 
4.48849202 14.91738921 -10.46560505 8.22445612 -6.85037880 5.48428046 -5.03124259 4.18285240 -3.43181465 2.69011082 -2.50369070 1.61503365 -2.21516835 
4.50351551 15.08284168 -10.69347988 8.49342688 -7.14323138 5.78748174 -5.33390988 4.47653155 -3.71012582 2.94853668 -2.73907202 1.82545202 -2.39962159 
4.29877843 14.94618304 -10.50507554 8.27083492 -6.90065523 5.53611553 -5.08277688 4.23266106 -3.47883978 2.73362054 -2.54318648 1.65022803 -2.24592600 
4.18639525 15.60906713 -11.43539893 9.38892383 -8.13949140 6.84047895 -6.40620879 5.53713185 -4.73387914 3.91586414 -3.63484234 2.63882190 -3.12327806 
4.07080092 14.76559242 -10.25882443 7.98293625 -6.59007429 5.21739097 -4.76731820 3.92907646 -3.19340197 2.47055047 -2.30526776 1.43895739 -2.06189910 
3.93532419 15.60999040 -11.43672330 9.39054849 -8.14132701 6.84244765 -6.40824168 5.53916935 -4.73587069 3.91776822 -3.63662521 2.64045763 -3.12474762 
3.93532419 15.60999040 -11.43672330 9.39054849 -8.14132701 6.84244765 -6.40824168 5.53916935 -4.73587069 3.91776822 -3.63662521 2.64045763 -3.12474762 
3.93532419 15.60999040 -11.43672330 9.39054849 -8.14132701 6.84244765 -6.40824168 5.53916935 -4.73587069 3.91776822 -3.63662521 2.64045763 -3.12474762 
3.93532419 15.60999040 -11.43672330 9.39054849 -8.14132701 6.84244765 -6.40824168 5.53916935 -4.73587069 3.91776822 -3.63662521 2.64045763 -3.12474762 
3.53201057 10.10357160 -4.94947782 2.70567095 -1.68047292 0.80354577 -0.89305225 0.58528272 -0.34462756 0.06192829 -0.28737102 -0.23770042 -0.68841458 
2.58570890 12.69403651 -7.65358532 5.15992195 -3.75675633 2.50014906 -2.24499991 1.64447401 -1.16453208 0.69659892 -0.77734042 0.14152511 -0.97826394 
1.62993798 5.29423496 -1.51778354 0.47784693 -0.29211742 -0.08308735 -0.32327246 0.21495812 -0.10498049 -0.11010553 -0.16089945 -0.34190991 -0.60913598 
0.67872909 9.27427616 -4.21125577 2.13214870 -1.26460044 0.50894716 -0.68809746 0.44393586 -0.24761947 -0.00696500 -0.23743239 -0.27560066 -0.66022266 
2.49803341 6.63515346 -2.26877439 0.86015106 -0.47741351 0.01639466 -0.37919341 0.24812558 -0.12359884 -0.09477614 -0.17290904 -0.32914456 -0.61923657 
3.46856522 12.16027633 -7.04667380 4.56420446 -3.21473688 2.02755634 -1.84547718 1.31422962 -0.89619711 0.48064575 -0.60523804 0.00534356 -0.87198959 
3.75977297 15.60999040 -11.43672330 9.39054849 -8.14132701 6.84244765 -6.40824168 5.53916935 -4.73587069 3.91776822 -3.63662521 2.64045763 -3.12474762 
3.32358223 9.44394552 -4.35729848 2.24199593 -1.34176187 0.56209757 -0.72414156 0.46823258 -0.26394606 0.00452109 -0.24573059 -0.26923825 -0.66497380 
1.86285715 -3.02266050 -0.39057860 -0.11160674 -0.14348673 -0.22400626 -0.25560619 0.16018134 -0.10058547 -0.14893201 -0.15119071 -0.38066150 -0.58395791 
3.13939503 1.27505190 -0.21469416 0.01328917 -0.12891813 -0.18021158 -0.26704734 0.17849521 -0.09148670 -0.13120514 -0.14746762 -0.36458277 -0.59203150 
4.57509882 9.70301980 -4.58524893 2.41705670 -1.46723487 0.65004437 -0.78472233 0.50963316 -0.29211831 0.02443967 -0.26013911 -0.25827111 -0.67313986 
4.79769795 13.62926175 -8.78013377 6.32925372 -4.88061268 3.53279374 -3.16351541 2.44193077 -1.84377539 1.26725969 -1.25040975 0.52904480 -1.29081431 
4.00022327 -7.43061979 -2.25708564 -0.90885649 -0.48270332 -0.39739838 -0.32740103 0.10729211 -0.14206840 -0.18798335 -0.17814520 -0.40427902 -0.58768721 
5.59508803 2.85889522 -0.55872916 0.10651780 -0.15220727 -0.15879141 -0.27998043 0.18784887 -0.09288908 -0.12482971 -0.15022253 -0.35729206 -0.59724324 
6.62748952 12.55200908 -7.48954965 4.99649082 -3.60589493 2.36681409 -2.13081025 1.54891494 -1.08597745 0.63272410 -0.72596631 0.10056017 -0.94606383 
6.69883155 13.69134547 -8.85778888 6.41280705 -4.96375131 3.61173717 -3.23598212 2.50677105 -1.90061001 1.31628307 -1.29205019 0.56391158 -1.31952619 
5.98823900 8.83073777 -3.84159089 1.86238925 -1.08054022 0.38523580 -0.60599462 0.38960716 -0.21172827 -0.03209777 -0.21926766 -0.28971837 -0.64962378 
4.44777503 3.91812400 -0.91176825 0.22559644 -0.19103477 -0.13593426 -0.29353216 0.19674684 -0.09610521 -0.11957960 -0.15366805 -0.35142698 -0.60169150 
1.60312459 -7.83354310 -2.51309805 -1.05430097 -0.56064522 -0.43985634 -0.34954251 0.09380622 -0.15128008 -0.19510272 -0.18327081 -0.40807102 -0.58942769 
-0.11263518 -8.22842795 -2.77791836 -1.21227148 -0.64928694 -0.48979904 -0.37665191 0.07725141 -0.16240746 -0.20342849 -0.18921620 -0.41239604 -0.59159521 
-1.55389604 11.56056803 -6.39572338 3.95316679 -2.68244449 1.58208279 -1.48338638 1.02592653 -0.67010665 0.30422243 -0.46839147 -0.10062752 -0.79095626 
-0.90989521 -8.16369041 -2.73355914 -1.18529209 -0.63386994 -0.48099215 -0.37179632 0.08022462 -0.16041829 -0.20195708 -0.18816909 -0.41163898 -0.59120396 
-0.21096677 -15.10482819 -9.61860040 -7.29500101 -5.79546440 -4.75659844 -3.86012298 -2.76655571 -2.47784728 -2.08197004 -1.69667435 -1.60964956 -1.52312787 
2.05373757 4.38310292 -1.09789753 0.29707343 -0.21746614 -0.12185841 -0.30158457 0.20179959 -0.09836172 -0.11681561 -0.15570240 -0.34849808 -0.60396189 
4.48921490 5.19535794 -1.46868154 0.45539425 -0.28231439 -0.08818083 -0.32044009 0.21326293 -0.10408726 -0.11093910 -0.16024420 -0.34268927 -0.60852071 
5.56971801 11.65896954 -6.50029590 4.04933171 -2.76454139 1.64948988 -1.53717844 1.06801051 -0.70256282 0.32919171 -0.48752582 -0.08594269 -0.80209051 
5.91017356 15.58239071 -11.39716733 9.34206237 -8.08658733 6.78378140 -6.34770459 5.47853494 -4.67664089 3.86117300 -3.58366225 2.59189112 -3.08113605 
5.64557891 12.27108203 -7.17052547 4.68376544 -3.32175466 2.11942039 -1.92197136 1.37654396 -0.94612742 0.52033211 -0.63651504 0.02986329 -0.89095663 
4.67515662 6.28630778 -2.05813673 0.74590270 -0.41874560 -0.01585592 -0.36086064 0.23724921 -0.11732128 -0.09966018 -0.16911447 -0.33293474 -0.61624057 
2.80761047 10.18600255 -5.02621383 2.76784147 -1.72740039 0.83797137 -0.91776960 0.60281265 -0.35696870 0.07080931 -0.29384951 -0.23282214 -0.69203413 
2.75303960 10.55904509 -5.38109386 3.06138881 -1.95349922 1.00688467 -1.04111511 0.69165450 -0.42041312 0.11687996 -0.32764584 -0.20739548 -0.71091186 
3.72290470 10.76926375 -5.58657706 3.23580638 -2.09124322 1.11214108 -1.11960539 0.74928699 -0.46230671 0.14766830 -0.35041432 -0.19024867 -0.72366948 
4.35198644 13.54370596 -8.67370822 6.21535229 -4.76786325 3.42626544 -3.06619806 2.35526082 -1.76814698 1.20229896 -1.19544932 0.48319172 -1.25318643 
4.46524522 15.06508289 -10.66889660 8.46426962 -7.11133712 5.75431319 -5.30065769 4.44413388 -3.67930245 2.91980894 -2.71281367 1.80190051 -2.37891122 
4.14509180 13.37406681 -8.46470230 5.99372213 -4.55044229 3.22260646 -2.88169778 2.19226846 -1.62701937 1.08195159 -1.09431550 0.39933847 -1.18478134 
3.58212582 12.26975538 -7.16903600 4.68232140 -3.32045672 2.11830184 -1.92103644 1.37577960 -0.94551286 0.51984217 -0.63612790 0.02955914 -0.89072089 
3.17012446 15.59981691 -11.42213447 9.37265669 -8.12111747 6.82077817 -6.38587105 5.51675310 -4.71396476 3.89682862 -3.61702240 2.62247594 -3.10859533 
3.14533171 15.59956237 -11.42176958 9.37220933 -8.12061232 6.82023668 -6.38531218 5.51619324 -4.71341778 3.89630589 -3.61653315 2.62202723 -3.10819235 
2.91316848 13.33910764 -8.42196252 5.94873853 -4.50663453 3.18185858 -2.84503384 2.16009146 -1.59933510 1.05848280 -1.07470224 0.38315846 -1.17164574 
3.12923931 11.46278057 -6.29267132 3.85916036 -2.60281747 1.51718034 -1.43195249 0.98595136 -0.63946690 0.28077033 -0.45049547 -0.11432252 -0.78060076 
3.63165905 14.41588658 -9.79077414 7.44539566 -6.02010171 4.64206394 -4.20690614 3.39799268 -2.70138425 2.02338189 -1.90617453 1.08895469 -1.76062845 
3.77803794 15.60999040 -11.43672330 9.39054849 -8.14132701 6.84244765 -6.40824168 5.53916935 -4.73587069 3.91776822 -3.63662521 2.64045763 -3.12474762 
3.92903528 14.61658882 -10.05797756 7.75070452 -6.34221795 4.96564044 -4.52061587 3.69393047 -2.97434473 2.27041968 -2.12577012 1.28080925 -1.92517053 
4.06414249 15.60894711 -11.43522678 9.38871265 -8.13925280 6.84022305 -6.40594456 5.53686702 -4.73362029 3.91561667 -3.63461063 2.63860932 -3.12308707 
4.07200617 15.60895528 -11.43523850 9.38872702 -8.13926904 6.84024047 -6.40596254 5.53688505 -4.73363791 3.91563351 -3.63462640 2.63862378 -3.12310007 
3.82217894 12.79036214 -7.76589008 5.27283282 -3.86190976 2.59387143 -2.32591865 1.71271997 -1.22105246 0.74286616 -0.81477970 0.17153555 -1.00197069 
3.13441746 11.17205554 -5.99139641 3.58871216 -2.37728436 1.33599235 -1.29031731 0.87727771 -0.55716829 0.21838544 -0.40326291 -0.15028790 -0.75353454 
1.92964252 2.61852693 -0.49233860 0.08674686 -0.14657364 -0.16274208 -0.27757058 0.18619209 -0.09245113 -0.12587868 -0.14963632 -0.35849603 -0.59635265 
