9.61823424 0.34475700 -0.11528201 -0.01239855 -0.12520256 -0.18987316 -0.26194728 0.17419433 -0.09201742 -0.13465830 -0.14694281 -0.36832121 -0.58959578 
3.29736603 15.60999040 -11.43672330 9.39054849 -8.14132701 6.84244765 -6.40824168 5.53916935 -4.73587069 3.91776822 -3.63662521 2.64045763 -3.12474762 
3.10606535 13.77373426 -8.96139747 6.52486494 -5.07581894 3.71866843 -3.33460472 2.59541841 -1.97865475 1.38387946 -1.34968951 0.61234799 -1.35954926 
2.86214027 15.60652229 -11.43174894 9.38444669 -8.13443344 6.83505475 -6.40060824 5.53151908 -4.72839340 3.91061972 -3.62993214 2.63431726 -3.11923127 
2.84771731 15.60647196 -11.43167677 9.38435817 -8.13433344 6.83494751 -6.40049752 5.53140813 -4.72828497 3.91051607 -3.62983510 2.63422823 -3.11915130 
2.83318960 15.60642053 -11.43160301 9.38426770 -8.13423125 6.83483793 -6.40038439 5.53129475 -4.72817416 3.91041014 -3.62973593 2.63413726 -3.11906958 
2.57784205 12.88395294 -7.87582268 5.38415599 -3.96631445 2.68755020 -2.40732319 1.78180288 -1.27860632 0.79023354 -0.85329778 0.20254324 -1.02656485 
2.54962597 13.14519020 -8.18694173 5.70344466 -4.26969603 2.96318329 -2.64975485 1.98995323 -1.45397021 0.93604482 -0.97298996 0.29970450 -1.10424336 
2.77399990 15.60620312 -11.43129121 9.38388527 -8.13379925 6.83437468 -6.39990611 5.53081547 -4.72770576 3.90996237 -3.62931672 2.63375270 -3.11872413 
2.75892466 15.60614566 -11.43120881 9.38378421 -8.13368508 6.83425226 -6.39977973 5.53068881 -4.72758199 3.90984405 -3.62920595 2.63365108 -3.11863284 
2.74373493 15.60608689 -11.43112452 9.38368083 -8.13356830 6.83412704 -6.39965044 5.53055926 -4.72745537 3.90972302 -3.62909263 2.63354714 -3.11853946 
2.98142876 13.69008393 -8.85620736 6.41110168 -4.96205079 3.61011915 -3.23449391 2.50543691 -1.89943843 1.31527077 -1.29118895 0.56318936 -1.31893061 
2.97544580 13.59906001 -8.74248699 6.28888199 -4.84057151 3.49489138 -3.12882773 2.41098435 -1.81672619 1.24398952 -1.23069301 0.51257308 -1.27727991 
2.45970684 12.67035433 -7.62610497 5.13241921 -3.73125721 2.47751830 -2.22554084 1.62812712 -1.15104480 0.68559595 -0.76846446 0.13442949 -0.97267304 
2.42956825 12.94416939 -7.94697938 5.45663105 -4.03467030 2.74921453 -2.46118723 1.82774308 -1.31706323 0.82202209 -0.87925078 0.22350921 -1.04324970 
2.66600612 15.60577179 -11.43067264 9.38312661 -8.13294225 6.83345573 -6.39895737 5.52986474 -4.72677663 3.90907419 -3.62848520 2.63298991 -3.11803891 
2.65009117 15.60570421 -11.43057572 9.38300774 -8.13280798 6.83331174 -6.39880872 5.52971578 -4.72663106 3.90893503 -3.62835492 2.63287041 -3.11793156 
2.89902850 13.57749767 -8.71566132 6.26016832 -4.81214484 3.46803016 -3.10428645 2.38912590 -1.79765064 1.22760325 -1.21682820 0.50100496 -1.26778628 
3.10327446 15.60999040 -11.43672330 9.39054849 -8.14132701 6.84244765 -6.40824168 5.53916935 -4.73587069 3.91776822 -3.63662521 2.64045763 -3.12474762 
3.10327446 15.60999040 -11.43672330 9.39054849 -8.14132701 6.84244765 -6.40824168 5.53916935 -4.73587069 3.91776822 -3.63662521 2.64045763 -3.12474762 
2.89283047 13.48202483 -8.59740382 6.13412208 -4.68787199 3.35106428 -2.99783116 2.29465852 -1.71550321 1.15727077 -1.15750302 0.45164805 -1.22739073 
2.35272303 12.46597139 -7.39107806 4.89923779 -3.51688644 2.28878311 -2.06450541 1.49384411 -1.04103029 0.59641110 -0.69692930 0.07752099 -0.92803879 
2.32072189 12.75115593 -7.72007731 5.22667310 -3.81883075 2.55539853 -2.29263747 1.68459897 -1.19772184 0.72373733 -0.79927823 0.15909427 -0.99213097 
2.56855949 15.60534065 -11.43005435 9.38236830 -8.13208568 6.83253724 -6.39800914 5.52891454 -4.72584804 3.90818653 -3.62765419 2.63222761 -3.11735414 
2.55184660 15.60526240 -11.42994214 9.38223069 -8.13193024 6.83237056 -6.39783706 5.52874211 -4.72567953 3.90802545 -3.62750339 2.63208928 -3.11722989 
2.81313566 13.45469766 -8.56371105 6.09837009 -4.65277630 3.31817001 -2.96801406 2.26830281 -1.69267115 1.13779138 -1.14112641 0.43806440 -1.21630551 
2.80670735 13.35441934 -8.44066808 5.96841197 -4.52578025 3.19965502 -2.86103618 2.17412656 -1.61140322 1.06870754 -1.08324273 0.39020059 -1.17736022 
2.51799590 15.60509987 -11.42970907 9.38194484 -8.13160735 6.83202435 -6.39747964 5.52838395 -4.72532952 3.90769088 -3.62719018 2.63180196 -3.11697180 
2.50085325 15.60501544 -11.42958800 9.38179636 -8.13143964 6.83184452 -6.39729398 5.52819792 -4.72514772 3.90751710 -3.62702749 2.63165273 -3.11683775 
2.48356240 15.60492881 -11.42946377 9.38164400 -8.13126754 6.83165999 -6.39710349 5.52800704 -4.72496118 3.90733879 -3.62686056 2.63149960 -3.11670020 
2.46612076 15.60483990 -11.42933627 9.38148764 -8.13109092 6.83147061 -6.39690798 5.52781113 -4.72476974 3.90715579 -3.62668924 2.63134245 -3.11655904 
2.73867191 13.34361328 -8.42746458 5.95452299 -4.51226165 3.18708720 -2.84973366 2.16421209 -1.60287705 1.06148280 -1.07720735 0.38522352 -1.17332106 
2.95799609 15.60999040 -11.43672330 9.39054849 -8.14132701 6.84244765 -6.40824168 5.53916935 -4.73587069 3.91776822 -3.63662521 2.64045763 -3.12474762 
2.73203901 13.23902650 -8.30023328 5.82125081 -4.38307690 3.06746057 -2.74256044 2.07054596 -1.52261088 0.99369044 -1.02074718 0.33879212 -1.13573841 
2.43077444 15.60465491 -11.42907099 9.38116231 -8.13072345 6.83107659 -6.39650122 5.52740354 -4.72437143 3.90677505 -3.62633282 2.63101550 -3.11626535 
2.41286423 15.60455865 -11.42893297 9.38099303 -8.13053225 6.83087159 -6.39628958 5.52719148 -4.72416419 3.90657696 -3.62614737 2.63084540 -3.11611256 
2.39479219 15.60445977 -11.42879118 9.38081914 -8.13033584 6.83066099 -6.39607218 5.52697363 -4.72395131 3.90637348 -3.62595688 2.63067066 -3.11595560 
2.67707095 13.24838720 -8.31157944 5.83309405 -4.39451761 3.07802003 -2.75199052 2.07876220 -1.52963086 0.99960321 -1.02565899 0.34282211 -1.13899317 
2.67026536 13.14013383 -8.18086012 5.69714382 -4.26365355 2.95764499 -2.64484218 1.98570071 -1.45035949 0.93302109 -0.97049151 0.29766446 -1.10260331 
2.66137459 13.22363241 -8.28159167 5.80181023 -4.36431379 3.05015747 -2.72712073 2.05710436 -1.51113512 0.98403149 -1.01272863 0.33221704 -1.13043115 
2.65452451 13.11442970 -8.14998071 5.66518776 -4.23304189 2.92961736 -2.62000619 1.96422345 -1.43214098 0.91777770 -0.95790642 0.28739593 -1.09435383 
2.64555616 13.19848142 -8.25118201 5.77014462 -4.33379624 3.02205385 -2.70207750 2.03533051 -1.49256896 0.96842274 -0.99978466 0.32161349 -1.12188011 
2.63866105 13.08831574 -8.11867144 5.63284910 -4.20212183 2.90135811 -2.59500843 1.94264248 -1.41386388 0.90250787 -0.94531673 0.27713623 -1.08612105 
2.32082540 15.60403598 -11.42818349 9.38007390 -8.12949409 6.82975846 -6.39514048 5.52604006 -4.72303903 3.90550146 -3.62514056 2.62992187 -3.11528300 
2.30189824 15.60392243 -11.42802066 9.37987422 -8.12926855 6.82951665 -6.39489085 5.52578994 -4.72279460 3.90526783 -3.62492185 2.62972125 -3.11510280 
2.28279025 15.60380560 -11.42785313 9.37966878 -8.12903651 6.82926786 -6.39463402 5.52553260 -4.72254314 3.90502747 -3.62469684 2.62951486 -3.11491742 
2.58102357 13.09373404 -8.12516252 5.63954845 -4.20852248 2.90720376 -2.60017582 1.94710058 -1.41763706 0.90565835 -0.94791282 0.27925083 -1.08781709 
2.57394269 12.97957416 -7.98897242 5.49955573 -4.07529721 2.78598687 -2.49341176 1.85531258 -1.34021057 0.84120772 -0.89495350 0.23622253 -1.05338822 
2.56456577 13.06646358 -8.09252022 5.60588620 -4.17638654 2.87787656 -2.57427037 1.92476674 -1.39874730 0.88989580 -0.93493145 0.26868255 -1.07934479 
2.80133240 15.60999040 -11.43672330 9.39054849 -8.14132701 6.84244765 -6.40824168 5.53916935 -4.73587069 3.91776822 -3.63662521 2.64045763 -3.12474762 
2.80133240 15.60999040 -11.43672330 9.39054849 -8.14132701 6.84244765 -6.40824168 5.53916935 -4.73587069 3.91776822 -3.63662521 2.64045763 -3.12474762 
2.55743699 12.95126800 -7.95538967 5.46521881 -4.04278994 2.75655653 -2.46761505 1.83323729 -1.32167209 0.82583906 -0.88237250 0.22603497 -1.04526266 
2.54797395 13.03873956 -8.05940533 5.57180644 -4.14391697 2.84830140 -2.54819409 1.90232563 -1.37979918 0.87410933 -0.92194919 0.25812719 -1.07089325 
2.78646245 15.60999040 -11.43672330 9.39054849 -8.14132701 6.84244765 -6.40824168 5.53916935 -4.73587069 3.91776822 -3.63662521 2.64045763 -3.12474762 
2.78646245 15.60999040 -11.43672330 9.39054849 -8.14132701 6.84244765 -6.40824168 5.53916935 -4.73587069 3.91776822 -3.63662521 2.64045763 -3.12474762 
2.78646245 15.60999040 -11.43672330 9.39054849 -8.14132701 6.84244765 -6.40824168 5.53916935 -4.73587069 3.91776822 -3.63662521 2.64045763 -3.12474762 
2.54079667 12.92249273 -7.92132602 5.43046461 -4.00995626 2.72688985 -2.44166123 1.81106873 -1.30308833 0.81045784 -0.86980000 0.21586774 -1.03716349 
2.53124597 13.01055137 -8.02580871 5.53730290 -4.11111047 2.81847735 -2.52194776 1.87977906 -1.36079506 0.85830141 -0.90896837 0.24758684 -1.06246423 
2.52401959 12.89323743 -7.88677223 5.39528706 -3.97679323 2.69698631 -2.41555143 1.78880901 -1.28446186 0.79506669 -0.85723842 0.20572291 -1.02909242 
2.51437963 12.98188808 -7.99172094 5.50236920 -4.07796374 2.78840358 -2.49553227 1.85712900 -1.34173742 0.84247461 -0.89599141 0.23706359 -1.05405950 
2.75638669 15.60999040 -11.43672330 9.39054849 -8.14132701 6.84244765 -6.40824168 5.53916935 -4.73587069 3.91776822 -3.63662521 2.64045763 -3.12474762 
2.50710352 12.86349080 -7.85171888 5.35968002 -3.94329795 2.66684549 -2.38928693 1.76646037 -1.26579534 0.77966829 -0.84469022 0.19560260 -1.02105119 
2.49737265 12.95273845 -7.95713242 5.46699890 -4.04447352 2.75807933 -2.46894863 1.83437749 -1.32262881 0.82663158 -0.88302081 0.22655962 -1.04568087 
2.74117749 15.60999040 -11.43672330 9.39054849 -8.14132701 6.84244765 -6.40824168 5.53916935 -4.73587069 3.91776822 -3.63662521 2.64045763 -3.12474762 
2.74117749 15.60999040 -11.43672330 9.39054849 -8.14132701 6.84244765 -6.40824168 5.53916935 -4.73587069 3.91776822 -3.63662521 2.64045763 -3.12474762 
2.74117749 15.60999040 -11.43672330 9.39054849 -8.14132701 6.84244765 -6.40824168 5.53916935 -4.73587069 3.91776822 -3.63662521 2.64045763 -3.12474762 
2.49004619 12.83324121 -7.81615628 5.32363727 -3.90946752 2.63646704 -2.36286911 1.74402519 -1.24709157 0.76426542 -0.83215792 0.18550896 -1.01304158 
2.48022273 12.92309085 -7.92203328 5.43118544 -4.01063656 2.72750393 -2.44219794 1.81152674 -1.30347194 0.81077509 -0.87005913 0.21607716 -1.03733020 
2.72585175 15.60999040 -11.43672330 9.39054849 -8.14132701 6.84244765 -6.40824168 5.53916935 -4.73587069 3.91776822 -3.63662521 2.64045763 -3.12474762 
2.72585175 15.60999040 -11.43672330 9.39054849 -8.14132701 6.84244765 -6.40824168 5.53916935 -4.73587069 3.91776822 -3.63662521 2.64045763 -3.12474762 
2.72585175 15.60999040 -11.43672330 9.39054849 -8.14132701 6.84244765 -6.40824168 5.53916935 -4.73587069 3.91776822 -3.63662521 2.64045763 -3.12474762 
2.72585175 15.60999040 -11.43672330 9.39054849 -8.14132701 6.84244765 -6.40824168 5.53916935 -4.73587069 3.91776822 -3.63662521 2.64045763 -3.12474762 
2.72585175 15.60999040 -11.43672330 9.39054849 -8.14132701 6.84244765 -6.40824168 5.53916935 -4.73587069 3.91776822 -3.63662521 2.64045763 -3.12474762 
2.47284527 12.80247666 -7.78007455 5.28715249 -3.87529909 2.60585073 -2.33629947 1.72150596 -1.22835344 0.74886093 -0.81964413 0.17544418 -1.00506537 
2.46292750 12.89293329 -7.88641342 5.39492218 -3.97644962 2.69667679 -2.41528145 1.78857906 -1.28426962 0.79490798 -0.85710899 0.20561845 -1.02900936 
2.71040765 15.60999040 -11.43672330 9.39054849 -8.14132701 6.84244765 -6.40824168 5.53916935 -4.73587069 3.91776822 -3.63662521 2.64045763 -3.12474762 
2.71040765 15.60999040 -11.43672330 9.39054849 -8.14132701 6.84244765 -6.40824168 5.53916935 -4.73587069 3.91776822 -3.63662521 2.64045763 -3.12474762 
2.71040765 15.60999040 -11.43672330 9.39054849 -8.14132701 6.84244765 -6.40824168 5.53916935 -4.73587069 3.91776822 -3.63662521 2.64045763 -3.12474762 
2.45549839 12.77118478 -7.74346354 5.25021930 -3.84078986 2.57499645 -2.30957967 1.69890530 -1.20958396 0.73345780 -0.80715151 0.16541052 -0.99712439 
2.10206993 15.60258339 -11.42610068 9.37751978 -8.12660937 6.82666562 -6.39194783 5.52284115 -4.71991318 3.90251371 -3.62234373 2.62735649 -3.11297875 
2.42789130 12.83103848 -7.81356994 5.32101922 -3.90701310 2.63426558 -2.36095677 1.74240287 -1.24574045 0.76315377 -0.83125421 0.18478164 -1.01246484 
2.42035691 12.70696751 -7.66861192 5.17498176 -3.77073803 2.51257404 -2.25569688 1.65347095 -1.17196365 0.70266789 -0.78224077 0.14544573 -0.98135551 
2.41014531 12.79927529 -7.77632486 5.28336579 -3.87175724 2.60268088 -2.33355176 1.71917971 -1.22641984 0.74727287 -0.81835521 0.17440831 -1.00424505 
2.66334666 15.60999040 -11.43672330 9.39054849 -8.14132701 6.84244765 -6.40824168 5.53916935 -4.73587069 3.91776822 -3.63662521 2.64045763 -3.12474762 
2.66334666 15.60999040 -11.43672330 9.39054849 -8.14132701 6.84244765 -6.40824168 5.53916935 -4.73587069 3.91776822 -3.63662521 2.64045763 -3.12474762 
2.66334666 15.60999040 -11.43672330 9.39054849 -8.14132701 6.84244765 -6.40824168 5.53916935 -4.73587069 3.91776822 -3.63662521 2.64045763 -3.12474762 
2.66334666 15.60999040 -11.43672330 9.39054849 -8.14132701 6.84244765 -6.40824168 5.53916935 -4.73587069 3.91776822 -3.63662521 2.64045763 -3.12474762 
2.66334666 15.60999040 -11.43672330 9.39054849 -8.14132701 6.84244765 -6.40824168 5.53916935 -4.73587069 3.91776822 -3.63662521 2.64045763 -3.12474762 
2.40255726 12.67401535 -7.63034979 5.13666425 -3.73519006 2.48100627 -2.22853792 1.63064321 -1.15311944 0.68728749 -0.76982831 0.13551929 -0.97353137 
2.39224391 12.76695026 -7.73851613 5.24523507 -3.83613887 2.57084325 -2.30598735 1.69587031 -1.20706625 0.73139373 -0.80547900 0.16406829 -0.99606291 
2.64741032 15.60999040 -11.43672330 9.39054849 -8.14132701 6.84244765 -6.40824168 5.53916935 -4.73587069 3.91776822 -3.63662521 2.64045763 -3.12474762 
2.38460151 12.64048226 -7.59151534 5.09787202 -3.69929059 2.44920125 -2.20123687 1.60774600 -1.13425719 0.67192122 -0.75744833 0.12563335 -0.96574998 
2.37418444 12.73404935 -7.70013234 5.20661998 -3.80015497 2.53875270 -2.27826551 1.67247772 -1.18768314 0.71551971 -0.79262859 0.15376411 -0.98792044 
2.63134598 15.60999040 -11.43672330 9.39054849 -8.14132701 6.84244765 -6.40824168 5.53916935 -4.73587069 3.91776822 -3.63662521 2.64045763 -3.12474762 
2.63134598 15.60999040 -11.43672330 9.39054849 -8.14132701 6.84244765 -6.40824168 5.53916935 -4.73587069 3.91776822 -3.63662521 2.64045763 -3.12474762 
2.63134598 15.60999040 -11.43672330 9.39054849 -8.14132701 6.84244765 -6.40824168 5.53916935 -4.73587069 3.91776822 -3.63662521 2.64045763 -3.12474762 
2.63134598 15.60999040 -11.43672330 9.39054849 -8.14132701 6.84244765 -6.40824168 5.53916935 -4.73587069 3.91776822 -3.63662521 2.64045763 -3.12474762 
2.63134598 15.60999040 -11.43672330 9.39054849 -8.14132701 6.84244765 -6.40824168 5.53916935 -4.73587069 3.91776822 -3.63662521 2.64045763 -3.12474762 
2.89750959 13.48879247 -8.60575864 6.14299852 -4.69659602 3.35925056 -3.00525998 2.30123207 -1.72120385 1.16213907 -1.16159958 0.45504880 -1.23016818 
2.90369529 13.58400917 -8.72375770 6.26882981 -4.82071520 3.47612443 -3.11167798 2.39570625 -1.80339057 1.23253184 -1.22099672 0.50448167 -1.27063850 
2.64741032 15.60999040 -11.43672330 9.39054849 -8.14132701 6.84244765 -6.40824168 5.53916935 -4.73587069 3.91776822 -3.63662521 2.64045763 -3.12474762 
2.64741032 15.60999040 -11.43672330 9.39054849 -8.14132701 6.84244765 -6.40824168 5.53916935 -4.73587069 3.91776822 -3.63662521 2.64045763 -3.12474762 
2.91148253 13.50890208 -8.63060958 6.16942676 -4.72259526 3.38366953 -3.02743915 2.32087463 -1.73825210 1.17670928 -1.17386894 0.46524086 -1.23849747 
2.72159880 10.19595922 -5.03552380 2.77541614 -1.73314128 0.84219821 -0.92081463 0.60497881 -0.35849795 0.07191166 -0.29465443 -0.23221626 -0.69248368 
2.39224391 12.76695026 -7.73851613 5.24523507 -3.83613887 2.57084325 -2.30598735 1.69587031 -1.20706625 0.73139373 -0.80547900 0.16406829 -0.99606291 
2.64741032 15.60999040 -11.43672330 9.39054849 -8.14132701 6.84244765 -6.40824168 5.53916935 -4.73587069 3.91776822 -3.63662521 2.64045763 -3.12474762 
2.91148253 13.50890208 -8.63060958 6.16942676 -4.72259526 3.38366953 -3.02743915 2.32087463 -1.73825210 1.17670928 -1.17386894 0.46524086 -1.23849747 
2.91763150 13.60335688 -8.74783789 6.29461484 -4.84625223 3.50026395 -3.13374045 2.41536360 -1.82055091 1.24727746 -1.23347693 0.51489733 -1.27918852 
2.66334666 15.60999040 -11.43672330 9.39054849 -8.14132701 6.84244765 -6.40824168 5.53916935 -4.73587069 3.91776822 -3.63662521 2.64045763 -3.12474762 
2.92535985 13.52872616 -8.65514449 6.19555674 -4.74833746 3.40787988 -3.04945777 2.34039981 -1.75521921 1.19122670 -1.18610689 0.47541679 -1.24682137 
2.93147252 13.62242870 -8.77160886 6.32010405 -4.87153047 3.52418989 -3.15563527 2.43489536 -1.83762160 1.26196213 -1.24591835 0.52529044 -1.28772776 
2.67915702 15.60999040 -11.43672330 9.39054849 -8.14132701 6.84244765 -6.40824168 5.53916935 -4.73587069 3.91776822 -3.63662521 2.64045763 -3.12474762 
2.67915702 15.60999040 -11.43672330 9.39054849 -8.14132701 6.84244765 -6.40824168 5.53916935 -4.73587069 3.91776822 -3.63662521 2.64045763 -3.12474762 
2.67915702 15.60999040 -11.43672330 9.39054849 -8.14132701 6.84244765 -6.40824168 5.53916935 -4.73587069 3.91776822 -3.63662521 2.64045763 -3.12474762 
2.67915702 15.60999040 -11.43672330 9.39054849 -8.14132701 6.84244765 -6.40824168 5.53916935 -4.73587069 3.91776822 -3.63662521 2.64045763 -3.12474762 
2.67915702 15.60999040 -11.43672330 9.39054849 -8.14132701 6.84244765 -6.40824168 5.53916935 -4.73587069 3.91776822 -3.63662521 2.64045763 -3.12474762 
2.93914285 13.54827028 -8.67936870 6.22139265 -4.77382542 3.43188316 -3.07131635 2.35980735 -1.77210443 1.20569029 -1.19831231 0.48557549 -1.25513884 
2.94521961 13.64123002 -8.79507586 6.34530171 -4.89655289 3.54790398 -3.17736317 2.45430147 -1.85460208 1.27658497 -1.25831995 0.53565998 -1.29625524 
2.95283276 13.56753985 -8.70328743 6.24693863 -4.79906193 3.45568091 -3.09301544 2.37909707 -1.78890706 1.22009909 -1.21048413 0.49571589 -1.26344890 
2.95887402 13.65976609 -8.81824405 6.37021200 -4.92132240 3.57140797 -3.19892488 2.47358193 -1.87149182 1.29114516 -1.27068076 0.54600495 -1.30477002 
2.96643084 13.58654016 -8.72690580 6.27219875 -4.82404976 3.47927471 -3.11455561 2.39826880 -1.80562646 1.23445218 -1.22262130 0.50583695 -1.27175058 
3.17624664 15.60745640 -11.43308864 9.38608990 -8.13628974 6.83704537 -6.40266349 5.53357873 -4.73040636 3.91254406 -3.63173379 2.63597005 -3.12071603 
2.98590971 13.69606282 -8.86370410 6.41918684 -4.97011430 3.61779265 -3.24155290 2.51176606 -1.90499716 1.32007444 -1.29527631 0.56661735 -1.32175782 
2.99335627 13.62375354 -8.77326138 6.32187733 -4.87329034 3.52585675 -3.15716165 2.43625787 -1.83881318 1.26298775 -1.24678777 0.52601709 -1.28832507 
2.99929336 13.71383333 -8.88600573 6.44325942 -4.99414241 3.64067685 -3.26262084 2.53066991 -1.92161194 1.33444209 -1.30750929 0.57688295 -1.33022906 
3.00668597 13.64197652 -8.79600829 6.34630361 -4.89754850 3.54884816 -3.17822882 2.45507510 -1.85527942 1.27716859 -1.25881517 0.53607426 -1.29659608 
3.01258909 13.73135831 -8.90802811 6.46706068 -5.01792906 3.66335796 -3.28352584 2.54944846 -1.93813429 1.34874417 -1.31969796 0.58712031 -1.33868408 
3.01992852 13.65995013 -8.81847424 6.37045967 -4.92156883 3.57164195 -3.19913966 2.47377410 -1.87166025 1.29129044 -1.27080416 0.54610827 -1.30485510 
3.22478245 15.60757636 -11.43326069 9.38630094 -8.13652815 6.83730104 -6.40292747 5.53384328 -4.73066493 3.91279125 -3.63196522 2.63618236 -3.12090676 
3.23673457 15.60760502 -11.43330179 9.38635136 -8.13658511 6.83736213 -6.40299054 5.53390649 -4.73072670 3.91285031 -3.63202051 2.63623308 -3.12095233 
3.24861569 15.60763317 -11.43334217 9.38640088 -8.13664106 6.83742213 -6.40305249 5.53396858 -4.73078738 3.91290832 -3.63207483 2.63628291 -3.12099709 
3.45608219 14.11978471 -9.40351941 7.01041939 -5.56874262 4.19583674 -3.78092153 3.00209804 -2.34143909 1.70201857 -1.62416788 0.84553721 -1.55426402 
3.47058721 14.32331205 -9.66881141 7.30743920 -5.87597317 4.49864405 -4.06912917 3.26916992 -2.58357652 1.91762408 -1.81288707 1.00804169 -1.69171464 
3.29544669 15.60774094 -11.43349674 9.38659048 -8.13685525 6.83765183 -6.40328966 5.53420626 -4.73101968 3.91313040 -3.63228275 2.63647367 -3.12116845 
3.30698509 15.60776673 -11.43353373 9.38663585 -8.13690651 6.83770679 -6.40334641 5.53426313 -4.73107527 3.91318354 -3.63233251 2.63651931 -3.12120946 
3.31845730 15.60779207 -11.43357008 9.38668044 -8.13695689 6.83776082 -6.40340219 5.53431904 -4.73112991 3.91323578 -3.63238141 2.63656418 -3.12124977 
3.32986409 15.60781699 -11.43360582 9.38672428 -8.13700641 6.83781392 -6.40345703 5.53437399 -4.73118362 3.91328712 -3.63242949 2.63660828 -3.12128939 
3.34120618 15.60784148 -11.43364095 9.38676737 -8.13705509 6.83786613 -6.40351093 5.53442802 -4.73123642 3.91333760 -3.63247675 2.63665164 -3.12132834 
3.35248432 15.60786557 -11.43367549 9.38680974 -8.13710296 6.83791747 -6.40356394 5.53448114 -4.73128834 3.91338724 -3.63252322 2.63669427 -3.12136664 
3.36369921 15.60788925 -11.43370946 9.38685140 -8.13715003 6.83796794 -6.40361605 5.53453337 -4.73133939 3.91343604 -3.63256892 2.63673619 -3.12140430 
3.37485157 15.60791254 -11.43374286 9.38689237 -8.13719631 6.83801758 -6.40366730 5.53458473 -4.73138959 3.91348403 -3.63261385 2.63677742 -3.12144133 
3.38594208 15.60793544 -11.43377571 9.38693267 -8.13724183 6.83806640 -6.40371771 5.53463524 -4.73143896 3.91353123 -3.63265804 2.63681796 -3.12147775 
3.57981234 14.25017393 -9.57302807 7.19971505 -5.76405616 4.38787376 -3.96327010 3.17068846 -2.49395227 1.83753614 -1.74255021 0.94728449 -1.64017009 
3.44402503 12.10830553 -6.98896939 4.50885522 -3.16550346 1.98554352 -1.81069167 1.28604569 -0.87373033 0.46286859 -0.59128316 -0.00556161 -0.86357925 
3.24457118 13.94565302 -9.17964033 6.76306070 -5.31615888 3.94995821 -3.54969875 2.79031537 -2.15157476 1.53474322 -1.47921664 0.72189022 -1.45061813 
3.42969920 15.60802336 -11.43390182 9.38708736 -8.13741659 6.83825381 -6.40391122 5.53482918 -4.73162851 3.91371244 -3.63282771 2.63697361 -3.12161758 
3.44049051 15.60804446 -11.43393208 9.38712448 -8.13745853 6.83829879 -6.40395766 5.53487572 -4.73167399 3.91375593 -3.63286842 2.63701096 -3.12165114 
3.62920577 14.29958842 -9.63768705 7.27237477 -5.83948329 4.46247029 -4.03450566 3.23691116 -2.55417670 1.89131669 -1.78975289 0.98803410 -1.67472115 
3.64262625 14.48180124 -9.87810809 7.54472274 -6.12442453 4.74640442 -4.30763790 3.49262898 -2.78832786 2.10177327 -1.97560889 1.14941316 -1.81231273 
3.65827076 14.32798108 -9.67494323 7.31435406 -5.88317602 4.50579107 -4.07597599 3.27555462 -2.58940022 1.92283931 -1.81747666 1.01201378 -1.69509059 
3.96848563 14.55446860 -9.97486617 7.65529209 -6.24109243 4.86361109 -4.42127866 3.59983815 -2.88721769 2.19127480 -2.05517014 1.21892471 -1.87192913 
3.98761420 14.79567268 -10.29962644 8.03039899 -6.64102645 5.26943370 -4.81859350 3.97820498 -3.23939852 2.51277237 -2.34330713 1.47261436 -2.09111506 
3.86405977 15.60489943 -11.42942164 9.38159234 -8.13120918 6.83159741 -6.39703889 5.52794230 -4.72489792 3.90727832 -3.62680395 2.63144767 -3.11665355 
3.88140059 15.60498681 -11.42954695 9.38174601 -8.13138277 6.83178354 -6.39723103 5.52813484 -4.72508608 3.90745817 -3.62697232 2.63160212 -3.11679229 
3.75577637 14.57705126 -10.00503743 7.68988224 -6.27770576 4.90050515 -4.45715538 3.63378050 -2.91861167 2.21976185 -2.08055552 1.24115481 -1.89103679 
3.77050852 14.43298089 -9.81338382 7.47106705 -6.04702022 4.66894468 -4.23281761 3.42230026 -2.72368416 2.04346114 -1.92393673 1.10440209 -1.77381876 
3.78309629 14.59902686 -10.03444408 7.72364700 -6.31349813 4.93662305 -4.49232556 3.66709852 -2.94946755 2.24779449 -2.10556467 1.26307914 -1.90990110 
3.79761660 14.45726043 -9.84554455 7.50763483 -6.08541755 4.70733918 -4.26987541 3.45710761 -2.75565501 2.07228106 -1.94945852 1.12662039 -1.79280910 
3.94929839 15.60531478 -11.43001726 9.38232281 -8.13203430 6.83248215 -6.39795226 5.52885754 -4.72579233 3.90813328 -3.62760434 2.63218188 -3.11731307 
3.96591870 15.60539174 -11.43012762 9.38245816 -8.13218718 6.83264608 -6.39812150 5.52902713 -4.72595807 3.90829171 -3.62775265 2.63231793 -3.11743528 
3.98240203 15.60546681 -11.43023527 9.38259020 -8.13233633 6.83280600 -6.39828660 5.52919257 -4.72611975 3.90844626 -3.62789734 2.63245065 -3.11755450 
3.99875062 15.60554006 -11.43034032 9.38271903 -8.13248185 6.83296204 -6.39844769 5.52935400 -4.72627751 3.90859706 -3.62803852 2.63258016 -3.11767084 
4.14966166 14.69563236 -10.16426038 7.87330420 -6.47276474 5.09794425 -4.64998776 3.81698545 -3.08875023 2.37474135 -2.21916670 1.36295631 -1.99607536 
4.28523509 15.60247877 -11.42595067 9.37733584 -8.12640163 6.82644290 -6.39171793 5.52261081 -4.71968810 3.90229859 -3.62214236 2.62717179 -3.11281286 
4.18954612 14.92098343 -10.47052769 8.23023552 -6.85663884 5.49072957 -5.03764948 4.18904030 -3.43765271 2.69550890 -2.50858774 1.61939480 -2.21897759 
4.20903594 14.73832047 -10.22190602 7.94007374 -6.54414636 5.17056396 -4.72126157 3.88502184 -3.15222207 2.43280748 -2.27131278 1.40895519 -2.03588951 
4.34088934 15.60288449 -11.42653239 9.37804916 -8.12720725 6.82730662 -6.39260949 5.52350409 -4.72056096 3.90313286 -3.62292330 2.62788809 -3.11345623 
4.24780121 14.95391013 -10.51568123 8.28331192 -6.91419658 5.55009230 -5.09668756 4.24611993 -3.49155918 2.74540021 -2.55388901 1.65977303 -2.25427443 
4.14016859 15.60612622 -11.43118093 9.38375001 -8.13364645 6.83421084 -6.39973696 5.53064596 -4.72754010 3.90980401 -3.62916846 2.63361669 -3.11860195 
4.28086749 14.78771764 -10.28882757 8.01782793 -6.62752149 5.25563017 -4.80498446 3.96515735 -3.22717515 2.50154553 -2.33318681 1.46365529 -2.08333426 
4.40834763 15.60334705 -11.42719563 9.37886248 -8.12812583 6.82829146 -6.39362610 5.52452269 -4.72155628 3.90408420 -3.62381384 2.62870493 -3.11418992 
4.31831872 14.99194402 -10.56796655 8.34491573 -6.98115324 5.61929878 -5.16565991 4.31293896 -3.55478591 2.80402500 -2.60721298 1.70738013 -2.29595541 
4.33653806 14.82435802 -10.33861640 8.07584324 -6.68990485 5.31944973 -4.86795925 4.02558468 -3.28383056 2.55362160 -2.38016416 1.50527059 -2.11949994 
4.35266899 15.00976829 -10.59251688 8.37389476 -7.01270631 5.65196759 -5.19827167 4.34458251 -3.58477361 2.83186995 -2.63257469 1.73005184 -2.31582915 
4.37056414 14.84606443 -10.36817237 8.11034988 -6.72707968 5.35754935 -4.90562043 4.06178344 -3.31782484 2.58491626 -2.40843599 1.53034991 -2.14132364 
4.49277375 15.60388386 -11.42796535 9.37980639 -8.12919194 6.82943451 -6.39480605 5.52570497 -4.72271158 3.90518847 -3.62484756 2.62965311 -3.11504159 
4.51176080 15.60399849 -11.42812972 9.38000797 -8.12941962 6.82967862 -6.39505805 5.52595747 -4.72295832 3.90542431 -3.62506834 2.62985562 -3.11522350 
4.63483647 14.96819410 -10.53530135 8.30641069 -6.93928341 5.57600325 -5.12249275 4.27110260 -3.51518342 2.76729150 -2.57378930 1.67753004 -2.26981292 
4.56157882 14.00965071 -9.26159021 6.85325297 -5.40790617 4.03894261 -3.63308075 2.86642268 -2.21957725 1.59446586 -1.53081385 0.76578055 -1.48730989 
4.46931238 14.90619269 -10.45027815 8.20647049 -6.83090665 5.46422930 -5.01133142 4.16362994 -3.41368634 2.67335514 -2.48849581 1.60150619 -2.20335667 
4.48447169 15.07406932 -10.68133266 8.47901532 -7.12746255 5.77107845 -5.31746095 4.46050131 -3.69487088 2.93431567 -2.72607063 1.81378851 -2.38936314 
4.27767865 14.93429801 -10.48877404 8.25166954 -6.87986797 5.51467273 -5.06144786 4.21203632 -3.45935866 2.71558787 -2.52681060 1.63562991 -2.23316343 
4.16403484 15.60904626 -11.43536900 9.38888711 -8.13944991 6.84043445 -6.40616284 5.53708579 -4.73383412 3.91582110 -3.63480205 2.63878493 -3.12324484 
4.29588363 14.83511799 -10.35326183 8.09293555 -6.70831228 5.33830867 -4.88659504 4.04349115 -3.30064142 2.56909298 -2.39413728 1.51766264 -2.13028069 
4.19699141 13.45112847 -8.55931558 6.09371123 -4.64820797 3.31389274 -2.96414088 2.26488264 -1.68971105 1.13526817 -1.13900686 0.43630767 -1.21487293 
3.92690313 15.60999040 -11.43672330 9.39054849 -8.14132701 6.84244765 -6.40824168 5.53916935 -4.73587069 3.91776822 -3.63662521 2.64045763 -3.12474762 
3.92690313 15.60999040 -11.43672330 9.39054849 -8.14132701 6.84244765 -6.40824168 5.53916935 -4.73587069 3.91776822 -3.63662521 2.64045763 -3.12474762 
3.65018631 12.40730801 -7.32432492 4.83367810 -3.45721093 2.23673746 -2.02050084 1.45746946 -1.01147724 0.57263182 -0.67798377 0.06253487 -0.91634810 
3.44934574 14.30255058 -9.64157036 7.27674653 -5.84402959 4.46697417 -4.03881370 3.24092243 -2.55783024 1.89458404 -1.79262456 0.99051639 -1.67682845 
3.43470175 14.09627224 -9.37312320 6.97665756 -5.53409019 4.16193769 -3.74889066 2.97262471 -2.31489876 1.67853812 -1.60374076 0.82804822 -1.53955247 
2.83599371 10.27032890 -5.10534373 2.83244093 -1.77652218 0.87424516 -0.94397272 0.62149924 -0.37019110 0.08035400 -0.30082488 -0.22757275 -0.69592922 
1.80785015 10.81044917 -5.62729981 3.27075319 -2.11913650 1.13366237 -1.13579921 0.76127690 -0.47108963 0.15415856 -0.35523279 -0.18661563 -0.72637648 
1.47656563 -14.35758760 -8.66821367 -6.25666672 -4.74794618 -3.75032589 -2.92686686 -1.92245105 -1.73024592 -1.43199692 -1.14166764 -1.14385180 -1.13923561 
2.58079557 8.80649697 -3.82189194 1.84835447 -1.07118434 0.37906913 -0.60197153 0.38698349 -0.21001834 -0.03329237 -0.21840282 -0.29039945 -0.64910991 
2.69325860 11.04084569 -5.85792204 3.47101012 -2.28081989 1.25973308 -1.23160814 0.83287300 -0.52398915 0.19349950 -0.38457878 -0.16444654 -0.74292924 
1.45087645 0.92196805 -0.16801937 0.00187047 -0.12695330 -0.18401282 -0.26493129 0.17679117 -0.09158579 -0.13252162 -0.14718003 -0.36603808 -0.59105833 
3.09770998 -0.69146486 -0.09397274 -0.03150876 -0.12530913 -0.19983255 -0.25795766 0.16991275 -0.09356374 -0.13857893 -0.14721769 -0.37220168 -0.58734185 
5.18657645 6.55280106 -2.21808012 0.83218064 -0.46281697 0.00830281 -0.37457083 0.24537832 -0.12200182 -0.09600183 -0.17196058 -0.33007598 -0.61850109 
6.60395266 9.06405820 -4.03386796 2.00120073 -1.17426473 0.44767237 -0.64710689 0.41662879 -0.22946785 -0.01969238 -0.22823834 -0.28270667 -0.65489931 
