9.01624075 0.48637603 -0.12551408 -0.00929649 -0.12548990 -0.18846650 -0.26262713 0.17481299 -0.09188181 -0.13413377 -0.14697476 -0.36777085 -0.58994037 
3.16392639 15.60742501 -11.43304362 9.38603468 -8.13622736 6.83697847 -6.40259442 5.53350951 -4.73033871 3.91247939 -3.63167324 2.63591450 -3.12066612 
3.17624664 15.60745640 -11.43308864 9.38608990 -8.13628974 6.83704537 -6.40266349 5.53357873 -4.73040636 3.91254406 -3.63173379 2.63597005 -3.12071603 
3.18849146 15.60748721 -11.43313283 9.38614411 -8.13635098 6.83711104 -6.40273130 5.53364669 -4.73047278 3.91260756 -3.63179324 2.63602458 -3.12076502 
2.99929336 13.71383333 -8.88600573 6.44325942 -4.99414241 3.64067685 -3.26262084 2.53066991 -1.92161194 1.33444209 -1.30750929 0.57688295 -1.33022906 
2.75638669 15.60999040 -11.43672330 9.39054849 -8.14132701 6.84244765 -6.40824168 5.53916935 -4.73587069 3.91776822 -3.63662521 2.64045763 -3.12474762 
2.75638669 15.60999040 -11.43672330 9.39054849 -8.14132701 6.84244765 -6.40824168 5.53916935 -4.73587069 3.91776822 -3.63662521 2.64045763 -3.12474762 
2.50710352 12.86349080 -7.85171888 5.35968002 -3.94329795 2.66684549 -2.38928693 1.76646037 -1.26579534 0.77966829 -0.84469022 0.19560260 -1.02105119 
2.16414222 15.60302820 -11.42673845 9.37830184 -8.12749264 6.82761259 -6.39292532 5.52382054 -4.72087017 3.90342841 -3.62319996 2.62814185 -3.11368416 
2.14366476 15.60288449 -11.42653239 9.37804916 -8.12720725 6.82730662 -6.39260949 5.52350409 -4.72056096 3.90313286 -3.62292330 2.62788809 -3.11345623 
2.46292750 12.89293329 -7.88641342 5.39492218 -3.97644962 2.69667679 -2.41528145 1.78857906 -1.28426962 0.79490798 -0.85710899 0.20561845 -1.02900936 
2.45549839 12.77118478 -7.74346354 5.25021930 -3.84078986 2.57499645 -2.30957967 1.69890530 -1.20958396 0.73345780 -0.80715151 0.16541052 -0.99712439 
2.44548452 12.86225342 -7.85026251 5.35820238 -3.94190952 2.66559747 -2.38820056 1.76553690 -1.26502477 0.77903319 -0.84417309 0.19518582 -1.02072026 
2.69484337 15.60999040 -11.43672330 9.39054849 -8.14132701 6.84244765 -6.40824168 5.53916935 -4.73587069 3.91776822 -3.63662521 2.64045763 -3.12474762 
2.69484337 15.60999040 -11.43672330 9.39054849 -8.14132701 6.84244765 -6.40824168 5.53916935 -4.73587069 3.91776822 -3.63662521 2.64045763 -3.12474762 
2.69484337 15.60999040 -11.43672330 9.39054849 -8.14132701 6.84244765 -6.40824168 5.53916935 -4.73587069 3.91776822 -3.63662521 2.64045763 -3.12474762 
2.95283276 13.56753985 -8.70328743 6.24693863 -4.79906193 3.45568091 -3.09301544 2.37909707 -1.78890706 1.22009909 -1.21048413 0.49571589 -1.26344890 
2.95887402 13.65976609 -8.81824405 6.37021200 -4.92132240 3.57140797 -3.19892488 2.47358193 -1.87149182 1.29114516 -1.27068076 0.54600495 -1.30477002 
2.71040765 15.60999040 -11.43672330 9.39054849 -8.14132701 6.84244765 -6.40824168 5.53916935 -4.73587069 3.91776822 -3.63662521 2.64045763 -3.12474762 
2.71040765 15.60999040 -11.43672330 9.39054849 -8.14132701 6.84244765 -6.40824168 5.53916935 -4.73587069 3.91776822 -3.63662521 2.64045763 -3.12474762 
2.71040765 15.60999040 -11.43672330 9.39054849 -8.14132701 6.84244765 -6.40824168 5.53916935 -4.73587069 3.91776822 -3.63662521 2.64045763 -3.12474762 
2.71040765 15.60999040 -11.43672330 9.39054849 -8.14132701 6.84244765 -6.40824168 5.53916935 -4.73587069 3.91776822 -3.63662521 2.64045763 -3.12474762 
2.96643084 13.58654016 -8.72690580 6.27219875 -4.82404976 3.47927471 -3.11455561 2.39826880 -1.80562646 1.23445218 -1.22262130 0.50583695 -1.27175058 
2.97243699 13.67804203 -8.84111849 6.39483903 -4.94584191 3.59470361 -3.22032119 2.49273677 -1.88829032 1.30564190 -1.28299985 0.55632438 -1.31327118 
2.72585175 15.60999040 -11.43672330 9.39054849 -8.14132701 6.84244765 -6.40824168 5.53916935 -4.73587069 3.91776822 -3.63662521 2.64045763 -3.12474762 
2.72585175 15.60999040 -11.43672330 9.39054849 -8.14132701 6.84244765 -6.40824168 5.53916935 -4.73587069 3.91776822 -3.63662521 2.64045763 -3.12474762 
2.72585175 15.60999040 -11.43672330 9.39054849 -8.14132701 6.84244765 -6.40824168 5.53916935 -4.73587069 3.91776822 -3.63662521 2.64045763 -3.12474762 
2.72585175 15.60999040 -11.43672330 9.39054849 -8.14132701 6.84244765 -6.40824168 5.53916935 -4.73587069 3.91776822 -3.63662521 2.64045763 -3.12474762 
2.72585175 15.60999040 -11.43672330 9.39054849 -8.14132701 6.84244765 -6.40824168 5.53916935 -4.73587069 3.91776822 -3.63662521 2.64045763 -3.12474762 
2.72585175 15.60999040 -11.43672330 9.39054849 -8.14132701 6.84244765 -6.40824168 5.53916935 -4.73587069 3.91776822 -3.63662521 2.64045763 -3.12474762 
2.72585175 15.60999040 -11.43672330 9.39054849 -8.14132701 6.84244765 -6.40824168 5.53916935 -4.73587069 3.91776822 -3.63662521 2.64045763 -3.12474762 
2.72585175 15.60999040 -11.43672330 9.39054849 -8.14132701 6.84244765 -6.40824168 5.53916935 -4.73587069 3.91776822 -3.63662521 2.64045763 -3.12474762 
2.72585175 15.60999040 -11.43672330 9.39054849 -8.14132701 6.84244765 -6.40824168 5.53916935 -4.73587069 3.91776822 -3.63662521 2.64045763 -3.12474762 
2.72585175 15.60999040 -11.43672330 9.39054849 -8.14132701 6.84244765 -6.40824168 5.53916935 -4.73587069 3.91776822 -3.63662521 2.64045763 -3.12474762 
2.72585175 15.60999040 -11.43672330 9.39054849 -8.14132701 6.84244765 -6.40824168 5.53916935 -4.73587069 3.91776822 -3.63662521 2.64045763 -3.12474762 
2.72585175 15.60999040 -11.43672330 9.39054849 -8.14132701 6.84244765 -6.40824168 5.53916935 -4.73587069 3.91776822 -3.63662521 2.64045763 -3.12474762 
2.72585175 15.60999040 -11.43672330 9.39054849 -8.14132701 6.84244765 -6.40824168 5.53916935 -4.73587069 3.91776822 -3.63662521 2.64045763 -3.12474762 
2.97993828 13.60527638 -8.75022882 6.29717700 -4.84879165 3.50266613 -3.13593747 2.41732243 -1.82226202 1.24874868 -1.23472283 0.51593767 -1.28004294 
2.98590971 13.69606282 -8.86370410 6.41918684 -4.97011430 3.61779265 -3.24155290 2.51176606 -1.90499716 1.32007444 -1.29527631 0.56661735 -1.32175782 
2.74117749 15.60999040 -11.43672330 9.39054849 -8.14132701 6.84244765 -6.40824168 5.53916935 -4.73587069 3.91776822 -3.63662521 2.64045763 -3.12474762 
2.49004619 12.83324121 -7.81615628 5.32363727 -3.90946752 2.63646704 -2.36286911 1.74402519 -1.24709157 0.76426542 -0.83215792 0.18550896 -1.01304158 
2.48022273 12.92309085 -7.92203328 5.43118544 -4.01063656 2.72750393 -2.44219794 1.81152674 -1.30347194 0.81077509 -0.87005913 0.21607716 -1.03733020 
2.72585175 15.60999040 -11.43672330 9.39054849 -8.14132701 6.84244765 -6.40824168 5.53916935 -4.73587069 3.91776822 -3.63662521 2.64045763 -3.12474762 
2.47284527 12.80247666 -7.78007455 5.28715249 -3.87529909 2.60585073 -2.33629947 1.72150596 -1.22835344 0.74886093 -0.81964413 0.17544418 -1.00506537 
2.46292750 12.89293329 -7.88641342 5.39492218 -3.97644962 2.69667679 -2.41528145 1.78857906 -1.28426962 0.79490798 -0.85710899 0.20561845 -1.02900936 
2.71040765 15.60999040 -11.43672330 9.39054849 -8.14132701 6.84244765 -6.40824168 5.53916935 -4.73587069 3.91776822 -3.63662521 2.64045763 -3.12474762 
2.71040765 15.60999040 -11.43672330 9.39054849 -8.14132701 6.84244765 -6.40824168 5.53916935 -4.73587069 3.91776822 -3.63662521 2.64045763 -3.12474762 
2.71040765 15.60999040 -11.43672330 9.39054849 -8.14132701 6.84244765 -6.40824168 5.53916935 -4.73587069 3.91776822 -3.63662521 2.64045763 -3.12474762 
2.96643084 13.58654016 -8.72690580 6.27219875 -4.82404976 3.47927471 -3.11455561 2.39826880 -1.80562646 1.23445218 -1.22262130 0.50583695 -1.27175058 
2.97243699 13.67804203 -8.84111849 6.39483903 -4.94584191 3.59470361 -3.22032119 2.49273677 -1.88829032 1.30564190 -1.28299985 0.55632438 -1.31327118 
2.97993828 13.60527638 -8.75022882 6.29717700 -4.84879165 3.50266613 -3.13593747 2.41732243 -1.82226202 1.24874868 -1.23472283 0.51593767 -1.28004294 
2.98590971 13.69606282 -8.86370410 6.41918684 -4.97011430 3.61779265 -3.24155290 2.51176606 -1.90499716 1.32007444 -1.29527631 0.56661735 -1.32175782 
2.74117749 15.60999040 -11.43672330 9.39054849 -8.14132701 6.84244765 -6.40824168 5.53916935 -4.73587069 3.91776822 -3.63662521 2.64045763 -3.12474762 
2.49004619 12.83324121 -7.81615628 5.32363727 -3.90946752 2.63646704 -2.36286911 1.74402519 -1.24709157 0.76426542 -0.83215792 0.18550896 -1.01304158 
2.48022273 12.92309085 -7.92203328 5.43118544 -4.01063656 2.72750393 -2.44219794 1.81152674 -1.30347194 0.81077509 -0.87005913 0.21607716 -1.03733020 
2.47284527 12.80247666 -7.78007455 5.28715249 -3.87529909 2.60585073 -2.33629947 1.72150596 -1.22835344 0.74886093 -0.81964413 0.17544418 -1.00506537 
2.46292750 12.89293329 -7.88641342 5.39492218 -3.97644962 2.69667679 -2.41528145 1.78857906 -1.28426962 0.79490798 -0.85710899 0.20561845 -1.02900936 
2.71040765 15.60999040 -11.43672330 9.39054849 -8.14132701 6.84244765 -6.40824168 5.53916935 -4.73587069 3.91776822 -3.63662521 2.64045763 -3.12474762 
2.96643084 13.58654016 -8.72690580 6.27219875 -4.82404976 3.47927471 -3.11455561 2.39826880 -1.80562646 1.23445218 -1.22262130 0.50583695 -1.27175058 
2.97243699 13.67804203 -8.84111849 6.39483903 -4.94584191 3.59470361 -3.22032119 2.49273677 -1.88829032 1.30564190 -1.28299985 0.55632438 -1.31327118 
2.72585175 15.60999040 -11.43672330 9.39054849 -8.14132701 6.84244765 -6.40824168 5.53916935 -4.73587069 3.91776822 -3.63662521 2.64045763 -3.12474762 
2.97993828 13.60527638 -8.75022882 6.29717700 -4.84879165 3.50266613 -3.13593747 2.41732243 -1.82226202 1.24874868 -1.23472283 0.51593767 -1.28004294 
2.98590971 13.69606282 -8.86370410 6.41918684 -4.97011430 3.61779265 -3.24155290 2.51176606 -1.90499716 1.32007444 -1.29527631 0.56661735 -1.32175782 
2.74117749 15.60999040 -11.43672330 9.39054849 -8.14132701 6.84244765 -6.40824168 5.53916935 -4.73587069 3.91776822 -3.63662521 2.64045763 -3.12474762 
2.74117749 15.60999040 -11.43672330 9.39054849 -8.14132701 6.84244765 -6.40824168 5.53916935 -4.73587069 3.91776822 -3.63662521 2.64045763 -3.12474762 
2.99335627 13.62375354 -8.77326138 6.32187733 -4.87329034 3.52585675 -3.15716165 2.43625787 -1.83881318 1.26298775 -1.24678777 0.52601709 -1.28832507 
2.99929336 13.71383333 -8.88600573 6.44325942 -4.99414241 3.64067685 -3.26262084 2.53066991 -1.92161194 1.33444209 -1.30750929 0.57688295 -1.33022906 
2.75638669 15.60999040 -11.43672330 9.39054849 -8.14132701 6.84244765 -6.40824168 5.53916935 -4.73587069 3.91776822 -3.63662521 2.64045763 -3.12474762 
2.50710352 12.86349080 -7.85171888 5.35968002 -3.94329795 2.66684549 -2.38928693 1.76646037 -1.26579534 0.77966829 -0.84469022 0.19560260 -1.02105119 
2.49737265 12.95273845 -7.95713242 5.46699890 -4.04447352 2.75807933 -2.46894863 1.83437749 -1.32262881 0.82663158 -0.88302081 0.22655962 -1.04568087 
2.74117749 15.60999040 -11.43672330 9.39054849 -8.14132701 6.84244765 -6.40824168 5.53916935 -4.73587069 3.91776822 -3.63662521 2.64045763 -3.12474762 
2.74117749 15.60999040 -11.43672330 9.39054849 -8.14132701 6.84244765 -6.40824168 5.53916935 -4.73587069 3.91776822 -3.63662521 2.64045763 -3.12474762 
2.74117749 15.60999040 -11.43672330 9.39054849 -8.14132701 6.84244765 -6.40824168 5.53916935 -4.73587069 3.91776822 -3.63662521 2.64045763 -3.12474762 
2.74117749 15.60999040 -11.43672330 9.39054849 -8.14132701 6.84244765 -6.40824168 5.53916935 -4.73587069 3.91776822 -3.63662521 2.64045763 -3.12474762 
2.99335627 13.62375354 -8.77326138 6.32187733 -4.87329034 3.52585675 -3.15716165 2.43625787 -1.83881318 1.26298775 -1.24678777 0.52601709 -1.28832507 
2.99929336 13.71383333 -8.88600573 6.44325942 -4.99414241 3.64067685 -3.26262084 2.53066991 -1.92161194 1.33444209 -1.30750929 0.57688295 -1.33022906 
2.75638669 15.60999040 -11.43672330 9.39054849 -8.14132701 6.84244765 -6.40824168 5.53916935 -4.73587069 3.91776822 -3.63662521 2.64045763 -3.12474762 
2.75638669 15.60999040 -11.43672330 9.39054849 -8.14132701 6.84244765 -6.40824168 5.53916935 -4.73587069 3.91776822 -3.63662521 2.64045763 -3.12474762 
2.75638669 15.60999040 -11.43672330 9.39054849 -8.14132701 6.84244765 -6.40824168 5.53916935 -4.73587069 3.91776822 -3.63662521 2.64045763 -3.12474762 
2.75638669 15.60999040 -11.43672330 9.39054849 -8.14132701 6.84244765 -6.40824168 5.53916935 -4.73587069 3.91776822 -3.63662521 2.64045763 -3.12474762 
2.75638669 15.60999040 -11.43672330 9.39054849 -8.14132701 6.84244765 -6.40824168 5.53916935 -4.73587069 3.91776822 -3.63662521 2.64045763 -3.12474762 
2.75638669 15.60999040 -11.43672330 9.39054849 -8.14132701 6.84244765 -6.40824168 5.53916935 -4.73587069 3.91776822 -3.63662521 2.64045763 -3.12474762 
2.75638669 15.60999040 -11.43672330 9.39054849 -8.14132701 6.84244765 -6.40824168 5.53916935 -4.73587069 3.91776822 -3.63662521 2.64045763 -3.12474762 
3.00668597 13.64197652 -8.79600829 6.34630361 -4.89754850 3.54884816 -3.17822882 2.45507510 -1.85527942 1.27716859 -1.25881517 0.53607426 -1.29659608 
3.01258909 13.73135831 -8.90802811 6.46706068 -5.01792906 3.66335796 -3.28352584 2.54944846 -1.93813429 1.34874417 -1.31969796 0.58712031 -1.33868408 
3.01992852 13.65995013 -8.81847424 6.37045967 -4.92156883 3.57164195 -3.19913966 2.47377410 -1.87166025 1.29129044 -1.27080416 0.54610827 -1.30485510 
3.22478245 15.60757636 -11.43326069 9.38630094 -8.13652815 6.83730104 -6.40292747 5.53384328 -4.73066493 3.91279125 -3.63196522 2.63618236 -3.12090676 
3.23673457 15.60760502 -11.43330179 9.38635136 -8.13658511 6.83736213 -6.40299054 5.53390649 -4.73072670 3.91285031 -3.63202051 2.63623308 -3.12095233 
3.24861569 15.60763317 -11.43334217 9.38640088 -8.13664106 6.83742213 -6.40305249 5.53396858 -4.73078738 3.91290832 -3.63207483 2.63628291 -3.12099709 
3.26042664 15.60766083 -11.43338184 9.38644954 -8.13669603 6.83748107 -6.40311336 5.53402957 -4.73084700 3.91296531 -3.63212819 2.63633186 -3.12104107 
3.27216826 15.60768800 -11.43342081 9.38649735 -8.13675004 6.83753899 -6.40317316 5.53408950 -4.73090557 3.91302130 -3.63218061 2.63637996 -3.12108427 
3.09057932 13.83160363 -9.03455091 6.60438169 -5.15573234 3.79527795 -3.40558412 2.65950027 -2.03531199 1.43314729 -1.39185780 0.64790677 -1.38902925 
3.09761479 13.76280847 -8.94762120 6.50992710 -5.06084257 3.70434430 -3.32136298 2.58348935 -1.96812982 1.37474517 -1.34188592 0.60577883 -1.35411204 
3.10329023 13.84753345 -9.05474301 6.62638801 -5.17790519 3.81658647 -3.42537386 2.67740821 -2.05118034 1.44697489 -1.40371615 0.65792469 -1.39734913 
3.11027743 13.77916102 -8.96824421 6.53229331 -5.08327072 3.72579957 -3.34120051 2.60136340 -1.98390257 1.38843602 -1.35358396 0.61562771 -1.36226490 
3.11592173 13.86325180 -9.07469036 6.64815208 -5.19985806 3.83770589 -3.44500806 2.69519304 -2.06695466 1.46073290 -1.41552480 0.66790850 -1.40564691 
3.12286131 13.79529855 -8.98862056 6.55441769 -5.10548150 3.74707002 -3.36088794 2.61912033 -1.99958739 1.40206312 -1.36523766 0.62544719 -1.37039970 
3.12847477 13.87876250 -9.09439687 6.66967727 -5.22159351 3.85863790 -3.46448771 2.71285513 -2.08263489 1.47442095 -1.42728323 0.67785756 -1.41392197 
3.13536737 13.81122492 -9.00875417 6.57630352 -5.12747735 3.76815725 -3.38042610 2.63676040 -2.01518411 1.41562603 -1.37684642 0.63523659 -1.37851576 
3.32986409 15.60781699 -11.43360582 9.38672428 -8.13700641 6.83781392 -6.40345703 5.53437399 -4.73118362 3.91328712 -3.63242949 2.63660828 -3.12128939 
3.34120618 15.60784148 -11.43364095 9.38676737 -8.13705509 6.83786613 -6.40351093 5.53442802 -4.73123642 3.91333760 -3.63247675 2.63665164 -3.12132834 
3.35248432 15.60786557 -11.43367549 9.38680974 -8.13710296 6.83791747 -6.40356394 5.53448114 -4.73128834 3.91338724 -3.63252322 2.63669427 -3.12136664 
3.36369921 15.60788925 -11.43370946 9.38685140 -8.13715003 6.83796794 -6.40361605 5.53453337 -4.73133939 3.91343604 -3.63256892 2.63673619 -3.12140430 
3.37485157 15.60791254 -11.43374286 9.38689237 -8.13719631 6.83801758 -6.40366730 5.53458473 -4.73138959 3.91348403 -3.63261385 2.63677742 -3.12144133 
3.38594208 15.60793544 -11.43377571 9.38693267 -8.13724183 6.83806640 -6.40371771 5.53463524 -4.73143896 3.91353123 -3.63265804 2.63681796 -3.12147775 
3.39697144 15.60795796 -11.43380801 9.38697230 -8.13728660 6.83811441 -6.40376728 5.53468493 -4.73148752 3.91357765 -3.63270151 2.63685783 -3.12151357 
3.22618664 13.99580239 -9.24382464 6.83366595 -5.38794709 4.01955253 -3.61488228 2.84978615 -2.20469014 1.58137297 -1.51948724 0.75613381 -1.47923578 
3.23272480 13.93146773 -9.16152793 6.74318168 -5.29599163 3.93044900 -3.53146386 2.77371197 -2.13677438 1.52177371 -1.46803514 0.71239744 -1.44269715 
3.41884934 15.60800192 -11.43387106 9.38704963 -8.13737397 6.83820810 -6.40386402 5.53478188 -4.73158228 3.91366824 -3.63278632 2.63693565 -3.12158348 
3.42969920 15.60802336 -11.43390182 9.38708736 -8.13741659 6.83825381 -6.40391122 5.53482918 -4.73162851 3.91371244 -3.63282771 2.63697361 -3.12161758 
3.26164319 14.03668251 -9.29632035 6.89159912 -5.44703567 4.07700801 -3.66885374 2.89916693 -2.24891414 1.62029681 -1.55318451 0.78485281 -1.50328854 
3.26805753 13.97349512 -9.21524525 6.80219659 -5.35591983 3.98847549 -3.58574889 2.82318310 -2.18091031 1.56048044 -1.50143061 0.74076901 -1.46638684 
3.45122392 15.60806523 -11.43396186 9.38716101 -8.13749980 6.83834304 -6.40400335 5.53492152 -4.73171875 3.91379872 -3.63290849 2.63704772 -3.12168416 
3.46190002 15.60808566 -11.43399116 9.38719695 -8.13754041 6.83838660 -6.40404832 5.53496658 -4.73176280 3.91384083 -3.63294791 2.63708389 -3.12171666 
3.29648765 14.07604921 -9.34702109 6.94770974 -5.50442317 4.13295737 -3.72154564 2.94749705 -2.29230108 1.65857033 -1.58638972 0.81320902 -1.52708291 
3.30278271 14.01398110 -9.26714923 6.85938587 -5.41415947 4.04502129 -3.63878919 2.87164413 -2.22425217 1.59857946 -1.53437424 0.76881426 -1.48985014 
3.48308277 15.60812556 -11.43404839 9.38726715 -8.13761971 6.83847165 -6.40413614 5.53505459 -4.73184882 3.91392307 -3.63302491 2.63715453 -3.12178012 
3.31938743 14.10149012 -9.37986423 6.98414017 -5.54176539 4.16944150 -3.75597679 2.97914136 -2.32076371 1.68372422 -1.60825027 0.83190734 -1.54279731 
3.32560538 14.04015308 -9.30078427 6.89653312 -5.45207572 4.08191594 -3.67347061 2.90339690 -2.25270739 1.62363961 -1.55608186 0.78732484 -1.50536110 
3.50404352 15.60816422 -11.43410384 9.38733517 -8.13769656 6.83855405 -6.40422123 5.53513987 -4.73193217 3.91400275 -3.63309952 2.63722297 -3.12184160 
3.51444208 15.60818310 -11.43413092 9.38736839 -8.13773408 6.83859430 -6.40426278 5.53518151 -4.73197287 3.91404166 -3.63313595 2.63725640 -3.12187163 
3.52478687 15.60820169 -11.43415758 9.38740109 -8.13777103 6.83863393 -6.40430370 5.53522252 -4.73201295 3.91407998 -3.63317182 2.63728931 -3.12190120 
3.70579920 14.37333532 -9.73461412 7.38176150 -5.95350926 4.57569238 -4.14304673 3.33819374 -2.64661931 1.97415131 -1.86269264 1.05119472 -1.72843080 
3.71876256 14.54665069 -9.96443243 7.64334263 -6.22845677 4.85089087 -4.40892079 3.58815718 -2.87642314 2.18148787 -2.04645566 1.21129904 -1.86537920 
3.56563908 15.60827325 -11.43426022 9.38752700 -8.13791328 6.83878647 -6.40446121 5.53538038 -4.73216724 3.91422748 -3.63330993 2.63741601 -3.12201502 
3.74303028 14.40794582 -9.78028077 7.43349158 -6.00762979 4.62961954 -4.19491984 3.38675681 -2.69108390 2.01411366 -1.89798117 1.08183349 -1.75455134 
3.75577637 14.57705126 -10.00503743 7.68988224 -6.27770576 4.90050515 -4.45715538 3.63378050 -2.91861167 2.21976185 -2.08055552 1.24115481 -1.89103679 
3.60567353 15.60834060 -11.43435683 9.38764550 -8.13804715 6.83893005 -6.40460945 5.53552895 -4.73231245 3.91436631 -3.63343991 2.63753526 -3.12212216 
3.61555817 15.60835682 -11.43438009 9.38767403 -8.13807939 6.83896462 -6.40464515 5.53556473 -4.73234742 3.91439974 -3.63347122 2.63756398 -3.12214795 
3.62539420 15.60837280 -11.43440301 9.38770215 -8.13811116 6.83899869 -6.40468033 5.53559998 -4.73238188 3.91443268 -3.63350206 2.63759227 -3.12217337 
3.63518208 15.60838855 -11.43442560 9.38772986 -8.13814246 6.83903226 -6.40471499 5.53563472 -4.73241583 3.91446514 -3.63353245 2.63762016 -3.12219842 
3.64492231 15.60840407 -11.43444786 9.38775716 -8.13817331 6.83906534 -6.40474915 5.53566895 -4.73244929 3.91449713 -3.63356240 2.63764764 -3.12222311 
3.65461532 15.60841936 -11.43446980 9.38778407 -8.13820371 6.83909794 -6.40478281 5.53570269 -4.73248227 3.91452866 -3.63359192 2.63767472 -3.12224744 
3.66426159 15.60843444 -11.43449142 9.38781059 -8.13823367 6.83913008 -6.40481599 5.53573595 -4.73251477 3.91455973 -3.63362102 2.63770141 -3.12227142 
3.67386155 15.60844929 -11.43451273 9.38783674 -8.13826321 6.83916175 -6.40484870 5.53576873 -4.73254681 3.91459036 -3.63364970 2.63772772 -3.12229506 
3.52486967 14.31498763 -9.65788407 7.29512200 -5.86314860 4.48592424 -4.05694858 3.25781595 -2.57322413 1.90835666 -1.80473420 1.00098801 -1.68572140 
3.53043856 14.26003897 -9.58591809 7.21418013 -5.77905208 4.40268544 -3.97739675 3.18380511 -2.50586692 1.84816419 -1.75186857 0.95532102 -1.64697774 
3.69292433 15.60847838 -11.43455445 9.38788791 -8.13832102 6.83922376 -6.40491272 5.53583289 -4.73260952 3.91465032 -3.63370583 2.63777922 -3.12234132 
3.70238802 15.60849261 -11.43457487 9.38791296 -8.13834932 6.83925410 -6.40494406 5.53586429 -4.73264022 3.91467966 -3.63373331 2.63780443 -3.12236397 
3.71180714 15.60850665 -11.43459500 9.38793765 -8.13837722 6.83928402 -6.40497495 5.53589526 -4.73267048 3.91470860 -3.63376040 2.63782928 -3.12238630 
3.72118210 15.60852049 -11.43461485 9.38796200 -8.13840473 6.83931353 -6.40500541 5.53592579 -4.73270032 3.91473712 -3.63378711 2.63785378 -3.12240831 
3.73051333 15.60853413 -11.43463442 9.38798601 -8.13843185 6.83934262 -6.40503545 5.53595589 -4.73272974 3.91476525 -3.63381345 2.63787795 -3.12243002 
3.73980122 15.60854759 -11.43465372 9.38800968 -8.13845860 6.83937130 -6.40506507 5.53598558 -4.73275876 3.91479300 -3.63383942 2.63790178 -3.12245143 
3.74904618 15.60856086 -11.43467276 9.38803304 -8.13848498 6.83939960 -6.40509428 5.53601486 -4.73278737 3.91482035 -3.63386503 2.63792528 -3.12247254 
3.75824860 15.60857395 -11.43469153 9.38805606 -8.13851100 6.83942750 -6.40512310 5.53604373 -4.73281560 3.91484734 -3.63389030 2.63794846 -3.12249336 
3.76740888 15.60858686 -11.43471005 9.38807878 -8.13853666 6.83945502 -6.40515151 5.53607221 -4.73284343 3.91487395 -3.63391522 2.63797132 -3.12251390 
3.77652739 15.60859960 -11.43472831 9.38810119 -8.13856198 6.83948217 -6.40517955 5.53610031 -4.73287089 3.91490020 -3.63393980 2.63799387 -3.12253416 
3.78560451 15.60861216 -11.43474633 9.38812329 -8.13858695 6.83950895 -6.40520720 5.53612802 -4.73289798 3.91492610 -3.63396404 2.63801611 -3.12255414 
3.79464062 15.60862455 -11.43476411 9.38814509 -8.13861158 6.83953537 -6.40523448 5.53615536 -4.73292470 3.91495165 -3.63398796 2.63803806 -3.12257386 
3.80363610 15.60863678 -11.43478164 9.38816660 -8.13863589 6.83956143 -6.40526139 5.53618233 -4.73295107 3.91497685 -3.63401156 2.63805971 -3.12259331 
3.96130506 14.59530632 -10.02946222 7.71792326 -6.30742702 4.93049317 -4.48635318 3.66143760 -2.94422223 2.24302675 -2.10130917 1.25934689 -1.90668842 
3.97284059 14.74120079 -10.22580181 7.94459308 -6.54898506 5.17549361 -4.72610653 3.88965289 -3.15654796 2.43676975 -2.27487518 1.41210105 -2.03861521 
3.83921877 15.60868408 -11.43484949 9.38824983 -8.13872991 6.83966227 -6.40536551 5.53628668 -4.73305306 3.91507436 -3.63410286 2.63814347 -3.12266856 
3.84801640 15.60869551 -11.43486589 9.38826995 -8.13875265 6.83968665 -6.40539069 5.53631192 -4.73307772 3.91509794 -3.63412494 2.63816372 -3.12268676 
3.85677549 15.60870680 -11.43488208 9.38828981 -8.13877508 6.83971072 -6.40541554 5.53633682 -4.73310206 3.91512121 -3.63414673 2.63818371 -3.12270472 
3.86549640 15.60871794 -11.43489806 9.38830941 -8.13879723 6.83973447 -6.40544006 5.53636140 -4.73312609 3.91514418 -3.63416824 2.63820344 -3.12272244 
3.72997392 14.50302685 -9.90631868 7.57690335 -6.15832192 4.78040223 -4.34054866 3.52362910 -2.81687977 2.12757801 -1.99851686 1.16940220 -1.82943553 
3.73496556 14.45411907 -9.84138035 7.50289656 -6.08043870 4.70235732 -4.26506383 3.45258536 -2.75149875 2.06853225 -1.94613689 1.12372721 -1.79033503 
3.73923817 14.51096221 -9.91687639 7.58895885 -6.17103289 4.79316274 -4.35291233 3.53528517 -2.82762433 2.13729650 -2.00715091 1.17694146 -1.83589812 
3.57739250 15.60999040 -11.43672330 9.39054849 -8.14132701 6.84244765 -6.40824168 5.53916935 -4.73587069 3.91776822 -3.63662521 2.64045763 -3.12474762 
3.57739250 15.60999040 -11.43672330 9.39054849 -8.14132701 6.84244765 -6.40824168 5.53916935 -4.73587069 3.91776822 -3.63662521 2.64045763 -3.12474762 
3.74420525 14.46231880 -9.85225190 7.51526899 -6.09344150 4.71537009 -4.27763380 3.46440128 -2.76236000 2.07833009 -1.95481939 1.13129072 -1.79680364 
3.74845993 14.51881477 -9.92732981 7.60090172 -6.18363171 4.80581705 -4.36517909 3.54685534 -2.83829457 2.14695193 -2.01573245 1.18443776 -1.84232625 
3.75340272 14.47043376 -9.86301733 7.52752751 -6.10633161 4.72827684 -4.29010768 3.47613263 -2.77314861 2.08806676 -1.96345135 1.13881319 -1.80323961 
3.75763961 14.52658568 -9.93768029 7.61273330 -6.19611961 4.81836621 -4.37734980 3.55834028 -2.84889098 2.15654464 -2.02426169 1.19189121 -1.84871997 
3.59739266 15.60999040 -11.43672330 9.39054849 -8.14132701 6.84244765 -6.40824168 5.53916935 -4.73587069 3.91776822 -3.63662521 2.64045763 -3.12474762 
3.76255832 14.47846513 -9.87367801 7.53967348 -6.11911024 4.74107858 -4.30248628 3.48778002 -2.78386501 2.09774254 -1.97203293 1.14629472 -1.80964298 
3.90853946 15.60877153 -11.43497493 9.38840370 -8.13890376 6.83984872 -6.40555803 5.53647963 -4.73324165 3.91525466 -3.63427168 2.63829835 -3.12280770 
3.77587421 14.54188701 -9.95807769 7.63606784 -6.22076744 4.84315319 -4.40140644 3.58105709 -2.86986422 2.17554323 -2.04116415 1.20667009 -1.86140440 
3.78074547 14.49428163 -9.89469039 7.56363296 -6.14433777 4.76637106 -4.32696088 3.51082538 -2.80508297 2.11691263 -1.98904569 1.16113533 -1.82235199 
4.06608582 14.67628073 -10.13818513 7.84316507 -6.44060915 5.06529470 -4.61800379 3.78650990 -3.06036910 2.34882053 -2.19592534 1.34248524 -1.97838187 
4.07707745 14.81189889 -10.32167198 8.05608317 -6.66864037 5.29767937 -4.84646147 4.00494210 -3.26446351 2.53580862 -2.36408552 1.49101909 -2.10710799 
3.81185474 14.57155809 -9.99769390 7.68145828 -6.26878404 4.89151014 -4.44840381 3.62549657 -2.91094595 2.21280272 -2.07435137 1.23571956 -1.88636313 
3.81663377 14.52496050 -9.93551517 7.61025783 -6.19350629 4.81573956 -4.37480188 3.55593548 -2.84667183 2.15453536 -2.02247487 1.19032953 -1.84738014 
3.82075016 14.57878788 -10.00735962 7.69254675 -6.28052839 4.90335161 -4.45992543 3.63640309 -2.92103905 2.22196592 -2.08252084 1.24287686 -1.89251780 
3.66585901 15.60999040 -11.43672330 9.39054849 -8.14132701 6.84244765 -6.40824168 5.53916935 -4.73587069 3.91776822 -3.63662521 2.64045763 -3.12474762 
3.82550666 14.53243765 -9.94547863 7.62165168 -6.20553697 4.82783388 -4.38653582 3.56701224 -2.85689516 2.16379336 -2.03070907 1.19752725 -1.85355621 
3.96728469 15.60884104 -11.43507464 9.38852602 -8.13904195 6.83999692 -6.40571105 5.53663300 -4.73339155 3.91539798 -3.63440587 2.63842146 -3.12291830 
3.97553776 15.60885049 -11.43508818 9.38854263 -8.13906072 6.84001705 -6.40573184 5.53665383 -4.73341192 3.91541745 -3.63442410 2.63843818 -3.12293333 
3.98375691 15.60885982 -11.43510156 9.38855904 -8.13907926 6.84003694 -6.40575238 5.53667441 -4.73343203 3.91543668 -3.63444210 2.63845470 -3.12294817 
3.85594338 14.60698504 -10.04510462 7.73589990 -6.32649968 4.94975531 -4.50512499 3.67923468 -2.96071647 2.25802245 -2.11469650 1.27109038 -1.91679896 
3.39604182 11.87035481 -6.72790410 4.26130002 -2.94774409 1.80165796 -1.65995707 1.16507532 -0.77816323 0.38783491 -0.53277861 -0.05103977 -0.82867892 
2.70859656 13.01037259 -8.02559586 5.53708454 -4.11090307 2.81828899 -2.52178215 1.87963693 -1.36067537 0.85820192 -0.90888674 0.24752060 -1.06241129 
2.36447430 15.55941053 -11.36428551 9.30181876 -8.04121952 6.73522652 -6.29766745 5.42848038 -4.62780428 3.81456115 -3.54008816 2.55197382 -3.04532483 
2.00527728 11.45765549 -6.28729417 3.85427602 -2.59869737 1.51383509 -1.42931118 0.98390562 -0.63790403 0.27957728 -0.44958706 -0.11501667 -0.78007660 
1.45015858 15.39671996 -11.13289400 9.02022595 -7.72548747 6.39904685 -5.95292088 5.08522270 -4.29438347 3.49765751 -3.24500248 2.28264857 -2.80454309 
1.33023066 15.37140297 -11.09710787 8.97692988 -7.67721377 6.34792052 -5.90075932 5.03354004 -4.24441568 3.45037393 -3.20115726 2.24278734 -2.76903806 
1.72237031 11.79878027 -6.65038284 4.18869862 -2.88465189 1.74898596 -1.61725156 1.13115864 -0.75163264 0.36718044 -0.51679136 -0.06339824 -0.81924459 
2.00175723 15.53778954 -11.33339299 9.26406105 -7.99870917 6.68978564 -6.25089423 5.38174314 -4.58225267 3.77112811 -3.49952396 2.51484664 -3.01204445 
2.30374499 12.83737087 -7.82100631 5.32854794 -3.91407233 2.64059819 -2.36645847 1.74707084 -1.24962859 0.76635315 -0.83385541 0.18687532 -1.01412521 
2.53786526 15.59089954 -11.40935475 9.35699260 -8.10343395 6.80182704 -6.36631643 5.49716786 -4.69483397 3.87854947 -3.59991701 2.60679098 -3.09451105 
2.78526126 13.50535754 -8.62622659 6.16476278 -4.71800430 3.37935519 -3.02351840 2.31740046 -1.73523526 1.17412973 -1.17169578 0.46343490 -1.23702101 
2.98746977 15.60693042 -11.43233427 9.38516461 -8.13524445 6.83592443 -6.40150614 5.53241889 -4.72927280 3.91146040 -3.63071921 2.63503929 -3.11987989 
3.19817230 13.96290932 -9.20169938 6.78729829 -5.34077457 3.97379558 -3.57200165 2.81064271 -2.16971181 1.55065079 -1.49294267 0.73355235 -1.46035658 
3.74061542 12.58326320 -7.52548825 5.03214498 -3.63867023 2.39566717 -2.15542599 1.56943883 -1.10278993 0.64635154 -0.73689540 0.10925347 -0.95288124 
4.01496666 15.60561154 -11.43044283 9.38284476 -8.13262387 6.83311433 -6.39860491 5.52951155 -4.72643147 3.90874424 -3.62817631 2.63270656 -3.11778438 
4.29628773 13.42058665 -8.52175157 6.05394560 -4.60926236 3.27747074 -2.93119683 2.23582333 -1.66458701 1.11387310 -1.12105090 0.42143764 -1.20275632 
4.73181729 13.92696985 -9.15578877 6.73688692 -5.28960972 3.92427915 -3.52570049 2.76846732 -2.13210188 1.51768139 -1.46450876 0.70940504 -1.44020133 
5.18321285 13.44795589 -8.55540952 6.08957211 -4.64415027 3.31009443 -2.96070217 2.26184677 -1.68708410 1.13302938 -1.13712657 0.43474949 -1.21360247 
