10.93376250 0.29047414 -0.11182669 -0.01353350 -0.12511413 -0.19040806 -0.26169547 0.17395995 -0.09207438 -0.13485968 -0.14693504 -0.36853064 -0.58946609 
4.51013484 15.02484896 -10.61331186 8.39846756 -7.03948970 5.67972581 -5.22600813 4.37152048 -3.61032469 2.85561529 -2.65421968 1.74941562 -2.33281535 
4.60706783 15.60999040 -11.43672330 9.39054849 -8.14132701 6.84244765 -6.40824168 5.53916935 -4.73587069 3.91776822 -3.63662521 2.64045763 -3.12474762 
4.60706783 15.60999040 -11.43672330 9.39054849 -8.14132701 6.84244765 -6.40824168 5.53916935 -4.73587069 3.91776822 -3.63662521 2.64045763 -3.12474762 
4.60706783 15.60999040 -11.43672330 9.39054849 -8.14132701 6.84244765 -6.40824168 5.53916935 -4.73587069 3.91776822 -3.63662521 2.64045763 -3.12474762 
4.60706783 15.60999040 -11.43672330 9.39054849 -8.14132701 6.84244765 -6.40824168 5.53916935 -4.73587069 3.91776822 -3.63662521 2.64045763 -3.12474762 
4.70701281 15.08960595 -10.70285143 8.50455101 -7.15540912 5.80015537 -5.34662452 4.48892790 -3.72192752 2.95954282 -2.74913800 1.83448534 -2.40756935 
4.70973057 15.11768526 -10.74180024 8.55083614 -7.20613358 5.85300070 -5.39969429 4.54071940 -3.77128041 3.00560929 -2.79130457 1.87235581 -2.44091367 
4.61306483 15.60999040 -11.43672330 9.39054849 -8.14132701 6.84244765 -6.40824168 5.53916935 -4.73587069 3.91776822 -3.63662521 2.64045763 -3.12474762 
4.71271147 15.09217687 -10.70641444 8.50878163 -7.16004179 5.80497805 -5.35146410 4.49364756 -3.72642190 2.96373521 -2.75297314 1.83792775 -2.41059868 
4.71542190 15.12012999 -10.74519486 8.55487417 -7.21056314 5.85761968 -5.40433697 4.54525408 -3.77560508 3.00964907 -2.79500503 1.87568153 -2.44384381 
4.61904391 15.60999040 -11.43672330 9.39054849 -8.14132701 6.84244765 -6.40824168 5.53916935 -4.73587069 3.91776822 -3.63662521 2.64045763 -3.12474762 
4.61904391 15.60999040 -11.43672330 9.39054849 -8.14132701 6.84244765 -6.40824168 5.53916935 -4.73587069 3.91776822 -3.63662521 2.64045763 -3.12474762 
4.51971835 14.99862760 -10.57716867 8.35577387 -6.99297165 5.63153095 -5.17786673 4.32477964 -3.56600360 2.81443815 -2.61669490 1.71585418 -2.30338185 
4.51642105 15.02799156 -10.61764796 8.40359446 -7.04508106 5.68552387 -5.23180474 4.37715309 -3.61566994 2.86058510 -2.65875189 1.75347185 -2.33637495 
4.61306483 15.60999040 -11.43672330 9.39054849 -8.14132701 6.84244765 -6.40824168 5.53916935 -4.73587069 3.91776822 -3.63662521 2.64045763 -3.12474762 
4.61306483 15.60999040 -11.43672330 9.39054849 -8.14132701 6.84244765 -6.40824168 5.53916935 -4.73587069 3.91776822 -3.63662521 2.64045763 -3.12474762 
4.51344300 14.99535320 -10.57265987 8.35045306 -6.98717966 5.62553556 -5.17188317 4.31897499 -3.56050385 2.80933240 -2.61204537 1.71169854 -2.29973968 
4.51013484 15.02484896 -10.61331186 8.39846756 -7.03948970 5.67972581 -5.22600813 4.37152048 -3.61032469 2.85561529 -2.65421968 1.74941562 -2.33281535 
4.60706783 15.60999040 -11.43672330 9.39054849 -8.14132701 6.84244765 -6.40824168 5.53916935 -4.73587069 3.91776822 -3.63662521 2.64045763 -3.12474762 
4.50714794 14.99205325 -10.56811690 8.34509310 -6.98134625 5.61949852 -5.16585920 4.31313223 -3.55496898 2.80419491 -2.60736767 1.70751836 -2.29607653 
4.50382886 15.02168162 -10.60894257 8.39330249 -7.03385785 5.67388687 -5.22017173 4.36585020 -3.60494462 2.85061392 -2.64965937 1.74533482 -2.32923470 
4.50083307 14.98872747 -10.56353943 8.33969361 -6.97547107 5.61341946 -5.15979449 4.30725106 -3.54939872 2.79902544 -2.60266163 1.70331349 -2.29239228 
4.49750299 15.01848928 -10.60453977 8.38809888 -7.02818512 5.66800668 -5.21429520 4.36014196 -3.59952945 2.84558074 -2.64507078 1.74122931 -2.32563284 
4.49449825 14.98537561 -10.55892713 8.33425422 -6.96955373 5.60729802 -5.15368870 4.30133117 -3.54379280 2.79382379 -2.59792705 1.69908376 -2.28868679 
4.37937197 15.60922913 -11.43563130 9.38920888 -8.13981345 6.84082434 -6.40656543 5.53748929 -4.73422851 3.91619817 -3.63515510 2.63910884 -3.12353585 
4.37263041 15.60922398 -11.43562391 9.38919982 -8.13980321 6.84081336 -6.40655410 5.53747793 -4.73421741 3.91618755 -3.63514516 2.63909972 -3.12352765 
4.36586605 15.60921878 -11.43561645 9.38919067 -8.13979287 6.84080227 -6.40654265 5.53746646 -4.73420619 3.91617682 -3.63513512 2.63909051 -3.12351938 
4.47199803 15.00546479 -10.58658668 8.36689168 -7.00507791 5.64406620 -5.19038095 4.33692314 -3.57751239 2.82512524 -2.62642946 1.72455671 -2.31101077 
4.46895697 14.97170189 -10.54012253 8.31209001 -6.94545504 5.58238108 -5.12884788 4.27725826 -3.52100719 2.77269055 -2.57869944 1.68191315 -2.27364991 
4.35226831 15.60920822 -11.43560130 9.38917208 -8.13977188 6.84077975 -6.40651939 5.53744315 -4.73418341 3.91615505 -3.63511473 2.63907180 -3.12350257 
4.34543461 15.60920286 -11.43559361 9.38916265 -8.13976122 6.84076832 -6.40650759 5.53743132 -4.73417185 3.91614399 -3.63510437 2.63906230 -3.12349404 
4.33857748 15.60919744 -11.43558584 9.38915311 -8.13975045 6.84075677 -6.40649566 5.53741937 -4.73416017 3.91613282 -3.63509391 2.63905271 -3.12348541 
4.33169676 15.60919196 -11.43557799 9.38914348 -8.13973956 6.84074510 -6.40648361 5.53740729 -4.73414836 3.91612153 -3.63508335 2.63904301 -3.12347670 
4.32479228 15.60918643 -11.43557006 9.38913375 -8.13972857 6.84073331 -6.40647143 5.53739508 -4.73413643 3.91611013 -3.63507267 2.63903321 -3.12346790 
4.31786389 15.60918085 -11.43556204 9.38912392 -8.13971746 6.84072139 -6.40645913 5.53738275 -4.73412438 3.91609860 -3.63506188 2.63902331 -3.12345901 
4.31091141 15.60917520 -11.43555394 9.38911398 -8.13970624 6.84070935 -6.40644670 5.53737029 -4.73411220 3.91608696 -3.63505098 2.63901331 -3.12345002 
4.18796888 14.76362277 -10.25615572 7.97983523 -6.58674875 5.21399765 -4.76397815 3.92587925 -3.19041127 2.46780753 -2.30279854 1.43677431 -2.06000546 
4.17616829 14.87453205 -10.40700238 8.15575995 -6.77608035 5.40784711 -4.95541409 4.10971293 -3.36289811 2.62646482 -2.44601829 1.56372769 -2.17040121 
4.28285727 15.60915201 -11.43552068 9.38907318 -8.13966014 6.84065992 -6.40639565 5.53731913 -4.73406219 3.91603915 -3.63500621 2.63897224 -3.12341312 
4.15818445 14.74293882 -10.22815298 7.94732098 -6.55190617 5.17847006 -4.72903226 3.89244982 -3.15916093 2.43916337 -2.27702749 1.41400191 -2.04026236 
4.14619651 14.85604472 -10.38177678 8.12624986 -6.74422664 5.37514013 -4.92302527 4.07852774 -3.33356324 2.59941687 -2.42154630 1.54198844 -2.15145852 
4.25440400 15.60912782 -11.43548598 9.38903061 -8.13961205 6.84060834 -6.40634239 5.53726575 -4.73401002 3.91598927 -3.63495950 2.63892939 -3.12337463 
4.24722699 15.60912161 -11.43547707 9.38901969 -8.13959970 6.84059509 -6.40632872 5.53725205 -4.73399662 3.91597646 -3.63494751 2.63891839 -3.12336474 
4.12032183 14.71603413 -10.19178916 7.90516615 -6.50680269 5.13254830 -4.68392743 3.84936226 -3.11893584 2.40233962 -2.24393714 1.38479499 -2.01496807 
4.10809122 14.83197090 -10.34897718 8.08793377 -6.70292433 5.33278726 -4.88113771 4.03824625 -3.29571638 2.56455946 -2.39004201 1.51403011 -2.12711994 
4.21825856 15.60909608 -11.43544045 9.38897477 -8.13954895 6.84054066 -6.40627251 5.53719572 -4.73394156 3.91592382 -3.63489822 2.63887317 -3.12332412 
4.08950934 14.69362676 -10.16155629 7.87017684 -6.46942625 5.09455262 -4.64666352 3.81381638 -3.08579750 2.37204334 -2.21674651 1.36082371 -1.99423139 
4.07707745 14.81189889 -10.32167198 8.05608317 -6.66864037 5.29767937 -4.84646147 4.00494210 -3.26446351 2.53580862 -2.36408552 1.49101909 -2.10710799 
4.06608582 14.67628073 -10.13818513 7.84316507 -6.44060915 5.06529470 -4.61800379 3.78650990 -3.06036910 2.34882053 -2.19592534 1.34248524 -1.97838187 
4.05349859 14.79634708 -10.30054220 8.03146534 -6.64217234 5.27060524 -4.81974883 3.97931293 -3.24043673 2.51372616 -2.34416709 1.47337580 -2.09177649 
4.04238600 14.65845251 -10.11419405 7.81546977 -6.41109691 5.03536419 -4.58871665 3.75863453 -3.03443678 2.32515985 -2.17473059 1.32383351 -1.96227461 
4.02963954 14.78035073 -10.27883242 8.00619848 -6.61503430 5.24287301 -4.79241285 3.95310972 -3.21589343 2.49118778 -2.32385353 1.45539594 -2.07616364 
4.01840332 14.64012419 -10.08956147 7.78706871 -6.38086853 5.00474235 -4.55878611 3.73017714 -3.00799017 2.30105339 -2.15315646 1.30486443 -1.94590688 
3.86115496 15.60488465 -11.42940044 9.38156633 -8.13117981 6.83156592 -6.39700637 5.52790972 -4.72486608 3.90724789 -3.62677546 2.63142154 -3.11663008 
3.84363693 15.60479456 -11.42927126 9.38140791 -8.13100087 6.83137405 -6.39680830 5.52771124 -4.72467212 3.90706248 -3.62660189 2.63126232 -3.11648706 
3.67940153 14.29245280 -9.62833582 7.26185103 -5.82854314 4.45163577 -4.02414554 3.22726770 -2.54539585 1.88346619 -1.78285494 0.98207297 -1.66966176 
3.65354988 14.54636630 -9.96405299 7.64290818 -6.22799750 4.85042865 -4.40847185 3.58773293 -2.87603117 2.18113258 -2.04613936 1.21102232 -1.86514155 
3.78108655 15.60445977 -11.42879118 9.38081914 -8.13033584 6.83066099 -6.39607218 5.52697363 -4.72395131 3.90637348 -3.62595688 2.63067066 -3.11595560 
3.61166023 14.22400706 -9.53888203 7.16144458 -5.72442962 4.34877995 -3.92602676 3.13614590 -2.46260842 1.80960496 -1.71808426 0.92620286 -1.62232732 
3.58484901 14.48797669 -9.88631137 7.55407562 -6.13427143 4.75627573 -4.31718912 3.50162164 -2.79660672 2.10925248 -1.98224591 1.15520235 -1.81727006 
3.71651659 15.60409157 -11.42826319 9.38017165 -8.12960449 6.82987684 -6.39526268 5.52616251 -4.72315868 3.90561583 -3.62524762 2.63002007 -3.11537121 
3.69767857 15.60397961 -11.42810265 9.37997476 -8.12938212 6.82963841 -6.39501655 5.52591588 -4.72291768 3.90538547 -3.62503198 2.62982227 -3.11519354 
3.52107892 14.12804631 -9.41421213 7.02230929 -5.58095941 4.20780039 -3.79223730 3.01252049 -2.35083324 1.71033705 -1.63141076 0.85174320 -1.55948837 
3.49292526 14.40577001 -9.77740657 7.43023212 -6.00421600 4.62621440 -4.19164108 3.38368426 -2.68826801 2.01158063 -1.89574250 1.07988826 -1.75289170 
3.63031209 15.60356159 -11.42750325 9.37923971 -8.12855190 6.82874827 -6.39409765 5.52499517 -4.72201797 3.90452549 -3.62422694 2.62908384 -3.11453026 
3.61064028 15.60343414 -11.42732050 9.37901560 -8.12829878 6.82847688 -6.39381751 5.52471447 -4.72174369 3.90426332 -3.62398152 2.62885873 -3.11432806 
3.42623762 14.02194971 -9.27738331 6.87068135 -5.42568157 4.05622620 -3.64931579 2.88127636 -2.23287938 1.60617342 -1.54094909 0.77441823 -1.49454395 
3.39660171 14.31443599 -9.65716018 7.29430628 -5.86229953 4.48508235 -4.05614261 3.25706487 -2.57253950 1.90774393 -1.80419528 1.00052185 -1.68532541 
3.54022406 15.60295689 -11.42663621 9.37817647 -8.12735104 6.82746077 -6.39276861 5.52366353 -4.72071675 3.90328176 -3.62306269 2.62801594 -3.11357106 
3.51964123 15.60281096 -11.42642696 9.37791988 -8.12706124 6.82715008 -6.39244790 5.52334219 -4.72040276 3.90298165 -3.62278176 2.62775826 -3.11333962 
3.67151615 14.50677981 -9.91131111 7.58260322 -6.16433086 4.78643378 -4.34639188 3.52913721 -2.82195653 2.13216943 -2.00259551 1.17296332 -1.83248779 
3.65827076 14.32798108 -9.67494323 7.31435406 -5.88317602 4.50579107 -4.07597599 3.27555462 -2.58940022 1.92283931 -1.81747666 1.01201378 -1.69509059 
3.46723792 15.60242563 -11.42587448 9.37724240 -8.12629610 6.82632977 -6.39160115 5.52249381 -4.71957378 3.90218932 -3.62204008 2.62707798 -3.11272860 
3.26923812 13.83311559 -9.03646639 6.60646820 -5.15783359 3.79729631 -3.40745775 2.66119496 -2.03681302 1.43445475 -1.39297862 0.64885330 -1.38981507 
3.01880835 15.58349829 -11.39875337 9.34400491 -8.08877875 6.78612831 -6.35012467 5.48095731 -4.67900567 3.86343126 -3.58577440 2.59382693 -3.08287352 
2.97854261 15.58241924 -11.39720818 9.34211240 -8.08664377 6.78384184 -6.34776691 5.47859732 -4.67670179 3.86123115 -3.58371664 2.59194096 -3.08118079 
2.93744961 15.58127310 -11.39556704 9.34010249 -8.08437652 6.78141386 -6.34526338 5.47609154 -4.67425572 3.85889537 -3.58153208 2.58993888 -3.07938392 
2.89549465 15.58005421 -11.39382187 9.33796533 -8.08196587 6.77883248 -6.34260184 5.47342778 -4.67165557 3.85641260 -3.57921016 2.58781100 -3.07747423 
2.85264079 15.57875630 -11.39196370 9.33568997 -8.07939953 6.77608458 -6.33976879 5.47059255 -4.66888821 3.85377030 -3.57673919 2.58554663 -3.07544215 
2.80884867 15.57737241 -11.38998261 9.33326430 -8.07666386 6.77315558 -6.33674925 5.46757088 -4.66593906 3.85095460 -3.57410620 2.58313393 -3.07327705 
3.01119628 13.89156007 -9.11067329 6.68747370 -5.23958142 3.87597723 -3.48063871 2.72751213 -2.09565832 1.48579888 -1.43706460 0.68613962 -1.42081516 
2.98151277 13.44138594 -8.54732363 6.08100682 -4.63575635 3.30223972 -2.95359338 2.25557273 -1.68165678 1.12840527 -1.13324394 0.43153275 -1.21098029 
2.94372965 13.80739374 -9.00390874 6.57103413 -5.12217924 3.76307595 -3.37571622 2.63250646 -2.01142156 1.41235300 -1.37404406 0.63287271 -1.37655539 
3.12022776 15.59929817 -11.42139085 9.37174501 -8.12008801 6.81967466 -6.38473215 5.51561218 -4.71285009 3.89576338 -3.61602539 2.62156156 -3.10777414 
3.09480472 15.59902381 -11.42099757 9.37126285 -8.11954357 6.81909108 -6.38412986 5.51500883 -4.71226064 3.89520007 -3.61549817 2.62107805 -3.10733991 
2.85678773 13.25193580 -8.31588283 5.83758811 -4.39886094 3.08203059 -2.75557367 2.08188542 -1.53230041 1.00185254 -1.02752818 0.34435620 -1.14023251 
2.54076898 15.56747740 -11.37582268 9.31593255 -8.05712355 6.75224082 -6.31519429 5.44600678 -4.64489817 3.83087087 -3.55533016 2.56593256 -3.05784423 
2.77199290 13.57842981 -8.71682010 6.26140773 -4.81337096 3.46918795 -3.10534353 2.39006680 -1.79847124 1.22830774 -1.21742396 0.50150178 -1.26819380 
2.73910995 13.06161457 -8.08672320 5.59991520 -4.17069293 2.87268637 -2.56969069 1.92082258 -1.39541469 0.88711746 -0.93264527 0.26682275 -1.07785491 
2.11062091 11.70752345 -6.55221780 4.09736608 -2.80578872 1.68354172 -1.56449375 1.08948563 -0.71920156 0.34204146 -0.49740442 -0.07834418 -0.80786405 
2.02381574 12.43819272 -7.35942947 4.86811792 -3.48852672 2.26402210 -2.04354782 1.47650278 -1.02692752 0.58505386 -0.68787378 0.07035339 -0.92244395 
2.27013609 15.55449286 -11.35725525 9.29322181 -8.03153576 6.72487042 -6.28700302 5.41781969 -4.61740990 3.80464648 -3.53082511 2.54349281 -3.03772018 
2.21132104 15.55119215 -11.35253784 9.28745457 -8.02504098 6.71792629 -6.27985369 5.41067434 -4.61044440 3.79800369 -3.52461997 2.53781248 -3.03262759 
2.15072426 15.54758994 -11.34739066 9.28116324 -8.01795743 6.71035409 -6.27205915 5.40288549 -4.60285285 3.79076496 -3.51785915 2.53162432 -3.02708043 
2.08823444 15.54364861 -11.34176028 9.27428288 -8.01021237 6.70207648 -6.26354018 5.39437434 -4.59455880 3.78285772 -3.51047514 2.52486676 -3.02102371 
2.02372950 15.53932451 -11.33558477 9.26673826 -8.00172161 6.69300396 -6.25420516 5.38504984 -4.58547394 3.77419817 -3.50239001 2.51746880 -3.01439404 
2.32246042 12.87050907 -7.85998185 5.36806633 -3.95118029 2.67393278 -2.39545799 1.77170747 -1.27017482 0.78327868 -0.84763059 0.19797281 -1.02293354 
2.28293871 12.20888460 -7.10086732 4.61639251 -3.26133815 2.06746832 -1.87863908 1.34118796 -0.91775509 0.49775100 -0.61869808 0.01588250 -0.88013235 
2.22712121 12.69845264 -7.65871540 5.16506170 -3.76152663 2.50438696 -2.24864736 1.64754093 -1.16706471 0.69866669 -0.77900966 0.14286037 -0.97931666 
2.46909566 15.58954924 -11.40742024 9.35462221 -8.10075875 6.79896088 -6.36335979 5.49420735 -4.69194286 3.87578768 -3.59733312 2.60442214 -3.09238436 
2.43380337 15.58881985 -11.40637534 9.35334196 -8.09931396 6.79741305 -6.36176318 5.49260872 -4.69038179 3.87429651 -3.59593806 2.60314323 -3.09123623 
2.10522398 11.82293338 -6.67649073 4.21310282 -2.90582009 1.76662708 -1.63153068 1.14248103 -0.76047599 0.37405632 -0.52210771 -0.05929193 -0.82237690 
2.04346175 12.34357611 -7.25216060 4.76313947 -3.39329990 2.18124173 -1.97377679 1.41900259 -0.98034429 0.54766663 -0.65815393 0.04688906 -0.90417200 
2.30513282 15.58593485 -11.40224289 9.34827926 -8.09360120 6.79129345 -6.35545133 5.48628949 -4.68421151 3.86840300 -3.59042483 2.59808941 -3.08669949 
1.95563464 11.47263370 -6.30301575 3.86856254 -2.61075330 1.52362733 -1.43704554 0.98989800 -0.64248344 0.28307396 -0.45225003 -0.11298151 -0.78161356 
1.88833604 12.01863076 -6.88997929 4.41443562 -3.08197396 1.91463016 -1.75226599 1.23892988 -0.83633882 0.43339605 -0.56822541 -0.02353229 -0.84975455 
1.84180988 11.18973937 -6.00950410 3.60478086 -2.39053441 1.34652623 -1.29847013 0.88347479 -0.56182021 0.22188714 -0.40589931 -0.14828706 -0.75503545 
1.26169179 15.46218776 -11.22571175 9.13284097 -7.85139123 6.53273604 -6.08965568 5.22102375 -4.42597564 3.62244671 -3.36095080 2.38826117 -2.89878249 
1.69551544 11.58062786 -6.41697010 3.97264255 -2.69901905 1.59565177 -1.49418442 1.03435199 -0.67658838 0.30919868 -0.47219829 -0.09770942 -0.79316632 
1.64580374 10.66773496 -5.48683984 3.15074577 -2.02375931 1.06035904 -1.08084176 0.72072286 -0.44147492 0.13232324 -0.33904793 -0.19881232 -0.71729433 
1.56524864 11.26217897 -6.08397438 3.67111720 -2.44543733 1.39032421 -1.33247814 0.90940353 -0.58133939 0.23661291 -0.41700577 -0.13984962 -0.76137095 
1.88405048 15.57348356 -11.38441652 9.32645017 -8.06898008 6.76492997 -6.32827052 5.45908729 -4.65766013 3.84305122 -3.56671649 2.57636317 -3.06720174 
1.83662409 15.57173169 -11.38190954 9.32338159 -8.06552044 6.76122695 -6.32445411 5.45526922 -4.65393467 3.83949521 -3.56339199 2.57331746 -3.06446915 
2.18595318 12.49740667 -7.42697776 4.93461856 -3.54920119 2.31705704 -2.08848514 1.51372489 -1.05722835 0.60947736 -0.70736297 0.08578976 -0.93450079 
2.44852568 15.60474863 -11.42920539 9.38132712 -8.13090962 6.83127621 -6.39670729 5.52761003 -4.72457321 3.90696794 -3.62651338 2.63118114 -3.11641413 
2.43077444 15.60465491 -11.42907099 9.38116231 -8.13072345 6.83107659 -6.39650122 5.52740354 -4.72437143 3.90677505 -3.62633282 2.63101550 -3.11626535 
2.12044929 11.98456947 -6.85257139 4.37893003 -3.05071395 1.88821141 -1.73059373 1.22152501 -0.82258018 0.42258796 -0.55979460 -0.03008795 -0.84472225 
2.08396499 12.29409614 -7.19638957 4.70886455 -3.34433549 2.13889731 -1.93826467 1.38987561 -0.95685439 0.52888961 -0.64328112 0.03518156 -0.89508074 
2.05805442 11.84607119 -6.70155079 4.23657226 -2.92621534 1.78365368 -1.64533535 1.15344453 -0.76905181 0.38073263 -0.52727532 -0.05529732 -0.82542631 
2.02025394 12.16199305 -7.04858411 4.56604069 -3.21637358 2.02895572 -1.84663799 1.31517181 -0.89694944 0.48124191 -0.60570662 0.00571012 -0.87227256 
1.99372314 11.69904169 -6.54313230 4.08894714 -2.79854787 1.67755515 -1.55968473 1.08569975 -0.71626460 0.33977092 -0.49565734 -0.07968886 -0.80684172 
1.49747667 15.55654209 -11.36018454 9.29680358 -8.03557000 6.72918441 -6.29144512 5.42225991 -4.62173891 3.80877544 -3.53468246 2.54702430 -3.04088658 
1.43979236 15.55342402 -11.35572754 9.29135399 -8.02943218 6.72262116 -6.28468716 5.41550499 -4.61515334 3.80249436 -3.52881468 2.54165234 -3.03607007 
1.86347251 11.81962253 -6.67290880 4.20975181 -2.90291105 1.76420089 -1.62956542 1.14092163 -0.75925722 0.37310818 -0.52137427 -0.05985863 -0.82194448 
2.16414222 15.60302820 -11.42673845 9.37830184 -8.12749264 6.82761259 -6.39292532 5.52382054 -4.72087017 3.90342841 -3.62319996 2.62814185 -3.11368416 
2.14366476 15.60288449 -11.42653239 9.37804916 -8.12720725 6.82730662 -6.39260949 5.52350409 -4.72056096 3.90313286 -3.62292330 2.62788809 -3.11345623 
2.46292750 12.89293329 -7.88641342 5.39492218 -3.97644962 2.69667679 -2.41528145 1.78857906 -1.28426962 0.79490798 -0.85710899 0.20561845 -1.02900936 
2.45549839 12.77118478 -7.74346354 5.25021930 -3.84078986 2.57499645 -2.30957967 1.69890530 -1.20958396 0.73345780 -0.80715151 0.16541052 -0.99712439 
2.10206993 15.60258339 -11.42610068 9.37751978 -8.12660937 6.82666562 -6.39194783 5.52284115 -4.71991318 3.90251371 -3.62234373 2.62735649 -3.11297875 
2.08094356 15.60242563 -11.42587448 9.37724240 -8.12629610 6.82632977 -6.39160115 5.52249381 -4.71957378 3.90218932 -3.62204008 2.62707798 -3.11272860 
2.05959165 15.60226277 -11.42564098 9.37695608 -8.12597274 6.82598309 -6.39124330 5.52213528 -4.71922345 3.90185448 -3.62172665 2.62679050 -3.11247039 
2.03800934 15.60209460 -11.42539986 9.37666042 -8.12563884 6.82562512 -6.39087380 5.52176507 -4.71886172 3.90150875 -3.62140303 2.62649367 -3.11220379 
2.01619159 15.60192088 -11.42515080 9.37635503 -8.12529393 6.82525536 -6.39049213 5.52138268 -4.71848809 3.90115164 -3.62106876 2.62618708 -3.11192842 
1.99413321 15.60174138 -11.42489344 9.37603945 -8.12493754 6.82487329 -6.39009776 5.52098757 -4.71810202 3.90078266 -3.62072338 2.62587030 -3.11164390 
1.97182884 15.60155582 -11.42462740 9.37571325 -8.12456915 6.82447835 -6.38969012 5.52057916 -4.71770297 3.90040127 -3.62036638 2.62554287 -3.11134981 
1.94927293 15.60136393 -11.42435230 9.37537593 -8.12418821 6.82406997 -6.38926860 5.52015685 -4.71729034 3.90000690 -3.61999725 2.62520431 -3.11104573 
1.92645974 15.60116543 -11.42406771 9.37502699 -8.12379415 6.82364753 -6.38883257 5.51972001 -4.71686352 3.89959897 -3.61961542 2.62485410 -3.11073120 
1.90338333 15.60096000 -11.42377320 9.37466589 -8.12338636 6.82321037 -6.38838135 5.51926796 -4.71642184 3.89917685 -3.61922031 2.62449172 -3.11040573 
1.88003755 15.60074733 -11.42346830 9.37429205 -8.12296419 6.82275780 -6.38791424 5.51879999 -4.71596461 3.89873987 -3.61881129 2.62411659 -3.11006882 
1.47771154 10.35254234 -5.18310411 2.89640304 -1.82551648 0.91066310 -0.97044004 0.64047891 -0.38368939 0.09012903 -0.30798268 -0.22218794 -0.69992556 
1.42490839 10.72141546 -5.53945772 3.19552670 -2.05921431 1.08751377 -1.10113402 0.73565156 -0.45234601 0.14032244 -0.34496852 -0.19435269 -0.72061331 
1.78383010 15.59981691 -11.42213447 9.37265669 -8.12111747 6.82077817 -6.38587105 5.51675310 -4.71396476 3.89682862 -3.61702240 2.62247594 -3.10859533 
1.36339975 10.01069051 -4.86374211 2.63676593 -1.62886632 0.76594982 -0.86623046 0.56636994 -0.33138339 0.05242713 -0.28045242 -0.24291466 -0.68454534 
1.30694725 10.38775894 -5.21659848 2.92409997 -1.84684101 0.92658702 -0.98206244 0.64884583 -0.38966129 0.09446367 -0.31116136 -0.21979688 -0.70170048 
1.68276000 15.59873877 -11.42058898 9.37076193 -8.11897796 6.81848481 -6.38350417 5.51438205 -4.71164830 3.89461490 -3.61495049 2.62057579 -3.10688884 
1.65667378 15.59844249 -11.42016427 9.37024127 -8.11839007 6.81785466 -6.38285385 5.51373061 -4.71101187 3.89400672 -3.61438129 2.62005378 -3.10642006 
2.06125433 12.11580472 -6.99728074 4.51681335 -3.17257012 1.99156403 -1.81566875 1.29007224 -0.87693557 0.46540168 -0.59326947 -0.00401072 -0.86477438 
2.35504530 15.60999040 -11.43672330 9.39054849 -8.14132701 6.84244765 -6.40824168 5.53916935 -4.73587069 3.91776822 -3.63662521 2.64045763 -3.12474762 
2.65978499 13.12304283 -8.16032122 5.67588202 -4.24327989 2.93898559 -2.62830285 1.97139413 -1.43822042 0.92286187 -0.96210206 0.29081788 -1.09710187 
2.90010059 15.60665134 -11.43193402 9.38467369 -8.13468987 6.83532973 -6.40089214 5.53180358 -4.72867145 3.91088552 -3.63018099 2.63454554 -3.11943635 
2.91415200 15.60669788 -11.43200077 9.38475556 -8.13478236 6.83542890 -6.40099453 5.53190619 -4.72877173 3.91098139 -3.63027074 2.63462788 -3.11951031 
3.15874568 13.76541610 -8.95090813 6.51349012 -5.06441374 3.70775899 -3.32451879 2.58633157 -1.97063686 1.37692044 -1.34374388 0.60734256 -1.35540607 
3.17528446 14.00965071 -9.26159021 6.85325297 -5.40790617 4.03894261 -3.63308075 2.86642268 -2.21957725 1.59446586 -1.53081385 0.76578055 -1.48730989 
2.96939075 15.60687465 -11.43225428 9.38506650 -8.13513362 6.83580558 -6.40138344 5.53229592 -4.72915263 3.91134551 -3.63061165 2.63494062 -3.11979125 
2.75879744 13.37406681 -8.46470230 5.99372213 -4.55044229 3.22260646 -2.88169778 2.19226846 -1.62701937 1.08195159 -1.09431550 0.39933847 -1.18478134 
2.48064710 15.60999040 -11.43672330 9.39054849 -8.14132701 6.84244765 -6.40824168 5.53916935 -4.73587069 3.91776822 -3.63662521 2.64045763 -3.12474762 
2.19583146 12.26975538 -7.16903600 4.68232140 -3.32045672 2.11830184 -1.92103644 1.37577960 -0.94551286 0.51984217 -0.63612790 0.02955914 -0.89072089 
2.18425395 12.36991889 -7.28194385 4.79220944 -3.41960113 2.20404907 -1.99295429 1.43477139 -0.99309158 0.55787783 -0.66625709 0.05327751 -0.90914006 
2.46317974 15.60999040 -11.43672330 9.39054849 -8.14132701 6.84244765 -6.40824168 5.53916935 -4.73587069 3.91776822 -3.63662521 2.64045763 -3.12474762 
2.46317974 15.60999040 -11.43672330 9.39054849 -8.14132701 6.84244765 -6.40824168 5.53916935 -4.73587069 3.91776822 -3.63662521 2.64045763 -3.12474762 
2.46317974 15.60999040 -11.43672330 9.39054849 -8.14132701 6.84244765 -6.40824168 5.53916935 -4.73587069 3.91776822 -3.63662521 2.64045763 -3.12474762 
2.46317974 15.60999040 -11.43672330 9.39054849 -8.14132701 6.84244765 -6.40824168 5.53916935 -4.73587069 3.91776822 -3.63662521 2.64045763 -3.12474762 
2.46317974 15.60999040 -11.43672330 9.39054849 -8.14132701 6.84244765 -6.40824168 5.53916935 -4.73587069 3.91776822 -3.63662521 2.64045763 -3.12474762 
2.75222028 13.27065772 -8.33860625 5.86133781 -4.42183245 3.10325835 -2.77455327 2.09844069 -1.54646066 1.01379141 -1.03745522 0.35250793 -1.14682143 
2.75879744 13.37406681 -8.46470230 5.99372213 -4.55044229 3.22260646 -2.88169778 2.19226846 -1.62701937 1.08195159 -1.09431550 0.39933847 -1.18478134 
2.48064710 15.60999040 -11.43672330 9.39054849 -8.14132701 6.84244765 -6.40824168 5.53916935 -4.73587069 3.91776822 -3.63662521 2.64045763 -3.12474762 
2.76722586 13.29396312 -8.36693813 5.89099508 -4.45056128 3.12984477 -2.79835730 2.11923222 -1.56426742 1.02882278 -1.04996761 0.36279305 -1.15514276 
2.77376178 13.39650291 -8.49219158 6.02271536 -4.57873554 3.24897516 -2.90546884 2.21316875 -1.64503321 1.09724750 -1.10711809 0.40991469 -1.19337897 
2.49796323 15.60999040 -11.43672330 9.39054849 -8.14132701 6.84244765 -6.40824168 5.53916935 -4.73587069 3.91776822 -3.63662521 2.64045763 -3.12474762 
2.49796323 15.60999040 -11.43672330 9.39054849 -8.14132701 6.84244765 -6.40824168 5.53916935 -4.73587069 3.91776822 -3.63662521 2.64045763 -3.12474762 
2.78212146 13.31691852 -8.39489371 5.92030820 -4.47900388 3.15620814 -2.82199796 2.13991174 -1.58200355 1.04381432 -1.06246221 0.37307500 -1.16347038 
2.58299742 9.76961604 -4.64481247 2.46351358 -1.50103310 0.67404356 -0.80144805 0.52118201 -0.30005158 0.03007275 -0.26422033 -0.25517811 -0.67543904 
2.22367261 12.44826258 -7.37089403 4.87938324 -3.49878601 2.27297385 -2.05111991 1.48276463 -1.03201710 0.58915057 -0.69113877 0.07293672 -0.92445972 
2.49796323 15.60999040 -11.43672330 9.39054849 -8.14132701 6.84244765 -6.40824168 5.53916935 -4.73587069 3.91776822 -3.63662521 2.64045763 -3.12474762 
2.21550815 12.30998158 -7.21427040 4.72624290 -3.35999340 2.15242186 -1.94959380 1.39915737 -0.96433186 0.53486124 -0.64800716 0.03889923 -0.89796576 
1.80831928 15.60006225 -11.42248617 9.37308789 -8.12160440 6.82130013 -6.38640976 5.51729277 -4.71449202 3.89733252 -3.61749403 2.62290848 -3.10898379 
2.18425395 12.36991889 -7.28194385 4.79220944 -3.41960113 2.20404907 -1.99295429 1.43477139 -0.99309158 0.55787783 -0.66625709 0.05327751 -0.90914006 
2.17596494 12.22875873 -7.12308707 4.63784763 -3.28054678 2.08396046 -1.89237459 1.35237934 -0.92672386 0.50488071 -0.62431772 0.02028845 -0.88354083 
2.16425751 12.32960865 -7.23639464 4.74777523 -3.37942027 2.16922333 -1.96368522 1.41071581 -0.97365385 0.54231328 -0.65390998 0.04354594 -0.90157420 
2.15590500 12.18697060 -7.07640868 4.59281428 -3.24026246 2.04940051 -1.86361309 1.32896209 -0.90797016 0.48998144 -0.61258032 0.01108994 -0.87642765 
1.73393340 15.59929817 -11.42139085 9.37174501 -8.12008801 6.81967466 -6.38473215 5.51561218 -4.71285009 3.89576338 -3.61602539 2.62156156 -3.10777414 
1.30388592 9.82592384 -4.69548306 2.50326441 -1.53011545 0.69479612 -0.81597592 0.53125335 -0.30699520 0.03501203 -0.26780170 -0.25246763 -0.67745287 
0.14444289 -10.12828672 -4.24497593 -2.21220943 -1.28844917 -0.89154000 -0.62222553 -0.08021342 -0.26802993 -0.27828221 -0.24164379 -0.44931730 -0.61371946 
0.68583319 6.88527206 -2.42641424 0.94900171 -0.52473488 0.04293422 -0.39446594 0.25723228 -0.12894029 -0.09074122 -0.17601323 -0.32616045 -0.62158851 
2.27718365 8.07784896 -3.25413119 1.45924384 -0.82118782 0.21906641 -0.50013639 0.32188527 -0.16838716 -0.06241257 -0.19719763 -0.30751893 -0.63608399 
2.82896418 15.44310862 -11.19862082 9.09992439 -7.81453970 6.49355447 -6.04953126 5.18112563 -4.38727003 3.58570264 -3.32677532 2.35710250 -2.87095426 
2.92868524 15.45823748 -11.22009987 9.12601911 -7.84375044 6.52460868 -6.08132934 5.21274115 -4.41793762 3.61481338 -3.35384873 2.38178402 -2.89299597 
2.58613237 10.36160031 -5.19170849 2.90350975 -1.83098185 0.91474013 -0.97341290 0.64261719 -0.38521436 0.09123533 -0.30879368 -0.22157788 -0.70037839 
1.32902214 5.14549680 -1.44424727 0.44434627 -0.27754201 -0.09065713 -0.31906246 0.21243663 -0.10365528 -0.11134823 -0.15992311 -0.34307568 -0.60821588 
-1.15877228 -3.22812758 -0.43960605 -0.12519884 -0.14730802 -0.22668189 -0.25594470 0.15918468 -0.10146944 -0.15001660 -0.15178449 -0.38143910 -0.58378075 
1.55589810 0.56852550 -0.13225610 -0.00739242 -0.12569604 -0.18764236 -0.26303682 0.17517696 -0.09181185 -0.13382986 -0.14700106 -0.36744883 -0.59014445 
2.25702560 15.60364450 -11.42762214 9.37938551 -8.12871657 6.82892482 -6.39427991 5.52517779 -4.72219642 3.90469606 -3.62438661 2.62923030 -3.11466181 
2.89223778 10.51840393 -5.34182583 3.02842527 -1.92774640 0.98739847 -1.02671722 0.68117222 -0.41285328 0.11135460 -0.32357538 -0.21045828 -0.70863588 
3.29165293 15.58978403 -11.40775660 9.35503434 -8.10122386 6.79945918 -6.36387380 5.49472202 -4.69244545 3.87626778 -3.59778228 2.60483391 -3.09275403 
3.32613398 15.59046467 -11.40873171 9.35622916 -8.10257232 6.80090388 -6.36536410 5.49621426 -4.69390271 3.87765985 -3.59908467 2.60602791 -3.09382597 
3.36003066 15.59111156 -11.40965851 9.35736483 -8.10385405 6.80227716 -6.36678077 5.49763283 -4.69528806 3.87898326 -3.60032287 2.60716308 -3.09484512 
2.87633553 8.05358287 -3.23603379 1.44734365 -0.81384375 0.21451374 -0.49731522 0.32011972 -0.16728156 -0.06319001 -0.19662633 -0.30799518 -0.63571808 
1.44138504 10.41869886 -5.24611707 2.94858182 -1.86574454 0.94073978 -0.99241701 0.65631649 -0.39500433 0.09834700 -0.31401153 -0.21765296 -0.70329220 
