9.41355462 0.80941372 -0.15544066 -0.00128703 -0.12648332 -0.18518502 -0.26430440 0.17626804 -0.09164437 -0.13293872 -0.14711136 -0.36649201 -0.59076090 
3.64125319 1.47051920 -0.24523923 0.02075279 -0.13037469 -0.17800856 -0.26832126 0.17948483 -0.09148942 -0.13046783 -0.14767490 -0.36375482 -0.59259734 
-0.98711564 -7.46042164 -2.27553044 -0.91908868 -0.48806421 -0.40027277 -0.32887030 0.10639608 -0.14268669 -0.18846961 -0.17849650 -0.40454124 -0.58780184 
1.84153133 -1.84599089 -0.18122970 -0.05825437 -0.13002592 -0.21096824 -0.25554475 0.16530241 -0.09640100 -0.14333293 -0.14858102 -0.37636238 -0.58536674 
3.74999574 7.25006432 -2.66624043 1.08945927 -0.60233448 0.08744238 -0.42046863 0.27286316 -0.13825506 -0.08387856 -0.18123291 -0.32132884 -0.62537977 
4.41545010 14.80399236 -10.31092675 8.04356093 -6.65517367 5.28390102 -4.83286396 3.99189322 -3.25222787 2.52456086 -2.35393807 1.48202909 -2.09929460 
4.34064871 13.77916102 -8.96824421 6.53229331 -5.08327072 3.72579957 -3.34120051 2.60136340 -1.98390257 1.38843602 -1.35358396 0.61562771 -1.36226490 
3.63186632 8.67492567 -3.71588354 1.77343050 -1.02162207 0.34660748 -0.58090862 0.37330911 -0.20114386 -0.03949081 -0.21391129 -0.29395373 -0.64642352 
2.44225948 12.63774339 -7.58834802 5.09471253 -3.69637065 2.44661767 -2.19902190 1.60589054 -1.13273043 0.67067872 -0.75644822 0.12483536 -0.96512234 
2.06325226 15.57941555 -11.39290750 9.33684566 -8.08070298 6.77748022 -6.34120765 5.47203250 -4.67029367 3.85511222 -3.57799409 2.58669659 -3.07647413 
3.00653205 8.47212114 -3.55549447 1.66202876 -0.94915370 0.29978403 -0.55087730 0.35399691 -0.18872273 -0.04816756 -0.20760832 -0.29899762 -0.64259638 
3.83808658 12.71002248 -7.67216421 5.17854407 -3.77404728 2.51551650 -2.25823150 1.65560386 -1.17372634 0.70410803 -0.78340409 0.14637679 -0.98208994 
3.97942682 14.79020921 -10.29220920 8.02176379 -6.63174899 5.25995040 -4.80924312 3.96923968 -3.23099900 2.50505713 -2.33635187 1.46645681 -2.08576703 
3.70940165 14.53884670 -9.95402304 7.63142739 -6.21586383 4.83821997 -4.39661677 3.57653252 -2.86568545 2.17175664 -2.03779427 1.20372271 -1.85887400 
3.72450082 14.39082042 -9.75767058 7.40786387 -5.98080212 4.60287268 -4.16917772 3.36264460 -2.66899543 1.99425221 -1.88043463 1.06659244 -1.74155253 
4.02537497 14.60061241 -10.03656755 7.72608712 -6.31608680 4.93923721 -4.49487297 3.66951347 -2.95170554 2.24982901 -2.10738086 1.26467221 -1.91127256 
4.16905342 15.60155582 -11.42462740 9.37571325 -8.12456915 6.82447835 -6.38969012 5.52057916 -4.71770297 3.90040127 -3.62036638 2.62554287 -3.11134981 
4.06770238 14.84751149 -10.37014430 8.11265390 -6.72956371 5.36009701 -4.90814051 4.06420728 -3.32010254 2.58701435 -2.41033251 1.53203319 -2.14278916 
3.67402841 12.57245771 -7.51305308 5.01979855 -3.62731203 2.38566094 -2.14688330 1.56231140 -1.09694765 0.64161334 -0.73309344 0.10622796 -0.95050760 
3.30889344 15.60999040 -11.43672330 9.39054849 -8.14132701 6.84244765 -6.40824168 5.53916935 -4.73587069 3.91776822 -3.63662521 2.64045763 -3.12474762 
3.11867538 13.78994303 -8.98185561 6.54706956 -5.09810191 3.74000031 -3.35434209 2.61321435 -1.99436890 1.39752787 -1.36135805 0.62217734 -1.36769015 
3.11171999 13.85803561 -9.06806820 6.64092409 -5.19256472 3.83068699 -3.43848054 2.68927842 -2.06170701 1.45615465 -1.41159414 0.66458439 -1.40288348 
3.10606535 13.77373426 -8.96139747 6.52486494 -5.07581894 3.71866843 -3.33460472 2.59541841 -1.97865475 1.38387946 -1.34968951 0.61234799 -1.35954926 
3.09906214 13.84224720 -9.04803970 6.61907965 -5.17053881 3.80950473 -3.41879461 2.67145260 -2.04590134 1.44237341 -1.39976886 0.65458915 -1.39457826 
3.09337623 13.75730916 -8.94069136 6.50241738 -5.05331779 3.69715120 -3.31471696 2.57750526 -1.96285273 1.37016747 -1.33797683 0.60248945 -1.35139052 
2.61037743 12.94061414 -7.94276893 5.45233347 -4.03060857 2.74554317 -2.45797416 1.82499764 -1.31476096 0.82011598 -0.87769229 0.22224857 -1.04224523 
2.58266745 13.19839151 -8.25107342 5.77003165 -4.33368746 3.02195376 -2.70198839 2.03525309 -1.49250300 0.96836733 -0.99973874 0.32157589 -1.12184981 
2.80381370 15.60631424 -11.43145056 9.38408072 -8.13402003 6.83461143 -6.40015054 5.53106041 -4.72794515 3.91019121 -3.62953096 2.63394924 -3.11890067 
2.78896235 15.60625930 -11.43137178 9.38398409 -8.13391087 6.83449438 -6.40002969 5.53093931 -4.72782679 3.91007807 -3.62942504 2.63385206 -3.11881338 
2.77399990 15.60620312 -11.43129121 9.38388527 -8.13379925 6.83437468 -6.39990611 5.53081547 -4.72770576 3.90996237 -3.62931672 2.63375270 -3.11872413 
2.75892466 15.60614566 -11.43120881 9.38378421 -8.13368508 6.83425226 -6.39977973 5.53068881 -4.72758199 3.90984405 -3.62920595 2.63365108 -3.11863284 
2.74373493 15.60608689 -11.43112452 9.38368083 -8.13356830 6.83412704 -6.39965044 5.53055926 -4.72745537 3.90972302 -3.62909263 2.63354714 -3.11853946 
2.47700679 12.70241621 -7.66332128 5.16967773 -3.76581218 2.50819534 -2.25192608 1.65029855 -1.16934253 0.70052685 -0.78051163 0.14406204 -0.98026423 
2.10565191 15.58067312 -11.39470800 9.33905048 -8.08318986 6.78014313 -6.34395317 5.47478022 -4.67297570 3.85767311 -3.58038900 2.58889130 -3.07844375 
2.41182525 12.91341547 -7.91059632 5.41953295 -3.99964300 2.71758370 -2.43353017 1.80413211 -1.29728028 0.80565587 -0.86587879 0.21269948 -1.03464176 
2.65009117 15.60570421 -11.43057572 9.38300774 -8.13280798 6.83331174 -6.39880872 5.52971578 -4.72663106 3.90893503 -3.62835492 2.63287041 -3.11793156 
2.63404856 15.60563499 -11.43047646 9.38288599 -8.13267045 6.83316428 -6.39865648 5.52956322 -4.72648197 3.90879251 -3.62822150 2.63274801 -3.11782162 
2.11934057 7.90878488 -3.12913002 1.37770181 -0.77124811 0.18828637 -0.48115106 0.31004525 -0.16099964 -0.06761682 -0.19336541 -0.31073445 -0.63360913 
1.56524864 11.26217897 -6.08397438 3.67111720 -2.44543733 1.39032421 -1.33247814 0.90940353 -0.58133939 0.23661291 -0.41700577 -0.13984962 -0.76137095 
1.88405048 15.57348356 -11.38441652 9.32645017 -8.06898008 6.76492997 -6.32827052 5.45908729 -4.65766013 3.84305122 -3.56671649 2.57636317 -3.06720174 
2.22537129 12.57335405 -7.51408419 5.02082192 -3.62825313 2.38648974 -2.14759063 1.56290135 -1.09743108 0.64200530 -0.73340788 0.10647812 -0.95070382 
2.20081762 12.15713943 -7.04318386 4.56085051 -3.21174793 2.02500124 -1.84335803 1.31250987 -0.89482411 0.47955789 -0.60438308 0.00467482 -0.87147339 
2.16595650 12.45832294 -7.38235704 4.89065579 -3.50905969 2.28194462 -2.05871335 1.48904830 -1.03712765 0.59326647 -0.69442071 0.07553457 -0.92648762 
2.43077444 15.60465491 -11.42907099 9.38116231 -8.13072345 6.83107659 -6.39650122 5.52740354 -4.72437143 3.90677505 -3.62633282 2.63101550 -3.11626535 
2.41286423 15.60455865 -11.42893297 9.38099303 -8.13053225 6.83087159 -6.39628958 5.52719148 -4.72416419 3.90657696 -3.62614737 2.63084540 -3.11611256 
2.69264709 13.27275442 -8.34115310 5.86400173 -4.42441101 3.10564288 -2.77668674 2.10030288 -1.54805448 1.01513600 -1.03857385 0.35342696 -1.14756463 
2.68588546 13.16543704 -8.21131750 5.72872279 -4.29395986 2.98544204 -2.66951593 2.00707285 -1.46851750 0.94823600 -0.98307002 0.30794005 -1.11086797 
2.37655536 15.60435817 -11.42864548 9.38064046 -8.13013402 6.83044460 -6.39584879 5.52674979 -4.72373258 3.90616439 -3.62576115 2.63049112 -3.11579433 
2.66137459 13.22363241 -8.28159167 5.80181023 -4.36431379 3.05015747 -2.72712073 2.05710436 -1.51113512 0.98403149 -1.01272863 0.33221704 -1.13043115 
2.65452451 13.11442970 -8.14998071 5.66518776 -4.23304189 2.92961736 -2.62000619 1.96422345 -1.43214098 0.91777770 -0.95790642 0.28739593 -1.09435383 
2.33957512 15.60414638 -11.42834179 9.38026803 -8.12971336 6.82999357 -6.39538318 5.52628325 -4.72327667 3.90572861 -3.62535320 2.63011691 -3.11545820 
2.32082540 15.60403598 -11.42818349 9.38007390 -8.12949409 6.82975846 -6.39514048 5.52604006 -4.72303903 3.90550146 -3.62514056 2.62992187 -3.11528300 
2.30189824 15.60392243 -11.42802066 9.37987422 -8.12926855 6.82951665 -6.39489085 5.52578994 -4.72279460 3.90526783 -3.62492185 2.62972125 -3.11510280 
2.59734948 13.12056122 -8.15734121 5.67279937 -4.24032810 2.93628400 -2.62590979 1.96932543 -1.43646621 0.92139458 -0.96089101 0.28983001 -1.09630844 
2.59031590 13.00742186 -8.02208327 5.53348136 -4.10748104 2.81518148 -2.51905032 1.87729259 -1.35870130 0.85656133 -0.90754067 0.24642840 -1.06153848 
2.26349794 15.60368536 -11.42768073 9.37945735 -8.12879771 6.82901183 -6.39436972 5.52526778 -4.72228436 3.90478011 -3.62446529 2.62930247 -3.11472664 
1.92733675 11.54271305 -6.37684260 3.93588667 -2.66776078 1.57007878 -1.47384657 1.01849230 -0.66439431 0.29984118 -0.46504256 -0.10319318 -0.78901415 
1.88661032 11.87172964 -6.72939771 4.26270294 -2.94896674 1.80268142 -1.66078900 1.16573764 -0.77868250 0.38823995 -0.53309265 -0.05079671 -0.82886468 
2.18441214 15.60316760 -11.42693833 9.37854695 -8.12776946 6.82790938 -6.39323169 5.52412751 -4.72117013 3.90371510 -3.62346833 2.62838801 -3.11390526 
2.16414222 15.60302820 -11.42673845 9.37830184 -8.12749264 6.82761259 -6.39292532 5.52382054 -4.72087017 3.90342841 -3.62319996 2.62814185 -3.11368416 
2.48022273 12.92309085 -7.92203328 5.43118544 -4.01063656 2.72750393 -2.44219794 1.81152674 -1.30347194 0.81077509 -0.87005913 0.21607716 -1.03733020 
2.47284527 12.80247666 -7.78007455 5.28715249 -3.87529909 2.60585073 -2.33629947 1.72150596 -1.22835344 0.74886093 -0.81964413 0.17544418 -1.00506537 
2.12297547 15.60273628 -11.42631989 9.37778858 -8.12691296 6.82699110 -6.39228380 5.52317777 -4.72024209 3.90282809 -3.62263801 2.62762641 -3.11322119 
2.10206993 15.60258339 -11.42610068 9.37751978 -8.12660937 6.82666562 -6.39194783 5.52284115 -4.71991318 3.90251371 -3.62234373 2.62735649 -3.11297875 
2.42789130 12.83103848 -7.81356994 5.32101922 -3.90701310 2.63426558 -2.36095677 1.74240287 -1.24574045 0.76315377 -0.83125421 0.18478164 -1.01246484 
2.42035691 12.70696751 -7.66861192 5.17498176 -3.77073803 2.51257404 -2.25569688 1.65347095 -1.17196365 0.70266789 -0.78224077 0.14544573 -0.98135551 
2.05959165 15.60226277 -11.42564098 9.37695608 -8.12597274 6.82598309 -6.39124330 5.52213528 -4.71922345 3.90185448 -3.62172665 2.62679050 -3.11247039 
2.39224391 12.76695026 -7.73851613 5.24523507 -3.83613887 2.57084325 -2.30598735 1.69587031 -1.20706625 0.73139373 -0.80547900 0.16406829 -0.99606291 
2.64741032 15.60999040 -11.43672330 9.39054849 -8.14132701 6.84244765 -6.40824168 5.53916935 -4.73587069 3.91776822 -3.63662521 2.64045763 -3.12474762 
2.38460151 12.64048226 -7.59151534 5.09787202 -3.69929059 2.44920125 -2.20123687 1.60774600 -1.13425719 0.67192122 -0.75744833 0.12563335 -0.96574998 
2.37418444 12.73404935 -7.70013234 5.20661998 -3.80015497 2.53875270 -2.27826551 1.67247772 -1.18768314 0.71551971 -0.79262859 0.15376411 -0.98792044 
2.36648699 12.60635373 -7.55209713 5.05859831 -3.66303710 2.41715952 -2.17379614 1.58478269 -1.11538052 0.65657251 -0.74510384 0.11579037 -0.95801326 
2.35596414 12.70055804 -7.66116182 5.16751333 -3.76380258 2.50640937 -2.25038838 1.64900516 -1.16827410 0.69965428 -0.77980704 0.14349830 -0.97981967 
2.61515156 15.60999040 -11.43672330 9.39054849 -8.14132701 6.84244765 -6.40824168 5.53916935 -4.73587069 3.91776822 -3.63662521 2.64045763 -3.12474762 
2.61515156 15.60999040 -11.43672330 9.39054849 -8.14132701 6.84244765 -6.40824168 5.53916935 -4.73587069 3.91776822 -3.63662521 2.64045763 -3.12474762 
2.61515156 15.60999040 -11.43672330 9.39054849 -8.14132701 6.84244765 -6.40824168 5.53916935 -4.73587069 3.91776822 -3.63662521 2.64045763 -3.12474762 
2.61515156 15.60999040 -11.43672330 9.39054849 -8.14132701 6.84244765 -6.40824168 5.53916935 -4.73587069 3.91776822 -3.63662521 2.64045763 -3.12474762 
2.61515156 15.60999040 -11.43672330 9.39054849 -8.14132701 6.84244765 -6.40824168 5.53916935 -4.73587069 3.91776822 -3.63662521 2.64045763 -3.12474762 
2.34821092 12.57161478 -7.51208347 5.01883630 -3.62642717 2.38488174 -2.14621832 1.56175680 -1.09649322 0.64124491 -0.73279790 0.10599283 -0.95032318 
1.97182884 15.60155582 -11.42462740 9.37571325 -8.12456915 6.82447835 -6.38969012 5.52057916 -4.71770297 3.90040127 -3.62036638 2.62554287 -3.11134981 
1.94927293 15.60136393 -11.42435230 9.37537593 -8.12418821 6.82406997 -6.38926860 5.52015685 -4.71729034 3.90000690 -3.61999725 2.62520431 -3.11104573 
1.92645974 15.60116543 -11.42406771 9.37502699 -8.12379415 6.82364753 -6.38883257 5.51972001 -4.71686352 3.89959897 -3.61961542 2.62485410 -3.11073120 
1.53265781 10.51092876 -5.33461935 3.02238871 -1.92304010 0.98384408 -1.02409557 0.67926662 -0.41148100 0.11035264 -0.32283776 -0.21101325 -0.70822357 
1.48151798 10.87552231 -5.69195276 3.32649250 -2.16382550 1.16828428 -1.16195113 0.78070911 -0.48537154 0.16473800 -0.36310111 -0.18067912 -0.73080307 
2.22367261 12.44826258 -7.37089403 4.87938324 -3.49878601 2.27297385 -2.05111991 1.48276463 -1.03201710 0.58915057 -0.69113877 0.07293672 -0.92445972 
2.78212146 13.31691852 -8.39489371 5.92030820 -4.47900388 3.15620814 -2.82199796 2.13991174 -1.58200355 1.04381432 -1.06246221 0.37307500 -1.16347038 
2.78861663 13.41860073 -8.51931205 6.05136616 -4.60673903 3.27511354 -2.92906702 2.23394661 -1.66296606 1.11249402 -1.11989451 0.42048075 -1.20197721 
2.51513072 15.60999040 -11.43672330 9.39054849 -8.14132701 6.84244765 -6.40824168 5.53916935 -4.73587069 3.91776822 -3.63662521 2.64045763 -3.12474762 
2.51513072 15.60999040 -11.43672330 9.39054849 -8.14132701 6.84244765 -6.40824168 5.53916935 -4.73587069 3.91776822 -3.63662521 2.64045763 -3.12474762 
2.23499847 12.34945766 -7.25880481 4.76961940 -3.39915809 2.18631798 -1.97804212 1.42250740 -0.98317570 0.54993344 -0.65995185 0.04830593 -0.90527341 
2.58299742 9.76961604 -4.64481247 2.46351358 -1.50103310 0.67404356 -0.80144805 0.52118201 -0.30005158 0.03007275 -0.26422033 -0.25517811 -0.67543904 
3.00984111 15.60699805 -11.43243126 9.38528358 -8.13537885 6.83606855 -6.40165494 5.53256801 -4.72941855 3.91159972 -3.63084965 2.63515895 -3.11998739 
2.80336357 13.44036728 -8.54607028 6.07967953 -4.63445597 3.30102319 -2.95249265 2.25460149 -1.68081681 1.12768977 -1.13264329 0.43103521 -1.21057478 
2.25430584 12.38820322 -7.30265343 4.81245813 -3.43795228 2.21998794 -2.00637712 1.44582465 -1.00203943 0.56505439 -0.67195840 0.05777649 -0.91264178 
2.24310188 12.48633608 -7.41432462 4.92213853 -3.53779392 2.30706895 -2.08000811 1.50669217 -1.05149471 0.60484966 -0.70366578 0.08285845 -0.93220906 
2.23499847 12.34945766 -7.25880481 4.76961940 -3.39915809 2.18631798 -1.97804212 1.42250740 -0.98317570 0.54993344 -0.65995185 0.04830593 -0.90527341 
2.22367261 12.44826258 -7.37089403 4.87938324 -3.49878601 2.27297385 -2.05111991 1.48276463 -1.03201710 0.58915057 -0.69113877 0.07293672 -0.92445972 
2.49796323 15.60999040 -11.43672330 9.39054849 -8.14132701 6.84244765 -6.40824168 5.53916935 -4.73587069 3.91776822 -3.63662521 2.64045763 -3.12474762 
2.49796323 15.60999040 -11.43672330 9.39054849 -8.14132701 6.84244765 -6.40824168 5.53916935 -4.73587069 3.91776822 -3.63662521 2.64045763 -3.12474762 
2.49796323 15.60999040 -11.43672330 9.39054849 -8.14132701 6.84244765 -6.40824168 5.53916935 -4.73587069 3.91776822 -3.63662521 2.64045763 -3.12474762 
2.49796323 15.60999040 -11.43672330 9.39054849 -8.14132701 6.84244765 -6.40824168 5.53916935 -4.73587069 3.91776822 -3.63662521 2.64045763 -3.12474762 
2.49796323 15.60999040 -11.43672330 9.39054849 -8.14132701 6.84244765 -6.40824168 5.53916935 -4.73587069 3.91776822 -3.63662521 2.64045763 -3.12474762 
2.78212146 13.31691852 -8.39489371 5.92030820 -4.47900388 3.15620814 -2.82199796 2.13991174 -1.58200355 1.04381432 -1.06246221 0.37307500 -1.16347038 
3.00984111 15.60699805 -11.43243126 9.38528358 -8.13537885 6.83606855 -6.40165494 5.53256801 -4.72941855 3.91159972 -3.63084965 2.63515895 -3.11998739 
3.02314478 15.60703756 -11.43248792 9.38535308 -8.13545736 6.83615275 -6.40174187 5.53265513 -4.72950369 3.91168112 -3.63092585 2.63522886 -3.12005019 
2.81800412 13.46180940 -8.57247271 6.10766041 -4.66188953 3.32670572 -2.97574611 2.27513285 -1.69858436 1.14283337 -1.14536299 0.44157671 -1.21917045 
2.54902983 15.60999040 -11.43672330 9.39054849 -8.14132701 6.84244765 -6.40824168 5.53916935 -4.73587069 3.91776822 -3.63662521 2.64045763 -3.12474762 
2.54902983 15.60999040 -11.43672330 9.39054849 -8.14132701 6.84244765 -6.40824168 5.53916935 -4.73587069 3.91776822 -3.63662521 2.64045763 -3.12474762 
2.54902983 15.60999040 -11.43672330 9.39054849 -8.14132701 6.84244765 -6.40824168 5.53916935 -4.73587069 3.91776822 -3.63662521 2.64045763 -3.12474762 
2.54902983 15.60999040 -11.43672330 9.39054849 -8.14132701 6.84244765 -6.40824168 5.53916935 -4.73587069 3.91776822 -3.63662521 2.64045763 -3.12474762 
2.54902983 15.60999040 -11.43672330 9.39054849 -8.14132701 6.84244765 -6.40824168 5.53916935 -4.73587069 3.91776822 -3.63662521 2.64045763 -3.12474762 
2.54902983 15.60999040 -11.43672330 9.39054849 -8.14132701 6.84244765 -6.40824168 5.53916935 -4.73587069 3.91776822 -3.63662521 2.64045763 -3.12474762 
2.54902983 15.60999040 -11.43672330 9.39054849 -8.14132701 6.84244765 -6.40824168 5.53916935 -4.73587069 3.91776822 -3.63662521 2.64045763 -3.12474762 
2.54902983 15.60999040 -11.43672330 9.39054849 -8.14132701 6.84244765 -6.40824168 5.53916935 -4.73587069 3.91776822 -3.63662521 2.64045763 -3.12474762 
2.27343354 12.42623723 -7.34583013 4.85476632 -3.47637757 2.25342969 -2.03459473 1.46910427 -1.02091823 0.58021984 -0.68402329 0.06730819 -0.92006883 
2.26234897 12.52370291 -7.45707801 4.96434980 -3.57641500 2.34091697 -2.10876144 1.53056727 -1.07097572 0.62058470 -0.71624529 0.09283771 -0.94001511 
2.53215209 15.60999040 -11.43672330 9.39054849 -8.14132701 6.84244765 -6.40824168 5.53916935 -4.73587069 3.91776822 -3.63662521 2.64045763 -3.12474762 
2.81158903 13.36180812 -8.44970237 5.97792161 -4.53504232 3.20827104 -2.86878943 2.18093162 -1.61725865 1.07367179 -1.08739176 0.39362358 -1.18013934 
3.03636055 15.60707629 -11.43254347 9.38542121 -8.13553433 6.83623529 -6.40182709 5.53274053 -4.72958715 3.91176091 -3.63100056 2.63529739 -3.12011175 
2.83253978 13.48293372 -8.59852562 6.13531366 -4.68904287 3.35216277 -2.99882782 2.29554026 -1.71626773 1.15792356 -1.15805223 0.45210392 -1.22776299 
2.84063518 13.40538224 -8.50308365 6.03421649 -4.58997152 3.25945807 -2.91492884 2.22149462 -1.65221613 1.10335211 -1.11223188 0.41414242 -1.19681826 
3.06253294 15.60715150 -11.43265134 9.38555352 -8.13568380 6.83639557 -6.40199258 5.53290637 -4.72974924 3.91191586 -3.63114563 2.63543048 -3.12023131 
2.86130232 13.52425472 -8.64960730 6.18965628 -4.74252141 3.40240709 -3.04447791 2.33598172 -1.75137815 1.18793877 -1.18333408 0.47311032 -1.24493400 
3.12695055 11.22882292 -6.04962447 3.64046891 -2.42003097 1.37002680 -1.31669578 0.89735488 -0.57225811 0.22975520 -0.41182963 -0.14378358 -0.75841577 
3.48134693 15.60253136 -11.42602607 9.37742829 -8.12650605 6.82655485 -6.39183348 5.52272659 -4.71980123 3.90240671 -3.62224357 2.62726463 -3.11289624 
3.32833736 14.17905942 -9.48037906 7.09603739 -5.65686794 4.28228090 -3.86281769 3.07764804 -2.40963878 1.76249603 -1.67689723 0.89077559 -1.59239336 
3.13905584 15.60736046 -11.43295104 9.38592113 -8.13609908 6.83684091 -6.40245238 5.53336717 -4.73019959 3.91234639 -3.63154872 2.63580026 -3.12056350 
3.15152977 15.60739304 -11.43299776 9.38597843 -8.13616382 6.83691033 -6.40252406 5.53343900 -4.73026980 3.91241351 -3.63161156 2.63585791 -3.12061529 
3.36916655 14.02235109 -9.27789896 6.87125065 -5.42626245 4.05679125 -3.64984677 2.88176236 -2.23331478 1.60655676 -1.54128106 0.77470124 -1.49478104 
3.55382920 15.60305173 -11.42677218 9.37834321 -8.12753936 6.82766268 -6.39297703 5.52387235 -4.72092080 3.90347679 -3.62324525 2.62818340 -3.11372147 
3.57406494 15.60319043 -11.42697105 9.37858708 -8.12781479 6.82795798 -6.39328186 5.52417777 -4.72121924 3.90376205 -3.62351228 2.62842832 -3.11394147 
3.59409799 15.60332501 -11.42716403 9.37882372 -8.12808206 6.82824453 -6.39357766 5.52447415 -4.72150885 3.90403886 -3.62377140 2.62866600 -3.11415495 
3.61393238 15.60345564 -11.42735133 9.37905341 -8.12834148 6.82852267 -6.39386478 5.52476183 -4.72178996 3.90430756 -3.62402293 2.62889671 -3.11436218 
3.63357200 15.60358247 -11.42753319 9.37927642 -8.12859336 6.82879273 -6.39414355 5.52504116 -4.72206291 3.90456845 -3.62426715 2.62912072 -3.11456339 
3.49160700 14.34359339 -9.69546182 7.33750911 -5.90731191 4.52975562 -4.09894862 3.29698993 -2.60896368 1.94036861 -1.83291130 1.02537847 -1.70645497 
3.69353406 12.43420411 -7.35489098 4.86366074 -3.48446973 2.26048395 -2.04055643 1.47403015 -1.02491867 0.58343754 -0.68658606 0.06933481 -0.92164938 
4.11829171 14.62979580 -10.07569454 7.77109584 -6.36388400 4.98755231 -4.54199888 3.71422967 -2.99318161 2.28756560 -2.14109440 1.29426618 -1.93676807 
4.02552375 13.28738755 -8.35893924 5.88261685 -4.44244047 3.12232525 -2.79162099 2.11334525 -1.55922298 1.02456254 -1.04641974 0.35987554 -1.15278141 
3.74752430 15.60427135 -11.42852098 9.38048778 -8.12996157 6.83025969 -6.39565791 5.52655853 -4.72354567 3.90598573 -3.62559390 2.63033771 -3.11565653 
3.76590076 15.60437530 -11.42867004 9.38067058 -8.13016804 6.83048108 -6.39588644 5.52678752 -4.72376945 3.90619964 -3.62579414 2.63052139 -3.11582151 
4.08355756 13.08746368 -8.11765092 5.63179609 -4.20111599 2.90043969 -2.59419674 1.94194235 -1.41327143 0.90201328 -0.94490924 0.27680437 -1.08585491 
4.21747260 14.97395853 -10.54322472 8.31574506 -6.94942765 5.58648715 -5.13294003 4.28122263 -3.52475840 2.77616870 -2.58186308 1.68473759 -2.27612275 
3.86159745 12.96836648 -7.97566667 5.48594247 -4.06240129 2.77430464 -2.48316599 1.84654000 -1.33283959 0.83509411 -0.88994658 0.23216654 -1.05015196 
3.88124428 12.78866923 -7.76390899 5.27083388 -3.86004165 2.59220086 -2.32447168 1.71149585 -1.22003568 0.74203161 -0.81410276 0.17099179 -1.00154028 
4.27284406 14.74393577 -10.22950175 7.94888601 -6.55358220 5.18017798 -4.73071122 3.89405500 -3.16066065 2.44053730 -2.27826299 1.41509313 -2.04120800 
4.51832540 14.86948155 -10.40010785 8.14769079 -6.76736659 5.39889622 -4.94654672 4.10117179 -3.35486077 2.61905145 -2.43930871 1.55776549 -2.16520443 
4.54491690 15.15882436 -10.79899907 8.61896176 -7.28095524 5.93111242 -5.47829443 4.61757351 -3.84465039 3.07421265 -2.85420355 1.92893407 -2.49080328 
4.35816474 15.04594527 -10.64243808 8.43292600 -7.07709113 5.71873856 -5.26503157 4.40945907 -3.64634515 2.88912108 -2.68478854 1.77678535 -2.35684335 
4.26395889 15.60231763 -11.42571964 9.37705254 -8.12608168 6.82609988 -6.39136385 5.52225606 -4.71934147 3.90196728 -3.62183224 2.62688735 -3.11255737 
4.16725685 14.90801496 -10.45277184 8.20939584 -6.83407284 5.46748869 -5.01456715 4.16675291 -3.41663079 2.67607598 -2.49096263 1.60370183 -2.20527343 
4.18697574 14.72265909 -10.20073694 7.91553179 -6.51788603 5.14382554 -4.69499723 3.85993069 -3.12879652 2.41136161 -2.25204025 1.39194366 -2.02115622 
4.32020005 15.60273628 -11.42631989 9.37778858 -8.12691296 6.82699110 -6.39228380 5.52317777 -4.72024209 3.90282809 -3.62263801 2.62762641 -3.11322119 
4.34088934 15.60288449 -11.42653239 9.37804916 -8.12720725 6.82730662 -6.39260949 5.52350409 -4.72056096 3.90313286 -3.62292330 2.62788809 -3.11345623 
4.47484291 14.87609818 -10.40914083 8.15826327 -6.77878423 5.41062514 -4.95816675 4.11236481 -3.36539404 2.62876737 -2.44810259 1.56558011 -2.17201605 
4.49598075 15.10944466 -10.73036197 8.53723461 -7.19121822 5.83745247 -5.38407109 4.52546412 -3.75673579 2.99202644 -2.77886575 1.86117934 -2.43106883 
4.40834763 15.60334705 -11.42719563 9.37886248 -8.12812583 6.82829146 -6.39362610 5.52452269 -4.72155628 3.90408420 -3.62381384 2.62870493 -3.11418992 
4.53789769 14.91366325 -10.46050326 8.21846784 -6.84389404 5.47760134 -5.02460863 4.17644653 -3.42577218 2.68452478 -2.49862407 1.61052222 -2.21122849 
4.65653621 15.60078329 -11.42351986 9.37435527 -8.12303558 6.82283433 -6.38799323 5.51887912 -4.71604193 3.89881376 -3.61888045 2.62418002 -3.11012579 
4.48682435 13.92129820 -9.14855463 6.72895529 -5.28157111 3.91651028 -3.51844582 2.76186767 -2.12622402 1.51253484 -1.46007515 0.70564374 -1.43706497 
4.39070633 14.85867215 -10.38535988 8.13043933 -6.74874651 5.37977880 -4.92761664 4.08294646 -3.33771796 2.60324610 -2.42500948 1.54506375 -2.15413726 
4.51176080 15.60399849 -11.42812972 9.38000797 -8.12941962 6.82967862 -6.39505805 5.52595747 -4.72295832 3.90542431 -3.62506834 2.62985562 -3.11522350 
4.63483647 14.96819410 -10.53530135 8.30641069 -6.93928341 5.57600325 -5.12249275 4.27110260 -3.51518342 2.76729150 -2.57378930 1.67753004 -2.26981292 
4.65444364 15.17456951 -10.82093311 8.64513402 -7.30975093 5.96122526 -5.50864496 4.64729627 -3.87306819 3.10082187 -2.87863295 1.95093631 -2.51022768 
4.37071836 13.73530062 -8.91298607 6.47242326 -5.02329237 3.66847567 -3.28824610 2.55369145 -1.94186992 1.35197979 -1.32245703 0.58943891 -1.34059998 
3.65646286 8.65357341 -3.69882489 1.76146947 -1.01377038 0.34149710 -0.57761059 0.37117751 -0.19976628 -0.04045289 -0.21321342 -0.29450875 -0.64600328 
2.95740429 13.82471087 -9.02582123 6.59487541 -5.14616171 3.78608740 -3.39705495 2.65178765 -2.02848250 1.42719997 -1.38676058 0.64360308 -1.38545699 
3.73198198 10.79404304 -5.61105972 3.25680152 -2.10798915 1.12505333 -1.12931550 0.75647238 -0.46756749 0.15155438 -0.35329861 -0.18807417 -0.72528953 
3.40694265 -0.71468353 -0.09457473 -0.03192921 -0.12535239 -0.20005258 -0.25788780 0.16982002 -0.09360925 -0.13866954 -0.14723405 -0.37228638 -0.58729660 
5.24451618 0.00604495 -0.09794921 -0.01909160 -0.12483297 -0.19317861 -0.26045443 0.17275409 -0.09241712 -0.13591956 -0.14693460 -0.36961530 -0.58880792 
5.77267110 14.15972330 -9.45527015 7.06802821 -5.62799934 4.25392606 -3.83592067 3.05280491 -2.38718622 1.74256363 -1.65950018 0.87583534 -1.57978904 
5.87494684 -13.88494837 -8.09364077 -5.65579460 -4.16727902 -3.21540614 -2.45075376 -1.50841351 -1.37708240 -1.13580375 -0.89744306 -0.94571525 -0.98132709 
7.03479546 8.65948166 -3.70354103 1.76477362 -1.01593768 0.34290682 -0.57851987 0.37176494 -0.20014576 -0.04018787 -0.21340569 -0.29435576 -0.64611914 
7.02718130 8.49225001 -3.57125021 1.67286676 -0.95613830 0.30426297 -0.55373160 0.35582286 -0.18989128 -0.04735093 -0.20820251 -0.29851895 -0.64296039 
5.40706689 -3.58499657 -0.53357633 -0.15259136 -0.15537654 -0.23178035 -0.25682472 0.15734241 -0.10312952 -0.15199246 -0.15292194 -0.38282046 -0.58352688 
2.29115180 9.89083963 -4.75425139 2.54963125 -1.56422582 0.71925502 -0.83317426 0.54322316 -0.31527765 0.04091467 -0.27208528 -0.24922961 -0.67985767 
2.87993762 -7.37570752 -2.22330494 -0.89021797 -0.47298756 -0.39220675 -0.32475905 0.10890433 -0.14095311 -0.18710270 -0.17750853 -0.40380282 -0.58748142 
3.24319847 13.87221189 -9.08607149 6.66058066 -5.21240519 3.84978658 -3.45624815 2.70538228 -2.07599878 1.46862649 -1.42230443 0.67364395 -1.41041659 
2.33325224 1.60817514 -0.26876300 0.02656634 -0.13158275 -0.17640582 -0.26926494 0.18020401 -0.09151715 -0.12994342 -0.14784196 -0.36316135 -0.59300785 
2.64207701 1.34793208 -0.22569080 0.01596849 -0.12942762 -0.17939945 -0.26751348 0.17886004 -0.09148278 -0.13093112 -0.14754084 -0.36427603 -0.59224017 
4.34842134 8.18891580 -3.33763015 1.51456090 -0.85557195 0.24049924 -0.51347750 0.33026318 -0.17365192 -0.05871593 -0.19990902 -0.30527223 -0.63780728 
4.94500413 15.07052680 -10.67642935 8.47320033 -7.12110237 5.76446483 -5.31083129 4.45404262 -3.68872659 2.92858960 -2.72083718 1.80909491 -2.38523605 
4.97154640 15.32224063 -11.02778732 8.89325810 -7.58413162 6.24954838 -5.80060070 4.93449532 -4.14883618 3.36008831 -3.11757649 2.16692008 -2.70156194 
4.65739841 12.96042298 -7.96624316 5.47630808 -4.05328096 2.76604818 -2.47592943 1.84034781 -1.32763982 0.83078369 -0.88641820 0.22930955 -1.04787335 
4.22756533 14.90533499 -10.44910454 8.20509384 -6.82941681 5.46269572 -5.00980909 4.16216077 -3.41230126 2.67207534 -2.48733557 1.60047355 -2.20245526 
3.53648241 6.29437542 -2.06288675 0.74842125 -0.42001107 -0.01516794 -0.36124925 0.23747932 -0.11745276 -0.09955586 -0.16919594 -0.33285147 -0.61630647 
1.43566815 4.23307610 -1.03576441 0.27258768 -0.20818710 -0.12674613 -0.29880679 0.20007115 -0.09756506 -0.11774671 -0.15500611 -0.34947081 -0.60320515 
0.32460438 7.98091139 -3.18214842 1.41209999 -0.79220500 0.20115189 -0.48906127 0.31496653 -0.16406251 -0.06545628 -0.19495868 -0.30939146 -0.63464402 
2.36897485 6.03095414 -1.91075896 0.66912083 -0.38080078 -0.03632875 -0.34934115 0.23043210 -0.11345685 -0.10277594 -0.16667378 -0.33547398 -0.61422997 
3.78694671 9.16860029 -4.12159164 2.06561609 -1.21847428 0.47752882 -0.66700246 0.42983858 -0.23822161 -0.01355958 -0.23266902 -0.27927363 -0.65747366 
4.59871339 12.59763263 -7.54204144 5.04859590 -3.65381867 2.40902443 -2.16683942 1.57896928 -1.11060811 0.65269674 -0.74199008 0.11330991 -0.95606532 
4.78934538 15.24727750 -10.92252389 8.76670067 -7.44387067 6.10184816 -5.65073604 4.78678605 -4.00674335 3.22626466 -2.99403918 2.05508019 -2.60234068 
4.53076669 13.97369011 -9.21549486 6.80247123 -5.35619912 3.98874629 -3.58600258 2.82341460 -2.18111710 1.56066201 -1.50158744 0.74090239 -1.46649832 
3.98220552 11.43932028 -6.26807659 3.83683666 -2.58400060 1.50191276 -1.41990554 0.97662652 -0.63234712 0.27533783 -0.44636067 -0.11748130 -0.77821611 
2.98582860 8.16492922 -3.31950465 1.50249577 -0.84803825 0.23578676 -0.51053578 0.32841179 -0.17248591 -0.05953394 -0.19930971 -0.30576697 -0.63742820 
2.28664831 12.92512834 -7.92444282 5.43364148 -4.01295470 2.72959660 -2.44402713 1.81308785 -1.30477957 0.81185659 -0.87094254 0.21679114 -1.03789864 
2.78687386 13.59912848 -8.74257224 6.28897331 -4.84066199 3.49497694 -3.12890596 2.41105407 -1.81678707 1.24404186 -1.23073732 0.51261007 -1.27731028 
3.62040362 10.48251076 -5.30726860 2.99951463 -1.90523431 0.97041525 -1.01420360 0.67208504 -0.40631506 0.10658360 -0.32006446 -0.21309967 -0.70667364 
3.87331160 14.62066374 -10.06344224 7.75699213 -6.34889661 4.97239292 -4.52720353 3.70018253 -2.98014490 2.27569787 -2.13048643 1.28494994 -1.92873833 
3.41756463 11.91834131 -6.78013789 4.31045436 -2.99066070 1.83764425 -1.68925685 1.18843814 -0.79650720 0.40216174 -0.54389848 -0.04242621 -0.83526714 
