10.56075948 0.60649253 -0.13557219 -0.00648384 -0.12580160 -0.18725924 -0.26323001 0.17534650 -0.09178170 -0.13368944 -0.14701515 -0.36729929 -0.59023982 
5.03447054 15.60367518 -11.42766613 9.37943946 -8.12877750 6.82899015 -6.39434735 5.52524536 -4.72226245 3.90475918 -3.62444569 2.62928449 -3.11471049 
4.89352345 14.35849822 -9.71507210 7.35966251 -5.93042745 4.55272972 -4.12099290 3.31757808 -2.62777075 1.95723440 -1.84777363 1.03825729 -1.71741409 
4.72183753 15.60782929 -11.43362346 9.38674592 -8.13703085 6.83784014 -6.40348410 5.53440112 -4.73121013 3.91331247 -3.63245322 2.63663005 -3.12130895 
4.63902076 15.11428366 -10.73707790 8.54521981 -7.19997381 5.84657864 -5.39324036 4.53441661 -3.76527047 2.99999607 -2.78616354 1.86773602 -2.43684388 
4.54505763 15.60934534 -11.43579799 9.38941337 -8.14004449 6.84107213 -6.40682130 5.53774574 -4.73447917 3.91643781 -3.63537949 2.63931471 -3.12372080 
4.55124319 15.60934932 -11.43580370 9.38942037 -8.14005239 6.84108061 -6.40683005 5.53775451 -4.73448775 3.91644601 -3.63538717 2.63932175 -3.12372713 
4.45481272 14.99654888 -10.57430619 8.35239574 -6.98929423 5.62772425 -5.17406741 4.32109380 -3.56251125 2.81119589 -2.61374226 1.71321511 -2.30106880 
4.34429045 15.60999040 -11.43672330 9.39054849 -8.14132701 6.84244765 -6.40824168 5.53916935 -4.73587069 3.91776822 -3.63662521 2.64045763 -3.12474762 
4.34429045 15.60999040 -11.43672330 9.39054849 -8.14132701 6.84244765 -6.40824168 5.53916935 -4.73587069 3.91776822 -3.63662521 2.64045763 -3.12474762 
4.34429045 15.60999040 -11.43672330 9.39054849 -8.14132701 6.84244765 -6.40824168 5.53916935 -4.73587069 3.91776822 -3.63662521 2.64045763 -3.12474762 
4.34429045 15.60999040 -11.43672330 9.39054849 -8.14132701 6.84244765 -6.40824168 5.53916935 -4.73587069 3.91776822 -3.63662521 2.64045763 -3.12474762 
4.45821803 14.96587585 -10.53211574 8.30265880 -6.93520705 5.57179144 -5.11829665 4.26703886 -3.51133940 2.76372836 -2.57054927 1.67463817 -2.26728169 
4.46127449 14.99991461 -10.57894116 8.35786587 -6.99524925 5.63388886 -5.18022030 4.32706313 -3.56816741 2.81644719 -2.61852463 1.71748971 -2.30481544 
4.46466829 14.96938070 -10.53693211 8.30833157 -6.94137065 5.57816008 -5.12464175 4.27318401 -3.51715248 2.76911686 -2.57544926 1.67901175 -2.27110995 
4.46771549 15.00325356 -10.58354030 8.36329493 -7.00116081 5.64000973 -5.18633074 4.33299240 -3.57378663 2.82166508 -2.62327735 1.72173848 -2.30853997 
4.47109788 14.97285790 -10.54171163 8.31396224 -6.94748987 5.58448420 -5.13094380 4.27928867 -3.52292837 2.77447184 -2.58031961 1.68335957 -2.27491624 
4.47413588 15.00656601 -10.58810399 8.36868331 -7.00702932 5.64608725 -5.19239908 4.33888192 -3.57936919 2.82684982 -2.62800063 1.72596156 -2.31224253 
4.36473356 15.60999040 -11.43672330 9.39054849 -8.14132701 6.84244765 -6.40824168 5.53916935 -4.73587069 3.91776822 -3.63662521 2.64045763 -3.12474762 
4.47750692 14.97630773 -10.54645467 8.31955121 -6.95356511 5.59076420 -5.13720315 4.28535317 -3.52866733 2.77979353 -2.58516050 1.68768179 -2.27870069 
4.48053578 15.00985222 -10.59263257 8.37403140 -7.01285516 5.65212179 -5.19842568 4.34473202 -3.58491537 2.83200164 -2.63269468 1.73015915 -2.31592325 
4.37150175 15.60999040 -11.43672330 9.39054849 -8.14132701 6.84244765 -6.40824168 5.53916935 -4.73587069 3.91776822 -3.63662521 2.64045763 -3.12474762 
4.48389555 14.97973048 -10.55116158 8.32509887 -6.95959676 5.59700045 -5.14342016 4.29137781 -3.53436965 2.78508218 -2.58997213 1.69197857 -2.28246344 
4.48691532 15.01311248 -10.59712638 8.37933957 -7.01863873 5.65811374 -5.20441089 4.35054301 -3.59042545 2.83712079 -2.63735970 1.73433140 -2.31958229 
4.37824712 15.60999040 -11.43672330 9.39054849 -8.14132701 6.84244765 -6.40824168 5.53916935 -4.73587069 3.91776822 -3.63662521 2.64045763 -3.12474762 
4.37824712 15.60999040 -11.43672330 9.39054849 -8.14132701 6.84244765 -6.40824168 5.53916935 -4.73587069 3.91776822 -3.63662521 2.64045763 -3.12474762 
4.37824712 15.60999040 -11.43672330 9.39054849 -8.14132701 6.84244765 -6.40824168 5.53916935 -4.73587069 3.91776822 -3.63662521 2.64045763 -3.12474762 
4.49026389 14.98312641 -10.55583273 8.33060560 -6.96558522 5.60319334 -5.14959518 4.29736291 -3.54003559 2.79033801 -2.59475471 1.69625006 -2.28620460 
4.49327462 15.01634705 -10.60158579 8.38460822 -7.02438041 5.66406347 -5.21035506 4.35631522 -3.59589971 2.84220750 -2.64199590 1.73847849 -2.32321977 
4.38496982 15.60999040 -11.43672330 9.39054849 -8.14132701 6.84244765 -6.40824168 5.53916935 -4.73587069 3.91776822 -3.63662521 2.64045763 -3.12474762 
4.38496982 15.60999040 -11.43672330 9.39054849 -8.14132701 6.84244765 -6.40824168 5.53916935 -4.73587069 3.91776822 -3.63662521 2.64045763 -3.12474762 
4.38496982 15.60999040 -11.43672330 9.39054849 -8.14132701 6.84244765 -6.40824168 5.53916935 -4.73587069 3.91776822 -3.63662521 2.64045763 -3.12474762 
4.27336669 14.85817367 -10.38468004 8.12964438 -6.74788881 5.37889850 -4.92674526 4.08210779 -3.33692935 2.60251923 -2.42435206 1.54447993 -2.15362870 
4.14394686 15.60902711 -11.43534153 9.38885341 -8.13941184 6.84039362 -6.40612067 5.53704354 -4.73379282 3.91578161 -3.63476507 2.63875101 -3.12321437 
4.13636155 15.60901978 -11.43533101 9.38884051 -8.13939726 6.84037798 -6.40610453 5.53702736 -4.73377701 3.91576649 -3.63475092 2.63873802 -3.12320270 
4.12874735 15.60901236 -11.43532037 9.38882746 -8.13938252 6.84036217 -6.40608821 5.53701099 -4.73376101 3.91575120 -3.63473660 2.63872488 -3.12319090 
4.24820584 14.88013185 -10.41464962 8.16471322 -6.78575216 5.41778540 -4.96526278 4.11920218 -3.37183028 2.63470583 -2.45347891 1.57035894 -2.17618250 
4.35794238 15.60999040 -11.43672330 9.39054849 -8.14132701 6.84244765 -6.40824168 5.53916935 -4.73587069 3.91776822 -3.63662521 2.64045763 -3.12474762 
4.35794238 15.60999040 -11.43672330 9.39054849 -8.14132701 6.84244765 -6.40824168 5.53916935 -4.73587069 3.91776822 -3.63662521 2.64045763 -3.12474762 
4.35794238 15.60999040 -11.43672330 9.39054849 -8.14132701 6.84244765 -6.40824168 5.53916935 -4.73587069 3.91776822 -3.63662521 2.64045763 -3.12474762 
4.35794238 15.60999040 -11.43672330 9.39054849 -8.14132701 6.84244765 -6.40824168 5.53916935 -4.73587069 3.91776822 -3.63662521 2.64045763 -3.12474762 
4.35794238 15.60999040 -11.43672330 9.39054849 -8.14132701 6.84244765 -6.40824168 5.53916935 -4.73587069 3.91776822 -3.63662521 2.64045763 -3.12474762 
4.47109788 14.97285790 -10.54171163 8.31396224 -6.94748987 5.58448420 -5.13094380 4.27928867 -3.52292837 2.77447184 -2.58031961 1.68335957 -2.27491624 
4.47413588 15.00656601 -10.58810399 8.36868331 -7.00702932 5.64608725 -5.19239908 4.33888192 -3.57936919 2.82684982 -2.62800063 1.72596156 -2.31224253 
4.36473356 15.60999040 -11.43672330 9.39054849 -8.14132701 6.84244765 -6.40824168 5.53916935 -4.73587069 3.91776822 -3.63662521 2.64045763 -3.12474762 
4.36473356 15.60999040 -11.43672330 9.39054849 -8.14132701 6.84244765 -6.40824168 5.53916935 -4.73587069 3.91776822 -3.63662521 2.64045763 -3.12474762 
4.36473356 15.60999040 -11.43672330 9.39054849 -8.14132701 6.84244765 -6.40824168 5.53916935 -4.73587069 3.91776822 -3.63662521 2.64045763 -3.12474762 
4.47750692 14.97630773 -10.54645467 8.31955121 -6.95356511 5.59076420 -5.13720315 4.28535317 -3.52866733 2.77979353 -2.58516050 1.68768179 -2.27870069 
4.48053578 15.00985222 -10.59263257 8.37403140 -7.01285516 5.65212179 -5.19842568 4.34473202 -3.58491537 2.83200164 -2.63269468 1.73015915 -2.31592325 
4.37150175 15.60999040 -11.43672330 9.39054849 -8.14132701 6.84244765 -6.40824168 5.53916935 -4.73587069 3.91776822 -3.63662521 2.64045763 -3.12474762 
4.48389555 14.97973048 -10.55116158 8.32509887 -6.95959676 5.59700045 -5.14342016 4.29137781 -3.53436965 2.78508218 -2.58997213 1.69197857 -2.28246344 
4.48691532 15.01311248 -10.59712638 8.37933957 -7.01863873 5.65811374 -5.20441089 4.35054301 -3.59042545 2.83712079 -2.63735970 1.73433140 -2.31958229 
4.37824712 15.60999040 -11.43672330 9.39054849 -8.14132701 6.84244765 -6.40824168 5.53916935 -4.73587069 3.91776822 -3.63662521 2.64045763 -3.12474762 
4.37824712 15.60999040 -11.43672330 9.39054849 -8.14132701 6.84244765 -6.40824168 5.53916935 -4.73587069 3.91776822 -3.63662521 2.64045763 -3.12474762 
4.49026389 14.98312641 -10.55583273 8.33060560 -6.96558522 5.60319334 -5.14959518 4.29736291 -3.54003559 2.79033801 -2.59475471 1.69625006 -2.28620460 
4.49327462 15.01634705 -10.60158579 8.38460822 -7.02438041 5.66406347 -5.21035506 4.35631522 -3.59589971 2.84220750 -2.64199590 1.73847849 -2.32321977 
4.49661208 14.98649581 -10.56046845 8.33607181 -6.97153088 5.60934323 -5.15572854 4.30330879 -3.54566542 2.79556126 -2.59950843 1.70049644 -2.28992432 
4.49961383 15.01955619 -10.60601112 8.38983772 -7.03008059 5.66997135 -5.21625853 4.36204894 -3.60133842 2.84726201 -2.64660347 1.74260057 -2.32683582 
4.39166999 15.60999040 -11.43672330 9.39054849 -8.14132701 6.84244765 -6.40824168 5.53916935 -4.73587069 3.91776822 -3.63662521 2.64045763 -3.12474762 
4.50294024 14.98983895 -10.56506911 8.34149785 -6.97743413 5.61545050 -5.16182060 4.30921574 -3.55125942 2.80075216 -2.60423347 1.70471787 -2.29362272 
4.50593306 15.02274016 -10.61040271 8.39502844 -7.03573966 5.67583774 -5.22212164 4.36774450 -3.60674186 2.85228457 -2.65118261 1.74669783 -2.33043060 
4.39834780 15.60999040 -11.43672330 9.39054849 -8.14132701 6.84244765 -6.40824168 5.53916935 -4.73587069 3.91776822 -3.63662521 2.64045763 -3.12474762 
4.39834780 15.60999040 -11.43672330 9.39054849 -8.14132701 6.84244765 -6.40824168 5.53916935 -4.73587069 3.91776822 -3.63662521 2.64045763 -3.12474762 
4.50924849 14.99315609 -10.56963504 8.34688413 -6.98329535 5.62151551 -5.16787170 4.31508407 -3.55681786 2.80591095 -2.60893005 1.70891449 -2.29729992 
4.51223243 15.02589923 -10.61476090 8.40018075 -7.04135797 5.68166302 -5.22794474 4.37340219 -3.61211030 2.85727539 -2.65573353 1.75077041 -2.33400422 
4.40500338 15.60999040 -11.43672330 9.39054849 -8.14132701 6.84244765 -6.40824168 5.53916935 -4.73587069 3.91776822 -3.63662521 2.64045763 -3.12474762 
4.40500338 15.60999040 -11.43672330 9.39054849 -8.14132701 6.84244765 -6.40824168 5.53916935 -4.73587069 3.91776822 -3.63662521 2.64045763 -3.12474762 
4.51553696 14.99644749 -10.57416658 8.35223100 -6.98911490 5.62753864 -5.17388216 4.32091410 -3.56234099 2.81103783 -2.61359833 1.71308647 -2.30095606 
4.51851208 15.02903364 -10.61908601 8.40529501 -7.04693590 5.68744754 -5.23372816 4.37902232 -3.61744400 2.86223472 -2.66025641 1.75481850 -2.33755683 
4.41163688 15.60999040 -11.43672330 9.39054849 -8.14132701 6.84244765 -6.40824168 5.53916935 -4.73587069 3.91776822 -3.63662521 2.64045763 -3.12474762 
4.52180578 14.99971343 -10.57866407 8.35753883 -6.99489318 5.63352022 -5.17985233 4.32670610 -3.56782909 2.81613305 -2.61823852 1.71723397 -2.30459127 
4.52477212 15.03214366 -10.62337837 8.41037159 -7.05247383 5.69319165 -5.23947222 4.38460519 -3.62274323 2.86716279 -2.66475147 1.75884225 -2.34108855 
4.41824846 15.60999040 -11.43672330 9.39054849 -8.14132701 6.84244765 -6.40824168 5.53916935 -4.73587069 3.91776822 -3.63662521 2.64045763 -3.12474762 
4.41824846 15.60999040 -11.43672330 9.39054849 -8.14132701 6.84244765 -6.40824168 5.53916935 -4.73587069 3.91776822 -3.63662521 2.64045763 -3.12474762 
4.52805506 15.00295415 -10.58312784 8.36280799 -7.00063054 5.63946064 -5.18578253 4.33246039 -3.57328241 2.82119683 -2.62285081 1.72135714 -2.30820566 
4.53101269 15.03522951 -10.62763830 8.41541083 -7.05797211 5.69889570 -5.24517727 4.39015110 -3.62800826 2.87205982 -2.66921888 1.76284182 -2.34459953 
4.42483825 15.60999040 -11.43672330 9.39054849 -8.14132701 6.84244765 -6.40824168 5.53916935 -4.73587069 3.91776822 -3.63662521 2.64045763 -3.12474762 
4.42483825 15.60999040 -11.43672330 9.39054849 -8.14132701 6.84244765 -6.40824168 5.53916935 -4.73587069 3.91776822 -3.63662521 2.64045763 -3.12474762 
4.42483825 15.60999040 -11.43672330 9.39054849 -8.14132701 6.84244765 -6.40824168 5.53916935 -4.73587069 3.91776822 -3.63662521 2.64045763 -3.12474762 
4.42483825 15.60999040 -11.43672330 9.39054849 -8.14132701 6.84244765 -6.40824168 5.53916935 -4.73587069 3.91776822 -3.63662521 2.64045763 -3.12474762 
4.42483825 15.60999040 -11.43672330 9.39054849 -8.14132701 6.84244765 -6.40824168 5.53916935 -4.73587069 3.91776822 -3.63662521 2.64045763 -3.12474762 
4.42483825 15.60999040 -11.43672330 9.39054849 -8.14132701 6.84244765 -6.40824168 5.53916935 -4.73587069 3.91776822 -3.63662521 2.64045763 -3.12474762 
4.42483825 15.60999040 -11.43672330 9.39054849 -8.14132701 6.84244765 -6.40824168 5.53916935 -4.73587069 3.91776822 -3.63662521 2.64045763 -3.12474762 
4.42483825 15.60999040 -11.43672330 9.39054849 -8.14132701 6.84244765 -6.40824168 5.53916935 -4.73587069 3.91776822 -3.63662521 2.64045763 -3.12474762 
4.42483825 15.60999040 -11.43672330 9.39054849 -8.14132701 6.84244765 -6.40824168 5.53916935 -4.73587069 3.91776822 -3.63662521 2.64045763 -3.12474762 
4.42483825 15.60999040 -11.43672330 9.39054849 -8.14132701 6.84244765 -6.40824168 5.53916935 -4.73587069 3.91776822 -3.63662521 2.64045763 -3.12474762 
4.42483825 15.60999040 -11.43672330 9.39054849 -8.14132701 6.84244765 -6.40824168 5.53916935 -4.73587069 3.91776822 -3.63662521 2.64045763 -3.12474762 
4.42483825 15.60999040 -11.43672330 9.39054849 -8.14132701 6.84244765 -6.40824168 5.53916935 -4.73587069 3.91776822 -3.63662521 2.64045763 -3.12474762 
4.42483825 15.60999040 -11.43672330 9.39054849 -8.14132701 6.84244765 -6.40824168 5.53916935 -4.73587069 3.91776822 -3.63662521 2.64045763 -3.12474762 
4.42483825 15.60999040 -11.43672330 9.39054849 -8.14132701 6.84244765 -6.40824168 5.53916935 -4.73587069 3.91776822 -3.63662521 2.64045763 -3.12474762 
4.42483825 15.60999040 -11.43672330 9.39054849 -8.14132701 6.84244765 -6.40824168 5.53916935 -4.73587069 3.91776822 -3.63662521 2.64045763 -3.12474762 
4.42483825 15.60999040 -11.43672330 9.39054849 -8.14132701 6.84244765 -6.40824168 5.53916935 -4.73587069 3.91776822 -3.63662521 2.64045763 -3.12474762 
4.42483825 15.60999040 -11.43672330 9.39054849 -8.14132701 6.84244765 -6.40824168 5.53916935 -4.73587069 3.91776822 -3.63662521 2.64045763 -3.12474762 
4.42483825 15.60999040 -11.43672330 9.39054849 -8.14132701 6.84244765 -6.40824168 5.53916935 -4.73587069 3.91776822 -3.63662521 2.64045763 -3.12474762 
4.42483825 15.60999040 -11.43672330 9.39054849 -8.14132701 6.84244765 -6.40824168 5.53916935 -4.73587069 3.91776822 -3.63662521 2.64045763 -3.12474762 
4.42483825 15.60999040 -11.43672330 9.39054849 -8.14132701 6.84244765 -6.40824168 5.53916935 -4.73587069 3.91776822 -3.63662521 2.64045763 -3.12474762 
4.42483825 15.60999040 -11.43672330 9.39054849 -8.14132701 6.84244765 -6.40824168 5.53916935 -4.73587069 3.91776822 -3.63662521 2.64045763 -3.12474762 
4.42483825 15.60999040 -11.43672330 9.39054849 -8.14132701 6.84244765 -6.40824168 5.53916935 -4.73587069 3.91776822 -3.63662521 2.64045763 -3.12474762 
4.42483825 15.60999040 -11.43672330 9.39054849 -8.14132701 6.84244765 -6.40824168 5.53916935 -4.73587069 3.91776822 -3.63662521 2.64045763 -3.12474762 
4.42483825 15.60999040 -11.43672330 9.39054849 -8.14132701 6.84244765 -6.40824168 5.53916935 -4.73587069 3.91776822 -3.63662521 2.64045763 -3.12474762 
4.42483825 15.60999040 -11.43672330 9.39054849 -8.14132701 6.84244765 -6.40824168 5.53916935 -4.73587069 3.91776822 -3.63662521 2.64045763 -3.12474762 
4.42483825 15.60999040 -11.43672330 9.39054849 -8.14132701 6.84244765 -6.40824168 5.53916935 -4.73587069 3.91776822 -3.63662521 2.64045763 -3.12474762 
4.42483825 15.60999040 -11.43672330 9.39054849 -8.14132701 6.84244765 -6.40824168 5.53916935 -4.73587069 3.91776822 -3.63662521 2.64045763 -3.12474762 
4.53428493 15.00616990 -10.58755821 8.36803884 -7.00632736 5.64536022 -5.19167309 4.33817726 -3.57870121 2.82622939 -2.62743539 1.72545614 -2.31179937 
4.53723388 15.03829146 -10.63186611 8.42041309 -7.06343110 5.70456005 -5.25084362 4.39566035 -3.63323934 2.87692605 -2.67365885 1.76681737 -2.34808989 
4.43140640 15.60999040 -11.43672330 9.39054849 -8.14132701 6.84244765 -6.40824168 5.53916935 -4.73587069 3.91776822 -3.63662521 2.64045763 -3.12474762 
4.43140640 15.60999040 -11.43672330 9.39054849 -8.14132701 6.84244765 -6.40824168 5.53916935 -4.73587069 3.91776822 -3.63662521 2.64045763 -3.12474762 
4.43140640 15.60999040 -11.43672330 9.39054849 -8.14132701 6.84244765 -6.40824168 5.53916935 -4.73587069 3.91776822 -3.63662521 2.64045763 -3.12474762 
4.43140640 15.60999040 -11.43672330 9.39054849 -8.14132701 6.84244765 -6.40824168 5.53916935 -4.73587069 3.91776822 -3.63662521 2.64045763 -3.12474762 
4.43140640 15.60999040 -11.43672330 9.39054849 -8.14132701 6.84244765 -6.40824168 5.53916935 -4.73587069 3.91776822 -3.63662521 2.64045763 -3.12474762 
4.43140640 15.60999040 -11.43672330 9.39054849 -8.14132701 6.84244765 -6.40824168 5.53916935 -4.73587069 3.91776822 -3.63662521 2.64045763 -3.12474762 
4.54049551 15.00936095 -10.59195550 8.37323174 -7.01198399 5.65121933 -5.19752434 4.34385700 -3.58408575 2.83123095 -2.63199243 1.72953113 -2.31537253 
4.54343584 15.04132973 -10.63606213 8.42537871 -7.06885115 5.71018504 -5.25647160 4.40113322 -3.63843675 2.88176169 -2.67807157 1.77076908 -2.35155977 
4.43795305 15.60999040 -11.43672330 9.39054849 -8.14132701 6.84244765 -6.40824168 5.53916935 -4.73587069 3.91776822 -3.63662521 2.64045763 -3.12474762 
4.43795305 15.60999040 -11.43672330 9.39054849 -8.14132701 6.84244765 -6.40824168 5.53916935 -4.73587069 3.91776822 -3.63662521 2.64045763 -3.12474762 
4.43795305 15.60999040 -11.43672330 9.39054849 -8.14132701 6.84244765 -6.40824168 5.53916935 -4.73587069 3.91776822 -3.63662521 2.64045763 -3.12474762 
4.43795305 15.60999040 -11.43672330 9.39054849 -8.14132701 6.84244765 -6.40824168 5.53916935 -4.73587069 3.91776822 -3.63662521 2.64045763 -3.12474762 
4.43795305 15.60999040 -11.43672330 9.39054849 -8.14132701 6.84244765 -6.40824168 5.53916935 -4.73587069 3.91776822 -3.63662521 2.64045763 -3.12474762 
4.43795305 15.60999040 -11.43672330 9.39054849 -8.14132701 6.84244765 -6.40824168 5.53916935 -4.73587069 3.91776822 -3.63662521 2.64045763 -3.12474762 
4.43795305 15.60999040 -11.43672330 9.39054849 -8.14132701 6.84244765 -6.40824168 5.53916935 -4.73587069 3.91776822 -3.63662521 2.64045763 -3.12474762 
4.43795305 15.60999040 -11.43672330 9.39054849 -8.14132701 6.84244765 -6.40824168 5.53916935 -4.73587069 3.91776822 -3.63662521 2.64045763 -3.12474762 
4.43795305 15.60999040 -11.43672330 9.39054849 -8.14132701 6.84244765 -6.40824168 5.53916935 -4.73587069 3.91776822 -3.63662521 2.64045763 -3.12474762 
4.54668691 15.01252754 -10.59632005 8.37838703 -7.01760079 5.65703832 -5.20333659 4.34949991 -3.58943629 2.83620174 -2.63652213 1.73358226 -2.31892526 
4.54961867 15.04434458 -10.64022665 8.43030804 -7.07423262 5.71577101 -5.26206152 4.40657001 -3.64360072 2.88656698 -2.68245722 1.77469709 -2.35500929 
4.44447834 15.60999040 -11.43672330 9.39054849 -8.14132701 6.84244765 -6.40824168 5.53916935 -4.73587069 3.91776822 -3.63662521 2.64045763 -3.12474762 
4.44447834 15.60999040 -11.43672330 9.39054849 -8.14132701 6.84244765 -6.40824168 5.53916935 -4.73587069 3.91776822 -3.63662521 2.64045763 -3.12474762 
4.44447834 15.60999040 -11.43672330 9.39054849 -8.14132701 6.84244765 -6.40824168 5.53916935 -4.73587069 3.91776822 -3.63662521 2.64045763 -3.12474762 
4.44447834 15.60999040 -11.43672330 9.39054849 -8.14132701 6.84244765 -6.40824168 5.53916935 -4.73587069 3.91776822 -3.63662521 2.64045763 -3.12474762 
4.44447834 15.60999040 -11.43672330 9.39054849 -8.14132701 6.84244765 -6.40824168 5.53916935 -4.73587069 3.91776822 -3.63662521 2.64045763 -3.12474762 
4.44447834 15.60999040 -11.43672330 9.39054849 -8.14132701 6.84244765 -6.40824168 5.53916935 -4.73587069 3.91776822 -3.63662521 2.64045763 -3.12474762 
4.44447834 15.60999040 -11.43672330 9.39054849 -8.14132701 6.84244765 -6.40824168 5.53916935 -4.73587069 3.91776822 -3.63662521 2.64045763 -3.12474762 
4.44447834 15.60999040 -11.43672330 9.39054849 -8.14132701 6.84244765 -6.40824168 5.53916935 -4.73587069 3.91776822 -3.63662521 2.64045763 -3.12474762 
4.44447834 15.60999040 -11.43672330 9.39054849 -8.14132701 6.84244765 -6.40824168 5.53916935 -4.73587069 3.91776822 -3.63662521 2.64045763 -3.12474762 
4.44447834 15.60999040 -11.43672330 9.39054849 -8.14132701 6.84244765 -6.40824168 5.53916935 -4.73587069 3.91776822 -3.63662521 2.64045763 -3.12474762 
4.44447834 15.60999040 -11.43672330 9.39054849 -8.14132701 6.84244765 -6.40824168 5.53916935 -4.73587069 3.91776822 -3.63662521 2.64045763 -3.12474762 
4.44447834 15.60999040 -11.43672330 9.39054849 -8.14132701 6.84244765 -6.40824168 5.53916935 -4.73587069 3.91776822 -3.63662521 2.64045763 -3.12474762 
4.44447834 15.60999040 -11.43672330 9.39054849 -8.14132701 6.84244765 -6.40824168 5.53916935 -4.73587069 3.91776822 -3.63662521 2.64045763 -3.12474762 
4.33613217 14.89635205 -10.43681714 8.19068545 -6.81382851 5.44665471 -4.99389043 4.14680236 -3.39782576 2.65870352 -2.47521588 1.58968934 -2.19304346 
4.33250142 14.92973868 -10.48252403 8.24432550 -6.87190664 5.50646448 -5.05328712 4.20414876 -3.45191180 2.70869763 -2.52055595 1.63005639 -2.22829248 
4.32925439 14.89225097 -10.43121000 8.18411328 -6.80672114 5.43934388 -4.98663818 4.13980797 -3.39123583 2.65261811 -2.46970211 1.58478463 -2.18876417 
4.32561049 14.92579501 -10.47711956 8.23797681 -6.86502619 5.49937248 -5.04623796 4.19733720 -3.44548233 2.70275005 -2.51515814 1.62524734 -2.22409043 
4.43140640 15.60999040 -11.43672330 9.39054849 -8.14132701 6.84244765 -6.40824168 5.53916935 -4.73587069 3.91776822 -3.63662521 2.64045763 -3.12474762 
4.32235295 14.88811556 -10.42555752 8.17748979 -6.79956016 5.43197977 -4.97933487 4.13276600 -3.38460258 2.64649402 -2.46415441 1.57985069 -2.18446017 
4.31869580 14.92181803 -10.47167093 8.23157793 -6.85809310 5.49222796 -5.03913826 4.19047837 -3.43900964 2.69676372 -2.50972621 1.62040879 -2.21986335 
4.42483825 15.60999040 -11.43672330 9.39054849 -8.14132701 6.84244765 -6.40824168 5.53916935 -4.73587069 3.91776822 -3.63662521 2.64045763 -3.12474762 
4.53428493 15.00616990 -10.58755821 8.36803884 -7.00632736 5.64536022 -5.19167309 4.33817726 -3.57870121 2.82622939 -2.62743539 1.72545614 -2.31179937 
4.53723388 15.03829146 -10.63186611 8.42041309 -7.06343110 5.70456005 -5.25084362 4.39566035 -3.63323934 2.87692605 -2.67365885 1.76681737 -2.34808989 
4.43140640 15.60999040 -11.43672330 9.39054849 -8.14132701 6.84244765 -6.40824168 5.53916935 -4.73587069 3.91776822 -3.63662521 2.64045763 -3.12474762 
4.43140640 15.60999040 -11.43672330 9.39054849 -8.14132701 6.84244765 -6.40824168 5.53916935 -4.73587069 3.91776822 -3.63662521 2.64045763 -3.12474762 
4.43140640 15.60999040 -11.43672330 9.39054849 -8.14132701 6.84244765 -6.40824168 5.53916935 -4.73587069 3.91776822 -3.63662521 2.64045763 -3.12474762 
4.43140640 15.60999040 -11.43672330 9.39054849 -8.14132701 6.84244765 -6.40824168 5.53916935 -4.73587069 3.91776822 -3.63662521 2.64045763 -3.12474762 
4.54049551 15.00936095 -10.59195550 8.37323174 -7.01198399 5.65121933 -5.19752434 4.34385700 -3.58408575 2.83123095 -2.63199243 1.72953113 -2.31537253 
4.54343584 15.04132973 -10.63606213 8.42537871 -7.06885115 5.71018504 -5.25647160 4.40113322 -3.63843675 2.88176169 -2.67807157 1.77076908 -2.35155977 
4.54668691 15.01252754 -10.59632005 8.37838703 -7.01760079 5.65703832 -5.20333659 4.34949991 -3.58943629 2.83620174 -2.63652213 1.73358226 -2.31892526 
4.54961867 15.04434458 -10.64022665 8.43030804 -7.07423262 5.71577101 -5.26206152 4.40657001 -3.64360072 2.88656698 -2.68245722 1.77469709 -2.35500929 
4.55285926 15.01566991 -10.60065215 8.38350507 -7.02317811 5.66281751 -5.20911017 4.35510626 -3.59475307 2.84114197 -2.64102468 1.73760968 -2.32245768 
4.55578249 15.04733623 -10.64435998 8.43520142 -7.07957585 5.72131830 -5.26761371 4.41197101 -3.64873153 2.89134213 -2.68681600 1.77860156 -2.35843859 
4.55901266 15.01878830 -10.60495213 8.38858619 -7.02871632 5.66855725 -5.21484539 4.36067634 -3.60003636 2.84605185 -2.64550025 1.74161354 -2.32596992 
4.56192743 15.05030492 -10.64846243 8.44005919 -7.08488120 5.72682725 -5.27312847 4.41733650 -3.65382943 2.89608736 -2.69114810 1.78248266 -2.36184779 
4.56514724 15.02188296 -10.60922029 8.39363075 -7.03421574 5.67425788 -5.22054256 4.36621044 -3.60528640 2.85093161 -2.64994903 1.74559401 -2.32946210 
4.56805358 15.05325088 -10.65253429 8.44488166 -7.09014899 5.73229817 -5.27860612 4.42266677 -3.65889466 2.90080291 -2.69545371 1.78634054 -2.36523704 
4.46392744 15.60999040 -11.43672330 9.39054849 -8.14132701 6.84244765 -6.40824168 5.53916935 -4.73587069 3.91776822 -3.63662521 2.64045763 -3.12474762 
4.57126311 15.02495411 -10.61345693 8.39863907 -7.03967673 5.67991973 -5.22620199 4.37170884 -3.61050343 2.85578146 -2.65437120 1.74955122 -2.33293435 
4.57416108 15.05617434 -10.65657586 8.44966918 -7.09537956 5.73773141 -5.28404697 4.42796209 -3.66392747 2.90548897 -2.69973300 1.79017535 -2.36860645 
4.57736039 15.02800200 -10.61766236 8.40361149 -7.04509963 5.68554313 -5.23182399 4.37717181 -3.61568770 2.86060161 -2.65876695 1.75348533 -2.33638678 
4.58025003 15.05907551 -10.66058742 8.45442207 -7.10057325 5.74312729 -5.28945132 4.43322275 -3.66892812 2.91014577 -2.70398617 1.79398726 -2.37195614 
4.47678922 15.60999040 -11.43672330 9.39054849 -8.14132701 6.84244765 -6.40824168 5.53916935 -4.73587069 3.91776822 -3.63662521 2.64045763 -3.12474762 
4.58343917 15.03102685 -10.62183687 8.40854834 -7.05048476 5.69112840 -5.23740887 4.38259963 -3.62083946 2.86539227 -2.66313644 1.75739649 -2.33981953 
4.58632053 15.06195463 -10.66456928 8.45914065 -7.10573038 5.74848612 -5.29481947 4.43844902 -3.67389685 2.91477352 -2.70821340 1.79777641 -2.37528626 
4.48318923 15.60999040 -11.43672330 9.39054849 -8.14132701 6.84244765 -6.40824168 5.53916935 -4.73587069 3.91776822 -3.63662521 2.64045763 -3.12474762 
4.48318923 15.60999040 -11.43672330 9.39054849 -8.14132701 6.84244765 -6.40824168 5.53916935 -4.73587069 3.91776822 -3.63662521 2.64045763 -3.12474762 
4.48318923 15.60999040 -11.43672330 9.39054849 -8.14132701 6.84244765 -6.40824168 5.53916935 -4.73587069 3.91776822 -3.63662521 2.64045763 -3.12474762 
4.48318923 15.60999040 -11.43672330 9.39054849 -8.14132701 6.84244765 -6.40824168 5.53916935 -4.73587069 3.91776822 -3.63662521 2.64045763 -3.12474762 
4.37691102 14.92025790 -10.46953390 8.22906865 -6.85537481 5.48942725 -5.03635558 4.18779052 -3.43647350 2.69441848 -2.50759846 1.61851372 -2.21820796 
4.25440400 15.60912782 -11.43548598 9.38903061 -8.13961205 6.84060834 -6.40634239 5.53726575 -4.73401002 3.91598927 -3.63495950 2.63892939 -3.12337463 
4.24722699 15.60912161 -11.43547707 9.38901969 -8.13959970 6.84059509 -6.40632872 5.53725205 -4.73399662 3.91597646 -3.63494751 2.63891839 -3.12336474 
4.24002412 15.60911533 -11.43546807 9.38900864 -8.13958722 6.84058171 -6.40631489 5.53723819 -4.73398308 3.91596351 -3.63493539 2.63890727 -3.12335475 
4.11266290 14.71050767 -10.18432822 7.89652649 -6.49756850 5.12315615 -4.67471144 3.84056682 -3.11073222 2.39483619 -2.23720000 1.37885313 -2.00982601 
4.10038258 14.82702229 -10.34224173 8.08007312 -6.69445899 5.32411440 -4.87256761 4.03001165 -3.28798573 2.55744488 -2.38361648 1.50833170 -2.12216254 
4.21095042 15.60908952 -11.43543105 9.38896323 -8.13953591 6.84052668 -6.40625808 5.53718125 -4.73392742 3.91591030 -3.63488556 2.63886155 -3.12331368 
4.08173180 14.68789726 -10.15383349 7.86124753 -6.45989652 5.08487358 -4.63717902 3.80477663 -3.07737672 2.36435057 -2.20984727 1.35474544 -1.98897669 
4.06924856 14.80676334 -10.31469192 8.04794801 -6.65989085 5.28872659 -4.83762547 3.99646193 -3.25651123 2.52849786 -2.35748948 1.48517502 -2.10202848 
4.18144783 15.60906256 -11.43539237 9.38891578 -8.13948230 6.84046919 -6.40619871 5.53712174 -4.73386926 3.91585470 -3.63483350 2.63881379 -3.12327077 
4.05031704 14.66444992 -10.12226127 7.82477884 -6.42101284 5.04541691 -4.59854972 3.76799034 -3.04313752 2.33309588 -2.18183738 1.33008582 -1.96767250 
4.03762410 14.78573326 -10.28613473 8.01469422 -6.62415606 5.25219141 -4.80159517 3.96190881 -3.22413267 2.49875183 -2.33066909 1.46142699 -2.08139945 
4.02642939 14.64629034 -10.09784498 7.79661556 -6.39102556 5.01502763 -4.56883545 3.73972842 -3.01686350 2.30913890 -2.16039035 1.31122297 -1.95139189 
3.86985676 15.60492881 -11.42946377 9.38164400 -8.13126754 6.83165999 -6.39710349 5.52800704 -4.72496118 3.90733879 -3.62686056 2.63149960 -3.11670020 
3.85241513 15.60483990 -11.42933627 9.38148764 -8.13109092 6.83147061 -6.39690798 5.52781113 -4.72476974 3.90715579 -3.62668924 2.63134245 -3.11655904 
3.83482004 15.60474863 -11.42920539 9.38132712 -8.13090962 6.83127621 -6.39670729 5.52761003 -4.72457321 3.90696794 -3.62651338 2.63118114 -3.11641413 
3.81706880 15.60465491 -11.42907099 9.38116231 -8.13072345 6.83107659 -6.39650122 5.52740354 -4.72437143 3.90677505 -3.62633282 2.63101550 -3.11626535 
3.79915859 15.60455865 -11.42893297 9.38099303 -8.13053225 6.83087159 -6.39628958 5.52719148 -4.72416419 3.90657696 -3.62614737 2.63084540 -3.11611256 
3.78108655 15.60445977 -11.42879118 9.38081914 -8.13033584 6.83066099 -6.39607218 5.52697363 -4.72395131 3.90637348 -3.62595688 2.63067066 -3.11595560 
3.91438847 14.69930459 -10.16921252 7.87903259 -6.47888100 5.10415896 -4.65608005 3.82279435 -3.09416342 2.37968834 -2.22360491 1.36686765 -1.99945778 
3.90253748 14.54740394 -9.96543746 7.64449338 -6.22967332 4.85211529 -4.41011007 3.58928107 -2.87746154 2.18242916 -2.04729365 1.21203220 -1.86600883 
3.88880735 14.68044497 -10.14379321 7.84964385 -6.44751795 5.07230628 -4.62486925 3.79304865 -3.06645586 2.35437736 -2.20090583 1.34687047 -1.98217078 
4.01091268 15.60889009 -11.43514499 9.38861232 -8.13913945 6.84010149 -6.40581903 5.53674122 -4.73349733 3.91549910 -3.63450055 2.63850833 -3.12299635 
4.13759932 14.81038615 -10.31961566 8.05368626 -6.66606215 5.29504095 -4.84385719 4.00244243 -3.26211921 2.53365323 -2.36214067 1.48929581 -2.10561004 
4.37242075 14.91765966 -10.46597540 8.22489089 -6.85084967 5.48476550 -5.03172441 4.18331771 -3.43225362 2.69051667 -2.50405885 1.61536148 -2.21545467 
4.48212654 15.60930345 -11.43573791 9.38933966 -8.13996121 6.84098281 -6.40672907 5.53765330 -4.73438882 3.91635143 -3.63529860 2.63924050 -3.12365413 
