8.65730872 0.34475700 -0.11528201 -0.01239855 -0.12520256 -0.18987316 -0.26194728 0.17419433 -0.09201742 -0.13465830 -0.14694281 -0.36832121 -0.58959578 
2.33644051 15.60999040 -11.43672330 9.39054849 -8.14132701 6.84244765 -6.40824168 5.53916935 -4.73587069 3.91776822 -3.63662521 2.64045763 -3.12474762 
2.33644051 15.60999040 -11.43672330 9.39054849 -8.14132701 6.84244765 -6.40824168 5.53916935 -4.73587069 3.91776822 -3.63662521 2.64045763 -3.12474762 
2.64396261 13.09706649 -8.12915611 5.64367151 -4.21246297 2.91080365 -2.60335896 1.94984757 -1.41996264 0.90760062 -0.94951368 0.28055504 -1.08886336 
2.65084265 13.20690964 -8.26136593 5.78074260 -4.34400382 3.03144859 -2.71044451 2.04260128 -1.49876540 0.97362965 -1.00410071 0.32514773 -1.12472914 
2.35504530 15.60999040 -11.43672330 9.39054849 -8.14132701 6.84244765 -6.40824168 5.53916935 -4.73587069 3.91776822 -3.63662521 2.64045763 -3.12474762 
2.35504530 15.60999040 -11.43672330 9.39054849 -8.14132701 6.84244765 -6.40824168 5.53916935 -4.73587069 3.91776822 -3.63662521 2.64045763 -3.12474762 
2.35504530 15.60999040 -11.43672330 9.39054849 -8.14132701 6.84244765 -6.40824168 5.53916935 -4.73587069 3.91776822 -3.63662521 2.64045763 -3.12474762 
2.05257165 11.96536558 -6.83152714 4.35899832 -3.03320187 1.87344025 -1.71849901 1.21182905 -0.81492834 0.41658575 -0.55511846 -0.03372051 -0.84193635 
2.04002158 12.07042837 -6.94706836 4.46880686 -3.13000345 1.95534879 -1.78576947 1.26591349 -0.85772740 0.45023721 -0.58138901 -0.01328026 -0.85763602 
2.33644051 15.60999040 -11.43672330 9.39054849 -8.14132701 6.84244765 -6.40824168 5.53916935 -4.73587069 3.91776822 -3.63662521 2.64045763 -3.12474762 
2.33644051 15.60999040 -11.43672330 9.39054849 -8.14132701 6.84244765 -6.40824168 5.53916935 -4.73587069 3.91776822 -3.63662521 2.64045763 -3.12474762 
2.33644051 15.60999040 -11.43672330 9.39054849 -8.14132701 6.84244765 -6.40824168 5.53916935 -4.73587069 3.91776822 -3.63662521 2.64045763 -3.12474762 
2.33644051 15.60999040 -11.43672330 9.39054849 -8.14132701 6.84244765 -6.40824168 5.53916935 -4.73587069 3.91776822 -3.63662521 2.64045763 -3.12474762 
2.03127027 11.91834131 -6.78013789 4.31045436 -2.99066070 1.83764425 -1.68925685 1.18843814 -0.79650720 0.40216174 -0.54389848 -0.04242621 -0.83526714 
2.01856830 12.02412095 -6.89601879 4.42017700 -3.08703658 1.91891491 -1.75578577 1.24176032 -0.83857908 0.43515778 -0.56960092 -0.02246195 -0.85057673 
2.31766103 15.60999040 -11.43672330 9.39054849 -8.14132701 6.84244765 -6.40824168 5.53916935 -4.73587069 3.91776822 -3.63662521 2.64045763 -3.12474762 
2.00974746 11.87035481 -6.72790410 4.26130002 -2.94774409 1.80165796 -1.65995707 1.16507532 -0.77816323 0.38783491 -0.53277861 -0.05103977 -0.82867892 
1.99689001 11.97685512 -6.84411372 4.37091582 -3.04366949 1.88226703 -1.72572448 1.21761999 -0.81949731 0.42016896 -0.55790953 -0.03155264 -0.84359873 
2.29870355 15.60999040 -11.43672330 9.39054849 -8.14132701 6.84244765 -6.40824168 5.53916935 -4.73587069 3.91776822 -3.63662521 2.64045763 -3.12474762 
2.29870355 15.60999040 -11.43672330 9.39054849 -8.14132701 6.84244765 -6.40824168 5.53916935 -4.73587069 3.91776822 -3.63662521 2.64045763 -3.12474762 
2.29870355 15.60999040 -11.43672330 9.39054849 -8.14132701 6.84244765 -6.40824168 5.53916935 -4.73587069 3.91776822 -3.63662521 2.64045763 -3.12474762 
2.61194433 13.04385673 -8.06551219 5.57808593 -4.14989485 2.85374212 -2.55298749 1.90644778 -1.38327726 0.87700519 -0.92432923 0.26006128 -1.07244107 
2.61891573 13.15565845 -8.19954004 5.71650460 -4.28222750 2.97467532 -2.65995400 1.99878627 -1.46147375 0.94233131 -0.97818649 0.30394914 -1.10765696 
2.31766103 15.60999040 -11.43672330 9.39054849 -8.14132701 6.84244765 -6.40824168 5.53916935 -4.73587069 3.91776822 -3.63662521 2.64045763 -3.12474762 
2.00974746 11.87035481 -6.72790410 4.26130002 -2.94774409 1.80165796 -1.65995707 1.16507532 -0.77816323 0.38783491 -0.53277861 -0.05103977 -0.82867892 
1.11491699 9.20693419 -4.15400232 2.08958506 -1.23503787 0.48877983 -0.67453820 0.43486390 -0.24156519 -0.01121467 -0.23436282 -0.27796559 -0.65845324 
0.07649833 -14.27444836 -8.56565845 -6.14790693 -4.64140223 -3.65087888 -2.83721461 -1.84354295 -1.66216906 -1.37428566 -1.09358792 -1.10445638 -1.10752944 
-0.87678366 0.39854546 -0.11896095 -0.01124549 -0.12530187 -0.18934087 -0.26220158 0.17442805 -0.09196369 -0.13445896 -0.14695295 -0.36811287 -0.58972559 
0.57354962 -0.48900831 -0.09072869 -0.02791143 -0.12500728 -0.19791258 -0.25860299 0.17072509 -0.09318684 -0.13779536 -0.14709403 -0.37145988 -0.58774608 
2.94191970 5.58724471 -1.66834916 0.54874265 -0.32394758 -0.06646229 -0.33251716 0.22046475 -0.10793808 -0.10744546 -0.16299590 -0.33949117 -0.61104853 
4.34709414 9.33123845 -4.25999992 2.16860907 -1.29007429 0.52641307 -0.69989315 0.45185850 -0.25292559 -0.00323632 -0.24012577 -0.27353098 -0.66176958 
5.42043450 10.47566354 -5.30068936 2.99402089 -1.90096436 0.96719936 -1.01183774 0.67036946 -0.40508233 0.10568486 -0.31940349 -0.21359692 -0.70630430 
6.15359407 12.71631369 -7.67948228 5.18588539 -3.78086945 2.52158452 -2.26346012 1.66000516 -1.17736474 0.70708145 -0.78580652 0.14829998 -0.98360726 
6.51842205 15.03153067 -10.62253227 8.40937083 -7.05138204 5.69205912 -5.23833962 4.38350429 -3.62169820 2.86619089 -2.66386491 1.75804860 -2.34039191 
6.64004865 15.56853457 -11.37733507 9.31778322 -8.05920951 6.75447297 -6.31749423 5.44830719 -4.64714229 3.83301248 -3.55733195 2.56776616 -3.05948903 
6.51121523 14.31845057 -9.66242903 7.30024417 -5.86848089 4.49121214 -4.06201154 3.26253462 -2.57752594 1.91220710 -1.80812113 1.00391796 -1.68821058 
6.10125581 13.19829568 -8.25095766 5.76991122 -4.33357151 3.02184707 -2.70189340 2.03517057 -1.49243269 0.96830826 -0.99968979 0.32153582 -1.12181751 
5.40116501 10.10231256 -4.94831048 2.70472882 -1.67976443 0.80302775 -0.89268146 0.58502047 -0.34444341 0.06179597 -0.28727459 -0.23777307 -0.68836068 
4.27448521 9.37026935 -4.29356663 2.19383530 -1.30777949 0.53859979 -0.70815204 0.45742234 -0.25666221 -0.00060812 -0.24202443 -0.27207476 -0.66285715 
2.78991247 1.81656709 -0.30754009 0.03632924 -0.13373264 -0.17388574 -0.27077088 0.18133106 -0.09160144 -0.12913942 -0.14812877 -0.36224547 -0.59364885 
-1.20107466 12.33638109 -7.24403690 4.75522067 -3.38614444 2.17504429 -1.96857173 1.41472746 -0.97689197 0.54490374 -0.65596324 0.04516313 -0.90283068 
-0.09294271 6.17290616 -1.99197669 0.71110636 -0.40139552 -0.02525429 -0.35556190 0.23411279 -0.11553568 -0.10108731 -0.16799830 -0.33408499 -0.61533000 
1.73973129 7.10492283 -2.56941044 1.03199606 -0.57018908 0.06885908 -0.40955233 0.26628032 -0.13431157 -0.08676218 -0.17904833 -0.32332575 -0.62381556 
3.14146245 9.03234485 -4.00744888 1.98193353 -1.16112840 0.43885019 -0.64125675 0.41276079 -0.22691454 -0.02147962 -0.22694679 -0.28371082 -0.65414533 
3.92430441 12.91765049 -7.91560134 5.42463125 -4.00445204 2.72192239 -2.43732039 1.80736505 -1.29998682 0.80789327 -0.86770558 0.21417532 -1.03581631 
4.30192527 14.80174335 -10.30787135 8.04000145 -6.65134698 5.27998701 -4.82900251 3.98818866 -3.24875517 2.52136939 -2.35105954 1.47947950 -2.09707921 
4.42814929 15.60347704 -11.42738201 9.37909104 -8.12838398 6.82856823 -6.39391181 5.52480896 -4.72183601 3.90435157 -3.62406413 2.62893450 -3.11439612 
4.44775682 15.60360325 -11.42756298 9.37931296 -8.12863463 6.82883697 -6.39418923 5.52508692 -4.72210763 3.90461119 -3.62430716 2.62915742 -3.11459636 
4.25312576 13.57606161 -8.71387626 6.25825921 -4.81025634 3.46624706 -3.10265857 2.38767704 -1.79638713 1.22651858 -1.21591101 0.50024014 -1.26715894 
4.00009458 15.60887813 -11.43512783 9.38859127 -8.13911567 6.84007598 -6.40579270 5.53671482 -4.73347153 3.91547444 -3.63447746 2.63848714 -3.12297731 
4.00821364 15.60888712 -11.43514073 9.38860709 -8.13913354 6.84009515 -6.40581249 5.53673466 -4.73349092 3.91549298 -3.63449482 2.63850306 -3.12299162 
3.88193975 14.62740134 -10.07248117 7.76739606 -6.35995153 4.98357387 -4.53811517 3.71054163 -2.98975820 2.28444860 -2.13830778 1.29181849 -1.93465806 
3.88654433 14.58273302 -10.01263608 7.69860217 -6.28694436 4.90982294 -4.46622413 3.64236749 -2.92656039 2.22698009 -2.08699252 1.24679559 -1.89588844 
3.89053101 14.63407228 -10.08143493 7.77770666 -6.37091212 4.99466410 -4.54894274 3.72082498 -2.99930486 2.29314181 -2.14608040 1.29864645 -1.94054463 
3.74133966 15.60999040 -11.43672330 9.39054849 -8.14132701 6.84244765 -6.40824168 5.53916935 -4.73587069 3.91776822 -3.63662521 2.64045763 -3.12474762 
3.74133966 15.60999040 -11.43672330 9.39054849 -8.14132701 6.84244765 -6.40824168 5.53916935 -4.73587069 3.91776822 -3.63662521 2.64045763 -3.12474762 
3.89511467 14.58963735 -10.02187390 7.70920771 -6.29818539 4.92116487 -4.47726718 3.65282784 -2.93624670 2.23577923 -2.09484186 1.25367610 -1.90180811 
3.89908571 14.64067745 -10.09030456 7.78792498 -6.38177936 5.00566451 -4.55968697 3.73103320 -3.00878534 2.30177785 -2.15380453 1.30543400 -1.94639814 
3.75057755 15.60999040 -11.43672330 9.39054849 -8.14132701 6.84244765 -6.40824168 5.53916935 -4.73587069 3.91776822 -3.63662521 2.64045763 -3.12474762 
3.75057755 15.60999040 -11.43672330 9.39054849 -8.14132701 6.84244765 -6.40824168 5.53916935 -4.73587069 3.91776822 -3.63662521 2.64045763 -3.12474762 
3.59764565 14.32652079 -9.67302522 7.31219088 -5.88092251 4.50355479 -4.07383343 3.27355647 -2.58757747 1.92120686 -1.81603992 1.01077025 -1.69403361 
3.59227382 14.37944541 -9.74266782 7.39087556 -5.96303537 4.58517571 -4.15216071 3.34671878 -2.65441838 1.98115516 -1.86887272 1.05655671 -1.73299899 
3.74133966 15.60999040 -11.43672330 9.39054849 -8.14132701 6.84244765 -6.40824168 5.53916935 -4.73587069 3.91776822 -3.63662521 2.64045763 -3.12474762 
3.58770643 14.31685915 -9.66034022 7.29788993 -5.86602992 4.48878143 -4.05968409 3.26036531 -2.57554817 1.91043676 -1.80656382 1.00257071 -1.68706595 
3.58230593 14.37008075 -9.73032574 7.37691006 -5.94844010 4.57064749 -4.13819976 3.33366126 -2.64247394 1.97042958 -1.85940945 1.04834681 -1.72600503 
3.57771791 14.30709041 -9.64752358 7.28345029 -5.85100275 4.47388394 -4.04542458 3.24707930 -2.56343927 1.89960123 -1.79703503 0.99432953 -1.68006613 
3.57228843 14.36061130 -9.71785397 7.36280699 -5.93371037 4.55599435 -4.12412707 3.32050673 -2.63044737 1.95963587 -1.84989078 1.04009266 -1.71897650 
3.56767962 14.29721297 -9.63457348 7.26887022 -5.83583949 4.45886112 -4.03105400 3.23369780 -2.55125037 1.88870006 -1.78745346 0.98604673 -1.67303422 
3.56222085 14.35103546 -9.70525072 7.34856461 -5.91884467 4.54121504 -4.10994167 3.30725451 -2.61833823 1.94877377 -1.84031657 1.03179426 -1.71191347 
3.71336718 15.60999040 -11.43672330 9.39054849 -8.14132701 6.84244765 -6.40824168 5.53916935 -4.73587069 3.91776822 -3.63662521 2.64045763 -3.12474762 
3.55759105 14.28722519 -9.62148810 7.25414800 -5.82053865 4.44371175 -4.01657143 3.22022018 -2.53898107 1.87773304 -1.77781906 0.97772235 -1.66597033 
3.55210267 14.34135164 -9.69251417 7.33418117 -5.90384144 4.52630830 -4.09564260 3.29390390 -2.60614604 1.93784300 -1.83068671 1.02345159 -1.70481597 
3.54745170 14.27712542 -9.60826557 7.23928183 -5.80509870 4.42843462 -4.00197595 3.20664580 -2.52663098 1.86669996 -1.76813176 0.96935642 -1.65887456 
3.35622961 15.60787351 -11.43368688 9.38682371 -8.13711874 6.83793439 -6.40358141 5.53449864 -4.73130545 3.91340359 -3.63253854 2.63670832 -3.12137926 
3.53171252 14.32165346 -9.66663368 7.30498392 -5.87341618 4.49610740 -4.06669954 3.26690471 -2.58151074 1.91577446 -1.81125961 1.00663342 -1.69051789 
3.52701863 14.25658308 -9.58140145 7.20911047 -5.77379523 4.39749209 -3.97244259 3.17920425 -2.50168689 1.84443488 -1.74859827 0.95250013 -1.64458783 
3.33365193 15.60782520 -11.43361759 9.38673872 -8.13702273 6.83783143 -6.40347510 5.53439210 -4.73120132 3.91330405 -3.63244533 2.63662282 -3.12130244 
3.32226680 15.60780043 -11.43358206 9.38669514 -8.13697349 6.83777862 -6.40342057 5.53433746 -4.73114791 3.91325299 -3.63239753 2.63657896 -3.12126305 
3.31081648 15.60777522 -11.43354591 9.38665080 -8.13692340 6.83772490 -6.40336511 5.53428188 -4.73109359 3.91320105 -3.63234890 2.63653435 -3.12122297 
3.10885521 13.69993706 -8.86856368 6.42442970 -4.97534492 3.62277193 -3.24613491 2.51587560 -1.90860755 1.32319529 -1.29793249 0.56884558 -1.32359596 
3.08779746 13.90587148 -9.12889325 6.70741437 -5.25975555 3.89544151 -3.49878492 2.74399373 -2.11031497 1.49861350 -1.44808906 0.69548053 -1.42859464 
3.26434818 15.60766994 -11.43339490 9.38646557 -8.13671414 6.83750049 -6.40313341 5.53404967 -4.73086663 3.91298408 -3.63214576 2.63634799 -3.12105555 
3.25256043 15.60764244 -11.43335547 9.38641720 -8.13665949 6.83744189 -6.40307290 5.53398903 -4.73080737 3.91292743 -3.63209272 2.63629933 -3.12101183 
3.24070279 15.60761446 -11.43331533 9.38636796 -8.13660387 6.83738224 -6.40301131 5.53392731 -4.73074705 3.91286976 -3.63203872 2.63624979 -3.12096734 
3.22877443 15.60758597 -11.43327447 9.38631785 -8.13654725 6.83732152 -6.40294862 5.53386448 -4.73068564 3.91281105 -3.63198376 2.63619937 -3.12092204 
3.01847475 13.57667360 -8.71463696 6.25907275 -4.81106107 3.46700685 -3.10335220 2.38829438 -1.79692548 1.22698072 -1.21630178 0.50056599 -1.26742621 
2.99635054 13.79176883 -8.98416161 6.54957403 -5.10061680 3.74240931 -3.35657233 2.61522636 -1.99614651 1.39907258 -1.36267933 0.62329085 -1.36861278 
2.97847112 13.52016402 -8.64454322 6.18426165 -4.73720556 3.39740642 -3.03992893 2.33194701 -1.74787132 1.18493767 -1.18080375 0.47100598 -1.24321238 
2.95585665 13.73935581 -8.91808751 6.47794259 -5.02881400 3.67374588 -3.29310827 2.55806309 -1.94571976 1.35531508 -1.32530172 0.59182992 -1.34257609 
2.93766242 13.46125830 -8.57179359 6.10694014 -4.66118282 3.32604365 -2.97514624 2.27460286 -1.69812542 1.14244198 -1.14503405 0.44130397 -1.21894794 
2.65280021 15.59296119 -11.41230871 9.36061252 -8.10751975 6.80620490 -6.37083290 5.50169063 -4.69925108 3.88276930 -3.60386531 2.61041093 -3.09776116 
2.88651261 13.64684482 -8.80209040 6.35284020 -4.90404537 3.55501055 -3.18387973 2.46012618 -1.85970254 1.28098031 -1.26205006 0.53878078 -1.29882313 
2.86776955 13.35736490 -8.44426902 5.97220176 -4.52947079 3.20308761 -2.86412459 2.17683689 -1.61373501 1.07068419 -1.08489458 0.39156324 -1.17846644 
2.57138324 15.59152515 -11.41025109 9.35809097 -8.10467363 6.80315528 -6.36768667 5.49853996 -4.69617398 3.87982959 -3.60111472 2.60788906 -3.09549692 
2.53786526 15.59089954 -11.40935475 9.35699260 -8.10343395 6.80182704 -6.36631643 5.49716786 -4.69483397 3.87854947 -3.59991701 2.60679098 -3.09451105 
2.50377600 15.59024165 -11.40841221 9.35583766 -8.10213047 6.80043049 -6.36487577 5.49572528 -4.69342519 3.87720369 -3.59865789 2.60563664 -3.09347470 
2.46909566 15.58954924 -11.40742024 9.35462221 -8.10075875 6.79896088 -6.36335979 5.49420735 -4.69194286 3.87578768 -3.59733312 2.60442214 -3.09238436 
2.43380337 15.58881985 -11.40637534 9.35334196 -8.09931396 6.79741305 -6.36176318 5.49260872 -4.69038179 3.87429651 -3.59593806 2.60314323 -3.09123623 
2.69425998 13.37149918 -8.46155935 5.99041026 -4.54721326 3.21959965 -2.87898942 2.18988909 -1.62497019 1.08021283 -1.09286114 0.39813775 -1.18380582 
2.67393194 13.04866160 -8.07124855 5.58398664 -4.15551417 2.85885825 -2.55749644 1.91032656 -1.38655101 0.87973169 -0.92657066 0.26188315 -1.07389940 
2.64718274 13.29969364 -8.37391231 5.89830331 -4.45764809 3.13640963 -2.80424079 2.12437592 -1.56867665 1.03254786 -1.05307083 0.36534566 -1.15720937 
2.86214027 15.60652229 -11.43174894 9.38444669 -8.13443344 6.83505475 -6.40060824 5.53151908 -4.72839340 3.91061972 -3.62993214 2.63431726 -3.11923127 
2.84771731 15.60647196 -11.43167677 9.38435817 -8.13433344 6.83494751 -6.40049752 5.53140813 -4.72828497 3.91051607 -3.62983510 2.63422823 -3.11915130 
2.83318960 15.60642053 -11.43160301 9.38426770 -8.13423125 6.83483793 -6.40038439 5.53129475 -4.72817416 3.91041014 -3.62973593 2.63413726 -3.11906958 
2.81855558 15.60636797 -11.43152763 9.38417524 -8.13412680 6.83472593 -6.40026875 5.53117887 -4.72806091 3.91030188 -3.62963457 2.63404428 -3.11898605 
2.80381370 15.60631424 -11.43145056 9.38408072 -8.13402003 6.83461143 -6.40015054 5.53106041 -4.72794515 3.91019121 -3.62953096 2.63394924 -3.11890067 
2.78896235 15.60625930 -11.43137178 9.38398409 -8.13391087 6.83449438 -6.40002969 5.53093931 -4.72782679 3.91007807 -3.62942504 2.63385206 -3.11881338 
2.52804604 12.79543454 -7.77182753 5.27882526 -3.86751142 2.59888194 -2.33025953 1.71639310 -1.22410409 0.74537133 -0.81681214 0.17316838 -1.00326329 
2.49903611 13.06197246 -8.08715099 5.60035575 -4.17111295 2.87306919 -2.57002843 1.92111341 -1.39566039 0.88732227 -0.93281378 0.26695982 -1.07796470 
2.47700679 12.70241621 -7.66332128 5.16967773 -3.76581218 2.50819534 -2.25192608 1.65029855 -1.16934253 0.70052685 -0.78051163 0.14406204 -0.98026423 
2.10565191 15.58067312 -11.39470800 9.33905048 -8.08318986 6.78014313 -6.34395317 5.47478022 -4.67297570 3.85767311 -3.58038900 2.58889130 -3.07844375 
2.41182525 12.91341547 -7.91059632 5.41953295 -3.99964300 2.71758370 -2.43353017 1.80413211 -1.29728028 0.80565587 -0.86587879 0.21269948 -1.03464176 
2.38900797 12.53648088 -7.47172727 4.97884125 -3.58969889 2.35257995 -2.11868600 1.53882165 -1.07772151 0.62604101 -0.72061288 0.09630620 -0.94273099 
2.35765202 12.81781498 -7.79805298 5.30532115 -3.89230456 2.62108006 -2.34950894 1.73269606 -1.23766016 0.75650857 -0.82585417 0.18043713 -1.00902090 
2.60157206 15.60549142 -11.43027057 9.38263349 -8.13238523 6.83285844 -6.39834073 5.52924682 -4.72617276 3.90849694 -3.62794479 2.63249418 -3.11759360 
2.58513389 15.60541697 -11.43016380 9.38250254 -8.13223731 6.83269982 -6.39817698 5.52908273 -4.72601240 3.90834365 -3.62780128 2.63236253 -3.11747535 
2.56855949 15.60534065 -11.43005435 9.38236830 -8.13208568 6.83253724 -6.39800914 5.52891454 -4.72584804 3.90818653 -3.62765419 2.63222761 -3.11735414 
2.55184660 15.60526240 -11.42994214 9.38223069 -8.13193024 6.83237056 -6.39783706 5.52874211 -4.72567953 3.90802545 -3.62750339 2.63208928 -3.11722989 
2.53499286 15.60518216 -11.42982708 9.38208957 -8.13177084 6.83219965 -6.39766061 5.52856530 -4.72550674 3.90786028 -3.62734876 2.63194744 -3.11710247 
2.51799590 15.60509987 -11.42970907 9.38194484 -8.13160735 6.83202435 -6.39747964 5.52838395 -4.72532952 3.90769088 -3.62719018 2.63180196 -3.11697180 
2.50085325 15.60501544 -11.42958800 9.38179636 -8.13143964 6.83184452 -6.39729398 5.52819792 -4.72514772 3.90751710 -3.62702749 2.63165273 -3.11683775 
2.48356240 15.60492881 -11.42946377 9.38164400 -8.13126754 6.83165999 -6.39710349 5.52800704 -4.72496118 3.90733879 -3.62686056 2.63149960 -3.11670020 
2.46612076 15.60483990 -11.42933627 9.38148764 -8.13109092 6.83147061 -6.39690798 5.52781113 -4.72476974 3.90715579 -3.62668924 2.63134245 -3.11655904 
2.16102434 12.07250419 -6.94936132 4.47099533 -3.13194069 1.95699437 -1.78712600 1.26700799 -0.85859643 0.45092247 -0.58192532 -0.01286216 -0.85795775 
2.12536945 12.37783198 -7.29090279 4.80096547 -3.42753349 2.21093614 -1.99875213 1.43954408 -0.99695391 0.56097469 -0.66871671 0.05521801 -0.91065012 
2.39479219 15.60445977 -11.42879118 9.38081914 -8.13033584 6.83066099 -6.39607218 5.52697363 -4.72395131 3.90637348 -3.62595688 2.63067066 -3.11595560 
2.07906229 11.89314972 -6.75269053 4.28460157 -2.96806857 1.81868456 -1.67380770 1.17611009 -0.78682057 0.39459177 -0.53801992 -0.04698160 -0.83178158 
2.04171057 12.20692743 -7.09868111 4.61428334 -3.25945140 2.06584968 -1.87729201 1.34009120 -0.91687675 0.49705319 -0.61814835 0.01545168 -0.87979921 
2.01538918 11.74904504 -6.59678901 4.13875135 -2.84145337 1.71308316 -1.58826647 1.10823202 -0.73376740 0.35331711 -0.50609025 -0.07165354 -0.81295467 
1.97665935 12.06929028 -6.94581138 4.46760731 -3.12894174 1.95444703 -1.78502618 1.26531384 -0.85725133 0.44986184 -0.58109526 -0.01350925 -0.85745982 
2.26349794 15.60368536 -11.42768073 9.37945735 -8.12879771 6.82901183 -6.39436972 5.52526778 -4.72228436 3.90478011 -3.62446529 2.62930247 -3.11472664 
1.92733675 11.54271305 -6.37684260 3.93588667 -2.66776078 1.57007878 -1.47384657 1.01849230 -0.66439431 0.29984118 -0.46504256 -0.10319318 -0.78901415 
1.88661032 11.87172964 -6.72939771 4.26270294 -2.94896674 1.80268142 -1.66078900 1.16573764 -0.77868250 0.38823995 -0.53309265 -0.05079671 -0.82886468 
2.51437963 12.98188808 -7.99172094 5.50236920 -4.07796374 2.78840358 -2.49553227 1.85712900 -1.34173742 0.84247461 -0.89599141 0.23706359 -1.05405950 
2.50710352 12.86349080 -7.85171888 5.35968002 -3.94329795 2.66684549 -2.38928693 1.76646037 -1.26579534 0.77966829 -0.84469022 0.19560260 -1.02105119 
2.49737265 12.95273845 -7.95713242 5.46699890 -4.04447352 2.75807933 -2.46894863 1.83437749 -1.32262881 0.82663158 -0.88302081 0.22655962 -1.04568087 
2.49004619 12.83324121 -7.81615628 5.32363727 -3.90946752 2.63646704 -2.36286911 1.74402519 -1.24709157 0.76426542 -0.83215792 0.18550896 -1.01304158 
2.14366476 15.60288449 -11.42653239 9.37804916 -8.12720725 6.82730662 -6.39260949 5.52350409 -4.72056096 3.90313286 -3.62292330 2.62788809 -3.11345623 
2.12297547 15.60273628 -11.42631989 9.37778858 -8.12691296 6.82699110 -6.39228380 5.52317777 -4.72024209 3.90282809 -3.62263801 2.62762641 -3.11322119 
1.50156665 5.07599261 -1.41055229 0.42924872 -0.27107629 -0.09400935 -0.31719652 0.21131536 -0.10307293 -0.11190651 -0.15948566 -0.34360716 -0.60779689 
-0.45172882 14.91285914 -10.45940240 8.21717590 -6.84249518 5.47616076 -5.02317798 4.17506525 -3.42446941 2.68332057 -2.49753195 1.60954988 -2.21037943 
0.51014379 7.89088394 -3.11604291 1.36925368 -0.76612602 0.18515329 -0.47923031 0.30885284 -0.16025921 -0.06813981 -0.19297920 -0.31106139 -0.63335692 
0.44717321 6.29904066 -2.06563613 0.74988026 -0.42074476 -0.01476892 -0.36147470 0.23761282 -0.11752907 -0.09949537 -0.16924317 -0.33280323 -0.61634465 
0.28156826 6.93390765 -2.45770922 0.96697255 -0.53447699 0.04845537 -0.39766491 0.25914627 -0.13007148 -0.08989752 -0.17665888 -0.32555104 -0.62206791 
0.78839362 15.50318322 -11.28403669 9.20383991 -7.93101897 6.61754163 -6.17664250 5.30765364 -4.51013995 3.70245657 -3.43546506 2.45628129 -2.95960271 
1.36674524 10.55904509 -5.38109386 3.06138881 -1.95349922 1.00688467 -1.04111511 0.69165450 -0.42041312 0.11687996 -0.32764584 -0.20739548 -0.71091186 
1.73393340 15.59929817 -11.42139085 9.37174501 -8.12008801 6.81967466 -6.38473215 5.51561218 -4.71285009 3.89576338 -3.61602539 2.62156156 -3.10777414 
2.12367206 12.24660577 -7.14307114 4.65717257 -3.29787327 2.09885693 -1.90479740 1.36251382 -0.93485529 0.51135151 -0.62942269 0.02429386 -0.88664163 
2.11519005 12.10093182 -6.98080210 4.50103963 -3.15856735 1.97963744 -1.80581172 1.28209967 -0.87059066 0.46038834 -0.58933897 -0.00707919 -0.86241011 
1.68276000 15.59873877 -11.42058898 9.37076193 -8.11897796 6.81848481 -6.38350417 5.51438205 -4.71164830 3.89461490 -3.61495049 2.62057579 -3.10688884 
1.65667378 15.59844249 -11.42016427 9.37024127 -8.11839007 6.81785466 -6.38285385 5.51373061 -4.71101187 3.89400672 -3.61438129 2.62005378 -3.10642006 
1.21144007 9.52937439 -4.43180268 2.29873367 -1.38209647 0.59016791 -0.74335305 0.48128689 -0.27278276 0.01075491 -0.25023675 -0.26579901 -0.66753738 
1.14971253 9.91560159 -4.77676764 2.56747067 -1.57740298 0.72873758 -0.83986371 0.54789254 -0.31851726 0.04322670 -0.27376429 -0.24796144 -0.68079925 
1.11491699 9.20693419 -4.15400232 2.08958506 -1.23503787 0.48877983 -0.67453820 0.43486390 -0.24156519 -0.01121467 -0.23436282 -0.27796559 -0.65845324 
1.04956715 9.59776088 -4.49191300 2.34485063 -1.41511665 0.61329090 -0.75926698 0.49215363 -0.28017177 0.01597713 -0.25401372 -0.26292332 -0.66967882 
1.46387320 15.59599781 -11.41666033 9.36594600 -8.11354053 6.81265696 -6.37749011 5.50835798 -4.70576345 3.88899152 -3.60968777 2.61574970 -3.10255495 
1.43474802 15.59558617 -11.41607037 9.36522288 -8.11272415 6.81178205 -6.37658732 5.50745375 -4.70488019 3.88814756 -3.60889799 2.61502549 -3.10190464 
1.40519245 15.59515612 -11.41545405 9.36446746 -8.11187134 6.81086810 -6.37564427 5.50650922 -4.70395758 3.88726602 -3.60807305 2.61426906 -3.10122540 
1.37519357 15.59470655 -11.41480978 9.36367780 -8.11097990 6.80991278 -6.37465854 5.50552197 -4.70299326 3.88634465 -3.60721086 2.61347848 -3.10051551 
1.83843819 11.61662493 -6.45518832 4.00775581 -2.72896866 1.62022169 -1.51377585 1.04966750 -0.68839152 0.31827363 -0.47914905 -0.09237689 -0.79720815 
1.82902841 11.44818979 -6.27736914 3.84526606 -2.59110164 1.50767123 -1.42444692 0.98014001 -0.63502854 0.27738303 -0.44791684 -0.11629270 -0.77911324 
0.83500179 8.19259698 -3.34041637 1.51641833 -0.85673345 0.24122660 -0.51393196 0.33054941 -0.17383232 -0.05858941 -0.20000168 -0.30519583 -0.63786580 
0.75781161 8.58998058 -3.64825960 1.72617136 -0.99069793 0.32653198 -0.56798112 0.36496878 -0.19576299 -0.04324889 -0.21118397 -0.29612744 -0.64477644 
1.21805442 15.59212056 -11.41110420 9.35913640 -8.10585359 6.80441959 -6.36899100 5.49984611 -4.69744960 3.88104823 -3.60225494 2.60893445 -3.09643550 
0.68104346 7.57996138 -2.89326051 1.22807581 -0.68202554 0.13436899 -0.44840865 0.28985727 -0.14855815 -0.07645163 -0.18680896 -0.31636831 -0.62924761 
0.59639641 7.97555634 -3.17819621 1.40952625 -0.79063137 0.20018325 -0.48846444 0.31459462 -0.16383066 -0.06561968 -0.19483830 -0.30949261 -0.63456613 
1.08280130 15.58954924 -11.40742024 9.35462221 -8.10075875 6.79896088 -6.36335979 5.49420735 -4.69194286 3.87578768 -3.59733312 2.60442214 -3.09238436 
0.51639287 6.87685471 -2.42101924 0.94591469 -0.52306707 0.04199096 -0.39392017 0.25690598 -0.12874773 -0.09088519 -0.17590294 -0.32626491 -0.62150630 
0.42293787 7.26510884 -2.67638383 1.09553698 -0.60576569 0.08943793 -0.42164592 0.27357497 -0.13868315 -0.08356713 -0.18146814 -0.32111577 -0.62554642 
0.93773455 15.58638179 -11.40288304 9.34906345 -8.09448601 6.79224121 -6.35642881 5.48726805 -4.68516695 3.86931554 -3.59127844 2.59887185 -3.08740185 
0.33997794 6.06238787 -1.92859052 0.67826922 -0.38525591 -0.03394051 -0.35068068 0.23122464 -0.11390285 -0.10241095 -0.16696039 -0.33517109 -0.61446987 
-1.30063142 14.89041727 -10.42870341 8.18117587 -6.80354513 5.43607754 -4.98339859 4.13668410 -3.38829309 2.64990109 -2.46724066 1.58259539 -2.18685434 
-1.54491465 14.73083045 -10.21177904 7.92833000 -6.53157700 5.15776248 -4.70868395 3.87300317 -3.14099866 2.42253031 -2.26207520 1.40079975 -2.02882496 
0.03433085 5.45372807 -1.59880233 0.51561658 -0.30891337 -0.07433334 -0.32813919 0.21786125 -0.10652993 -0.10869464 -0.16201078 -0.34061438 -0.61015991 
0.00014159 4.28008420 -1.05501966 0.28011007 -0.21101390 -0.12525252 -0.29965744 0.20060194 -0.09780723 -0.11745928 -0.15522003 -0.34916899 -0.60343969 
0.98109631 2.49924991 -0.46127780 0.07779803 -0.14412144 -0.16458061 -0.27644519 0.18540816 -0.09226741 -0.12638490 -0.14936945 -0.35907868 -0.59592515 
1.65224953 15.60999040 -11.43672330 9.39054849 -8.14132701 6.84244765 -6.40824168 5.53916935 -4.73587069 3.91776822 -3.63662521 2.64045763 -3.12474762 
2.08063653 12.02661463 -6.89876286 4.42278646 -3.08933825 1.92086349 -1.75738692 1.24304823 -0.83959870 0.43595978 -0.57022721 -0.02197453 -0.85095120 
2.38873170 15.60442621 -11.42874305 9.38076012 -8.13026918 6.83058952 -6.39599839 5.52689969 -4.72387906 3.90630441 -3.62589223 2.63061136 -3.11590233 
2.40685834 15.60452599 -11.42888613 9.38093559 -8.13046737 6.83080202 -6.39621776 5.52711951 -4.72409387 3.90650974 -3.62608445 2.63078768 -3.11606071 
2.42482217 15.60462311 -11.42902540 9.38110638 -8.13066028 6.83100887 -6.39643130 5.52733348 -4.72430297 3.90670961 -3.62627155 2.63095931 -3.11621488 
2.15081774 12.30229936 -7.20562034 4.71783323 -3.35241391 2.14587313 -1.94410656 1.39466055 -0.96070824 0.53196671 -0.64571592 0.03709656 -0.89656662 
1.75483612 15.60999040 -11.43672330 9.39054849 -8.14132701 6.84244765 -6.40824168 5.53916935 -4.73587069 3.91776822 -3.63662521 2.64045763 -3.12474762 
1.08908791 2.81549408 -0.54636616 0.10277022 -0.15111784 -0.15953088 -0.27953051 0.18754168 -0.09280307 -0.12502217 -0.15011179 -0.35751250 -0.59707948 
-1.97805328 14.37529618 -9.73719835 7.38468555 -5.95656508 4.57873407 -4.14596958 3.34092737 -2.64911985 1.97639663 -1.86467365 1.05291333 -1.72989483 
-2.32914566 14.00807743 -9.25957100 6.85102577 -5.40563570 4.03673598 -3.63100891 2.86452794 -2.21788113 1.59297364 -1.52952252 0.76468040 -1.48638882 
-2.75439278 13.45231919 -8.56078182 6.09526520 -4.64973162 3.31531919 -2.96543247 2.26602308 -1.69069801 1.13610940 -1.13971347 0.43689329 -1.21535046 
-3.29293873 12.54416369 -7.48054240 4.98756827 -3.59770484 2.35961414 -2.12467591 1.54380689 -1.08179825 0.62934036 -0.72325527 0.09840555 -0.94437550 
-0.47769186 2.43308637 -0.44458702 0.07306916 -0.14285230 -0.16556895 -0.27583973 0.18498346 -0.09217467 -0.12666201 -0.14922808 -0.35939785 -0.59569202 
-0.49458677 0.95421350 -0.17182792 0.00281476 -0.12710093 -0.18367381 -0.26511504 0.17694272 -0.09157137 -0.13240197 -0.14720173 -0.36590718 -0.59114466 
-0.66455593 1.05688325 -0.18456227 0.00594670 -0.12761157 -0.18258424 -0.26571262 0.17743050 -0.09153254 -0.13202035 -0.14727690 -0.36548779 -0.59142291 
0.90821800 8.90583966 -3.90295311 1.90633100 -1.10997711 0.40471738 -0.61874911 0.39794961 -0.21718032 -0.02828771 -0.22202457 -0.28755368 -0.65125526 
0.89606060 8.64309761 -3.69047043 1.75562128 -1.00993754 0.33900569 -0.57600451 0.37014041 -0.19909662 -0.04092058 -0.21287410 -0.29477891 -0.64579865 
0.87160819 8.77524188 -3.79657003 1.83036496 -1.05922509 0.37120437 -0.59685064 0.38364933 -0.20784866 -0.03480800 -0.21730524 -0.29126528 -0.64845624 
1.33955739 15.60999040 -11.43672330 9.39054849 -8.14132701 6.84244765 -6.40824168 5.53916935 -4.73587069 3.91776822 -3.63662521 2.64045763 -3.12474762 
1.33955739 15.60999040 -11.43672330 9.39054849 -8.14132701 6.84244765 -6.40824168 5.53916935 -4.73587069 3.91776822 -3.63662521 2.64045763 -3.12474762 
0.85937723 8.50805542 -3.58364700 1.68141046 -0.96165442 0.30780542 -0.55599189 0.35727026 -0.19081846 -0.04670306 -0.20867375 -0.29813982 -0.64324858 
-0.13026152 15.54225212 -11.33976568 9.27184586 -8.00746950 6.69914544 -6.26052410 5.39136144 -4.59162312 3.78005930 -3.50786218 2.52247575 -3.01888089 
